233  31
246  41
251  81
252  22
255  7
257  74
258  63
260  3
265  94
267  91
271  30
278  36
282  65
293  1
308  67
311  71
313  30
313  89
314  81
315  11
315  32
320  45
334  6
337  4
344  94
348  91
368  81
371  1
380  30
395  94
398  74
399  91
405  3
409  81
411  89
415  31
418  40
423  41
423  65
430  22
431  63
432  14
432  83
432  96
433  7
447  18
448  48
450  38
450  57
452  16
452  61
452  72
457  78
458  14
461  12
468  39
470  96
471  83
474  49
476  5
476  10
476  98
478  76
479  85
479  88
480  43
485  78
486  47
489  8
489  90
491  68
492  34
493  49
499  73
499  75
506  12
509  98
529  8
533  47
543  49
549  85
551  34
551  88
552  98
555  78
565  5
570  76
574  90
579  48
589  83
589  96
591  81
594  94
595  91
597  65
598  1
602  30
602  67
609  32
610  89
611  71
791  81
794  1
794  30
794  94
795  91
800  45
800  67
804  36
805  74
806  14
806  31
806  83
806  89
806  96
807  98
808  3
808  6
810  41
810  85
810  88
811  32
811  65
812  38
812  49
813  57
813  71
814  22
814  72
814  78
815  16
815  81
816  4
816  7
816  63
817  12
817  18
821  11
821  90
821  94
822  1
823  48
823  91
824  30
824  43
825  61
825  73
828  47
829  5
830  98
834  96
835  8
835  88
836  83
837  76
837  85
838  14
838  49
838  67
839  40
839  78
841  69
842  81
843  75
849  39
849  89
852  68
853  94
855  65
855  91
864  31
864  74
872  81
873  83
875  96
876  36
876  84
883  1
