94
17
41
70
104
66
51
4
89
37
11
66
56
7
64
18
79
43
32
16
23
22
5
16
15
59
39
79
75
58
36
78
12
20
21
31
40
85
15
84
48
23
54
58
24
91
1
12
19
11
97
30
73
1
43
64
95
96
72
18
55
84
25
58
10
83
43
26
0
88
80
4
10
5
82
84
68
26
34
3
91
2
26
70
34
25
82
11
28
19
19
46
22
42
20
93
81
70
72
6
30
29
16
28
60
64
45
88
76
15
8
59
18
38
41
58
49
28
93
51
75
92
89
21
71
63
33
42
83
94
26
62
77
54
29
45
9
33
98
61
64
18
94
59
6
40
69
97
12
99
81
17
77
46
64
12
48
90
83
58
71
58
46
81
42
87
64
40
2
69
49
76
68
82
24
46
77
36
28
22
46
58
10
98
65
51
95
28
6
89
23
72
10
24
62
9
25
48
71
44
94
47
89
35
27
71
76
79
5
78
53
9
40
50
48
3
76
0
59
86
49
32
26
45
67
33
23
14
50
86
79
35
45
40
78
1
26
46
73
42
64
35
55
80
62
89
56
25
95
42
83
66
39
71
16
54
60
48
87
13
5
27
98
77
68
85
97
46
12
61
99
62
80
0
61
32
49
86
26
3
29
82
72
61
43
79
35
87
68
60
24
76
79
98
48
75
23
7
40
34
70
2
75
54
20
49
50
9
63
84
71
9
60
27
55
47
53
45
94
40
29
74
8
67
79
95
68
54
2
58
72
6
52
44
95
90
98
14
80
85
89
38
59
56
1
60
99
3
27
28
44
58
39
3
78
42
87
9
12
51
52
33
7
90
74
95
31
42
1
77
52
56
50
91
29
73
79
81
12
78
15
37
62
61
77
19
59
60
3
84
69
40
17
1
28
68
72
14
4
41
79
59
50
30
42
64
49
24
67
28
54
66
47
77
75
55
4
13
78
20
39
4
62
40
20
45
30
10
94
13
20
56
8
46
50
40
49
9
69
47
35
3
75
25
57
51
79
73
61
32
48
20
76
69
74
63
56
16
60
54
42
58
78
60
40
56
23
29
55
16
36
1
47
25
65
33
9
55
37
40
10
70
21
42
55
13
48
41
15
52
68
7
74
10
43
41
63
52
15
39
48
0
66
22
93
5
67
95
26
11
17
89
96
61
21
0
7
24
69
19
60
41
7
67
89
90
56
99
45
94
34
32
1
36
30
8
87
35
90
95
8
75
77
54
5
0
59
66
33
82
0.555296
1.35749
7.27238
2.89578
0.781202
0.0817073
2.44306
8.42109
10
0.203557
4.58799
7.54464
3.32014
9.83038
7.07743
6.99235
0.892476
6.27129
5.08568
0
2.72538
3.03196
9.18989
6.49588
3.43996
4.57482
4.17612
5.15669
10
6.72337
0
1.3669
8.65657
5.62382
7.85139
5.56478
1.49804
7.96754
9.61094
0.76748
1.02949
3.11194
6.33748
10
0.934739
3.79054
3.8803
4.67957
3.10133
3.14755
9.1581
3.14423
5.65928
7.94513
2.08527
0
6.6304
7.88305
2.11675
2.97797
7.20371
9.98729
1.32775
1.99059
7.95347
9.77413
6.84033
3.87116
4.74368
7.27233
0.0147259
5.42729
5.88472
3.64376
6.43635
2.29193
9.02045
3.54259
6.7186
8.05139
0.140449
3.91535
4.06587
0.0126455
6.66241
6.03952
6.2787
1.57905
0.563977
6.32365
0.781516
6.09719
2.00852
8.17632
5.6625
1.15455
5.20012
5.17676
6.84084
7.4109
0.91054
9.23121
2.3977
0
4.33637
6.65545
1.57805
0.368585
0.0696714
7.11503
1.41429
0.841591
7.19888
7.80333
2.33156
9.86318
7.72818
9.01815
7.84037
2.38294
0.12503
1.20246
1.68473
4.60191
0.994655
5.64517
0
5.19078
6.00618
8.95417
0.275333
8.80379
6.687
2.20928
9.48837
5.26073
6.65352
8.8067
5.15083
4.107
0.540121
6.50318
6.14977
4.28061
1.50437
3.04531
3.69191
5.35065
2.20823
7.65578
2.06035
3.52522
2.80934
9.05778
0.0272005
8.7832
5.62245
2.51838
8.83599
2.01817
3.49935
2.22627
9.34709
7.86563
4.14397
3.24716
6.99743
3.63693
3.22307
7.79385
7.68521
9.35767
8.17955
5.13564
1.43408
1.4168
10
4.96506
6.68037
9.80768
3.35175
0.684824
5.53083
0.614274
5.86362
7.14678
9.22007
8.70064
6.59287
2.04769
6.81759
8.10451
2.78807
5.20908
2.72318
5.79231
5.87044
6.74458
6.66652
7.94822
9.90317
7.78604
2.46949
7.72838
0
7.60439
0.0883022
10
0.567206
1.08698
3.50085
10
0
3.20001
1.75385
1.4726
6.19443
8.83049
8.11746
9.59584
5.10746
8.84554
5.10997
2.38394
4.54443
7.7593
10
10
6.12241
1.77896
6.90691
1.73977
10
0.970757
8.02501
0.493503
4.39013
2.71255
0.740952
4.53554
3.08333
6.48404
6.45044
6.78861
4.66932
7.26145
2.58449
1.12623
0.045825
0.791951
8.90238
0.252501
0.4388
8.81351
0.649907
8.82331
7.57524
0.826026
3.6031
0.803341
7.33988
1.8879
2.24035
4.26631
1.20821
9.79983
9.00305
4.64586
8.33167
1.3866
9.7982
8.46082
3.92744
1.96265
2.25583
3.35341
8.18944
9.60496
9.4727
2.32836
2.28121
1.99159
9.12239
3.60883
3.75806
0.249448
8.33264
0.149146
7.3062
7.94576
7.83863
5.81007
1.47356
9.87265
0
10
6.54655
2.55092
2.28493
5.52221
4.12446
3.84096
8.89597
0.0369654
7.38632
0.913521
2.96871
9.59991
8.76123
8.64343
1.53862
1.77867
0.172266
9.56591
9.48489
7.79383
5.75687
7.26826
4.18611
6.73648
9.68782
10
9.90303
0.866367
4.59895
1.36305
3.67226
3.4773
3.92722
3.34498
6.72917
1.67042
7.00635
5.66749
2.40716
9.52074
1.75107
6.98135
5.95188
1.76011
1.46864
7.41328
2.74449
1.30396
2.23144
2.1976
2.18191
0
3.72346
6.21629
4.4123
10
0.280707
0
8.10102
0
9.11469
6.76307
4.18259
5.44627
0.758582
8.02963
8.52806
2.78328
5.82146
2.22745
5.97314
1.92184
8.40744
1.70974
9.68774
4.97401
8.14667
3.11495
2.99283
0.663286
8.50604
3.65457
8.88626
6.16885
8.48782
5.92852
8.04824
8.03868
10
9.85467
2.90269
8.89334
2.54726
5.70253
1.06844
9.46715
2.22544
8.25016
7.91888
1.20267
9.53834
6.62351
8.4193
2.73675
5.0162
2.03556
6.61914
2.20795
9.99994
7.96836
9.88605
4.51843
8.56799
0.79641
1.57743
6.29855
1.2849
3.35931
7.58669
1.25821
3.31918
0.795779
3.96939
0.272467
5.4963
5.09526
3.24225
4.31937
3.61924
6.93839
6.75691
4.54677
8.80941
1.35971
8.57485
9.3296
4.2032
5.30886
6.66096
0.305404
2.97236
4.50075
7.03041
2.13548
7.25581
6.91564
1.37538
1.49769
3.54652
3.38147
5.99332
9.23261
4.71556
5.85767
0.4431
0.0737394
-0.162889
-0.577002
1.7724
-2.92626
618.555
90
