0 0.64772 0.500089 0.000643656 0s
1 0.657698 0.506151 0.000994467 5.85319s
2 0.657698 0.510035 0.00110544 5.9557s
3 0.657698 0.509023 0.00136237 6.30634s
4 0.657698 0.508854 0.0014497 5.92544s
5 0.664636 0.5145 0.00181957 5.91257s
6 0.664636 0.517191 0.00187024 5.9891s
7 0.664636 0.51578 0.00217974 5.94944s
8 0.664636 0.52083 0.00235735 5.95302s
9 0.664636 0.521618 0.00275678 5.95491s
10 0.670593 0.520963 0.00278746 6.88028s
11 0.670593 0.520523 0.00306781 6.41855s
12 0.670593 0.515339 0.00325686 5.911s
13 0.679904 0.52187 0.00359508 5.99952s
14 0.679904 0.519389 0.00336799 5.91452s
15 0.679904 0.522279 0.00329974 5.8853s
16 0.701789 0.524118 0.0037549 5.86288s
17 0.701789 0.533041 0.00377868 5.88603s
18 0.701789 0.523094 0.00412312 5.84294s
19 0.701789 0.531096 0.00414872 5.86981s
20 0.701789 0.522633 0.00419967 5.92434s
21 0.701789 0.523969 0.00396469 5.91735s
22 0.701789 0.525068 0.00417595 5.84155s
23 0.701789 0.523734 0.00382061 5.87307s
24 0.701789 0.523085 0.0044885 5.91739s
25 0.701789 0.522261 0.00476706 6.71558s
26 0.701789 0.521664 0.00449198 6.09821s
27 0.701789 0.523205 0.00452591 6.04607s
28 0.722846 0.520536 0.00458645 6.36626s
29 0.722846 0.524543 0.00512171 6.14725s
30 0.722846 0.527458 0.00480001 5.96606s
31 0.722846 0.531833 0.00513402 6.02785s
32 0.722846 0.529477 0.00502958 5.89479s
33 0.722846 0.527029 0.00544083 5.89341s
34 0.722846 0.526194 0.00494389 5.87332s
35 0.722846 0.529903 0.00463997 6.23278s
36 0.722846 0.526523 0.00435756 6.10702s
37 0.722846 0.525569 0.00461314 5.77847s
38 0.722846 0.526396 0.00492468 5.74955s
39 0.722846 0.527699 0.00478074 5.76963s
40 0.722846 0.53025 0.00547306 5.78706s
41 0.722846 0.527302 0.00499462 5.73965s
42 0.728454 0.527139 0.00479441 5.75011s
43 0.728454 0.531696 0.00514625 5.76493s
44 0.728454 0.529012 0.00500021 5.78061s
45 0.728454 0.532445 0.00533804 5.78341s
46 0.738041 0.532622 0.00547293 5.80642s
47 0.738041 0.534645 0.00510127 5.73848s
48 0.738041 0.532876 0.00500384 5.7287s
49 0.738041 0.534656 0.00556468 5.746s
50 0.738041 0.535546 0.005759 5.78209s
51 0.738041 0.52776 0.0056717 5.74257s
52 0.738041 0.528323 0.0061738 5.99066s
53 0.738041 0.535592 0.00659019 5.75083s
54 0.738041 0.536834 0.0064965 5.828s
55 0.738041 0.538167 0.00678344 5.7686s
56 0.765163 0.541732 0.00750862 5.74876s
57 0.770407 0.534719 0.00721364 5.8387s
58 0.770407 0.538395 0.00744147 5.75044s
59 0.770407 0.539683 0.0075658 5.7917s
60 0.770407 0.538494 0.00737512 5.75826s
61 0.770407 0.543513 0.0071775 5.81702s
62 0.770407 0.546924 0.00781983 6.12249s
63 0.770407 0.545962 0.00781405 5.81736s
64 0.770407 0.546848 0.00799144 5.79015s
65 0.770407 0.543206 0.00880027 5.78571s
66 0.770407 0.544558 0.00895879 5.79952s
67 0.770407 0.552195 0.00946655 5.8041s
68 0.770407 0.55316 0.00903249 5.83544s
69 0.773692 0.560434 0.00983337 5.81071s
70 0.773692 0.555603 0.00924319 5.78938s
71 0.78872 0.544793 0.00918776 5.81106s
72 0.78872 0.550993 0.0104543 5.82114s
73 0.78872 0.547871 0.0104387 5.84415s
74 0.78872 0.545463 0.0106971 5.82409s
75 0.78872 0.545028 0.0107466 5.854s
76 0.78872 0.544825 0.0103718 5.86038s
77 0.78872 0.55269 0.0114358 5.81818s
78 0.78872 0.551889 0.0105055 5.82711s
79 0.808389 0.555772 0.0117404 5.86402s
80 0.808389 0.543285 0.0110513 5.79294s
81 0.808389 0.543688 0.0107777 5.85011s
82 0.808389 0.544944 0.0106749 5.93687s
83 0.808389 0.553511 0.0119189 5.79656s
84 0.808389 0.563687 0.0120423 5.82266s
85 0.808389 0.550864 0.0111921 5.85712s
86 0.808389 0.553746 0.011032 5.79301s
87 0.808389 0.549736 0.011558 5.79493s
88 0.808389 0.547856 0.0115898 5.89778s
89 0.808389 0.547372 0.0126898 5.88572s
90 0.808389 0.549633 0.0134086 5.8254s
91 0.808389 0.554159 0.0131288 5.85985s
92 0.808389 0.551846 0.0122466 6.08278s
93 0.808389 0.555685 0.0133659 5.80764s
94 0.808389 0.570576 0.0135155 5.85953s
95 0.809945 0.565975 0.0134252 5.8839s
96 0.809945 0.556531 0.0125802 5.83959s
97 0.809945 0.558082 0.0123237 6.05319s
98 0.809945 0.560293 0.0123251 5.85681s
99 0.809945 0.559724 0.0129843 5.78804s
100 0.816821 0.558617 0.0142712 5.8634s
101 0.816821 0.563597 0.0153482 5.88537s
102 0.816821 0.562513 0.0143473 5.85882s
103 0.816821 0.56739 0.0151839 5.82548s
104 0.816821 0.560963 0.0158464 5.83943s
105 0.816821 0.561744 0.0145745 5.80308s
106 0.816821 0.563881 0.0156419 5.8114s
107 0.816821 0.566898 0.0152184 5.89283s
108 0.828611 0.570312 0.0153345 5.85864s
109 0.829058 0.578826 0.0172706 5.88291s
110 0.829058 0.570236 0.0164474 5.81315s
111 0.829058 0.555838 0.0160169 5.84127s
112 0.829058 0.564915 0.0156819 5.83941s
113 0.829058 0.567037 0.0152329 5.84459s
114 0.829058 0.567643 0.0161429 5.88284s
115 0.829058 0.565445 0.0161919 5.83251s
116 0.829058 0.57262 0.0166084 5.87907s
117 0.829058 0.576515 0.0150493 5.79892s
118 0.829058 0.572776 0.015908 5.87254s
119 0.829062 0.563112 0.015498 5.82764s
120 0.829062 0.567332 0.0163855 5.81209s
121 0.829062 0.567539 0.016676 5.7995s
122 0.829062 0.561995 0.0174839 5.84731s
123 0.829062 0.566324 0.0174992 5.80988s
124 0.829062 0.568959 0.017291 5.85287s
125 0.829062 0.564619 0.0187679 5.79288s
126 0.829062 0.558106 0.0174841 5.83158s
127 0.829062 0.563991 0.0183906 5.80694s
128 0.829062 0.565077 0.0194042 5.85273s
129 0.829062 0.56488 0.0191401 5.83485s
130 0.829681 0.558413 0.0183441 5.81337s
131 0.829681 0.565081 0.0184941 5.84323s
132 0.829681 0.561122 0.015874 5.84377s
133 0.829681 0.567989 0.0155987 5.82697s
134 0.829681 0.564397 0.0158627 5.8287s
135 0.829681 0.574566 0.0171102 6.02106s
136 0.8301 0.558348 0.0157738 5.77857s
137 0.8301 0.573703 0.0177587 5.79736s
138 0.8301 0.57871 0.0175504 5.83609s
139 0.832812 0.572438 0.0188102 5.86231s
140 0.832812 0.569107 0.0180624 5.84443s
141 0.833264 0.566728 0.0156681 5.84246s
142 0.833264 0.572109 0.0166842 5.87138s
143 0.833264 0.566171 0.0177108 5.82572s
144 0.833264 0.571573 0.0183451 5.83291s
145 0.833264 0.577555 0.0185819 5.83027s
146 0.833264 0.570471 0.0167074 5.81985s
147 0.833264 0.566733 0.0179761 5.81668s
148 0.833264 0.568381 0.0182303 5.83614s
149 0.833264 0.578638 0.0178231 5.82447s
150 0.833264 0.570472 0.0173755 5.81615s
151 0.838576 0.563862 0.0170544 5.83949s
152 0.838772 0.57246 0.0170739 5.82185s
153 0.838772 0.56919 0.0167328 5.80868s
154 0.838772 0.572838 0.0178988 5.79446s
155 0.838772 0.564701 0.0165546 5.77643s
156 0.838772 0.569088 0.0162327 5.85617s
157 0.838772 0.574946 0.0177007 5.86778s
158 0.838772 0.584882 0.0177504 5.79457s
159 0.838772 0.577807 0.0173389 5.85143s
160 0.838772 0.571397 0.016941 5.8005s
161 0.838772 0.570526 0.0161851 5.86745s
162 0.838772 0.56342 0.0164593 5.83488s
163 0.841067 0.5629 0.0173573 5.8035s
164 0.841067 0.562062 0.0169408 5.88918s
165 0.841067 0.569301 0.0181498 5.82762s
166 0.841067 0.564962 0.0174389 5.83876s
167 0.841067 0.564561 0.016852 5.80593s
168 0.841067 0.563743 0.0167567 5.7808s
169 0.841067 0.565069 0.0166527 5.79035s
170 0.841067 0.574445 0.0202371 5.80156s
171 0.841067 0.563122 0.017871 5.81147s
172 0.847208 0.573554 0.0190555 5.80812s
173 0.847208 0.569738 0.0176285 5.84146s
174 0.847208 0.567985 0.0162955 5.81685s
175 0.847208 0.573509 0.0161285 5.86615s
176 0.847208 0.56519 0.0160889 5.87783s
177 0.847208 0.564598 0.0171825 5.81452s
178 0.847208 0.556357 0.0162013 5.77631s
179 0.847208 0.560497 0.0173257 5.81501s
180 0.847208 0.562808 0.0175035 5.89903s
181 0.847208 0.567981 0.0164045 5.79312s
182 0.847208 0.57811 0.0196175 5.82275s
183 0.847208 0.566416 0.0168579 5.81185s
184 0.850761 0.558317 0.0176191 5.82747s
185 0.850761 0.560379 0.0161271 5.81647s
186 0.850761 0.559265 0.0163409 5.8661s
187 0.85089 0.573147 0.0180317 5.92768s
188 0.85089 0.578603 0.018649 5.85504s
189 0.85089 0.568256 0.0199858 5.80287s
190 0.85089 0.569214 0.0193018 5.80729s
191 0.85089 0.568038 0.0182878 6.12204s
192 0.85089 0.568704 0.0195453 5.85355s
193 0.85089 0.566756 0.0200337 5.79398s
194 0.852759 0.579924 0.0196177 5.80058s
195 0.852759 0.567675 0.0174315 5.84245s
196 0.852759 0.576813 0.0199233 5.86021s
197 0.852759 0.569399 0.0188139 5.86335s
198 0.852759 0.569172 0.0192302 5.84642s
199 0.852759 0.569995 0.0177538 5.85075s
200 0.852759 0.563436 0.0169435 5.8388s
201 0.852759 0.556272 0.0176808 5.8492s
202 0.852759 0.558942 0.0189858 5.86424s
203 0.854423 0.571217 0.0200937 5.96423s
204 0.854423 0.569756 0.019979 5.85787s
205 0.854423 0.57798 0.0191173 5.96108s
206 0.854423 0.571417 0.018706 5.94698s
207 0.854423 0.581795 0.0193026 5.88588s
208 0.854423 0.574634 0.0191034 5.90397s
209 0.855582 0.570588 0.0197699 5.88188s
210 0.855582 0.568451 0.0196913 5.80892s
211 0.855582 0.569861 0.0221219 5.85325s
212 0.855582 0.576919 0.0194608 5.79938s
213 0.855582 0.575702 0.0188296 5.90464s
214 0.855582 0.5693 0.0189694 5.84862s
215 0.855582 0.569113 0.0193243 5.79623s
216 0.855582 0.566708 0.0192707 5.81982s
217 0.855582 0.557664 0.0200444 5.79752s
218 0.855718 0.553826 0.0196132 5.80968s
219 0.855718 0.56603 0.0203645 5.92977s
220 0.855718 0.579275 0.0223799 6.06468s
221 0.855718 0.569567 0.0196975 5.86062s
222 0.855854 0.571242 0.0197253 5.81853s
223 0.855854 0.577064 0.0192653 5.82802s
224 0.855854 0.568453 0.0186335 6.04627s
225 0.855854 0.561684 0.0172492 5.80676s
226 0.855854 0.568587 0.0185727 5.87292s
227 0.855854 0.570494 0.0197799 5.8176s
228 0.855854 0.570162 0.0197149 5.81711s
229 0.855854 0.571304 0.01931 5.83116s
230 0.855854 0.565722 0.0183826 5.87284s
231 0.855854 0.559888 0.0198686 5.79871s
232 0.855854 0.55002 0.0171757 5.83612s
233 0.855854 0.55357 0.0188617 5.79396s
234 0.855854 0.567247 0.0198187 5.86049s
235 0.855854 0.573748 0.0200826 5.85453s
236 0.855854 0.559308 0.0180234 5.84059s
237 0.855854 0.55696 0.0175506 5.82396s
238 0.855854 0.56488 0.0184136 5.82253s
239 0.855854 0.567579 0.0207359 5.82555s
240 0.855854 0.566195 0.0207785 5.89096s
241 0.855854 0.572148 0.0205301 5.81411s
242 0.855854 0.580866 0.0206958 5.87802s
243 0.855854 0.579238 0.0188545 5.77973s
244 0.855854 0.578648 0.0197133 5.88666s
245 0.855854 0.574565 0.0192215 5.90491s
246 0.855943 0.576759 0.0212744 5.83173s
247 0.855943 0.566823 0.0173836 5.81377s
248 0.855989 0.58037 0.0203282 6.06419s
249 0.855989 0.571213 0.0199178 5.78565s
250 0.855989 0.567686 0.0194661 5.80789s
251 0.855989 0.567109 0.0194639 5.81171s
252 0.855989 0.572509 0.0193339 5.82664s
253 0.856686 0.573162 0.0193291 5.8308s
254 0.856686 0.566573 0.0187671 5.80965s
255 0.856686 0.579502 0.0192747 5.88728s
256 0.856686 0.572947 0.0187715 5.84217s
257 0.856686 0.579345 0.019641 5.84531s
258 0.856686 0.588919 0.0221494 5.85021s
259 0.856686 0.58438 0.0215429 5.84979s
260 0.856822 0.584772 0.0222796 5.90037s
261 0.856822 0.579557 0.0203424 5.88396s
262 0.856822 0.568788 0.0195881 6.18025s
263 0.856822 0.571517 0.0203355 5.86093s
264 0.856822 0.577475 0.0238319 5.80822s
265 0.856822 0.560979 0.0189168 5.80615s
266 0.856822 0.571752 0.018598 6.07017s
267 0.856822 0.564063 0.0191458 5.96006s
268 0.856822 0.561984 0.0188799 5.7844s
269 0.856822 0.564432 0.0197897 5.82269s
270 0.856822 0.571154 0.0211466 5.84149s
271 0.856822 0.574894 0.0222746 5.8453s
272 0.856822 0.578129 0.0202635 5.84113s
273 0.856822 0.573578 0.0229327 5.79899s
274 0.857654 0.576016 0.0209312 5.86648s
275 0.858056 0.584563 0.0195912 5.83187s
276 0.858056 0.576375 0.0184102 5.882s
277 0.858056 0.565307 0.0173394 5.83621s
278 0.860683 0.561432 0.0186519 5.83285s
279 0.860683 0.576036 0.0197782 5.87388s
280 0.861243 0.576153 0.0191138 5.83488s
281 0.861243 0.567242 0.0193914 5.87097s
282 0.861923 0.579464 0.0226313 5.81338s
283 0.861923 0.571987 0.0203496 5.87372s
284 0.861923 0.566686 0.020183 5.79077s
285 0.861923 0.565478 0.0187094 5.82286s
286 0.861923 0.567838 0.0181475 5.79944s
287 0.861923 0.567924 0.0179481 5.86749s
288 0.862506 0.565211 0.0195328 5.79543s
289 0.862506 0.572477 0.0193442 5.7919s
290 0.862506 0.569617 0.0189885 5.84707s
291 0.862506 0.564452 0.0179002 5.81174s
292 0.862506 0.564358 0.0186706 5.91735s
293 0.862506 0.566393 0.0199374 5.80792s
294 0.862506 0.566265 0.021469 5.86445s
295 0.862506 0.569948 0.0227718 5.81703s
296 0.862506 0.57208 0.0206109 5.84579s
297 0.862506 0.569837 0.0201643 5.81086s
298 0.862506 0.56548 0.0182346 5.88704s
299 0.862506 0.583082 0.0200343 5.89531s
300 0.862506 0.573256 0.0185977 5.87009s
301 0.862506 0.57422 0.0188281 5.84486s
302 0.862506 0.570097 0.0194506 5.82861s
303 0.862506 0.572657 0.0191702 5.86842s
304 0.862778 0.578183 0.0191165 5.82056s
305 0.862778 0.583942 0.0207212 5.81237s
306 0.862778 0.570551 0.0210148 5.84354s
307 0.862778 0.570731 0.0209555 6.15441s
308 0.862778 0.567558 0.0202942 5.89076s
309 0.862778 0.567201 0.018721 5.84956s
310 0.862778 0.56905 0.01957 5.83121s
311 0.862778 0.567245 0.0198953 5.80089s
312 0.862778 0.570352 0.0206097 5.81563s
313 0.862778 0.571498 0.0206122 5.83348s
314 0.862778 0.574384 0.0204131 5.81215s
315 0.862778 0.580572 0.0220535 5.83829s
316 0.862778 0.578929 0.0197919 5.81257s
317 0.862778 0.574774 0.019905 5.90526s
318 0.862778 0.578228 0.0230944 5.8371s
319 0.862778 0.579851 0.0226371 5.83013s
320 0.862778 0.571112 0.0201604 5.81455s
321 0.862778 0.576703 0.0214491 5.83s
322 0.862778 0.574106 0.0201594 5.81325s
323 0.862778 0.568631 0.0194466 5.82475s
324 0.862778 0.575389 0.0195034 5.8008s
325 0.862778 0.584354 0.019593 5.8075s
326 0.862778 0.575032 0.019698 5.8067s
327 0.862778 0.576078 0.0209073 5.81456s
328 0.862778 0.584132 0.0204158 5.8512s
329 0.862778 0.577933 0.02067 5.79124s
330 0.862778 0.577456 0.019699 5.81973s
331 0.862778 0.582424 0.0197618 5.81376s
332 0.862778 0.586645 0.0203197 5.80466s
333 0.862993 0.577294 0.0208798 6.06895s
334 0.862993 0.577641 0.0218714 5.81598s
335 0.862993 0.588572 0.0225272 5.82772s
336 0.862993 0.576275 0.020531 5.85193s
337 0.862993 0.572929 0.0201999 5.85774s
338 0.862993 0.577314 0.0219071 5.84593s
339 0.862993 0.584322 0.0233587 5.85933s
340 0.862993 0.580914 0.0210681 5.86343s
341 0.862993 0.576352 0.0209397 5.8107s
342 0.862993 0.575926 0.0200719 5.87839s
343 0.862993 0.57291 0.0190654 5.80953s
344 0.862993 0.580224 0.0232891 5.8466s
345 0.862993 0.55858 0.0191581 5.78562s
346 0.862993 0.565556 0.0205637 5.80106s
347 0.862993 0.566693 0.0203466 5.83877s
348 0.862993 0.565604 0.0177754 5.82824s
349 0.862993 0.551738 0.0185274 5.80603s
350 0.862993 0.559481 0.0201068 5.82931s
351 0.862993 0.563965 0.0197386 5.79343s
352 0.862993 0.566312 0.0208916 5.82503s
353 0.862993 0.570242 0.0209622 6.08166s
354 0.862993 0.566369 0.0202215 5.86289s
355 0.862993 0.566065 0.0203724 5.81713s
356 0.862993 0.561225 0.0204883 5.87149s
357 0.862993 0.565096 0.0188895 5.82298s
358 0.864339 0.569116 0.0188956 5.84104s
359 0.864339 0.568393 0.0186735 5.83162s
360 0.864339 0.558403 0.0204835 5.81668s
361 0.864339 0.556841 0.0200691 5.8689s
362 0.864339 0.562816 0.0199005 5.8266s
363 0.864339 0.570571 0.0222593 5.84795s
364 0.864339 0.56889 0.0219701 5.8457s
365 0.864339 0.562587 0.0203583 5.8087s
366 0.864339 0.573632 0.0204829 5.8902s
367 0.864339 0.58066 0.0214417 6.10445s
368 0.864339 0.57353 0.0201894 5.81648s
369 0.864339 0.571993 0.0191449 5.80865s
370 0.864339 0.564643 0.0201169 5.81416s
371 0.865951 0.559121 0.0214116 5.82814s
372 0.865951 0.567036 0.0217613 5.84237s
373 0.865951 0.576324 0.0215005 5.85372s
374 0.865951 0.584539 0.0214829 5.84439s
375 0.865951 0.580589 0.0201364 5.88133s
376 0.865951 0.577437 0.0200372 5.85639s
377 0.865951 0.565116 0.0195494 5.82568s
378 0.865951 0.572714 0.0213909 6.03812s
379 0.865951 0.576133 0.0212653 6.01289s
380 0.866114 0.573954 0.0201362 5.85125s
381 0.866114 0.561851 0.0177362 5.8373s
382 0.866114 0.566177 0.0195286 5.80932s
383 0.866114 0.56375 0.020615 6.03357s
384 0.866114 0.562474 0.0181632 5.83864s
385 0.866114 0.562009 0.0185165 5.84957s
386 0.866114 0.57716 0.0195555 5.84616s
387 0.866114 0.577685 0.0189835 5.79147s
388 0.866114 0.579129 0.0199679 5.82149s
389 0.866114 0.567714 0.0187662 5.83414s
390 0.866114 0.564616 0.0206509 5.81661s
391 0.866114 0.557265 0.0181991 5.81347s
392 0.866114 0.571838 0.0203659 5.79704s
393 0.866114 0.567912 0.0194691 6.03291s
394 0.866114 0.55453 0.0188223 5.83238s
395 0.866114 0.572929 0.0205807 5.85616s
396 0.866383 0.569122 0.0210919 5.84917s
397 0.866383 0.583253 0.0215501 6.08027s
398 0.866383 0.582779 0.0222014 5.84414s
399 0.866383 0.571039 0.0193238 5.85433s
400 0.866383 0.582022 0.021082 5.90194s
401 0.866383 0.582338 0.0210563 5.81616s
402 0.866383 0.576391 0.0199457 5.81495s
403 0.866383 0.581699 0.0211409 5.9022s
404 0.866383 0.577731 0.021255 5.87948s
405 0.866383 0.570103 0.0219926 5.86111s
406 0.866383 0.57587 0.0207851 5.85622s
407 0.866383 0.576063 0.0206052 5.81865s
408 0.866383 0.576348 0.0200981 5.78566s
409 0.866383 0.572717 0.0215835 5.86138s
410 0.866459 0.580059 0.0211361 5.82412s
411 0.866459 0.569592 0.0197745 5.83439s
412 0.866459 0.571236 0.0192316 5.878s
413 0.866459 0.575084 0.0207969 5.9732s
414 0.866459 0.57012 0.0203303 5.79468s
415 0.866459 0.576021 0.0195046 5.801s
416 0.866891 0.562632 0.0193635 5.83785s
417 0.866891 0.569509 0.0186217 5.84368s
418 0.866891 0.570128 0.0204014 5.84117s
419 0.866891 0.571176 0.019061 5.80622s
420 0.866891 0.577264 0.0217782 5.82385s
421 0.866891 0.566686 0.0218429 5.79024s
422 0.866891 0.57891 0.0223283 6.11338s
423 0.866891 0.573692 0.020361 5.80329s
424 0.866891 0.559518 0.0213822 5.83086s
425 0.866891 0.572588 0.0211779 5.81611s
426 0.866891 0.577599 0.0219968 5.84525s
427 0.866891 0.570671 0.0207576 5.85227s
428 0.866891 0.572197 0.0208239 5.79619s
429 0.866891 0.557019 0.0188992 5.83556s
430 0.866891 0.570104 0.0195706 5.80592s
431 0.866891 0.576619 0.0215232 5.80778s
432 0.866891 0.578844 0.0198046 5.82679s
433 0.866891 0.579766 0.0208772 5.83927s
434 0.866891 0.56814 0.0205913 6.10904s
435 0.866891 0.575587 0.0214858 5.8359s
436 0.866891 0.57618 0.0211728 5.76969s
437 0.866891 0.583641 0.0213167 5.84117s
438 0.866891 0.572456 0.0196949 5.79073s
439 0.866891 0.578426 0.0214005 5.8374s
440 0.866891 0.568875 0.0206493 5.84872s
441 0.866891 0.574578 0.0204868 5.78309s
442 0.866891 0.567289 0.0213387 5.80567s
443 0.866891 0.564373 0.0201145 5.83407s
444 0.866891 0.575184 0.0195399 5.865s
445 0.866891 0.566395 0.0179923 5.83144s
446 0.866891 0.573802 0.0202648 5.81663s
447 0.866891 0.588488 0.0226434 5.83596s
448 0.866891 0.574796 0.0199398 5.89227s
449 0.866891 0.57026 0.0200979 5.84076s
450 0.866891 0.576175 0.0198573 5.82343s
451 0.866891 0.564295 0.0191874 5.88133s
452 0.866891 0.576905 0.0206072 5.88512s
453 0.866891 0.578297 0.0211966 5.82159s
454 0.866891 0.579089 0.020819 5.80473s
455 0.866891 0.580119 0.0216475 5.79462s
456 0.866891 0.578032 0.0206493 5.81982s
457 0.866891 0.570419 0.0195192 5.827s
458 0.866891 0.56964 0.019713 5.86209s
459 0.866891 0.56131 0.0195652 5.81204s
460 0.866891 0.575928 0.0213453 5.87022s
461 0.866891 0.568876 0.0210035 5.8259s
462 0.866891 0.5665 0.0206534 5.7849s
463 0.866891 0.564541 0.0211808 5.79886s
464 0.866891 0.557663 0.0176094 5.82063s
465 0.866891 0.562419 0.0181519 5.8153s
466 0.866891 0.565557 0.0209247 5.86174s
467 0.866891 0.565735 0.0187861 5.83122s
468 0.866891 0.566463 0.0183416 5.83884s
469 0.866891 0.571767 0.0202676 5.83782s
470 0.866891 0.578595 0.020478 5.79878s
471 0.866891 0.574591 0.0202676 5.81677s
472 0.866891 0.571784 0.0196127 5.78518s
473 0.866891 0.564619 0.0192267 5.81471s
474 0.866891 0.564985 0.0198447 5.7806s
475 0.866891 0.568055 0.0186017 5.81066s
476 0.866891 0.574091 0.020729 5.84096s
477 0.866891 0.583535 0.0222981 5.79085s
478 0.866891 0.586966 0.0228527 5.82669s
479 0.866891 0.576055 0.0207128 5.80892s
480 0.866891 0.575124 0.0190896 6.04616s
481 0.866891 0.576015 0.0183207 5.8925s
482 0.866891 0.55631 0.0171697 5.80585s
483 0.866891 0.554483 0.0188955 5.82162s
484 0.866891 0.561767 0.020559 5.87826s
485 0.866891 0.5697 0.0201698 5.83718s
486 0.866891 0.572528 0.0200013 5.77663s
487 0.866891 0.570711 0.0203989 5.83489s
488 0.866891 0.567189 0.0207928 5.8559s
489 0.866891 0.566025 0.0197821 5.81399s
490 0.866891 0.570505 0.0191854 5.86178s
491 0.866891 0.571998 0.0197606 5.81351s
492 0.866891 0.570903 0.0186715 5.81115s
493 0.866891 0.575281 0.019242 5.80453s
494 0.866891 0.570815 0.0197507 5.83962s
495 0.866891 0.579454 0.0209277 5.81093s
496 0.866891 0.584628 0.0195368 5.87234s
497 0.866891 0.58275 0.0178159 5.82392s
498 0.866891 0.572659 0.0178188 5.86659s
499 0.866891 0.561367 0.0183164 5.78847s
500 0.866891 0.560357 0.018263 5.82235s
501 0.866891 0.568401 0.0192727 5.82648s
502 0.866891 0.575078 0.0187824 5.79302s
503 0.866891 0.567343 0.0186768 5.90117s
504 0.866891 0.569083 0.0182957 5.81289s
505 0.866891 0.574429 0.0193042 5.83767s
506 0.866891 0.574211 0.0197593 5.79714s
507 0.866891 0.575623 0.0197072 5.8094s
508 0.866891 0.5797 0.0197333 5.87093s
509 0.866891 0.584661 0.0200678 5.80779s
510 0.866891 0.575727 0.0188938 5.79448s
511 0.866891 0.576973 0.0210116 5.7533s
512 0.866891 0.572499 0.0200201 5.83449s
513 0.866891 0.574585 0.019775 5.79786s
514 0.866891 0.572743 0.0205975 5.80119s
515 0.866891 0.578484 0.0211167 5.81843s
516 0.866891 0.567883 0.0193454 5.88592s
517 0.866891 0.559272 0.0199945 5.87974s
518 0.866891 0.560067 0.0201773 5.86253s
519 0.866891 0.57149 0.0205468 5.83622s
520 0.866891 0.564767 0.0190948 5.83702s
521 0.866891 0.558398 0.0196135 5.83235s
522 0.866891 0.559383 0.019077 5.80253s
523 0.866891 0.562601 0.019016 5.81401s
524 0.866891 0.562417 0.0186514 5.83569s
525 0.866891 0.564744 0.0198632 5.88399s
526 0.866891 0.568376 0.0207925 5.81868s
527 0.866891 0.559641 0.0203795 5.86542s
528 0.866891 0.560662 0.0183698 5.80803s
529 0.866891 0.570665 0.019545 5.8216s
530 0.866891 0.577981 0.0189728 5.85078s
531 0.866891 0.573405 0.0182385 5.87102s
532 0.866891 0.569822 0.0176194 5.82586s
533 0.866891 0.575724 0.0194822 5.84851s
534 0.866891 0.571757 0.0198665 5.80837s
535 0.866891 0.574009 0.0202108 5.79333s
536 0.866891 0.569687 0.0205133 5.81929s
537 0.866891 0.56444 0.0205008 5.87217s
538 0.866891 0.570089 0.0232748 5.89608s
539 0.866891 0.571965 0.022874 5.85012s
540 0.866891 0.584727 0.0226237 5.85321s
541 0.866891 0.569743 0.020595 5.85921s
542 0.866891 0.565002 0.0189995 5.8284s
543 0.866891 0.570244 0.0213536 5.86264s
544 0.866891 0.56987 0.0192337 5.82558s
545 0.866891 0.566008 0.0188551 5.8139s
546 0.866891 0.576563 0.0208462 5.83636s
547 0.866891 0.565912 0.0203164 5.80375s
548 0.866891 0.578264 0.0220279 5.84682s
549 0.866891 0.576066 0.0213424 5.84178s
550 0.866891 0.571298 0.0211129 5.79393s
551 0.866891 0.582337 0.0219604 5.82618s
552 0.866891 0.583511 0.0201247 5.79288s
553 0.866891 0.57847 0.0200092 5.81485s
554 0.866891 0.579848 0.0214899 5.8515s
555 0.866891 0.579985 0.0231957 5.78618s
556 0.866891 0.570414 0.0220612 5.94098s
557 0.866891 0.566795 0.021686 5.80218s
558 0.866891 0.57192 0.0209774 5.86444s
559 0.866891 0.572859 0.021781 5.82778s
560 0.866891 0.57943 0.0206273 5.82129s
561 0.866891 0.56732 0.0189413 5.89959s
562 0.866891 0.562622 0.0195114 5.80596s
563 0.866891 0.56726 0.019437 5.8305s
564 0.866891 0.563863 0.0195651 5.84451s
565 0.866891 0.568785 0.0203166 5.87462s
566 0.866891 0.574661 0.0213979 5.89309s
567 0.866891 0.569126 0.0218081 5.87741s
568 0.866891 0.572736 0.0200365 5.80892s
569 0.866891 0.566562 0.0199044 5.80339s
570 0.866891 0.579968 0.0201839 5.79895s
571 0.866891 0.575522 0.0203951 5.82977s
572 0.866891 0.576502 0.0193013 5.79672s
573 0.866891 0.561005 0.0192637 5.85829s
574 0.866891 0.568706 0.0187055 5.84138s
575 0.866891 0.571966 0.0212258 5.80831s
576 0.866891 0.575218 0.0219191 5.82082s
577 0.866891 0.572139 0.0195837 5.82964s
578 0.866891 0.577694 0.0204827 5.836s
579 0.866891 0.578111 0.0213271 5.84535s
580 0.866891 0.579528 0.0217783 5.82202s
581 0.866891 0.572953 0.0205242 5.81178s
582 0.866891 0.575982 0.0211881 5.82883s
583 0.866891 0.582507 0.0215875 5.86179s
584 0.866891 0.588741 0.0224116 6.02878s
585 0.867117 0.578668 0.0198656 6.11282s
586 0.867117 0.577841 0.0202295 6.05813s
587 0.867117 0.565374 0.0189436 5.79743s
588 0.867117 0.562817 0.0187397 5.84986s
589 0.867117 0.554016 0.0182313 5.85226s
590 0.867117 0.562919 0.0198451 5.84578s
591 0.867117 0.563325 0.0195555 5.87987s
592 0.867117 0.575477 0.020636 5.81648s
593 0.867117 0.576121 0.0210675 6.17727s
594 0.867117 0.563559 0.0185844 5.81148s
595 0.867117 0.571977 0.0198594 5.83697s
596 0.867117 0.582493 0.0230781 5.82785s
597 0.867117 0.572893 0.020905 5.80492s
598 0.867117 0.565692 0.0185641 5.79858s
599 0.867117 0.566558 0.0191444 5.8246s
600 0.867117 0.568867 0.0194141 5.84688s
601 0.867117 0.565818 0.020043 5.86258s
602 0.867117 0.568757 0.0195205 5.80973s
603 0.867117 0.567314 0.0203431 5.85351s
604 0.867117 0.564379 0.0212537 5.84174s
605 0.867117 0.571057 0.0200611 6.05203s
606 0.867117 0.572362 0.0202332 5.85684s
607 0.867117 0.564355 0.0185902 5.80118s
608 0.867117 0.575281 0.0188948 5.79197s
609 0.867117 0.576228 0.0207191 5.7857s
610 0.867117 0.567499 0.0208192 5.81052s
611 0.867117 0.557028 0.0216592 5.78879s
612 0.867117 0.56468 0.0212639 5.84068s
613 0.867117 0.570794 0.0213653 5.87324s
614 0.867117 0.573395 0.0213928 5.79477s
615 0.867117 0.568351 0.0208216 5.89435s
616 0.867117 0.581064 0.0242825 5.95893s
617 0.867117 0.575976 0.0212261 5.82277s
618 0.867117 0.574787 0.0210779 5.84039s
619 0.867117 0.571462 0.0206121 5.82338s
620 0.867117 0.567664 0.0205706 5.82558s
621 0.867117 0.563172 0.0184739 5.88625s
622 0.867117 0.568545 0.0180975 6.08292s
623 0.867117 0.570024 0.0208942 5.82315s
624 0.867117 0.57766 0.0213102 5.79629s
625 0.867117 0.56809 0.0191264 5.80191s
626 0.867117 0.567045 0.0190427 5.84638s
627 0.867117 0.573411 0.0206622 5.83278s
628 0.867117 0.569335 0.0193557 5.81064s
629 0.867117 0.567086 0.0199746 5.89512s
630 0.867117 0.56971 0.0197223 5.87577s
631 0.867117 0.575557 0.0209649 5.85791s
632 0.867117 0.580509 0.0220118 5.84674s
633 0.867117 0.573408 0.0202137 5.78658s
634 0.867117 0.57087 0.0208846 5.8558s
635 0.867117 0.567452 0.0193363 5.90559s
636 0.867117 0.569016 0.0189934 5.86917s
637 0.867117 0.569 0.0183408 5.78861s
638 0.867117 0.578531 0.019686 5.86992s
639 0.867117 0.567406 0.018873 5.81577s
640 0.867117 0.577467 0.0206131 5.81926s
641 0.867117 0.579535 0.0212056 5.80825s
642 0.867117 0.573638 0.0202543 5.8095s
643 0.867117 0.587061 0.0216723 5.82996s
644 0.867117 0.588128 0.0223305 5.81997s
645 0.867117 0.587326 0.0198097 6.06304s
646 0.867117 0.577848 0.0186073 5.81511s
647 0.867117 0.569689 0.0190867 5.80651s
648 0.867117 0.58076 0.0217364 5.78505s
649 0.867117 0.58003 0.0227755 5.83877s
650 0.867117 0.576227 0.0208807 5.80801s
651 0.867117 0.580128 0.0204881 5.80482s
652 0.867117 0.580069 0.0218617 5.8107s
653 0.867117 0.577933 0.0213162 5.86094s
654 0.867117 0.56652 0.0200142 6.12248s
655 0.867117 0.56858 0.0211389 5.80891s
656 0.867117 0.570485 0.0195974 5.86547s
657 0.867117 0.583433 0.0226405 5.83206s
658 0.867117 0.583636 0.0225367 5.82502s
659 0.867117 0.586249 0.0230325 5.82674s
660 0.867117 0.578888 0.0203046 5.78959s
661 0.867117 0.567196 0.0208401 5.8699s
662 0.867117 0.568721 0.019899 5.86512s
663 0.867117 0.571643 0.0195406 5.87023s
664 0.867117 0.55644 0.0180356 5.82243s
665 0.867117 0.561847 0.0169168 5.84049s
666 0.867117 0.568356 0.0189416 5.8692s
667 0.867117 0.572088 0.0186272 5.86565s
668 0.867117 0.573595 0.0203959 5.87289s
669 0.867117 0.565619 0.0193617 5.82305s
670 0.867117 0.560417 0.0198932 5.865s
671 0.867117 0.560119 0.0189561 5.85534s
672 0.867117 0.563806 0.0174879 5.80761s
673 0.867117 0.562744 0.0184151 5.85454s
674 0.867117 0.560791 0.0190382 5.87699s
675 0.867117 0.574931 0.0191342 5.82599s
676 0.867117 0.576077 0.0198101 5.84223s
677 0.867117 0.58417 0.0220089 5.93074s
678 0.867117 0.577996 0.0220136 5.84044s
679 0.867117 0.580915 0.0214533 5.86269s
680 0.867117 0.583296 0.0203509 5.82386s
681 0.867117 0.583576 0.0227835 5.83194s
682 0.867117 0.57829 0.0206058 5.80901s
683 0.867117 0.576691 0.0202287 5.83702s
684 0.867117 0.572361 0.0201819 5.83246s
685 0.867117 0.569959 0.0206386 5.80968s
686 0.867117 0.582341 0.0207382 5.82062s
687 0.867117 0.578519 0.018603 5.84708s
688 0.867117 0.582423 0.0201084 5.85317s
689 0.867117 0.58741 0.0204915 5.85666s
690 0.867117 0.58374 0.0212475 5.78711s
691 0.867117 0.579589 0.0205968 5.81938s
692 0.867117 0.569832 0.019379 5.84344s
693 0.867117 0.574775 0.0189931 5.88129s
694 0.867117 0.577687 0.0193003 5.81652s
695 0.867117 0.569991 0.0188601 5.85269s
696 0.867117 0.566591 0.0200433 5.78551s
697 0.867117 0.575016 0.0204793 5.82649s
698 0.867117 0.578377 0.0199872 5.82362s
699 0.867117 0.580839 0.020113 5.86265s
700 0.867117 0.581097 0.0211338 5.86091s
701 0.867117 0.56548 0.0189657 5.82636s
702 0.867117 0.563565 0.0187152 5.86169s
703 0.867117 0.562535 0.0185126 5.7909s
704 0.867117 0.564772 0.0197758 6.02782s
705 0.867117 0.566208 0.0207077 5.84496s
706 0.867117 0.56511 0.0193157 5.86308s
707 0.867117 0.574535 0.0203379 5.87878s
708 0.867222 0.575118 0.0214677 5.83518s
709 0.867222 0.571688 0.0180555 5.84552s
710 0.867222 0.565645 0.0182263 5.81058s
711 0.867222 0.580349 0.0207127 5.81175s
712 0.867222 0.582373 0.0220791 5.8762s
713 0.867222 0.568248 0.0209298 5.84945s
714 0.867222 0.571391 0.0213383 5.86857s
715 0.867222 0.568819 0.020578 5.78962s
716 0.867222 0.565063 0.0194277 5.82444s
717 0.867222 0.566119 0.0185618 5.82617s
718 0.867222 0.568611 0.0201569 5.81844s
719 0.867222 0.562804 0.0190785 5.7931s
720 0.867222 0.570546 0.01939 5.83273s
721 0.867222 0.569223 0.0209952 5.83667s
722 0.867222 0.571898 0.0204859 5.82931s
723 0.867222 0.576129 0.0203843 5.83362s
724 0.867222 0.575899 0.0197257 6.17038s
725 0.867222 0.567586 0.0198355 5.9648s
726 0.867222 0.563175 0.0191494 5.88622s
727 0.867222 0.563327 0.0204472 5.86027s
728 0.867222 0.559263 0.0195904 5.87522s
729 0.867222 0.569034 0.019957 5.82784s
730 0.867222 0.561509 0.0185231 5.87438s
731 0.867222 0.559448 0.0188627 5.88103s
732 0.867222 0.563204 0.0186128 5.90056s
733 0.867222 0.567925 0.0200272 5.84517s
734 0.867222 0.557643 0.0187053 5.83804s
735 0.867222 0.565206 0.0200352 5.85655s
736 0.867222 0.563599 0.0193577 5.82562s
737 0.867222 0.566367 0.021436 5.93487s
738 0.867222 0.574279 0.0224575 5.801s
739 0.867222 0.580868 0.0228881 5.8555s
740 0.867222 0.584501 0.0235639 5.81086s
741 0.867222 0.581118 0.0229225 5.80534s
742 0.867654 0.572545 0.0245205 5.79652s
743 0.867654 0.565122 0.0232868 5.80587s
744 0.867654 0.567725 0.0200348 5.82032s
745 0.867654 0.568487 0.0205406 5.84385s
746 0.867654 0.575667 0.0213397 5.83071s
747 0.867654 0.569949 0.0187742 5.81639s
748 0.867654 0.569526 0.0197198 5.8668s
749 0.867654 0.566367 0.0194583 5.87991s
750 0.867654 0.570668 0.0197606 5.9225s
751 0.867654 0.571318 0.0222472 5.83266s
752 0.867654 0.570259 0.0214274 5.80543s
753 0.867654 0.570544 0.0218175 5.83221s
754 0.867654 0.570494 0.0215241 5.81156s
755 0.867654 0.560686 0.0185118 5.83966s
756 0.867654 0.561469 0.0192809 5.8567s
757 0.867654 0.573908 0.0221508 6.07231s
758 0.867654 0.575466 0.0215438 5.85264s
759 0.867654 0.588068 0.0227763 5.85448s
760 0.867654 0.578928 0.0217543 5.81141s
761 0.867654 0.573737 0.0219115 5.89434s
762 0.867654 0.564564 0.0192099 5.88139s
763 0.867654 0.57092 0.0199937 5.82923s
764 0.867654 0.571382 0.0210602 5.89491s
765 0.867654 0.57295 0.020073 5.86341s
766 0.867654 0.565705 0.0191049 5.86612s
767 0.867654 0.570734 0.0191063 5.86849s
768 0.867654 0.567071 0.0209166 5.82704s
769 0.867654 0.572463 0.0215357 5.81529s
770 0.867654 0.566161 0.0196759 5.81865s
771 0.867654 0.57428 0.0219949 5.86785s
772 0.867654 0.567161 0.0199419 5.85746s
773 0.867654 0.572801 0.0224743 5.84133s
774 0.867654 0.566659 0.0196827 5.86379s
775 0.867654 0.567804 0.017982 5.80374s
776 0.867654 0.576123 0.0197297 5.85646s
777 0.867654 0.578507 0.0204542 5.8193s
778 0.867654 0.572763 0.0202729 5.87583s
779 0.867654 0.587571 0.0212458 5.8308s
780 0.867654 0.587696 0.0206456 6.03661s
781 0.867654 0.585153 0.019855 5.8356s
782 0.867654 0.585262 0.0203578 5.92974s
783 0.867654 0.573001 0.0197215 5.82917s
784 0.867654 0.569571 0.0211545 5.85676s
785 0.867654 0.570055 0.0215681 5.85524s
786 0.867654 0.570313 0.0191758 5.79937s
787 0.867654 0.569183 0.0185348 5.82741s
788 0.867654 0.560369 0.0179022 5.82345s
789 0.867654 0.572288 0.0201289 5.81863s
790 0.867654 0.576824 0.0201735 5.80057s
791 0.867654 0.571393 0.0195315 6.04768s
792 0.867654 0.574334 0.020287 5.81469s
793 0.867654 0.568367 0.0187681 5.79294s
794 0.867654 0.573127 0.0197218 5.82391s
795 0.867654 0.569966 0.0196108 5.84517s
796 0.867654 0.56425 0.0206053 5.81045s
797 0.867654 0.565177 0.0193562 5.8182s
798 0.867654 0.570086 0.0180669 5.80865s
799 0.867654 0.57086 0.0202506 5.85237s
800 0.867654 0.573156 0.0217644 5.80877s
801 0.867654 0.56411 0.0218133 5.81857s
802 0.867654 0.57485 0.0222165 5.86386s
803 0.867654 0.570053 0.0196783 5.81646s
804 0.867654 0.574622 0.0195082 5.85145s
805 0.867654 0.567541 0.0190833 5.83634s
806 0.867654 0.558623 0.0181588 5.87427s
807 0.867654 0.55641 0.0176275 5.81786s
808 0.867654 0.573813 0.0216833 5.81859s
809 0.867654 0.574749 0.0211518 5.84997s
810 0.867654 0.580801 0.0212623 5.84148s
811 0.867654 0.565941 0.0204208 5.8361s
812 0.867654 0.559627 0.0189357 5.87289s
813 0.867654 0.563749 0.0198101 5.78842s
814 0.867654 0.562986 0.0197588 5.83034s
815 0.867654 0.567369 0.020321 5.89663s
816 0.867654 0.568129 0.0199445 5.86423s
817 0.867654 0.562032 0.0190332 5.84331s
818 0.867654 0.5644 0.0199612 5.86353s
819 0.867654 0.568808 0.021072 5.8017s
820 0.867654 0.571677 0.0215776 5.82435s
821 0.867654 0.580592 0.0238501 5.80374s
822 0.867654 0.575612 0.0220401 5.85723s
823 0.867654 0.574917 0.0216334 5.83234s
824 0.867654 0.584497 0.0219994 5.86396s
825 0.867654 0.580557 0.0217815 5.82277s
826 0.867654 0.571399 0.0200664 5.84114s
827 0.867654 0.57567 0.0213344 5.8532s
828 0.867654 0.568199 0.0197254 5.9041s
829 0.867654 0.562359 0.0202488 5.8701s
830 0.867654 0.573747 0.0201104 5.7815s
831 0.867654 0.583606 0.0216478 5.80288s
832 0.867654 0.583644 0.0214539 5.86333s
833 0.867654 0.577455 0.0181237 5.89466s
834 0.867654 0.579911 0.0199668 5.843s
835 0.867654 0.582119 0.0227887 5.89167s
836 0.867654 0.568855 0.0209427 5.90885s
837 0.867654 0.573724 0.0211582 5.85115s
838 0.867654 0.574201 0.0211953 5.87965s
839 0.867654 0.568324 0.0215183 5.78772s
840 0.867654 0.564907 0.0200541 5.81636s
841 0.867654 0.574405 0.0198832 5.80026s
842 0.867654 0.577214 0.0216809 5.86311s
843 0.867654 0.578702 0.0209403 5.81182s
844 0.867654 0.576935 0.0211834 5.82609s
845 0.867654 0.575688 0.0208804 5.83708s
846 0.867654 0.565248 0.0201099 5.85357s
847 0.867654 0.568103 0.0190037 5.84895s
848 0.867654 0.585117 0.0217304 5.82323s
849 0.867654 0.586945 0.0219248 5.81752s
850 0.867654 0.583873 0.0222031 5.82881s
851 0.867654 0.578976 0.0212024 5.85686s
852 0.867654 0.574043 0.0198001 5.87718s
853 0.867654 0.577076 0.0203659 5.94189s
854 0.867654 0.582849 0.0210086 6.06182s
855 0.867654 0.582536 0.0226038 5.88686s
856 0.867654 0.575988 0.0222148 5.83405s
857 0.867654 0.575288 0.0194685 5.78528s
858 0.867654 0.570652 0.0202409 6.11066s
859 0.867654 0.555127 0.020136 5.78133s
860 0.867654 0.562257 0.0205413 5.80593s
861 0.867654 0.567024 0.020358 5.80411s
862 0.867654 0.566219 0.0186534 5.84669s
863 0.867654 0.562928 0.0183114 5.80629s
864 0.867654 0.560316 0.0192535 5.81026s
865 0.867654 0.568465 0.0222603 5.78707s
866 0.867654 0.571298 0.0202824 6.02754s
867 0.867654 0.574892 0.0194359 5.83992s
868 0.867654 0.568332 0.020583 5.81302s
869 0.867654 0.572582 0.0212479 5.8459s
870 0.867654 0.576937 0.0210988 5.82057s
871 0.867654 0.567013 0.0201144 5.83751s
872 0.867654 0.567682 0.0203239 5.81781s
873 0.867654 0.564216 0.0201291 5.89843s
874 0.867654 0.566153 0.0210733 5.84687s
875 0.867654 0.575849 0.0217897 5.83588s
876 0.867654 0.577343 0.0213833 5.86552s
877 0.867654 0.569754 0.0210971 5.85327s
878 0.867654 0.57637 0.0205342 6.05052s
879 0.867654 0.576577 0.0207064 5.82204s
880 0.867654 0.575827 0.0201827 5.81988s
881 0.867654 0.580026 0.0223272 5.80385s
882 0.867654 0.57918 0.0210699 5.79682s
883 0.867654 0.573573 0.0200935 5.86238s
884 0.867654 0.572401 0.0202715 5.85053s
885 0.867654 0.57023 0.0198056 5.79728s
886 0.867654 0.578442 0.0206173 5.86602s
887 0.867654 0.577775 0.0194904 5.85058s
888 0.867654 0.579436 0.0194945 5.86851s
889 0.867654 0.569706 0.0188824 5.83038s
890 0.867654 0.572802 0.0197082 5.83805s
891 0.867654 0.574379 0.0188759 5.84354s
892 0.867654 0.576039 0.0194581 5.89075s
893 0.867654 0.575922 0.0203153 5.802s
894 0.867654 0.57372 0.0212745 5.85442s
895 0.867654 0.564264 0.0209482 5.88095s
896 0.867654 0.570172 0.0206227 5.81255s
897 0.867654 0.564447 0.0211338 5.83029s
898 0.867654 0.569874 0.0214217 5.85104s
899 0.867654 0.571465 0.0201089 5.8289s
900 0.867654 0.573773 0.0198331 6.09303s
901 0.867654 0.574796 0.0208813 5.81597s
902 0.867654 0.571157 0.02087 5.87502s
903 0.867654 0.581463 0.0215493 5.85102s
904 0.867654 0.57235 0.0200719 5.81118s
905 0.867654 0.568106 0.0206196 5.81446s
906 0.867654 0.566846 0.0206927 5.86474s
907 0.867654 0.577447 0.0218381 5.8345s
908 0.867654 0.58449 0.0222154 5.80735s
909 0.867654 0.584574 0.0209814 5.91213s
910 0.867654 0.577385 0.0197723 5.81812s
911 0.867654 0.573294 0.0191516 5.82882s
912 0.867654 0.570656 0.0182109 5.81054s
913 0.867654 0.564844 0.0203028 5.8232s
914 0.867654 0.571034 0.0206855 6.06137s
915 0.867654 0.578397 0.0207257 5.92487s
916 0.867654 0.576456 0.0211071 5.84218s
917 0.867654 0.569464 0.0215516 5.86937s
918 0.867654 0.577267 0.0202804 5.81908s
919 0.867654 0.5718 0.0189592 5.83916s
920 0.867654 0.568681 0.0207934 5.83226s
921 0.867654 0.570852 0.0193057 6.08186s
922 0.867654 0.57756 0.0211447 5.8405s
923 0.867654 0.567202 0.0211184 5.88295s
924 0.867654 0.575083 0.0223043 5.8416s
925 0.867654 0.571837 0.0219327 5.891s
926 0.867654 0.575207 0.0223356 5.8844s
927 0.867654 0.571709 0.0202983 5.87616s
928 0.867654 0.576867 0.0211 5.82409s
929 0.867654 0.57467 0.0203692 5.83802s
930 0.867654 0.582829 0.0203289 5.8399s
931 0.867654 0.581738 0.0199545 5.90329s
932 0.872102 0.588113 0.0218499 6.01089s
933 0.872102 0.579377 0.0209643 5.85131s
934 0.872102 0.580131 0.0209768 5.82179s
935 0.872102 0.565574 0.0205301 5.79509s
936 0.872102 0.573122 0.0213044 5.78765s
937 0.872102 0.580193 0.0215389 5.86336s
938 0.872102 0.576724 0.020539 5.82686s
939 0.872102 0.578988 0.0192366 5.84314s
940 0.872102 0.58025 0.0200315 5.80792s
941 0.872102 0.583473 0.0201265 5.83954s
942 0.872102 0.577886 0.0192702 5.81957s
943 0.872102 0.572131 0.0207245 5.84006s
944 0.872102 0.573701 0.0212886 5.84038s
945 0.872102 0.568355 0.0215121 5.82696s
946 0.872102 0.57628 0.0229237 5.81326s
947 0.872102 0.578219 0.0208966 5.79654s
948 0.872102 0.581924 0.0206625 5.87727s
949 0.872102 0.574695 0.0210052 5.88385s
950 0.872102 0.578623 0.0230871 5.81816s
951 0.872102 0.571071 0.0202377 5.85435s
952 0.872102 0.575091 0.0219179 5.82262s
953 0.872102 0.579865 0.0226085 5.91344s
954 0.872102 0.574913 0.0227991 5.96536s
955 0.872102 0.588494 0.0235957 5.86668s
956 0.872102 0.579356 0.0226236 5.79544s
957 0.872102 0.574338 0.0224248 5.85424s
958 0.872102 0.574041 0.0206693 5.83932s
959 0.872102 0.581373 0.0226483 5.83318s
960 0.872102 0.57956 0.0224362 5.80527s
961 0.872102 0.575378 0.0221025 6.00164s
962 0.872102 0.575397 0.0212282 5.84788s
963 0.872102 0.580472 0.0230352 5.88785s
964 0.872102 0.579717 0.0232001 5.8434s
965 0.872102 0.578814 0.0222807 5.81738s
966 0.872102 0.579707 0.0217053 5.83192s
967 0.872102 0.588797 0.0231086 6.07384s
968 0.872102 0.588919 0.0219777 5.82455s
969 0.872102 0.582916 0.0223117 5.83113s
970 0.872102 0.582811 0.0235845 5.82663s
971 0.872102 0.568891 0.0200168 5.863s
972 0.872102 0.573612 0.0205914 5.8566s
973 0.872102 0.567653 0.0193553 5.89545s
974 0.872102 0.573006 0.0216225 5.88118s
975 0.872102 0.569573 0.0205505 5.85451s
976 0.872102 0.564365 0.0197372 5.83255s
977 0.872102 0.565769 0.0214854 5.8243s
978 0.872102 0.563212 0.0213647 5.81493s
979 0.872102 0.573834 0.0207912 5.84572s
980 0.872102 0.582669 0.0209033 5.84955s
981 0.872102 0.582843 0.0233056 5.81587s
982 0.872102 0.580601 0.0214359 5.81601s
983 0.872102 0.576489 0.0213636 5.82114s
984 0.872102 0.589641 0.0225179 5.77996s
985 0.872102 0.575871 0.0193391 5.84598s
986 0.872102 0.571213 0.0197589 5.91069s
987 0.872102 0.575466 0.0220576 5.84023s
988 0.872102 0.566543 0.0194903 5.84218s
989 0.872102 0.568367 0.020017 5.85684s
990 0.872102 0.559764 0.0189789 5.84266s
991 0.872102 0.565367 0.0196162 5.80501s
992 0.872102 0.568606 0.0199356 5.81534s
993 0.872102 0.575183 0.0226247 5.78765s
994 0.872102 0.576786 0.021455 5.79176s
995 0.872102 0.569632 0.0218901 5.85173s
996 0.872102 0.566113 0.0203788 5.88815s
997 0.872102 0.566222 0.020554 5.87613s
998 0.872102 0.565809 0.0195046 5.87955s
999 0.872102 0.569845 0.0196144 5.87646s
1000 0.872102 0.564269 0.0201269 6.00893s
1001 0.872102 0.582718 0.0225817 5.84364s
1002 0.872102 0.585078 0.0218228 5.88417s
1003 0.872102 0.582183 0.0221535 5.90863s
1004 0.872102 0.586531 0.0203336 5.87758s
1005 0.872102 0.574913 0.0212503 5.84804s
1006 0.872102 0.585579 0.0209662 5.84274s
1007 0.872102 0.569684 0.0193723 5.81075s
1008 0.872102 0.578035 0.0204883 5.80105s
1009 0.872102 0.570323 0.0196488 5.84889s
1010 0.872102 0.562967 0.0201129 5.83736s
1011 0.872102 0.563228 0.0189312 5.80616s
1012 0.872102 0.566659 0.0200715 5.83937s
1013 0.872102 0.560955 0.0194618 5.95463s
1014 0.872102 0.565495 0.0192791 5.81072s
1015 0.872102 0.584577 0.0206231 5.84224s
1016 0.872102 0.586717 0.0211303 5.8281s
1017 0.872102 0.581424 0.0218483 5.8049s
1018 0.872102 0.579585 0.0216487 5.8027s
1019 0.872102 0.584303 0.0216145 5.84548s
1020 0.872102 0.598964 0.0240919 5.78005s
1021 0.872102 0.59745 0.0234126 6.03719s
1022 0.872102 0.584332 0.0216245 5.80134s
1023 0.872102 0.578063 0.0202478 5.8162s
1024 0.872102 0.575896 0.0206452 5.87557s
1025 0.872102 0.569265 0.0202722 5.78528s
1026 0.872102 0.570541 0.0210675 5.90361s
1027 0.872102 0.570452 0.0209284 5.84031s
1028 0.872102 0.57437 0.0211828 5.78818s
1029 0.872102 0.560723 0.0186693 5.84417s
1030 0.872102 0.56473 0.0203208 5.79256s
1031 0.872102 0.569449 0.0212141 5.78151s
1032 0.872102 0.581358 0.0208355 5.80188s
1033 0.872102 0.578517 0.0208184 6.0709s
1034 0.872102 0.571916 0.0189938 5.85581s
1035 0.872102 0.562464 0.0194589 5.89761s
1036 0.872102 0.574135 0.0185174 5.78752s
1037 0.872102 0.572572 0.0189562 5.84315s
1038 0.872102 0.571343 0.018813 5.82792s
1039 0.872102 0.574476 0.0212165 5.81746s
1040 0.872102 0.578482 0.0200981 5.83853s
1041 0.872102 0.577513 0.0211632 5.82151s
1042 0.872102 0.574501 0.020474 5.80712s
1043 0.872102 0.570315 0.0204603 5.78639s
1044 0.872102 0.577247 0.0192442 5.92414s
1045 0.872102 0.574314 0.0207779 5.84838s
1046 0.872102 0.567806 0.0209817 5.82304s
1047 0.872102 0.586253 0.0233791 5.85572s
1048 0.872102 0.584265 0.0241914 5.83919s
1049 0.872102 0.580283 0.0218622 5.81241s
1050 0.872102 0.582754 0.0208686 5.86688s
1051 0.872102 0.579614 0.0193303 5.88519s
1052 0.872102 0.574743 0.0212634 5.81394s
1053 0.872102 0.569752 0.0193929 5.88897s
1054 0.872102 0.567843 0.0205684 5.80134s
1055 0.872102 0.560113 0.0193523 5.82556s
1056 0.872102 0.576424 0.0228588 5.80653s
1057 0.872102 0.580279 0.0219448 6.12256s
1058 0.872102 0.571034 0.0195816 5.84554s
1059 0.872102 0.575866 0.0201651 5.87847s
1060 0.872102 0.570547 0.0208235 5.80363s
1061 0.872102 0.565017 0.0216989 6.06489s
1062 0.872102 0.565439 0.0211304 5.8319s
1063 0.872102 0.575763 0.0209094 5.81408s
1064 0.872102 0.586423 0.0223038 5.83296s
1065 0.872102 0.576397 0.0223631 5.81923s
1066 0.872102 0.582118 0.0221982 6.09971s
1067 0.872102 0.572007 0.0202656 5.83973s
1068 0.872102 0.566508 0.0202593 5.8737s
1069 0.872102 0.57172 0.0234623 5.81924s
1070 0.872102 0.570157 0.021834 5.84644s
1071 0.872102 0.570963 0.0210735 5.81548s
1072 0.872102 0.56819 0.0200465 5.86913s
1073 0.872102 0.567898 0.0202569 5.81697s
1074 0.872102 0.569448 0.0196425 5.82774s
1075 0.872102 0.572179 0.0211429 5.78301s
1076 0.872102 0.575114 0.0220926 5.78752s
1077 0.872102 0.568927 0.0203295 5.9027s
1078 0.872102 0.56203 0.0204466 5.86587s
1079 0.872102 0.566063 0.0207777 5.85743s
1080 0.872102 0.569866 0.0202191 5.81535s
1081 0.872102 0.566564 0.018692 5.87011s
1082 0.872102 0.570689 0.0197271 5.80129s
1083 0.872102 0.565233 0.0202834 5.87467s
1084 0.872102 0.567013 0.019691 5.8451s
1085 0.872102 0.576897 0.0228907 5.85129s
1086 0.872102 0.57041 0.0217431 5.85632s
1087 0.872102 0.577468 0.0219625 5.85534s
1088 0.872102 0.572824 0.0221799 5.83432s
1089 0.872102 0.576574 0.0217962 5.83642s
1090 0.872102 0.57138 0.0208031 5.82054s
1091 0.872102 0.571387 0.021061 5.81858s
1092 0.872102 0.57355 0.0199145 5.805s
1093 0.872102 0.570055 0.0198853 5.80689s
1094 0.872102 0.571218 0.0205633 5.81908s
1095 0.872102 0.579163 0.0211168 5.8212s
1096 0.872102 0.588276 0.0224507 5.82156s
1097 0.872102 0.585814 0.0224596 5.8086s
1098 0.872102 0.578261 0.0222138 5.82791s
1099 0.872102 0.577043 0.0231807 5.81269s
1100 0.872102 0.573155 0.0228911 5.88722s
1101 0.872102 0.566417 0.0219364 5.83029s
1102 0.872102 0.561894 0.0210109 5.82359s
1103 0.872102 0.566484 0.0200918 5.80905s
1104 0.872102 0.555576 0.0192165 5.79662s
1105 0.872102 0.560115 0.0189026 5.83632s
1106 0.872102 0.574826 0.020803 5.78203s
1107 0.872102 0.571439 0.020743 5.82994s
1108 0.872102 0.582444 0.0201542 5.81465s
1109 0.872102 0.582494 0.0225258 5.8742s
1110 0.872102 0.581039 0.0234371 6.00646s
1111 0.872102 0.585664 0.0219911 5.82999s
1112 0.872102 0.572607 0.0190832 5.79577s
1113 0.872102 0.557906 0.0180227 5.79663s
1114 0.872102 0.575494 0.0185728 5.82539s
1115 0.872102 0.571249 0.0192559 5.87156s
1116 0.872102 0.575481 0.0199563 5.84275s
1117 0.872102 0.57599 0.0222256 5.83311s
1118 0.872102 0.570777 0.0210673 5.81186s
1119 0.872102 0.568506 0.0202726 5.82227s
1120 0.872102 0.567777 0.0199844 5.80087s
1121 0.872102 0.58197 0.0202767 5.81775s
1122 0.872102 0.60641 0.0246835 5.85876s
1123 0.872102 0.583242 0.0232426 5.8346s
1124 0.872102 0.589298 0.0221448 5.7913s
1125 0.872102 0.583133 0.0218525 5.8726s
1126 0.872102 0.581054 0.020986 5.89159s
1127 0.872102 0.567957 0.0198918 5.86666s
1128 0.872102 0.56659 0.0194228 5.83312s
1129 0.872102 0.569398 0.0201988 5.80922s
1130 0.872102 0.575708 0.0207824 5.86219s
1131 0.872102 0.577208 0.0224666 5.89833s
1132 0.872102 0.566121 0.0191384 5.84766s
1133 0.872102 0.5759 0.0202758 5.82259s
1134 0.872102 0.575819 0.0221842 5.87855s
1135 0.872102 0.581999 0.0222144 5.80279s
1136 0.872102 0.584723 0.0231589 5.79115s
1137 0.872102 0.585943 0.0239963 5.82752s
1138 0.872102 0.580949 0.0235577 7.18345s
1139 0.872102 0.573308 0.0214411 5.79561s
1140 0.872102 0.57378 0.020853 5.86288s
1141 0.872102 0.583181 0.0216559 5.80624s
1142 0.872102 0.578451 0.0218447 5.8373s
1143 0.872102 0.58046 0.0204926 5.82247s
1144 0.872102 0.581522 0.0213095 5.82506s
1145 0.872102 0.576943 0.0220114 5.91071s
1146 0.872102 0.574371 0.0212885 5.8348s
1147 0.872102 0.573776 0.0204441 5.8283s
1148 0.872102 0.576526 0.0206172 5.7946s
1149 0.872102 0.578864 0.019895 5.80556s
1150 0.872102 0.579463 0.021689 5.84291s
1151 0.872102 0.578774 0.0207227 5.86705s
1152 0.872102 0.573884 0.02108 5.83298s
1153 0.872102 0.585365 0.0228688 5.83256s
1154 0.872102 0.582276 0.0222734 5.84149s
1155 0.872102 0.584377 0.0217484 5.82894s
1156 0.872102 0.582312 0.0206325 5.80566s
1157 0.872102 0.569304 0.0189558 5.85384s
1158 0.872102 0.566914 0.0197226 5.82967s
1159 0.872102 0.570921 0.0204034 5.88087s
1160 0.872102 0.577162 0.0207328 5.83633s
1161 0.872102 0.571789 0.021662 5.80871s
1162 0.872102 0.57242 0.0206624 5.83648s
1163 0.872102 0.573536 0.0206765 5.88438s
1164 0.872102 0.575873 0.0220048 6.07654s
1165 0.872102 0.56949 0.0203301 5.89524s
1166 0.872102 0.569274 0.02089 5.8541s
1167 0.872102 0.568247 0.0197861 5.81821s
1168 0.872102 0.574695 0.0198114 5.82304s
1169 0.872102 0.572786 0.0197574 5.81498s
1170 0.872102 0.574712 0.0208681 5.83182s
1171 0.872102 0.562794 0.0203713 5.841s
1172 0.872102 0.575413 0.0208965 5.77869s
1173 0.872102 0.569153 0.0214776 5.84025s
1174 0.872102 0.567737 0.0204622 5.86982s
1175 0.872102 0.5674 0.0193415 6.11376s
1176 0.872102 0.577035 0.0210826 5.81383s
1177 0.872102 0.584888 0.0215277 5.97933s
1178 0.872102 0.58967 0.022495 5.80917s
1179 0.872102 0.583592 0.0209788 5.8135s
1180 0.872102 0.579336 0.0217557 5.79655s
1181 0.872102 0.581207 0.0223187 5.99819s
1182 0.872102 0.584848 0.0212196 5.84774s
1183 0.872102 0.577787 0.0224822 5.89028s
1184 0.872102 0.586332 0.0238725 5.78399s
1185 0.872102 0.578523 0.0220183 5.83727s
1186 0.872102 0.576029 0.0208827 5.82725s
1187 0.872102 0.569102 0.0191461 5.80984s
1188 0.872102 0.568769 0.0207203 6.10997s
1189 0.872102 0.569804 0.0196689 5.81918s
1190 0.872102 0.567782 0.0204315 5.8238s
1191 0.872102 0.572969 0.0189869 5.82153s
1192 0.872102 0.576765 0.0199171 5.84372s
1193 0.872102 0.5653 0.019253 5.83517s
1194 0.872102 0.569797 0.0193922 5.82732s
1195 0.872102 0.57042 0.0205708 5.78659s
1196 0.872102 0.572295 0.0221998 5.8431s
1197 0.872102 0.575791 0.0215882 5.83291s
1198 0.872102 0.585205 0.0219539 6.0251s
1199 0.872102 0.574562 0.0190227 5.96666s
1200 0.872102 0.575423 0.0200263 6.2761s
1201 0.872102 0.577745 0.0201457 6.16518s
1202 0.872102 0.578451 0.020727 5.82209s
1203 0.872102 0.583917 0.0227281 5.8773s
1204 0.872102 0.585676 0.0234939 5.85047s
1205 0.872102 0.571581 0.0220558 5.83927s
1206 0.872102 0.580068 0.020368 5.82104s
1207 0.872102 0.575069 0.0191186 5.80228s
1208 0.872102 0.575516 0.0193327 5.8251s
1209 0.872102 0.574772 0.0183753 5.8676s
1210 0.872102 0.575334 0.0196633 5.83919s
1211 0.872102 0.581996 0.0191458 5.85129s
1212 0.872102 0.574904 0.0202145 5.84212s
1213 0.872102 0.57535 0.0206116 5.86408s
1214 0.872102 0.582989 0.022711 5.86288s
1215 0.872102 0.579375 0.0216283 5.84016s
1216 0.872102 0.582931 0.0207116 5.89227s
1217 0.872102 0.578628 0.020274 5.83148s
1218 0.872102 0.57585 0.0202204 5.85612s
1219 0.872102 0.57334 0.0204494 5.80743s
1220 0.872102 0.576133 0.0209088 5.83602s
1221 0.872102 0.571564 0.0218401 5.88478s
1222 0.872102 0.559209 0.0193925 5.87386s
1223 0.872102 0.564508 0.0198723 5.82481s
1224 0.872102 0.567867 0.019739 5.84609s
1225 0.872102 0.568461 0.0218318 5.82948s
1226 0.872102 0.569655 0.019891 5.84424s
1227 0.872102 0.565669 0.0183461 5.89849s
1228 0.872102 0.585079 0.019921 5.81415s
1229 0.872102 0.578316 0.0184412 5.89928s
1230 0.872102 0.569943 0.0187799 5.81873s
1231 0.872102 0.573106 0.0211565 5.85918s
1232 0.872102 0.576495 0.0215159 5.81966s
1233 0.872102 0.573345 0.0214787 6.11777s
1234 0.872102 0.573661 0.0205643 5.83011s
1235 0.872102 0.580011 0.0218346 5.84185s
1236 0.872102 0.56742 0.0201831 5.85216s
1237 0.872102 0.571307 0.0210715 5.85933s
1238 0.872102 0.582058 0.0210977 5.81686s
1239 0.872102 0.579374 0.020588 5.82994s
1240 0.872102 0.578206 0.0215747 5.8623s
1241 0.872102 0.574619 0.0220601 6.12069s
1242 0.872102 0.592865 0.022025 5.88072s
1243 0.872102 0.585206 0.0203339 5.88008s
1244 0.872102 0.581665 0.0222361 5.84538s
1245 0.872102 0.568973 0.0192697 5.83477s
1246 0.872102 0.568275 0.0214338 5.82054s
1247 0.872102 0.565803 0.0208476 5.86075s
1248 0.872102 0.564961 0.0204203 5.79122s
1249 0.872102 0.563755 0.0200279 5.8329s
1250 0.872102 0.574589 0.0208792 5.79491s
1251 0.872102 0.574179 0.0216409 5.82426s
1252 0.872102 0.572659 0.0203481 5.80707s
1253 0.872102 0.564853 0.0183581 5.86423s
1254 0.872102 0.566655 0.0195693 5.82046s
1255 0.872102 0.570401 0.0215543 6.10253s
1256 0.872102 0.578756 0.0227333 5.82486s
1257 0.872102 0.579109 0.0217259 5.82179s
1258 0.872102 0.568549 0.0211989 5.84693s
1259 0.872102 0.578629 0.0211243 5.88504s
1260 0.872102 0.572937 0.0193404 5.82431s
1261 0.872102 0.566944 0.0195308 5.8952s
1262 0.872102 0.572099 0.0220983 5.83055s
1263 0.872102 0.581826 0.0231292 5.86667s
1264 0.872102 0.589823 0.023089 5.81431s
1265 0.872102 0.567626 0.0219411 5.81733s
1266 0.872102 0.566917 0.0204941 5.82411s
1267 0.872102 0.56869 0.021975 5.81702s
1268 0.872102 0.563747 0.0215837 5.81332s
1269 0.872102 0.564138 0.021761 5.83397s
1270 0.872102 0.565952 0.0206322 5.81933s
1271 0.872102 0.565683 0.0194555 5.80682s
1272 0.872102 0.57112 0.0192459 5.79984s
1273 0.872102 0.577739 0.0196632 5.8361s
1274 0.872102 0.577064 0.0200968 5.91402s
1275 0.872102 0.578842 0.0219444 5.94075s
1276 0.872102 0.581985 0.0210772 5.79555s
1277 0.872102 0.571788 0.0212086 5.82874s
1278 0.872102 0.575704 0.0192282 5.80194s
1279 0.872102 0.571933 0.019817 5.8783s
1280 0.872102 0.567929 0.0196041 5.839s
1281 0.872102 0.575616 0.0217195 5.81814s
1282 0.872102 0.567435 0.0208691 5.83377s
1283 0.872102 0.563419 0.0198057 5.85745s
1284 0.872102 0.564399 0.0197244 5.82695s
1285 0.872102 0.568764 0.0210787 5.82126s
1286 0.872102 0.564065 0.0185517 6.04729s
1287 0.872102 0.572473 0.0215009 5.82595s
1288 0.872102 0.568996 0.0207604 5.7759s
1289 0.872102 0.573849 0.0216436 5.94388s
1290 0.872102 0.563739 0.0205831 6.01205s
1291 0.872102 0.570543 0.0210414 5.80973s
1292 0.872102 0.578986 0.0193657 5.80188s
1293 0.872102 0.571627 0.020217 5.82138s
1294 0.872102 0.581588 0.022385 5.80902s
1295 0.872102 0.588892 0.0222271 5.85455s
1296 0.872102 0.589768 0.0214484 5.8129s
1297 0.872102 0.572108 0.0199026 5.84397s
1298 0.872102 0.577639 0.0218933 5.78869s
1299 0.872102 0.578364 0.0236485 5.79681s
1300 0.872102 0.5814 0.02254 5.80383s
1301 0.872102 0.584009 0.0216864 5.8545s
1302 0.872102 0.591714 0.0227715 5.77595s
1303 0.872102 0.58627 0.0206835 5.83802s
1304 0.872102 0.576511 0.0196558 5.8395s
1305 0.872102 0.562496 0.0186503 5.78767s
1306 0.872102 0.577402 0.0207579 5.83172s
1307 0.872102 0.573914 0.0213446 5.83333s
1308 0.872102 0.565023 0.0192772 5.83116s
1309 0.872102 0.560102 0.0185061 5.81224s
1310 0.872102 0.57055 0.0200882 5.85927s
1311 0.872102 0.570307 0.0193074 6.06844s
1312 0.872102 0.576724 0.0217596 5.78699s
1313 0.872102 0.567741 0.0195025 5.91359s
1314 0.872102 0.565326 0.0180502 5.79944s
1315 0.872102 0.565962 0.0195043 5.79957s
1316 0.872102 0.569852 0.0189614 5.86253s
1317 0.872102 0.56892 0.0194665 5.83437s
1318 0.872102 0.56773 0.0210895 5.82464s
1319 0.872102 0.556884 0.0201611 5.80716s
1320 0.872102 0.570442 0.020414 5.82677s
1321 0.872102 0.577323 0.02251 5.80876s
1322 0.872178 0.572034 0.0203597 5.82289s
1323 0.872178 0.577963 0.0203256 5.85917s
1324 0.872178 0.579464 0.0212419 5.78265s
1325 0.872178 0.578714 0.020605 5.87222s
1326 0.872178 0.58264 0.0221533 5.81052s
1327 0.872178 0.57213 0.0209058 5.86352s
1328 0.872178 0.57854 0.021637 6.07607s
1329 0.872178 0.560823 0.0202827 5.92269s
1330 0.872178 0.562016 0.0197203 5.8051s
1331 0.872178 0.563345 0.0203926 5.89307s
1332 0.872178 0.560728 0.020606 5.83407s
1333 0.872178 0.567439 0.0209668 5.89231s
1334 0.872178 0.563687 0.0208042 5.86282s
1335 0.872178 0.568239 0.0208644 5.82883s
1336 0.872178 0.581847 0.0225223 6.16084s
1337 0.872178 0.582619 0.0224721 5.79377s
1338 0.872178 0.571655 0.0207125 5.82464s
1339 0.872178 0.567881 0.0205063 5.77641s
1340 0.872178 0.581038 0.0229654 5.82499s
1341 0.872178 0.572511 0.0216717 5.84422s
1342 0.872178 0.572936 0.0219259 5.83705s
1343 0.872178 0.572741 0.0218604 5.87093s
1344 0.872178 0.583493 0.0211368 5.90777s
1345 0.872178 0.588691 0.0227062 5.80847s
1346 0.872178 0.575552 0.0214977 5.88805s
1347 0.872178 0.566121 0.0183141 5.83723s
1348 0.872178 0.555577 0.0182822 5.81082s
1349 0.872178 0.568957 0.0200247 5.82134s
1350 0.872178 0.563451 0.0207401 5.86098s
1351 0.872178 0.563446 0.021651 5.84613s
1352 0.872178 0.576903 0.0216904 5.84408s
1353 0.872178 0.578855 0.0200199 5.86306s
1354 0.872178 0.578707 0.0217105 5.82756s
1355 0.872178 0.57332 0.0208772 5.851s
1356 0.872178 0.575335 0.0226332 5.84292s
1357 0.87228 0.58215 0.0224033 5.81895s
1358 0.87228 0.580428 0.0227118 5.83333s
1359 0.87228 0.569101 0.0200346 5.81888s
1360 0.87228 0.570917 0.0196663 5.82734s
1361 0.87228 0.570724 0.0187372 5.84004s
1362 0.87228 0.578303 0.0199424 5.82307s
1363 0.87228 0.574721 0.0214881 5.82431s
1364 0.87228 0.577601 0.0214882 5.84197s
1365 0.87228 0.57351 0.0196051 5.80774s
1366 0.87228 0.570278 0.0223568 5.8504s
1367 0.87228 0.576442 0.0240322 5.83554s
1368 0.87228 0.573549 0.021912 5.81553s
1369 0.87228 0.581821 0.0229398 5.82075s
1370 0.872416 0.577003 0.020431 5.84005s
1371 0.872416 0.571435 0.0214888 5.86263s
1372 0.872416 0.57072 0.0212725 5.94906s
1373 0.87251 0.569538 0.0208521 5.85321s
1374 0.87251 0.578253 0.0230789 5.83593s
1375 0.87251 0.578462 0.0220357 5.84072s
1376 0.87251 0.580628 0.0224172 5.86841s
1377 0.87251 0.569825 0.0207942 5.91925s
1378 0.87251 0.577139 0.0209655 5.85014s
1379 0.87251 0.574589 0.0204248 5.8636s
1380 0.87251 0.579928 0.0211409 5.78261s
1381 0.872646 0.588581 0.0207888 5.84814s
1382 0.872646 0.574878 0.0209285 5.8032s
1383 0.872646 0.569822 0.0183871 5.80146s
1384 0.872646 0.57888 0.0200652 5.83992s
1385 0.872646 0.576685 0.0226422 5.82796s
1386 0.872646 0.572748 0.0214425 5.81804s
1387 0.872646 0.566438 0.0199918 5.7845s
1388 0.872646 0.57836 0.0201585 5.85074s
1389 0.872646 0.573642 0.0200416 5.85875s
1390 0.872646 0.562703 0.0203036 5.86232s
1391 0.872646 0.571914 0.0208807 5.88098s
1392 0.872646 0.575236 0.0217091 5.80938s
1393 0.872646 0.572464 0.020631 5.7783s
1394 0.872646 0.566848 0.0191666 5.80006s
1395 0.872646 0.576496 0.0201902 5.86803s
1396 0.872646 0.575139 0.018957 5.84326s
1397 0.872646 0.564877 0.0212508 5.89114s
1398 0.872646 0.570968 0.0202636 5.80031s
1399 0.872646 0.577686 0.0208184 5.82206s
1400 0.872646 0.569454 0.0198537 5.82212s
1401 0.872646 0.568215 0.0212752 5.82509s
1402 0.872646 0.569305 0.0197104 5.83652s
1403 0.872646 0.573227 0.0205687 5.81948s
1404 0.872646 0.578396 0.021153 5.79063s
1405 0.872646 0.583084 0.0219115 6.05346s
1406 0.872646 0.589537 0.0219157 5.78178s
1407 0.872646 0.581707 0.0210276 5.85253s
1408 0.872646 0.565472 0.0196868 5.81593s
1409 0.872646 0.564434 0.0192689 5.83491s
1410 0.872646 0.571485 0.019417 5.82679s
1411 0.872646 0.570883 0.0198592 6.00301s
1412 0.872646 0.567861 0.0201446 5.86889s
1413 0.872646 0.571498 0.0217308 5.84193s
1414 0.872646 0.573487 0.0209933 5.80362s
1415 0.872646 0.582675 0.0215202 5.8096s
1416 0.872646 0.575588 0.021369 5.81735s
1417 0.872646 0.576831 0.0206057 5.79181s
1418 0.872646 0.574393 0.0212549 5.88201s
1419 0.872646 0.578769 0.0230354 5.85017s
1420 0.872646 0.5799 0.0225968 5.85527s
1421 0.872646 0.567085 0.0199102 5.85344s
1422 0.872646 0.569192 0.0212844 5.82143s
1423 0.872646 0.565618 0.0195373 5.83222s
1424 0.872646 0.572757 0.0203541 5.80658s
1425 0.872646 0.569658 0.0204458 5.83528s
1426 0.872646 0.556741 0.0188718 5.8597s
1427 0.872646 0.558529 0.0184555 5.90034s
1428 0.872646 0.569941 0.0178869 6.07867s
1429 0.872646 0.575579 0.0197192 5.86151s
1430 0.872646 0.563353 0.0183689 5.79865s
1431 0.872646 0.571991 0.0198203 5.83176s
1432 0.872646 0.571076 0.0200711 5.83043s
1433 0.872646 0.582501 0.0215978 5.81673s
1434 0.872646 0.574327 0.021077 5.84868s
1435 0.872646 0.569376 0.022209 5.81297s
1436 0.872646 0.576635 0.0219628 5.86722s
1437 0.872646 0.572654 0.020732 5.8436s
1438 0.872646 0.567179 0.0196858 5.81388s
1439 0.872646 0.574835 0.0197267 5.85143s
1440 0.872646 0.573646 0.0201252 5.84097s
1441 0.872646 0.573891 0.0192708 5.8409s
1442 0.872646 0.56489 0.0200745 5.85089s
1443 0.872646 0.576714 0.019879 5.83717s
1444 0.872646 0.573723 0.0210818 5.84107s
1445 0.872646 0.575249 0.0194878 5.82105s
1446 0.872646 0.573091 0.0198659 5.83814s
1447 0.872646 0.573769 0.0199987 5.82795s
1448 0.872646 0.58092 0.020292 5.89051s
1449 0.872646 0.576642 0.0212009 5.81401s
1450 0.872646 0.579421 0.0209387 5.84587s
1451 0.872646 0.565525 0.0198442 5.79746s
1452 0.872646 0.576551 0.0217579 5.80847s
1453 0.872646 0.574359 0.0218866 5.80859s
1454 0.872646 0.579394 0.0221667 5.815s
1455 0.872646 0.586536 0.0208649 5.82876s
1456 0.872646 0.577973 0.0202137 5.8279s
1457 0.872646 0.582917 0.0211815 5.83324s
1458 0.872646 0.592149 0.0230315 5.8138s
1459 0.872646 0.583818 0.0239731 5.79458s
1460 0.872646 0.593167 0.0234817 5.83877s
1461 0.872646 0.579781 0.0203689 6.02165s
1462 0.872646 0.579484 0.0194363 5.83511s
1463 0.872646 0.577789 0.0207465 5.79844s
1464 0.872646 0.582007 0.0213869 5.84308s
1465 0.872646 0.576185 0.0208696 5.8351s
1466 0.872646 0.576351 0.0215542 5.85131s
1467 0.872646 0.585088 0.0215522 5.83227s
1468 0.872646 0.578571 0.0210155 5.84643s
1469 0.872646 0.564138 0.0198687 5.83148s
1470 0.872646 0.583448 0.0236756 5.80441s
1471 0.872646 0.591001 0.0222077 5.83027s
1472 0.872646 0.570928 0.0209087 5.82091s
1473 0.872646 0.575255 0.022181 5.81358s
1474 0.872646 0.575835 0.0197615 5.81567s
1475 0.872646 0.572508 0.0207432 5.84993s
1476 0.872646 0.573465 0.0206868 5.84825s
1477 0.872646 0.569076 0.0208768 5.79423s
1478 0.872646 0.568604 0.0198894 5.85769s
1479 0.872646 0.579395 0.0202439 5.80174s
1480 0.872646 0.579993 0.0206901 5.83749s
1481 0.872646 0.585598 0.0215504 5.79988s
1482 0.872646 0.577383 0.0208424 5.81613s
1483 0.872646 0.57376 0.0214022 5.82255s
1484 0.872646 0.566984 0.0201181 5.81302s
1485 0.872646 0.578014 0.0223364 5.83516s
1486 0.872646 0.575453 0.0220005 5.82756s
1487 0.872646 0.565236 0.020919 5.84011s
1488 0.872646 0.568577 0.0227646 5.85654s
1489 0.872646 0.573817 0.0220911 5.81875s
1490 0.872646 0.568114 0.0212703 5.80768s
1491 0.872646 0.558433 0.0196722 5.86123s
1492 0.872646 0.557754 0.017786 5.84036s
1493 0.872646 0.569744 0.0206888 5.8428s
1494 0.872646 0.578255 0.0224845 5.7907s
1495 0.872646 0.571703 0.02105 5.81037s
1496 0.872646 0.57292 0.0211792 5.81453s
1497 0.872646 0.581934 0.0229017 5.81673s
1498 0.872646 0.577178 0.0202691 5.85996s
1499 0.872646 0.578705 0.0211227 5.82052s
1500 0.872646 0.576035 0.0208899 5.81765s
1501 0.872646 0.579286 0.0208134 5.83589s
1502 0.872646 0.570445 0.0180961 5.79568s
1503 0.872646 0.574013 0.0193302 5.81873s
1504 0.872646 0.580781 0.0217011 5.79556s
1505 0.872646 0.576498 0.0225568 5.79884s
1506 0.872646 0.572994 0.02067 5.81295s
1507 0.872646 0.574726 0.022824 5.81384s
1508 0.872646 0.577171 0.0216815 5.82166s
1509 0.872646 0.569729 0.0213227 5.81997s
1510 0.872646 0.581505 0.0224428 5.85077s
1511 0.872646 0.576391 0.0222416 5.81074s
1512 0.872646 0.571938 0.0197387 5.81335s
1513 0.872646 0.571909 0.0196176 5.82333s
1514 0.872646 0.576633 0.0221003 5.84006s
1515 0.872646 0.578101 0.0216941 5.85867s
1516 0.872646 0.574855 0.0219053 5.80661s
1517 0.872646 0.583938 0.0213403 5.80571s
1518 0.872646 0.581469 0.0203224 5.80131s
1519 0.872646 0.582013 0.021317 5.83682s
1520 0.872646 0.582077 0.0200431 5.83704s
1521 0.872646 0.581836 0.0210159 5.85282s
1522 0.872646 0.568633 0.0199475 5.8407s
1523 0.872646 0.575812 0.0226462 5.83821s
1524 0.872646 0.575026 0.0210506 6.0494s
1525 0.872646 0.574788 0.0207166 5.84043s
1526 0.872646 0.568445 0.0198881 5.83034s
1527 0.872646 0.572017 0.0215413 5.8365s
1528 0.872646 0.566288 0.020219 5.77543s
1529 0.872646 0.577249 0.0215543 5.82474s
1530 0.872646 0.57044 0.0206567 5.82551s
1531 0.872646 0.567373 0.0183821 5.85903s
1532 0.872646 0.564693 0.0199283 5.81993s
1533 0.872646 0.568106 0.0217744 5.86121s
1534 0.872646 0.585765 0.0238928 5.81584s
1535 0.872646 0.58232 0.0220017 5.87423s
1536 0.872646 0.568615 0.0204135 5.82945s
1537 0.872646 0.572148 0.0203798 5.88179s
1538 0.872646 0.565457 0.019844 5.80815s
1539 0.872646 0.568257 0.0211187 5.83554s
1540 0.872646 0.575678 0.0225181 5.83456s
1541 0.872646 0.568203 0.0223553 6.04221s
1542 0.872646 0.577885 0.0209423 5.80847s
1543 0.872646 0.567668 0.0196851 5.81179s
1544 0.872646 0.573926 0.0197015 5.86688s
1545 0.872646 0.575776 0.0188615 5.93407s
1546 0.872646 0.57651 0.0186528 5.82938s
1547 0.872646 0.570696 0.0200306 5.83125s
1548 0.872646 0.568226 0.0210143 5.8358s
1549 0.872646 0.577439 0.0198703 5.83309s
1550 0.872646 0.574324 0.0206461 5.86832s
1551 0.872646 0.586974 0.022421 5.86039s
1552 0.872646 0.582048 0.0220447 5.94888s
1553 0.872646 0.583056 0.0225254 5.83777s
1554 0.872646 0.579295 0.0212784 5.82033s
1555 0.872646 0.586198 0.0234911 5.8575s
1556 0.872646 0.59057 0.0226771 5.81756s
1557 0.872646 0.587518 0.0218094 5.81304s
1558 0.872646 0.579117 0.021859 5.83146s
1559 0.872646 0.577368 0.0222449 5.78752s
1560 0.872646 0.579232 0.0197136 5.83742s
1561 0.872646 0.567779 0.0199927 5.80119s
1562 0.872646 0.57547 0.0194257 5.82528s
1563 0.872646 0.573863 0.0205003 5.82901s
1564 0.872646 0.575758 0.0207139 5.83737s
1565 0.872646 0.566443 0.0200332 5.83899s
1566 0.872646 0.572009 0.0191739 5.82844s
1567 0.872646 0.566711 0.0189578 5.79928s
1568 0.872646 0.567968 0.0190367 5.77603s
1569 0.872646 0.56066 0.0202345 5.78717s
1570 0.872646 0.567227 0.0195731 5.82719s
1571 0.872646 0.559085 0.018694 5.81759s
1572 0.872646 0.56332 0.0183614 5.86318s
1573 0.872646 0.573258 0.0188766 5.84943s
1574 0.872646 0.573191 0.0197787 5.83213s
1575 0.872646 0.569728 0.0197452 5.81437s
1576 0.872646 0.570663 0.0212271 5.80539s
1577 0.872646 0.573936 0.0207703 5.83304s
1578 0.872646 0.575007 0.0213769 6.0993s
1579 0.872646 0.567341 0.0208078 5.81152s
1580 0.872646 0.564406 0.0192789 5.82616s
1581 0.872646 0.565503 0.0200917 5.84531s
1582 0.872646 0.56577 0.0199899 5.90085s
1583 0.872646 0.577724 0.02107 5.9008s
1584 0.872646 0.575858 0.0197992 5.84237s
1585 0.872646 0.569596 0.0189561 5.81897s
1586 0.872646 0.572887 0.0206116 5.81277s
1587 0.872646 0.578518 0.0203993 5.79887s
1588 0.872646 0.569035 0.0201105 5.83195s
1589 0.872646 0.56233 0.0202608 5.86591s
1590 0.872646 0.564531 0.0202177 5.80657s
1591 0.872646 0.569961 0.0217018 5.839s
1592 0.872646 0.581338 0.02158 5.86708s
1593 0.872646 0.569888 0.0210956 5.83493s
1594 0.872646 0.55965 0.0195108 5.79971s
1595 0.872646 0.576905 0.0209024 6.08372s
1596 0.872646 0.57475 0.0208197 5.84738s
1597 0.872646 0.584421 0.021702 5.80094s
1598 0.872646 0.582582 0.0214298 5.83132s
1599 0.872646 0.580249 0.0224052 5.8016s
1600 0.872646 0.576429 0.0217031 5.89044s
1601 0.872646 0.579153 0.0216209 5.8085s
1602 0.872646 0.5796 0.0210576 5.86034s
1603 0.872646 0.578437 0.0197837 5.81253s
1604 0.872646 0.577584 0.0208682 5.83258s
1605 0.874258 0.583622 0.0205449 5.86435s
1606 0.874258 0.590708 0.0217097 5.81994s
1607 0.874258 0.590052 0.0217503 5.85598s
1608 0.874258 0.579107 0.0214508 5.81669s
1609 0.874258 0.578038 0.0199738 5.80689s
1610 0.874258 0.575806 0.0194289 5.84653s
1611 0.874258 0.575358 0.0198511 5.84545s
1612 0.874258 0.570814 0.0182704 5.87467s
1613 0.874258 0.566215 0.0196197 5.85581s
1614 0.874258 0.574998 0.0209693 6.05274s
1615 0.874258 0.570959 0.0216936 5.82031s
1616 0.874258 0.567544 0.0212149 5.824s
1617 0.874258 0.563569 0.0207446 5.82209s
1618 0.874258 0.566688 0.0209961 5.80725s
1619 0.874258 0.572756 0.0192722 5.87384s
1620 0.874258 0.564103 0.0195914 5.83929s
1621 0.874258 0.560282 0.0184296 5.80091s
1622 0.874258 0.563375 0.0208155 5.83176s
1623 0.874258 0.563544 0.0198758 5.82823s
1624 0.874258 0.565606 0.0210188 5.83234s
1625 0.874258 0.561884 0.021961 5.81867s
1626 0.874258 0.575394 0.0220769 5.82818s
1627 0.874258 0.57333 0.0210285 5.89006s
1628 0.874258 0.568519 0.0184377 5.80368s
1629 0.874258 0.574926 0.0209729 5.93719s
1630 0.874258 0.577954 0.0210648 5.87922s
1631 0.874258 0.574424 0.020035 5.91313s
1632 0.874258 0.574641 0.0208235 5.83492s
1633 0.874258 0.575675 0.0205487 5.8138s
1634 0.874258 0.581694 0.0197827 5.8373s
1635 0.874258 0.572717 0.0200936 5.84006s
1636 0.874258 0.577673 0.0212258 5.86346s
1637 0.874258 0.563371 0.0199959 5.83174s
1638 0.874258 0.578856 0.0213907 5.80348s
1639 0.874258 0.578941 0.0209247 5.84923s
1640 0.874258 0.572274 0.0198629 5.80396s
1641 0.874258 0.569509 0.0192555 5.8451s
1642 0.874258 0.581522 0.0216733 5.91982s
1643 0.874258 0.5764 0.0206034 5.85648s
1644 0.874258 0.573141 0.021518 5.80807s
1645 0.874258 0.578322 0.0205589 5.84655s
1646 0.874258 0.567724 0.0193042 5.80796s
1647 0.874258 0.575598 0.0205567 5.84585s
1648 0.874258 0.571931 0.0206166 5.87944s
1649 0.874258 0.570146 0.0208111 5.85892s
1650 0.874258 0.573712 0.0221049 5.81349s
1651 0.874258 0.573823 0.0229106 6.04651s
1652 0.874258 0.578113 0.0250416 5.81912s
1653 0.874258 0.57436 0.0220459 5.89036s
1654 0.874258 0.58081 0.0217393 5.86376s
1655 0.874258 0.573028 0.0212624 6.15975s
1656 0.874258 0.568298 0.0207932 5.83273s
1657 0.874258 0.565816 0.0199399 5.80448s
1658 0.874258 0.560937 0.0191196 5.89056s
1659 0.874258 0.566678 0.0196739 5.83841s
1660 0.874258 0.56606 0.0201403 5.84997s
1661 0.874258 0.570953 0.0215595 5.836s
1662 0.874258 0.565495 0.0193958 5.85212s
1663 0.874258 0.572742 0.0221287 5.82394s
1664 0.874258 0.572489 0.022806 5.85632s
1665 0.874258 0.58016 0.023038 5.81464s
1666 0.874258 0.573742 0.0219688 5.85371s
1667 0.874258 0.573311 0.0206995 5.85652s
1668 0.874258 0.575778 0.0195837 5.82126s
1669 0.874258 0.578466 0.0190459 5.83634s
1670 0.874258 0.571438 0.019922 5.81561s
1671 0.874258 0.574772 0.0204848 5.84354s
1672 0.874258 0.576315 0.0205965 5.80921s
1673 0.874258 0.575771 0.0207627 6.07783s
1674 0.874258 0.576496 0.0196067 5.89424s
1675 0.874258 0.567992 0.0187457 5.80503s
1676 0.874258 0.568617 0.0207416 5.85499s
1677 0.874258 0.575624 0.0227116 5.83665s
1678 0.874258 0.56654 0.0194496 5.8595s
1679 0.874258 0.558298 0.0189086 5.80036s
1680 0.874258 0.564319 0.0204003 5.79378s
1681 0.874258 0.584976 0.0233868 5.77242s
1682 0.874258 0.568431 0.0205183 5.85065s
1683 0.874258 0.580331 0.0225844 5.82265s
1684 0.874258 0.577531 0.0200882 5.80567s
1685 0.874393 0.564865 0.0195307 5.80207s
1686 0.874393 0.5756 0.0223676 5.80916s
1687 0.874393 0.570921 0.0210885 5.87042s
1688 0.874393 0.579606 0.0213848 5.79215s
1689 0.874393 0.588171 0.0221706 5.80029s
1690 0.874393 0.578262 0.0219615 5.83354s
1691 0.874393 0.584834 0.0226419 5.86852s
1692 0.874393 0.581233 0.0202687 5.78953s
1693 0.874393 0.582195 0.0200525 5.83711s
1694 0.874393 0.575424 0.0210977 5.82942s
1695 0.874393 0.577032 0.0210614 5.81995s
1696 0.874393 0.576925 0.0213365 5.8215s
1697 0.874393 0.580005 0.0216757 5.87184s
1698 0.874393 0.578107 0.0206023 5.83435s
1699 0.874393 0.573964 0.0210604 5.80634s
1700 0.874393 0.568962 0.0209862 5.83341s
1701 0.874393 0.56759 0.0201631 5.82878s
1702 0.874393 0.568571 0.0212136 5.82022s
1703 0.874393 0.559766 0.018898 5.80776s
1704 0.874393 0.568475 0.0204156 5.83033s
1705 0.874393 0.567007 0.0196551 5.82267s
1706 0.874393 0.569558 0.0200185 5.85744s
1707 0.874393 0.568067 0.0211182 5.81577s
1708 0.874393 0.570198 0.0202631 5.82758s
1709 0.874393 0.577354 0.0212787 5.87572s
1710 0.874393 0.582568 0.0215086 5.83071s
1711 0.874393 0.578995 0.0218835 5.83356s
1712 0.874393 0.576455 0.0193083 5.8487s
1713 0.874393 0.570971 0.0214406 5.87421s
1714 0.874393 0.566068 0.0221447 5.87097s
1715 0.874393 0.569391 0.0230164 6.07159s
1716 0.874393 0.569509 0.0216713 5.82116s
1717 0.874393 0.583168 0.0241483 5.8091s
1718 0.874393 0.571792 0.0223046 6.06491s
1719 0.874393 0.585739 0.0212727 6.10458s
1720 0.874393 0.578213 0.0201229 5.80889s
1721 0.874393 0.582984 0.0203613 5.76974s
1722 0.874393 0.580254 0.0208714 5.82769s
1723 0.874393 0.579938 0.0220257 5.80969s
1724 0.874393 0.578668 0.0211128 5.82699s
1725 0.874393 0.567612 0.0197692 5.82987s
1726 0.874393 0.567696 0.0189782 5.81261s
1727 0.874393 0.565061 0.0199971 6.07155s
1728 0.874393 0.565556 0.0195291 5.81675s
1729 0.874393 0.567163 0.0222647 6.11324s
1730 0.874393 0.565311 0.0218921 5.82871s
1731 0.874393 0.571274 0.0218047 5.8233s
1732 0.874393 0.567083 0.0199361 5.84683s
1733 0.874393 0.568876 0.0209678 5.85789s
1734 0.874393 0.571207 0.0213946 5.8031s
1735 0.874393 0.576494 0.0197289 5.81756s
1736 0.874393 0.572958 0.0184245 5.83218s
1737 0.874393 0.572183 0.0209053 5.77726s
1738 0.874393 0.56516 0.0207197 5.79599s
1739 0.874393 0.568866 0.020209 5.78217s
1740 0.874393 0.56783 0.0198522 5.79981s
1741 0.874393 0.564827 0.0201445 5.83223s
1742 0.874393 0.559444 0.0188915 5.88991s
1743 0.874393 0.566277 0.0227813 5.81543s
1744 0.874393 0.573004 0.0231794 5.77293s
1745 0.874393 0.564098 0.0194992 5.83213s
1746 0.874393 0.561193 0.0208343 5.7985s
1747 0.874393 0.56566 0.021388 5.84535s
1748 0.874393 0.572904 0.0211349 5.84035s
1749 0.874393 0.573784 0.0217463 5.80049s
1750 0.874393 0.573148 0.0221904 5.80986s
1751 0.874393 0.570423 0.0201646 5.80488s
1752 0.874393 0.563606 0.02131 5.81319s
1753 0.874393 0.563073 0.0206492 6.07612s
1754 0.874393 0.584871 0.0239139 5.83414s
1755 0.874393 0.594336 0.0243745 6.07524s
1756 0.874393 0.586136 0.0220905 5.79942s
1757 0.874393 0.581046 0.0222813 5.84615s
1758 0.874393 0.564103 0.0183947 6.19867s
1759 0.874393 0.575509 0.0204934 5.82957s
1760 0.874393 0.573556 0.0186565 5.79512s
1761 0.874393 0.577238 0.0217312 5.80486s
1762 0.874393 0.564724 0.0212061 5.80344s
1763 0.874393 0.568688 0.0232229 5.80958s
1764 0.874393 0.567763 0.0212088 6.02206s
1765 0.874393 0.561154 0.0201074 5.85706s
1766 0.874393 0.581128 0.0215087 5.867s
1767 0.874393 0.578881 0.0208443 5.83264s
1768 0.874393 0.584704 0.0245662 5.81757s
1769 0.874393 0.587875 0.0220724 5.94353s
1770 0.874393 0.587816 0.0244014 5.81934s
1771 0.874393 0.590054 0.0239953 5.83426s
1772 0.874393 0.583173 0.0213137 5.8036s
1773 0.874393 0.581582 0.0211654 6.04654s
1774 0.874393 0.577442 0.0188581 5.82005s
1775 0.874393 0.574904 0.0200817 5.80322s
1776 0.874393 0.567808 0.0184272 5.86922s
1777 0.874393 0.568517 0.0190618 5.88578s
1778 0.874393 0.568188 0.0198173 5.85896s
1779 0.874393 0.561241 0.0190078 5.82123s
1780 0.874393 0.560444 0.0196602 5.825s
1781 0.874393 0.575634 0.0208314 5.85891s
1782 0.874393 0.564796 0.0211527 5.84186s
1783 0.874393 0.572393 0.0217094 5.87374s
1784 0.874393 0.588621 0.0239584 5.90208s
1785 0.874393 0.591204 0.0228142 5.83401s
1786 0.874393 0.577058 0.0213817 5.80966s
1787 0.874393 0.576186 0.0223173 5.83021s
1788 0.874393 0.584617 0.0212555 5.84048s
1789 0.874393 0.57708 0.0203408 5.86948s
1790 0.874393 0.571504 0.0183388 6.0795s
1791 0.874393 0.574077 0.022403 5.81626s
1792 0.874393 0.579178 0.0231895 5.84939s
1793 0.874393 0.581643 0.0204975 5.81366s
1794 0.874393 0.572584 0.0220461 5.82447s
1795 0.874393 0.570146 0.0207296 5.83627s
1796 0.874393 0.572297 0.020782 5.86013s
1797 0.874393 0.563222 0.01952 6.06222s
1798 0.874393 0.560545 0.0188593 5.80481s
1799 0.874393 0.562668 0.0186907 5.85143s
1800 0.874393 0.565754 0.0198477 5.83968s
1801 0.874393 0.563142 0.018218 5.84021s
1802 0.874393 0.567873 0.0212247 5.82483s
1803 0.874393 0.580362 0.0231859 5.79214s
1804 0.874393 0.57485 0.0222816 5.90519s
1805 0.874393 0.571199 0.0217689 5.80437s
1806 0.874393 0.575727 0.020141 5.83526s
1807 0.874393 0.579056 0.0208173 5.85723s
1808 0.874393 0.56489 0.0203372 5.83109s
1809 0.874393 0.577664 0.0199314 5.92759s
1810 0.874393 0.57086 0.0214599 5.85719s
1811 0.874393 0.571017 0.0202862 5.83892s
1812 0.874393 0.57651 0.0213202 5.88949s
1813 0.874393 0.573056 0.0223744 5.85377s
1814 0.874393 0.577272 0.021673 5.82296s
1815 0.874393 0.579546 0.0211375 5.85501s
1816 0.874393 0.570803 0.0222419 5.82358s
1817 0.874393 0.566511 0.023745 5.84135s
1818 0.874393 0.572092 0.0214288 5.81262s
1819 0.874393 0.570078 0.0192186 5.80893s
1820 0.874393 0.56852 0.0194328 5.84966s
1821 0.874393 0.569168 0.0202365 5.83021s
1822 0.874393 0.569444 0.020854 5.8118s
1823 0.874393 0.567013 0.0210739 5.81306s
1824 0.874393 0.573548 0.0215437 5.85568s
1825 0.874393 0.573686 0.0217428 5.85819s
1826 0.874393 0.572376 0.0225889 5.857s
1827 0.874393 0.578476 0.0229382 5.86246s
1828 0.874393 0.569372 0.0211466 6.0448s
1829 0.874393 0.563541 0.020932 5.86055s
1830 0.874393 0.570396 0.021831 5.88157s
1831 0.874393 0.573351 0.0230559 5.85193s
1832 0.874393 0.570795 0.0227685 5.83716s
1833 0.874393 0.575487 0.0230667 5.8097s
1834 0.874393 0.563741 0.0213958 5.80294s
1835 0.874393 0.563387 0.0206532 5.85451s
1836 0.874393 0.571546 0.0206159 5.81694s
1837 0.874393 0.572711 0.0207427 5.8153s
1838 0.874393 0.563716 0.0191012 5.82161s
1839 0.874393 0.568584 0.0201938 5.84591s
1840 0.874393 0.565625 0.0206745 5.81157s
1841 0.874393 0.57415 0.021441 5.79673s
1842 0.874393 0.568777 0.0206189 5.84814s
1843 0.874393 0.565688 0.0199007 5.79629s
1844 0.874393 0.560427 0.0209119 5.87569s
1845 0.874393 0.570385 0.0210096 5.81768s
1846 0.874393 0.595043 0.0259249 5.79562s
1847 0.874393 0.585635 0.0231162 5.81707s
1848 0.874393 0.577597 0.0207951 5.80513s
1849 0.874393 0.576447 0.0205675 5.81654s
1850 0.874393 0.576581 0.0226617 5.83044s
1851 0.874393 0.571812 0.0220851 5.83547s
1852 0.874393 0.579027 0.022828 5.84642s
1853 0.874393 0.58753 0.0229219 5.80218s
1854 0.874393 0.585853 0.0218412 5.82714s
1855 0.874393 0.572835 0.0215744 5.96114s
1856 0.874393 0.575826 0.0221352 5.79426s
1857 0.874393 0.580891 0.021326 5.8017s
1858 0.874393 0.577207 0.0210652 5.83433s
1859 0.874393 0.578915 0.0193933 5.81257s
1860 0.874393 0.564073 0.0200302 5.79668s
1861 0.874393 0.558417 0.0189731 5.86298s
1862 0.874393 0.569113 0.0201316 6.10057s
1863 0.874393 0.575157 0.0195516 5.85306s
1864 0.874393 0.576823 0.0209848 5.85369s
1865 0.874393 0.576859 0.0209647 5.82537s
1866 0.874393 0.579327 0.0215576 5.83212s
1867 0.874393 0.577915 0.0225734 5.8007s
1868 0.874393 0.576288 0.0218882 5.82874s
1869 0.874393 0.579738 0.0212252 5.90631s
1870 0.874393 0.586864 0.0221392 6.05191s
1871 0.874393 0.581876 0.0224207 5.84704s
1872 0.874393 0.580081 0.020739 5.81098s
1873 0.874393 0.572307 0.0195224 5.8014s
1874 0.874393 0.573505 0.0208718 5.85554s
1875 0.874393 0.573561 0.0200166 5.79482s
1876 0.874393 0.569713 0.0186401 6.04863s
1877 0.874393 0.571676 0.0187416 5.82845s
1878 0.874393 0.567912 0.0198929 6.1244s
1879 0.874393 0.568595 0.020268 5.8628s
1880 0.874393 0.567079 0.0204029 5.80305s
1881 0.874393 0.57254 0.0217743 5.84486s
1882 0.874393 0.570543 0.0210429 5.85562s
1883 0.874393 0.575855 0.0208117 5.8311s
1884 0.874393 0.574018 0.02075 5.85591s
1885 0.874393 0.573831 0.02261 5.87185s
1886 0.874393 0.574432 0.0228083 5.83547s
1887 0.874393 0.567893 0.0217137 5.83515s
1888 0.874393 0.566937 0.0204536 5.84968s
1889 0.874393 0.570252 0.020708 5.83639s
1890 0.874393 0.569233 0.0215424 5.85883s
1891 0.874393 0.575873 0.0234286 5.86885s
1892 0.874393 0.577173 0.0218693 5.85029s
1893 0.874393 0.575214 0.0224386 5.84339s
1894 0.874393 0.56702 0.020917 5.84477s
1895 0.874393 0.575668 0.0216404 5.82086s
1896 0.874393 0.571345 0.019021 5.82328s
1897 0.874393 0.565088 0.018904 5.81975s
1898 0.874393 0.564418 0.0201811 5.85518s
1899 0.874393 0.569788 0.0222848 5.78066s
1900 0.874393 0.574696 0.0217552 5.8462s
1901 0.874393 0.578595 0.0231776 5.84914s
1902 0.874393 0.559325 0.0203638 5.87169s
1903 0.874393 0.558306 0.0187074 5.83225s
1904 0.874393 0.559763 0.0177437 5.80146s
1905 0.874393 0.559736 0.0217242 5.78756s
1906 0.874393 0.564253 0.0205099 5.87395s
1907 0.874393 0.563574 0.0201874 5.90414s
1908 0.874393 0.561237 0.020555 5.88406s
1909 0.874393 0.566482 0.0205218 5.93992s
1910 0.874393 0.573737 0.0216558 5.82195s
1911 0.874393 0.577072 0.0220577 5.8438s
1912 0.874393 0.578623 0.0218687 5.7959s
1913 0.874393 0.582933 0.023824 5.82649s
1914 0.874393 0.576389 0.0211142 5.82754s
1915 0.874393 0.57235 0.0194957 5.84038s
1916 0.874393 0.570895 0.0206548 5.87227s
1917 0.874393 0.574991 0.02186 5.83061s
1918 0.874393 0.580487 0.0206935 5.84804s
1919 0.874393 0.575302 0.0194319 5.82272s
1920 0.874393 0.573984 0.0202778 5.81051s
1921 0.874393 0.577093 0.0215244 5.84505s
1922 0.874393 0.576107 0.0229128 5.83377s
1923 0.874393 0.593579 0.0237677 5.8045s
1924 0.874393 0.58009 0.0228462 5.83745s
1925 0.874393 0.577833 0.0217558 5.88441s
1926 0.874393 0.578491 0.0224214 5.88453s
1927 0.874393 0.576375 0.0221685 5.85045s
1928 0.874393 0.576352 0.0228512 5.81356s
1929 0.874393 0.566394 0.0222076 5.82212s
1930 0.874393 0.567044 0.0210097 5.79661s
1931 0.874393 0.583266 0.0218267 5.81548s
1932 0.874393 0.578279 0.0205609 5.83024s
1933 0.874393 0.573284 0.0210816 6.01803s
1934 0.874393 0.565947 0.0201128 5.81801s
1935 0.874393 0.563922 0.0213372 5.80154s
1936 0.874393 0.57707 0.0236696 5.81994s
1937 0.874393 0.573302 0.0215301 5.8162s
1938 0.874393 0.581298 0.0219209 5.8282s
1939 0.874393 0.579966 0.0202291 5.83458s
1940 0.874393 0.57655 0.0207069 5.81222s
1941 0.874393 0.569982 0.0214214 5.81299s
1942 0.874393 0.576525 0.023858 5.8299s
1943 0.874393 0.582687 0.0226968 6.08797s
1944 0.874393 0.579323 0.0238331 5.84722s
1945 0.874393 0.575536 0.0220026 5.81961s
1946 0.874393 0.562817 0.022093 5.85951s
1947 0.874393 0.572978 0.0232117 5.81524s
1948 0.874393 0.568699 0.0215212 5.84481s
1949 0.874393 0.580025 0.0211667 5.8236s
1950 0.874393 0.577067 0.0221888 5.82818s
1951 0.874393 0.575048 0.0210848 5.82292s
1952 0.874393 0.584887 0.0212632 5.86535s
1953 0.874393 0.579594 0.0209118 5.82538s
1954 0.874393 0.576198 0.0199055 5.82276s
1955 0.874393 0.592361 0.0222719 5.82685s
1956 0.874393 0.587264 0.0231652 5.83375s
1957 0.874393 0.581662 0.0223156 5.83641s
1958 0.874393 0.574877 0.0199489 5.8615s
1959 0.874393 0.574931 0.0213471 5.857s
1960 0.874393 0.577541 0.0228422 5.81442s
1961 0.874393 0.581592 0.0213012 5.85623s
1962 0.874393 0.574623 0.0213654 5.79593s
1963 0.874393 0.585714 0.0223684 5.83179s
1964 0.874393 0.57438 0.0216546 5.81327s
1965 0.874393 0.563259 0.0200798 5.89926s
1966 0.874393 0.562602 0.021357 5.83058s
1967 0.874393 0.568554 0.0193162 5.83762s
1968 0.874393 0.564645 0.0192479 6.0675s
1969 0.874393 0.575109 0.020092 5.78721s
1970 0.874393 0.578462 0.0205906 5.81262s
1971 0.874393 0.571147 0.0218101 5.83322s
1972 0.874393 0.570387 0.0209465 5.79079s
1973 0.874393 0.574841 0.0217943 6.12758s
1974 0.874393 0.570148 0.0213851 5.83769s
1975 0.874393 0.574716 0.0212535 5.81557s
1976 0.874393 0.574003 0.0216248 5.79863s
1977 0.874393 0.586469 0.0228162 5.8519s
1978 0.874393 0.588796 0.0207032 5.81625s
1979 0.874393 0.589725 0.020697 5.82842s
1980 0.874393 0.590143 0.0185495 5.82124s
1981 0.874393 0.581126 0.0203397 6.05654s
1982 0.874393 0.576442 0.0207488 5.88327s
1983 0.874393 0.579051 0.0209782 5.8508s
1984 0.874393 0.574295 0.0204451 5.82049s
1985 0.874393 0.576824 0.0231434 5.82134s
1986 0.874393 0.572387 0.0207467 5.88385s
1987 0.874393 0.566628 0.0220662 5.78731s
1988 0.874393 0.579721 0.0249126 5.85397s
1989 0.874393 0.578666 0.0241577 5.87875s
1990 0.874393 0.581718 0.0234722 5.82756s
1991 0.874393 0.571036 0.0200632 5.814s
1992 0.874393 0.588652 0.0214498 5.81162s
1993 0.874393 0.592422 0.0223864 5.84336s
1994 0.874393 0.580679 0.0211708 5.83748s
1995 0.874393 0.567412 0.0197788 5.85755s
1996 0.874393 0.569696 0.0202371 5.89993s
1997 0.874393 0.568949 0.0205744 5.79445s
1998 0.874393 0.573518 0.0209072 5.83699s
1999 0.874393 0.574801 0.0206474 5.81059s
2000 0.874393 0.578625 0.0195118 5.88541s
