194  63
251  54
284  33
335  27
383  4
384  12
396  2
404  18
406  48
422  61
426  37
433  17
480  20
579  63
685  54
687  33
697  12
711  2
727  34
729  4
730  78
736  48
744  61
747  54
754  37
755  53
760  71
800  58
864  17
864  63
886  48
903  61
926  54
946  37
953  12
956  2
962  33
966  4
970  54
972  63
974  20
974  27
974  34
987  17
997  32
1010  78
1011  48
1015  12
1041  61
1048  71
1059  37
1064  18
1072  53
1072  77
1093  37
1093  71
1105  78
1129  18
1138  48
1143  54
1155  2
1157  63
1159  61
1163  4
1164  33
1168  17
1169  54
1171  12
1175  34
1196  2
1198  63
1203  54
1206  20
1221  58
1227  4
1231  12
1232  27
1233  48
1236  33
1242  17
1261  37
1262  61
1276  71
1278  78
1288  37
1290  53
1294  18
1294  77
1372  37
1377  71
1384  48
1388  78
1390  18
1391  61
1399  34
1402  37
1404  52
1427  71
1430  54
1431  48
1435  53
1446  54
1446  63
1447  2
1450  12
1451  61
1453  4
1455  17
1457  33
1467  54
1467  63
1467  67
1470  14
1470  80
1471  1
1471  41
1472  40
1473  2
1474  20
1479  12
1480  67
1484  14
1485  32
1486  80
1488  1
1488  63
1489  4
1489  27
1489  40
1489  50
1490  41
1492  33
1493  17
1494  34
1495  31
1498  67
1503  54
1510  2
1511  58
1516  48
1518  15
1522  12
1536  61
1539  37
1546  78
1559  44
1564  77
1565  18
1570  79
