165  18
165  63
203  14
203  67
231  1
231  80
295  40
295  41
318  33
322  54
345  4
351  12
352  2
356  27
369  17
385  20
411  63
437  48
448  61
452  37
469  54
485  71
506  34
547  12
572  2
587  33
589  63
594  4
599  78
605  17
650  54
659  48
663  61
675  37
681  53
712  58
736  54
757  12
765  2
773  63
788  4
790  20
791  17
793  33
805  27
805  32
809  48
819  61
824  34
832  54
836  37
847  71
885  78
894  48
909  61
929  54
940  12
944  63
945  2
956  4
959  17
962  33
971  37
971  54
991  12
994  63
996  53
1001  34
1007  2
1018  48
1031  61
1049  18
1049  37
1050  71
1056  78
1059  77
1077  37
1091  18
1097  71
1104  48
1113  54
1122  61
1132  4
1132  17
1136  12
1136  33
1137  63
1139  10
1143  2
1143  20
1145  27
1152  14
1152  67
1154  80
1155  1
1155  40
1156  41
1159  63
1178  17
1179  4
1182  12
1185  33
1196  50
1197  54
1199  2
1221  32
1224  34
1227  48
1230  37
1230  61
1233  58
1235  78
1243  53
1245  71
1250  18
1253  37
1255  77
1272  78
1286  71
1288  52
1289  37
1298  18
1323  48
1328  37
1334  44
1334  61
1342  54
1344  53
1354  34
1359  54
1364  12
1364  63
1366  4
1369  17
1370  2
1375  33
1379  48
1380  54
1382  20
1393  63
1396  12
1398  61
1399  27
1404  54
1409  17
1410  2
1411  4
1429  33
1441  54
1442  63
1459  37
1460  71
1460  78
1464  48
1473  18
1476  58
1479  77
1485  37
1494  71
1496  34
1498  61
1498  78
1508  53
1523  37
1535  18
1561  71
1564  48
1571  37
1571  54
1578  12
1583  2
1584  61
1585  17
1588  4
1588  78
1589  63
1594  54
1596  33
1600  20
1607  12
1617  2
1618  27
1623  54
1624  4
1624  63
1625  17
1626  34
1629  32
1629  48
1651  12
1657  54
1667  33
1667  61
1688  37
1700  71
1704  18
1704  77
1708  78
1711  53
1719  37
1778  18
1806  37
1808  48
1808  71
1816  61
1821  77
1823  78
1834  34
1837  37
1846  48
1851  53
1855  71
1858  54
1861  61
1867  2
1868  63
1870  4
1870  12
1871  17
1876  33
1876  54
1879  67
1880  14
1881  80
1882  1
1882  41
1882  58
1883  20
1883  40
1883  63
1890  2
1891  67
1892  14
1893  27
1894  80
1896  1
1896  12
1897  40
1897  54
1898  41
1899  17
1900  4
1900  31
1901  50
1901  63
1902  48
1905  14
1905  67
1906  33
1910  34
1910  80
1913  1
1917  40
1918  41
1920  2
1920  61
1922  54
1923  14
1923  67
1926  63
1927  20
1930  12
1939  32
1941  15
1948  79
1956  37
1957  17
1963  78
1970  89
1971  18
