194  63
251  54
284  33
335  27
383  4
384  12
396  2
404  18
421  48
433  17
439  37
439  61
483  20
579  63
685  54
687  33
697  12
711  2
729  4
755  17
755  48
756  34
760  78
764  61
773  37
774  54
781  71
782  53
836  58
860  63
876  54
891  12
891  48
901  2
909  27
910  61
913  33
926  20
927  4
946  37
954  32
982  34
1000  71
1001  18
1001  78
1006  37
1007  77
1026  48
1044  53
1048  61
1058  54
1071  63
1073  17
1080  12
1084  2
1087  54
1092  4
1094  33
1109  63
1125  17
1130  54
1140  12
1142  48
1160  2
1164  61
1174  34
1175  37
1185  78
1186  71
1194  18
1202  37
1224  77
1227  71
1244  53
1246  48
1260  54
1268  61
1268  78
1271  63
1272  4
1277  33
1280  12
1282  17
1284  20
1287  27
1288  54
1289  2
1297  58
1307  63
1329  54
1332  48
1333  4
1339  12
1341  34
1350  33
1359  37
1364  61
1374  18
1379  71
1381  37
1389  78
1412  37
1420  53
1421  18
1423  77
1428  71
1431  48
1457  37
1457  61
1473  44
1474  78
1475  52
1483  1
1486  54
1492  63
1494  2
1494  34
1496  17
1501  12
1502  4
1506  54
1513  33
1517  20
1519  48
1521  63
1523  2
1526  32
1528  17
1533  54
1535  27
1539  12
1541  61
1551  4
1560  63
1578  37
1582  71
1584  58
1590  18
1591  67
1602  78
1604  48
1606  37
1609  53
1626  71
1626  77
1636  61
1645  34
1647  37
1660  18
1681  54
1684  78
1692  2
1692  48
1696  12
1696  17
1697  33
1701  54
1702  63
1703  4
1717  20
1723  2
1724  61
1727  54
1730  12
1734  17
1736  33
1748  63
1749  27
1757  4
1761  54
1769  48
1773  37
1778  71
1789  34
1792  18
1795  53
1800  37
1801  78
1812  61
1820  71
1821  77
1838  37
1865  48
1876  54
1882  2
1883  12
1889  17
1889  63
1895  33
1900  14
1900  80
1901  54
1901  61
1901  67
1902  4
1902  40
1902  41
1903  1
1909  63
1911  20
1912  14
1913  67
1914  2
1914  80
1916  41
1917  12
1917  40
1918  50
1919  1
1920  32
1921  31
1924  58
1926  33
1927  34
1932  48
1932  54
1934  17
1947  4
1950  63
1958  37
1958  61
1960  78
1964  27
1965  18
1965  71
1975  53
2011  77
2029  18
2154  18
2194  77
2252  52
2257  71
2277  18
