287  18
297  63
343  27
349  48
364  14
372  67
389  69
390  54
391  77
398  79
398  80
401  1
428  64
436  61
474  33
495  20
504  44
600  18
616  40
617  41
671  14
674  67
697  69
699  48
707  79
713  27
726  77
734  1
743  80
749  64
776  18
785  33
789  47
790  20
794  27
800  3
800  10
807  44
818  28
863  23
890  69
900  79
911  54
912  61
928  48
930  77
936  27
939  18
941  64
946  49
947  33
958  20
978  44
1001  63
1003  10
1007  3
1011  47
1012  4
1012  44
1045  33
1054  27
1064  20
1073  69
1079  79
1087  18
1092  77
1095  48
1098  27
1099  64
1139  69
1157  79
1158  27
1168  61
1174  33
1180  18
1183  44
1185  28
1186  20
1189  10
1193  3
1195  47
1198  63
1209  44
1225  4
1229  10
1260  33
1263  27
1275  64
1276  77
1280  69
1281  48
1282  20
1288  18
1288  79
1289  54
1292  71
1293  14
1294  67
1295  40
1296  1
1297  41
1297  80
1316  14
1317  18
1319  31
1321  67
1324  77
1330  27
1332  48
1333  64
1337  50
1339  69
1348  23
1353  79
1359  61
1360  27
1360  33
1370  47
1373  44
1377  20
1378  3
1388  63
1389  10
1389  28
1394  44
1415  3
1423  44
1428  4
1431  63
1432  10
1443  33
1465  44
1468  20
1468  29
1476  37
1484  27
1497  18
1499  69
1501  77
1502  64
1504  79
1507  27
1509  48
1514  47
1528  49
1529  18
1531  33
1534  27
1534  69
1535  54
1552  64
1553  79
1554  77
1557  20
1573  61
1581  27
1585  66
1588  44
1592  3
1593  10
1595  28
1601  63
1609  33
1615  44
1626  4
1633  10
1634  3
1646  20
1650  23
1654  44
1657  47
1671  27
1674  48
1674  69
1676  18
1676  63
1683  79
1687  64
1687  77
1702  27
1703  33
1711  18
1715  69
1725  48
1735  20
1738  79
1748  44
1755  28
1756  10
1757  3
1795  63
1805  4
1908  63
1992  4
2030  63
2046  10
2140  44
2152  63
2165  3
2190  4
2199  10
2254  29
2275  63
2277  44
2329  44
2331  10
2331  33
2332  3
2332  20
2335  28
2336  27
2338  47
2342  44
2345  33
2346  20
2352  3
2352  27
2353  10
2355  23
2358  44
2359  28
2361  47
2362  18
2362  33
2362  77
2363  20
2363  27
2363  69
2364  64
2364  79
2365  48
2369  54
2371  61
2373  14
2373  18
2373  63
2374  27
2375  40
2375  67
2375  80
2376  1
2376  3
2376  44
2376  69
2376  77
2377  41
2379  10
2379  64
2379  79
2380  33
2382  48
2383  20
2383  47
2384  14
2384  18
2384  49
2386  4
2386  67
2387  27
2387  80
2389  1
2389  40
2389  71
2390  15
2391  69
2391  77
2392  23
2392  31
2392  41
2393  50
2394  28
2394  54
2395  14
2395  61
2395  63
2396  16
2396  18
2396  33
2396  79
2397  2
2397  12
2398  27
2398  64
2398  85
2399  17
2399  37
2399  67
2400  20
2400  48
2402  80
2403  1
2403  66
2406  33
2406  40
2407  54
2407  93
2408  2
2408  4
2408  12
2408  41
2410  14
2410  27
2410  69
2411  18
2412  11
2412  17
2412  63
2414  32
2414  67
2414  77
2414  89
2415  34
2415  79
2416  20
2416  36
2418  6
2418  47
2419  33
2419  60
2419  64
2420  12
2421  80
2422  1
2422  2
2422  54
2424  48
2426  27
2426  58
2426  63
2427  14
2427  17
2427  76
2428  13
2429  40
2429  61
2429  78
2430  18
2431  41
2431  54
2431  67
2431  70
2432  4
2432  69
2434  53
2435  12
2435  21
2435  34
2435  37
2435  48
2436  55
2436  97
2437  42
2437  99
2438  2
2439  50
2440  61
2440  79
2441  52
2441  54
2442  45
2442  68
2443  17
2443  31
2445  1
2446  26
2446  71
2446  84
2447  48
2447  80
2448  18
2449  37
2449  78
2450  14
2450  63
2451  67
2452  12
2452  34
2452  54
2452  58
2452  61
2453  64
2454  15
2454  73
2455  32
2456  2
2456  24
2457  41
2457  65
2457  74
2457  77
2459  7
2459  82
2460  53
2461  8
2463  49
2464  17
2465  66
2466  33
2467  69
2468  40
2468  88
2469  4
2469  27
2469  96
2471  75
2473  12
2473  67
2474  20
2476  92
2477  63
2477  87
2478  18
2478  79
2482  1
2483  33
2484  14
2484  39
2487  27
2488  5
2489  2
2496  80
2497  54
2500  20
2500  48
2503  61
2510  54
2511  37
2513  48
2515  17
2520  61
2525  54
2526  12
2530  48
2532  78
2535  34
2538  37
2540  61
2542  54
2543  64
2545  33
2548  27
2549  71
2550  18
2550  48
2552  41
2553  2
2555  77
2562  20
2562  40
2566  27
2566  33
2568  67
2571  63
2576  4
2576  69
2577  44
2584  14
2588  3
2588  63
2591  10
2592  1
2593  44
2597  80
2606  47
2608  28
2612  44
2612  79
2613  18
2618  10
2619  3
2622  27
2635  44
2654  63
2660  4
2661  33
2666  20
2667  27
2668  69
2669  64
2674  54
2675  77
2676  48
2678  12
2680  18
2680  61
2682  14
2682  17
2682  37
2683  2
2683  33
2687  40
2687  67
2687  71
2687  78
2689  54
2691  41
2692  53
2693  48
2694  18
2694  37
2694  77
2697  34
2700  1
2700  61
2702  79
2703  80
2704  71
2705  54
2706  78
2708  37
2710  18
2714  12
2714  48
2719  77
2721  53
2723  61
2725  37
2725  71
2727  54
2728  18
2728  78
2731  58
2732  17
2739  34
2740  67
2742  2
2742  48
2743  63
2750  27
2751  31
2753  54
2753  69
2754  4
2754  33
2755  20
2758  63
2769  44
2773  14
2774  3
2774  64
2775  10
2779  1
2780  47
2781  27
2786  50
2789  79
2790  28
2791  44
2805  23
2808  10
2813  3
2821  44
2850  69
2865  44
2876  10
2883  64
2884  27
2898  79
2899  3
2914  28
2921  47
2922  44
2922  49
2929  20
2935  27
2942  69
2946  77
2960  29
2964  14
2964  18
2964  40
2964  80
2966  41
2966  67
2973  10
2975  1
2982  44
2990  64
2991  79
2992  27
3007  3
3012  20
3014  33
3030  18
3031  14
3033  40
3033  67
3034  80
3035  69
3037  41
3045  27
3045  44
3045  63
3049  1
3052  33
3053  77
3055  4
3055  63
3057  20
3061  10
3062  12
3064  2
3065  17
3065  27
3065  80
3066  14
3066  33
3066  63
3067  18
3067  47
3067  54
3068  48
3069  4
3071  61
3071  67
3075  28
3075  37
3077  20
3077  63
3078  18
3078  54
3078  71
3080  12
3080  48
3081  33
3081  78
3081  79
3082  40
3083  77
3084  4
3084  34
3085  2
3085  27
3085  53
3085  61
3087  23
3087  37
3088  17
3089  63
3090  32
3090  41
3090  54
3091  18
3091  64
3091  71
3093  48
3097  1
3097  44
3098  10
3098  33
3098  58
3098  78
3100  4
3100  37
3100  69
3101  61
3102  12
3103  20
3104  54
3105  63
3106  18
3106  77
3108  31
3109  2
3109  48
3109  67
3110  71
3111  34
3112  3
3113  27
3113  53
3114  15
3114  50
3116  37
3118  96
3120  54
3120  61
3121  78
3122  17
3122  52
3122  88
3123  14
3124  18
3124  66
3126  48
3132  12
3133  57
3134  80
3136  37
3136  77
3141  54
3144  71
3146  61
3147  79
3150  18
3152  48
3157  78
3160  97
3162  2
3162  37
3167  33
3167  54
3169  41
3172  63
3179  4
3181  27
3182  20
3184  18
3186  48
3186  61
3188  44
3189  33
3191  1
3191  63
3194  64
3201  77
3202  40
3202  69
3204  17
3204  54
3209  4
3217  47
3219  27
3223  3
3227  10
3233  44
3239  28
3303  44
3335  3
3338  63
3339  27
3340  10
3340  33
3341  20
3341  79
3346  14
3346  67
3347  69
3349  48
3349  54
3350  64
3351  4
3351  80
3352  12
3352  63
3355  44
3355  61
3356  2
3357  33
3358  18
3358  27
3359  40
3361  20
3362  37
3363  1
3363  41
3365  54
3365  71
3366  17
3366  34
3366  48
3367  77
3368  63
3370  47
3371  67
3372  78
3373  14
3373  53
3374  18
3375  4
3375  61
3377  33
3377  37
3378  12
3378  80
3379  27
3379  79
3380  49
3384  54
3384  69
3385  10
3386  58
3387  63
3388  48
3388  71
3389  18
3389  20
3390  2
3390  44
3393  23
3393  28
3393  77
3396  34
3398  37
3402  32
3403  1
3403  33
3403  78
3406  54
3406  61
3406  64
3407  53
3408  27
3409  3
3409  4
3409  63
3410  14
3410  40
3412  18
3413  41
3413  48
3414  17
3415  31
3415  67
3416  12
3416  71
3425  37
3426  77
3429  50
3430  20
3434  33
3436  63
3440  2
3441  18
3443  48
3443  54
3446  79
3446  96
3447  27
3448  61
3456  44
3459  5
3468  37
3468  80
3475  10
3476  18
3481  4
3481  63
3481  69
3483  29
3484  33
3485  78
3488  54
3495  20
3500  77
3501  71
3502  18
3503  48
3505  27
3507  64
3508  47
3510  1
3514  67
3515  12
3519  14
3519  63
3520  17
3520  61
3529  3
3534  37
3535  44
