109  54
117  48
160  61
186  37
210  63
218  33
248  4
257  12
259  27
263  2
277  18
282  17
299  20
420  34
436  71
453  78
469  54
470  48
504  61
537  53
545  37
594  63
598  54
607  12
611  2
614  33
617  4
624  17
669  48
671  58
696  61
706  37
721  71
722  18
723  77
731  78
764  34
776  37
817  48
817  54
838  61
857  54
862  63
866  12
868  2
870  4
871  33
874  17
881  20
885  27
893  63
897  54
902  32
907  12
916  2
926  48
930  53
946  34
951  37
957  61
958  71
959  78
970  18
985  37
996  77
1004  71
1045  48
1056  54
1064  61
1071  4
1071  17
1073  33
1073  63
1077  12
1080  54
1081  2
1101  20
1102  58
1106  63
1111  17
1113  4
1114  54
1122  34
1123  33
1124  12
1124  27
1124  48
1148  37
1150  78
1159  61
1160  53
1164  18
1169  71
1207  77
1215  18
1280  52
1345  18
1407  77
1413  71
1418  37
1454  78
1472  18
1544  37
1557  71
1581  18
1593  77
1595  37
1598  78
1599  48
1600  61
1604  53
1604  54
1606  34
1606  71
1610  37
1616  48
1617  61
1621  78
1623  54
1627  37
1631  58
1632  34
1635  53
1636  48
1637  61
1637  71
1639  54
1644  2
1644  4
1644  12
1644  63
1646  17
1646  33
1652  54
1653  44
1655  20
1656  27
1657  63
1659  2
1659  10
1659  12
1660  67
1661  1
1661  48
1662  4
1663  14
1663  17
1663  80
1664  41
1665  33
1665  40
1665  61
1667  32
1667  54
1668  34
1669  63
1672  67
1676  1
1676  12
1676  14
1676  65
1677  2
1677  80
1678  41
1679  50
1681  4
1681  40
1683  15
1683  63
1683  66
1684  17
1684  20
1684  33
1684  54
1685  31
1687  67
1691  14
1693  80
1694  1
1696  48
1697  12
1697  41
1698  2
1698  40
1701  58
1702  63
1703  27
1705  61
1706  54
1707  79
1710  17
1710  67
1713  4
1714  69
1717  21
1721  33
1726  37
1731  47
1733  8
1734  89
1738  78
1742  70
1744  84
1747  18
1767  29
