100  27
129  33
151  18
176  20
201  48
214  44
231  77
237  54
247  69
249  63
255  79
278  64
292  61
411  47
432  10
441  3
455  27
464  33
497  20
518  28
551  44
564  18
580  27
584  69
588  79
589  48
592  77
605  64
670  33
675  23
695  20
703  44
716  10
718  63
719  4
725  3
748  47
799  27
808  33
831  18
832  20
832  27
839  69
843  79
849  48
849  77
854  64
857  61
860  54
873  18
883  49
884  27
888  44
917  28
918  33
948  44
949  10
952  47
953  3
953  20
995  27
997  69
999  79
1006  77
1007  64
1009  18
1010  48
1032  69
1033  27
1039  79
1045  33
1050  61
1069  20
1084  44
1093  63
1094  10
1100  3
1103  23
1107  4
1109  44
1117  28
1127  63
1133  10
1133  47
1138  33
1146  44
1159  3
1166  29
1168  71
1169  20
1181  27
1190  18
1193  77
1196  64
1197  48
1199  69
1202  79
1204  27
1213  37
1214  54
1218  18
1224  33
1231  64
1231  77
1232  80
1234  27
1234  69
1243  48
1244  79
1250  20
1257  61
1272  47
1278  44
1278  49
1287  10
1294  63
1302  4
1362  63
1459  4
1490  63
1535  10
1557  3
1598  44
1618  63
1662  4
1687  10
1724  44
1729  63
1733  28
1755  3
1781  44
1785  33
1786  20
1787  10
1790  27
1792  3
1794  47
1795  44
1800  33
1801  20
1801  28
1807  27
1809  23
1811  10
1811  44
1818  3
1818  33
1818  47
1819  20
1819  27
1823  18
1823  69
1823  77
1825  64
1825  79
1826  48
1830  27
1832  54
1834  44
1835  61
1836  18
1837  69
1838  63
1839  33
1840  77
1840  79
1841  64
1842  20
1843  14
1844  27
1844  48
1846  67
1847  1
1847  40
1848  18
1848  80
1849  41
1852  47
1853  15
1853  28
1853  49
1853  69
1854  14
1855  23
1858  67
1858  77
1858  79
1860  1
1860  16
1860  27
1861  40
1861  64
1862  18
1862  31
1862  80
1863  66
1864  41
1864  61
1866  33
1866  48
1867  14
1867  50
1871  69
1872  67
1873  20
1873  54
1875  1
1879  18
1879  40
1879  79
1879  80
1880  27
1880  41
1884  14
1884  64
1886  77
1887  2
1887  67
1888  71
1889  85
1890  89
1894  12
1895  1
1895  60
1899  48
1902  69
1903  18
1904  27
1906  33
1908  34
1913  97
1920  79
1922  11
1923  44
1929  10
1934  3
1938  52
1947  4
1952  44
1966  63
2012  10
2013  44
2021  20
2026  3
2039  33
2041  28
2044  44
2046  47
2049  29
2054  10
2056  27
2064  20
2067  69
2070  64
2070  77
2074  4
2074  18
2075  79
2076  27
2078  48
2078  63
2084  3
2089  44
2090  18
2090  61
2092  14
2093  80
2094  67
2097  1
2097  40
2097  41
2098  69
2099  33
2100  27
2100  64
2102  54
2102  77
2109  14
2110  67
2112  79
2113  18
2114  80
2121  1
2121  40
2121  41
2123  31
2124  47
2125  50
2127  48
2130  27
2130  49
2132  20
2133  14
2134  67
2144  69
2144  80
2145  23
2148  18
2160  33
2178  10
2178  44
2202  28
2204  3
2204  63
2218  44
2262  10
2271  4
2276  20
2284  44
2291  27
2292  33
2301  64
2302  79
2303  77
2308  3
2308  69
2310  27
2310  48
2311  47
2317  63
2322  61
2330  18
2332  20
2332  44
2333  27
2334  10
2334  77
2334  79
2335  64
2337  28
2343  69
2345  54
2351  33
2362  48
2370  27
2378  3
2393  44
2400  79
2410  18
2429  10
2430  20
2438  63
2456  33
2456  44
2471  4
2472  47
2491  27
2501  64
2501  69
2502  14
2502  18
2504  67
2505  1
2506  40
2506  41
2506  77
2507  63
2507  80
2510  3
2516  27
2518  14
2518  44
2518  48
2519  20
2519  79
2520  28
2520  67
2522  10
2522  18
2524  1
2524  61
2525  80
2526  40
2527  41
2529  23
2529  33
2535  77
2536  14
2536  63
2537  50
2537  69
2538  31
2540  67
2543  64
2544  54
2545  27
2550  1
2552  49
2552  63
2552  80
2553  18
2554  40
2555  2
2555  33
2557  41
2558  12
2559  17
2559  20
2562  14
2564  4
2565  44
2566  48
2566  67
2567  29
2567  37
2569  79
2573  47
2582  1
2582  18
2588  10
2589  80
2590  27
2592  76
2596  69
2602  3
2628  64
2634  44
2642  77
2656  27
2666  61
2672  28
2682  79
2700  33
2701  20
2702  44
2708  10
2722  3
2727  27
2734  69
2739  48
2741  18
2742  63
2745  14
2748  4
2748  33
2748  54
2748  67
2749  12
2751  2
2752  17
2752  40
2752  41
2753  20
2753  27
2753  63
2756  1
2756  64
2757  77
2758  47
2759  80
2762  63
2763  44
2764  18
2765  2
2765  4
2765  33
2766  12
2766  17
2767  54
2769  14
2771  32
2771  67
2771  79
2772  20
2773  27
2774  63
2776  48
2776  54
2778  15
2778  69
2779  61
2780  4
2780  34
2780  37
2780  71
2781  2
2781  12
2781  33
2781  78
2783  17
2783  40
2784  18
2784  53
2785  54
2785  58
2786  66
2787  41
2787  48
2788  10
2789  37
2789  80
2791  1
2791  50
2791  61
2792  71
2792  78
2794  77
2795  34
2795  54
2797  12
2797  18
2798  53
2798  63
2799  37
2799  48
2799  67
2800  2
2801  31
2802  61
2803  23
2805  71
2806  17
2806  54
2806  78
2808  14
2810  4
2810  37
2811  18
2812  34
2812  70
2812  96
2813  48
2814  75
2816  45
2817  52
2817  77
2818  58
2818  61
2819  13
2819  54
2819  65
2820  12
2821  53
2821  88
2822  37
2822  71
2823  78
2824  2
2824  64
2825  26
2826  32
2829  18
2830  41
2830  48
2830  79
2830  97
2834  54
2836  37
2836  61
2837  1
2837  17
2839  5
2839  34
2842  33
2844  71
2844  77
2845  21
2846  8
2846  49
2846  55
2847  27
2849  54
2849  78
2851  18
2851  20
2851  48
2853  37
2855  12
2857  61
2857  63
2857  82
2858  69
2860  33
2860  67
2862  2
2864  53
2867  4
2867  27
2871  14
2871  54
2871  63
2872  40
2877  20
2878  44
2878  98
2882  3
2893  68
2895  24
2895  47
2896  28
2901  10
2909  44
2942  3
2956  44
2993  27
2994  10
2994  79
2995  64
3000  63
3000  69
3002  33
3004  80
3008  4
3008  20
3011  27
3014  14
3014  44
3014  63
3017  33
3019  12
3019  67
3020  1
3021  2
3021  40
3021  41
3021  48
3022  17
3022  54
3027  61
3029  4
3029  28
3029  63
3032  3
3032  18
3032  20
3032  27
3033  37
3033  80
3035  33
3035  48
3036  54
3037  47
3037  77
3040  71
3043  79
3044  78
3045  18
3045  63
3046  61
3047  34
3048  69
3049  37
3051  12
3052  64
3053  54
3054  27
3054  48
3055  4
3055  10
3055  67
3056  44
3058  33
3059  20
3060  1
3060  17
3060  18
3060  71
3060  77
3062  2
3062  14
3063  53
3064  63
3066  37
3069  78
3070  58
3070  61
3071  54
3074  48
3075  41
3080  18
3084  27
3085  71
3086  23
3087  77
3088  31
3088  33
3088  50
3089  4
3091  37
3091  63
3092  40
3097  34
3099  54
3102  18
3102  48
3103  61
3107  20
3109  80
3115  10
3115  44
3116  12
3119  37
3120  33
3124  78
3129  27
3129  54
3129  79
3130  63
3133  18
3138  71
3138  77
3141  48
3143  2
3145  17
3146  69
3147  29
3147  67
3148  3
3157  14
3161  4
3162  63
3163  61
3165  18
3166  64
3167  1
3173  37
3179  54
3180  27
3181  28
3183  20
3185  33
3186  47
3190  44
3210  41
3225  40
3229  80
3235  69
3239  79
3249  44
3254  3
3254  67
3255  14
3266  10
3276  64
3279  49
3285  27
3288  63
3293  33
3297  20
3297  48
3299  2
3299  4
3299  12
3299  54
3304  1
3305  61
3308  17
3308  63
3310  27
3315  48
3318  18
3318  33
3320  44
3320  54
3324  77
3325  34
3325  37
3326  14
3328  69
3329  61
3330  78
3330  79
3331  4
3331  71
3332  20
3332  53
3332  63
3332  80
3333  12
3333  41
3335  18
3335  67
3336  32
3337  40
3338  10
3339  47
3339  48
3340  27
3345  54
3346  33
3347  37
3347  77
3350  2
3353  3
3353  71
3354  63
3357  28
3358  18
3361  78
3362  34
3363  17
3364  53
3365  58
3367  1
3379  37
3400  12
3402  52
3426  50
3431  37
3432  31
3433  67
3442  14
3443  2
3451  78
3452  80
3453  71
3460  41
3473  40
3474  54
3478  17
3487  37
3502  1
3504  12
3521  67
3528  54
3532  14
