48
14
3
50
56
58
79
15
73
42
24
35
63
57
58
93
98
8
64
44
69
91
60
93
28
26
20
17
7
26
79
73
66
21
76
49
51
28
61
45
3
93
34
72
33
21
92
36
5
99
86
92
39
80
45
59
47
60
29
31
43
20
62
46
37
12
8
24
34
97
75
87
45
67
68
49
6
50
99
94
65
44
0
51
63
27
67
66
73
23
33
82
35
5
22
59
16
21
3
78
33
38
69
36
7
41
92
60
9
65
19
50
43
25
68
40
38
62
92
29
24
21
80
13
76
95
64
3
32
47
98
80
67
70
58
45
50
91
78
87
98
2
33
34
83
19
48
12
67
96
28
2
23
74
8
66
54
14
11
89
23
64
33
76
47
26
19
69
53
75
18
9
45
16
29
64
50
70
36
5
87
54
88
17
11
55
31
15
44
76
55
11
29
72
78
47
54
20
68
48
49
58
4
3
35
91
54
41
98
25
73
75
66
2
18
32
62
86
91
68
54
83
31
92
59
90
53
80
89
39
63
97
37
22
47
69
68
51
21
30
91
29
22
87
59
46
3
12
45
90
77
68
53
16
94
44
86
82
65
90
98
62
83
1
60
76
78
77
40
88
73
36
70
76
99
91
28
21
48
71
47
99
17
76
66
54
92
30
68
21
6
84
8
34
91
93
31
89
60
58
75
97
47
65
35
72
46
16
54
92
74
15
25
29
91
76
41
7
75
48
17
80
76
1
71
65
62
70
21
13
27
2
82
54
75
91
83
19
92
90
88
67
10
14
42
62
37
18
72
30
7
75
49
0
23
30
27
66
53
43
48
56
22
96
21
20
49
71
51
76
31
45
93
90
59
79
5
29
8
10
66
89
74
91
56
12
90
50
30
60
4
99
59
55
29
92
70
74
57
89
35
2
47
56
50
46
26
55
40
24
67
43
10
57
29
73
35
33
53
11
51
29
45
37
21
56
75
1
53
41
73
67
17
31
30
18
65
14
34
24
25
28
21
11
48
39
66
67
69
13
36
76
67
48
14
34
65
79
51
57
62
7
22
59
25
79
23
18
6
26
24
55
60
8
38
6
48
79
7
73
70
55
61
30
8
44
38
68
41
25
27
46
19
39
44
32
69
0
57
2
64
55
89
91
21
37
93
96
53
7
67
77
95
98
74
11
9
23
10
68
64
53
12
89
56
68
62
9
6
82
10
49
19
51
36
6
98
35
81
86
20
68
58
88
13
0
0
0
0
0
3.41313
1.8244
7.99119
8.56139
8.01996
0.124743
2.26666
3.80689
2.39013
1.57809
8.52485
2.18046
4.99823
2.28842
0
7.3058
2.84885
2.38412
5.46175
4.1664
2.44054
5.07108
2.85299
7.78963
8.29432
7.92381
4.27243
0.243579
3.01253
9.49658
2.54334
7.96032
2.177
1.75983
3.25105
4.13248
5.50679
6.92764
4.13982
4.13872
9.97651
9.6494
3.69126
2.07523
9.54557
9.27561
4.76181
1.47277
5.09284
6.91769
5.31293
3.60638
4.25476
1.04805
1.48404
8.29834
8.26374
0.890473
6.01147
9.83254
5.90341
9.30632
6.13703
1.81445
9.9166
5.06126
2.60345
1.97542
5.43175
4.81996
7.3697
1.65218
0.785354
5.48782
8.84699
4.23029
3.4578
9.76555
5.51086
5.83761
8.73817
9.75709
4.10226
4.72108
0.277905
4.44745
6.01309
3.14981
0.0776897
0
5.80411
7.61554
5.22097
3.47081
2.78308
4.77689
6.73688
8.57805
1.87318
3.10245
1.40919
4.57781
4.15302
3.2639
4.77657
3.93903
2.88394
9.6232
5.17238
5.52358
0.166179
4.81723
4.47642
0.887557
8.26142
8.19299
8.1236
7.40442
4.39558
9.99294
8.11352
5.08122
4.46994
3.22259
7.03746
6.1142
2.84354
8.71724
0.76188
1.93453
0.173164
5.54285
0
5.45251
1.49914
0.33295
5.22036
7.56884
0.698191
6.76036
4.81888
3.94283
7.51365
3.33709
5.09953
6.02232
3.77929
9.92699
5.91595
4.47013
6.17439
7.47997
1.58899
2.22978
3.19947
8.31324
8.8723
7.42562
6.41811
3.80179
1.6486
0.941773
3.51639
0.278731
6.29509
6.84348
2.15506
7.66173
5.4694
8.47152
4.60378
7.68131
1.97425
9.715
1.26108
1.94996
0
2.73542
5.6393
2.27428
0.239243
7.84827
4.07419
4.34545
4.56603
5.9734
8.39763
1.68798
0.00355139
8.17305
3.31807
3.5737
6.7947
6.39668
7.61149
6.23907
5.20149
3.08102
5.28339
2.46974
7.27732
3.62219
3.02966
0.917301
2.67094
3.9892
9.4906
9.43533
2.39844
2.94699
4.10582
10
1.10244
9.31916
2.81142
1.24143
0.7786
6.56536
9.60964
4.60438
6.89922
4.08425
0.43093
8.49469
4.51688
7.87942
1.41047
6.46014
4.26851
5.21819
6.24088
4.65208
2.87518
9.52274
6.49719
10
5.73785
8.60527
4.65801
0.312037
0.471902
7.07723
8.80872
6.20166
2.72991
7.29542
6.49222
5.01857
5.02417
7.61074
7.57822
8.72164
4.40844
4.8786
2.86005
2.56301
5.17967
3.34377
4.14123
2.00136
2.01499
6.54852
4.31086
2.50574
4.41397
5.18302
5.96469
8.74408
7.87072
1.34501
2.17291
7.13977
3.69803
7.91603
9.00257
10
1.80418
5.36605
0.29996
9.24063
0.561378
1.40134
6.09351
7.60069
3.98192
9.59124
6.74766
5.20042
1.1938
0.366168
3.11587
2.36285
3.79976
1.31928
7.42373
1.85007
6.03463
4.78803
3.86578
6.97271
4.67211
1.42837
6.07104
9.07279
8.82934
3.75725
0.000490058
8.37329
0.86557
3.38698
4.75081
9.99517
7.14242
8.62298
2.47964
0.218542
1.53879
4.78546
1.35971
5.53416
9.17284
1.25608
6.73183
9.3117
1.97672
8.3593
0.282925
6.08128
2.20066
2.40244
4.88684
7.84952
4.39442
5.07859
4.80243
7.09798
8.5734
6.88207
1.5951
8.0046
5.40883
1.1914
0
6.74683
0.77954
3.84803
3.2241
0.0436231
9.24837
8.47419
0.339232
4.89274
1.26782
6.22175
2.00716
5.01834
3.26286
6.37951
3.67757
5.74091
2.49649
9.70004
4.73597
6.32058
1.80404
3.04966
5.48434
6.6887
0.264365
1.12758
5.28099
7.43485
6.85738
0.952684
2.43939
8.90258
0.257335
1.86242
0.106487
9.14072
8.63504
4.51821
6.48933
7.27103
2.28484
4.88641
2.17205
1.51749
4.03529
2.82535
6.33861
3.19339
1.28366
2.34138
6.43274
2.4967
6.65074
4.3311
9.66689
9.00655
1.77456
1.31622
8.49042
8.39002
8.37266
3.64975
7.92411
4.75255
5.19135
6.17246
6.29693
6.8409
6.23231
3.37571
4.75729
9.83828
4.35459
8.22799
5.47737
8.73489
6.88889
8.60161
3.57641
9.1467
0.00764823
6.36358
3.76771
9.93477
3.02298
1.60554
0
5.68451
3.67947
3.595
6.66152
4.81048
10
6.42754
0
5.31801
6.66706
5.45376
8.33042
4.01236
8.06362
5.60399
6.73192
4.41805
3.00348
2.52197
4.45619e-313
1.65516e-312
8.06358e-313
7.63918e-313
-2.09728
-2.36885
505.971
210
