0 0.5 0.5 0
1 0.5 0.5 0
2 0.5 0.5 0
3 0.5 0.5 0
4 0.525178 0.500292 6.48098e-06
5 0.525178 0.499636 2.97546e-05
6 0.525178 0.499831 1.76579e-05
7 0.525178 0.498129 0.000444744
8 0.529235 0.500797 1.81462e-05
9 0.542558 0.501197 3.55673e-05
10 0.542816 0.501843 5.87084e-05
11 0.542816 0.501523 6.41941e-05
12 0.542816 0.50225 7.24109e-05
13 0.542816 0.499435 0.000408946
14 0.542816 0.501559 7.62221e-05
15 0.684417 0.50547 0.000560647
16 0.684417 0.505066 0.000560218
17 0.684417 0.504373 0.000542776
18 0.684417 0.503761 0.000687831
19 0.684417 0.504703 0.00068422
20 0.684417 0.50463 0.000558291
21 0.684417 0.504456 0.000567945
22 0.684417 0.504574 0.000558647
23 0.684417 0.505921 0.000636765
24 0.684417 0.505665 0.000625282
25 0.684417 0.504345 0.000608568
26 0.684417 0.507842 0.000866409
27 0.684417 0.506028 0.00074907
28 0.684417 0.505362 0.000704918
29 0.684417 0.506168 0.000827207
30 0.684417 0.505455 0.00075514
31 0.684417 0.505474 0.000756592
32 0.684417 0.505875 0.000791985
33 0.684417 0.506124 0.000765658
34 0.714289 0.507822 0.0011923
35 0.714289 0.506488 0.00107863
36 0.714289 0.506937 0.00109368
37 0.714289 0.507704 0.00116957
38 0.714289 0.508085 0.00114003
39 0.714289 0.507287 0.00110096
40 0.714289 0.507222 0.00111211
41 0.714289 0.506736 0.00117708
42 0.714289 0.507085 0.00109816
43 0.714289 0.509457 0.00135817
44 0.714289 0.508143 0.00123932
45 0.714289 0.510512 0.00138821
46 0.714289 0.508258 0.00132787
47 0.714289 0.507801 0.00124887
48 0.714289 0.506637 0.00122963
49 0.714289 0.509081 0.00150297
50 0.714289 0.508495 0.0013221
51 0.714289 0.507045 0.00141933
52 0.714289 0.50772 0.00137849
53 0.714289 0.508582 0.00132555
54 0.714289 0.507186 0.00129944
55 0.714289 0.50706 0.0013107
56 0.714289 0.50702 0.00124115
57 0.714289 0.50691 0.00125884
58 0.714289 0.508032 0.00138924
59 0.714289 0.507439 0.00124618
60 0.714289 0.505874 0.00136285
61 0.714289 0.507602 0.00125847
62 0.714289 0.507532 0.00126322
63 0.714289 0.507348 0.00125643
64 0.714289 0.508175 0.00137047
65 0.714289 0.50738 0.00132996
66 0.714289 0.507451 0.00127389
67 0.714289 0.506252 0.00129371
68 0.714803 0.508128 0.00184052
69 0.714803 0.509106 0.00150792
70 0.714803 0.508179 0.00147495
71 0.714803 0.508665 0.00148963
72 0.714803 0.508583 0.00151691
73 0.714803 0.507773 0.00150556
74 0.714803 0.508332 0.0015233
75 0.714803 0.506828 0.00166189
76 0.714803 0.507617 0.00147587
77 0.714803 0.508519 0.00152578
78 0.714803 0.507299 0.0015369
79 0.714803 0.508181 0.00148581
80 0.714803 0.507677 0.00187171
81 0.714803 0.508893 0.00151926
82 0.714803 0.507197 0.0015342
83 0.714803 0.506976 0.00154103
84 0.714803 0.508623 0.00148028
85 0.714803 0.507828 0.00148994
86 0.714803 0.507776 0.00148816
87 0.714803 0.509135 0.00161395
88 0.714803 0.507798 0.00153046
89 0.714803 0.509101 0.00174618
90 0.714803 0.50992 0.00182462
91 0.714803 0.509114 0.00165938
92 0.714803 0.510457 0.00183242
93 0.714803 0.508621 0.00161744
94 0.714803 0.507947 0.00160272
95 0.714803 0.510426 0.00198831
96 0.714803 0.50911 0.00162183
97 0.714803 0.507743 0.00182227
98 0.714803 0.507681 0.0016431
99 0.714803 0.509188 0.00169341
100 0.714803 0.507738 0.00169539
101 0.714803 0.509136 0.00167634
102 0.714803 0.507969 0.00159565
103 0.714803 0.50726 0.00220969
104 0.714803 0.508455 0.00159326
105 0.714803 0.508205 0.00166227
106 0.714803 0.507481 0.00179829
107 0.714803 0.510853 0.00192166
108 0.714803 0.508453 0.00162621
109 0.737169 0.511549 0.00230845
110 0.737169 0.510561 0.00198146
111 0.737169 0.509594 0.00203515
112 0.737169 0.509876 0.0018161
113 0.737169 0.509407 0.00218873
114 0.737169 0.510186 0.00195735
115 0.737169 0.507023 0.00197872
116 0.737169 0.508006 0.00186312
117 0.737169 0.509609 0.00185269
118 0.737169 0.509679 0.00184676
119 0.737169 0.508619 0.00183788
120 0.737169 0.509404 0.00184918
121 0.737169 0.511171 0.00205698
122 0.737169 0.51154 0.00198604
123 0.737169 0.510064 0.00201634
124 0.737169 0.50843 0.0020822
125 0.774259 0.512196 0.00285815
126 0.774259 0.508754 0.00283183
127 0.774259 0.512707 0.00245188
128 0.774259 0.510025 0.0024774
129 0.774259 0.510972 0.00223498
130 0.774259 0.509378 0.00234807
131 0.774259 0.512723 0.00281749
132 0.774259 0.511798 0.00256402
133 0.774259 0.509889 0.00239869
134 0.774259 0.509116 0.00246018
135 0.774259 0.51123 0.00252707
136 0.774259 0.511149 0.00242914
137 0.774259 0.509516 0.00238714
138 0.774259 0.511326 0.00270455
139 0.774259 0.508965 0.00241545
140 0.774259 0.507738 0.00300711
141 0.774259 0.512071 0.00258304
142 0.774259 0.511191 0.00240159
143 0.774259 0.509764 0.00235819
144 0.774259 0.509868 0.00235275
145 0.774259 0.510326 0.00235589
146 0.774259 0.509876 0.0023537
147 0.774259 0.511705 0.00249816
148 0.774259 0.5108 0.00248205
149 0.774259 0.5121 0.00256328
150 0.774259 0.510053 0.00236857
151 0.774259 0.511538 0.00260499
152 0.774259 0.513802 0.00259378
153 0.774259 0.507846 0.00269041
154 0.774259 0.509822 0.00240974
155 0.810849 0.513673 0.00329885
156 0.810849 0.508667 0.00361474
157 0.810849 0.507741 0.00325374
158 0.810849 0.511387 0.00297999
159 0.810849 0.511004 0.00286516
160 0.810849 0.510505 0.00351752
161 0.810849 0.510879 0.0028568
162 0.810849 0.509173 0.00329808
163 0.810849 0.511021 0.00286603
164 0.810849 0.510768 0.00295294
165 0.810849 0.508969 0.00313885
166 0.810849 0.513645 0.00303901
167 0.810849 0.512559 0.00296382
168 0.810849 0.511113 0.00289342
169 0.810849 0.513059 0.00296269
170 0.810849 0.510445 0.0028629
171 0.810849 0.510282 0.00291878
172 0.810849 0.513569 0.00329416
173 0.810849 0.513451 0.00303733
174 0.810849 0.514043 0.00297853
175 0.810849 0.510807 0.00302728
176 0.810849 0.510035 0.0034367
177 0.810849 0.510935 0.00287321
178 0.810849 0.513462 0.00302043
179 0.810849 0.511529 0.00306405
180 0.810849 0.50793 0.00320301
181 0.810849 0.510661 0.00295822
182 0.810849 0.511641 0.00286881
183 0.810849 0.51604 0.00319365
184 0.810849 0.512189 0.00297265
185 0.810849 0.510434 0.00286241
186 0.810849 0.509923 0.0037632
187 0.810849 0.510544 0.00306389
188 0.810849 0.510678 0.00300232
189 0.810849 0.514998 0.00313209
190 0.810849 0.512273 0.00285663
191 0.810849 0.513961 0.00308167
192 0.810849 0.510732 0.00287105
193 0.810849 0.513534 0.00302909
194 0.810849 0.513515 0.0031256
195 0.810849 0.511132 0.00295187
196 0.810849 0.51356 0.00332578
197 0.810849 0.511291 0.00285615
198 0.810849 0.513291 0.00300453
199 0.810849 0.514347 0.003477
200 0.810849 0.512222 0.00304034
201 0.810849 0.512759 0.00308163
202 0.810849 0.511276 0.00284437
203 0.810849 0.511987 0.00286543
204 0.810849 0.510628 0.00284846
205 0.810849 0.516541 0.00396494
206 0.810849 0.512871 0.00331083
207 0.810849 0.511654 0.00306502
208 0.810849 0.51151 0.00285958
209 0.810849 0.511176 0.00285961
210 0.810849 0.51114 0.00326475
211 0.810849 0.518091 0.00373376
212 0.810849 0.513217 0.00358869
213 0.810849 0.513474 0.00323331
214 0.810849 0.512853 0.00297127
215 0.810849 0.51138 0.00302706
216 0.810849 0.51411 0.00370195
217 0.810849 0.516832 0.00383144
218 0.810849 0.519936 0.00422305
219 0.810849 0.512025 0.00319238
220 0.810849 0.51469 0.00392907
221 0.810849 0.515116 0.0035552
222 0.810849 0.513244 0.00385939
223 0.810849 0.516293 0.00425817
224 0.810849 0.512531 0.00325961
225 0.810849 0.514123 0.00335196
226 0.810849 0.51358 0.00334385
227 0.810849 0.513865 0.00354545
228 0.810849 0.513825 0.00392003
229 0.810849 0.510428 0.00334888
230 0.810849 0.511766 0.00324022
231 0.810849 0.512474 0.00332956
232 0.810849 0.513734 0.00362052
233 0.810849 0.515164 0.00365534
234 0.810849 0.515252 0.00418247
235 0.810849 0.513544 0.00371507
236 0.810849 0.515849 0.00425995
237 0.810849 0.515979 0.0039166
238 0.810849 0.514852 0.00376247
239 0.810849 0.516258 0.00479571
240 0.810849 0.511915 0.0038398
241 0.810849 0.511547 0.00400562
242 0.810849 0.510412 0.00405275
243 0.810849 0.515546 0.004046
244 0.810849 0.513262 0.00394927
245 0.810849 0.510384 0.00419871
246 0.810849 0.515946 0.00393878
247 0.810849 0.512535 0.0036132
248 0.810849 0.513213 0.00365944
249 0.810849 0.514015 0.00365797
250 0.81085 0.517585 0.00471615
251 0.81085 0.512498 0.00373054
252 0.81085 0.513901 0.00388972
253 0.81085 0.514957 0.00426784
254 0.81085 0.512219 0.00448398
255 0.81085 0.507537 0.00448438
256 0.81085 0.513647 0.00384903
257 0.81085 0.512541 0.00409174
258 0.81085 0.513816 0.00375897
259 0.81085 0.516765 0.00435515
260 0.81085 0.514019 0.00398782
261 0.81085 0.513868 0.00400805
262 0.81085 0.512804 0.00376979
263 0.81085 0.514134 0.00419733
264 0.81085 0.515824 0.00418033
265 0.81085 0.515078 0.00403015
266 0.81085 0.519272 0.00483469
267 0.81085 0.513463 0.00379515
268 0.81085 0.513663 0.00389164
269 0.81085 0.510932 0.00394432
270 0.81085 0.515194 0.00466707
271 0.81085 0.514069 0.00387656
272 0.81085 0.513848 0.00393419
273 0.81085 0.509389 0.00415913
274 0.81085 0.515882 0.00411383
275 0.81085 0.513503 0.00372331
276 0.81085 0.51464 0.00375519
277 0.81085 0.515021 0.00382905
278 0.81085 0.513653 0.0037559
279 0.81085 0.515205 0.00442556
280 0.81085 0.513549 0.00387093
281 0.81085 0.514435 0.00472014
282 0.81085 0.513997 0.00463229
283 0.81085 0.513418 0.00398717
284 0.81085 0.511855 0.00375076
285 0.81085 0.511984 0.00407325
286 0.81085 0.513199 0.00457075
287 0.81085 0.514535 0.00462293
288 0.81085 0.513068 0.00373269
289 0.81085 0.512443 0.00400051
290 0.81085 0.512536 0.00454398
291 0.81085 0.512243 0.00477283
292 0.81085 0.514686 0.00381895
293 0.81085 0.515193 0.00394611
294 0.81085 0.511375 0.00386805
295 0.81085 0.515671 0.00396389
296 0.81085 0.512014 0.00405482
297 0.81085 0.513529 0.00392423
298 0.81085 0.513678 0.00401288
299 0.81085 0.514117 0.00385291
300 0.81085 0.516205 0.00390257
301 0.81085 0.513577 0.00416003
302 0.81085 0.51906 0.00465747
303 0.81085 0.517603 0.00437188
304 0.81085 0.517757 0.00422054
305 0.81085 0.512195 0.00386718
306 0.81085 0.515795 0.00418034
307 0.81085 0.510914 0.00384653
308 0.81085 0.512636 0.00418043
309 0.81085 0.514299 0.00376604
310 0.81085 0.519289 0.00463575
311 0.81085 0.518651 0.00425855
312 0.81085 0.518161 0.00413602
313 0.81085 0.515563 0.00437249
314 0.81085 0.521079 0.00461422
315 0.81085 0.515539 0.00433905
316 0.81085 0.514047 0.00380656
317 0.81085 0.511679 0.00380828
318 0.81085 0.512679 0.00370881
319 0.81085 0.514819 0.00407824
320 0.81085 0.515694 0.00423868
321 0.81085 0.515009 0.00416455
322 0.81085 0.521654 0.00524237
323 0.81085 0.514012 0.00452597
324 0.81085 0.516127 0.00502862
325 0.81085 0.515368 0.00440981
326 0.81085 0.511347 0.00494131
327 0.81085 0.514373 0.00387941
328 0.81085 0.514452 0.00372875
329 0.81085 0.513172 0.00441509
330 0.81085 0.513475 0.00371815
331 0.81085 0.515616 0.00392984
332 0.81085 0.515515 0.00424392
333 0.81085 0.51365 0.00415449
334 0.81085 0.512116 0.00402579
335 0.81085 0.514237 0.0037556
336 0.81085 0.5135 0.00373517
337 0.81085 0.5183 0.00457841
338 0.81085 0.515157 0.00409481
339 0.81085 0.514667 0.00418629
340 0.81085 0.517951 0.00417884
341 0.81085 0.513102 0.0037478
342 0.81085 0.51434 0.00404327
343 0.81085 0.515115 0.00404636
344 0.81085 0.514421 0.00396949
345 0.81085 0.514731 0.00396787
346 0.81085 0.513062 0.00383115
347 0.81085 0.512704 0.00377894
348 0.81085 0.513823 0.00375712
349 0.81085 0.512816 0.0037957
350 0.81085 0.514757 0.00510905
351 0.81085 0.515323 0.00463884
352 0.81085 0.515194 0.00433038
353 0.81085 0.514112 0.00510484
354 0.81085 0.513234 0.00459201
355 0.81085 0.51221 0.0037572
356 0.81085 0.512891 0.00381447
357 0.81085 0.514374 0.00391619
358 0.81085 0.51248 0.00374309
359 0.81085 0.512823 0.00379381
360 0.81085 0.516333 0.00389308
361 0.81085 0.51454 0.00447867
362 0.81085 0.513803 0.00379188
363 0.81085 0.513068 0.00511297
364 0.81085 0.513977 0.00376421
365 0.81085 0.513715 0.00426754
366 0.81085 0.510239 0.00412894
367 0.81085 0.517062 0.00397053
368 0.81085 0.517276 0.00384701
369 0.81085 0.517084 0.00518609
370 0.81085 0.513738 0.00383913
371 0.81085 0.515644 0.00446691
372 0.81085 0.519611 0.00439306
373 0.81085 0.514398 0.00425642
374 0.81085 0.514024 0.00424098
375 0.81085 0.513207 0.0037734
376 0.81085 0.514162 0.00386487
377 0.81085 0.517017 0.0049302
378 0.81085 0.513985 0.00394138
379 0.81085 0.513319 0.00380237
380 0.81085 0.512665 0.00444861
381 0.81085 0.512364 0.00429342
382 0.81085 0.509022 0.00489082
383 0.81085 0.513935 0.00383407
384 0.81085 0.517551 0.00454516
385 0.81085 0.513026 0.00404523
386 0.81085 0.50997 0.00414788
387 0.81085 0.512824 0.00377774
388 0.81085 0.51457 0.00421029
389 0.81085 0.512061 0.00432701
390 0.81085 0.518665 0.00443726
391 0.81085 0.518903 0.00473001
392 0.81085 0.51306 0.0042485
393 0.81085 0.513123 0.00407309
394 0.81085 0.513418 0.00377873
395 0.81085 0.513342 0.00381992
396 0.81085 0.513617 0.00381897
397 0.81085 0.51436 0.00386746
398 0.81085 0.511794 0.00392175
399 0.81085 0.516658 0.00427753
400 0.81085 0.514385 0.00478571
401 0.81085 0.51304 0.00390113
402 0.81085 0.516728 0.00468685
403 0.81085 0.515087 0.00395051
404 0.81085 0.512957 0.00394964
405 0.81085 0.514222 0.00387776
406 0.81085 0.512225 0.00387996
407 0.81085 0.5117 0.00386749
408 0.81085 0.517015 0.00432009
409 0.81085 0.514037 0.00398345
410 0.81085 0.516051 0.00408052
411 0.81085 0.514536 0.00412073
412 0.81085 0.516897 0.00503168
413 0.81085 0.515735 0.00404023
414 0.81085 0.510895 0.00422624
415 0.81085 0.514079 0.00395858
416 0.81085 0.515616 0.00396757
417 0.81085 0.514836 0.00380712
418 0.81085 0.511837 0.0044505
419 0.81085 0.51362 0.00402057
420 0.81085 0.513315 0.00375095
421 0.81085 0.518333 0.00423907
422 0.81085 0.513422 0.00382408
423 0.81085 0.514765 0.00431505
424 0.81085 0.511297 0.00445691
425 0.81085 0.511607 0.00435375
426 0.81085 0.512242 0.0038077
427 0.81085 0.515976 0.00392278
428 0.81085 0.515258 0.00381827
429 0.81085 0.517184 0.00474663
430 0.81085 0.517302 0.00473465
431 0.81085 0.515652 0.00481008
432 0.81085 0.515054 0.00538331
433 0.81085 0.512647 0.0037457
434 0.81085 0.519535 0.00466771
435 0.81085 0.510098 0.00473726
436 0.81085 0.50981 0.00434591
437 0.81085 0.514368 0.00388725
438 0.81085 0.514808 0.00408149
439 0.81085 0.513648 0.00375598
440 0.81085 0.511467 0.0038308
441 0.81085 0.513897 0.00387065
442 0.81085 0.513154 0.00405416
443 0.81085 0.512954 0.00406492
444 0.81085 0.51444 0.00386513
445 0.81085 0.517592 0.00441447
446 0.81085 0.51338 0.00375778
447 0.81085 0.512593 0.00376469
448 0.81085 0.51254 0.00375271
449 0.81085 0.514495 0.00403066
450 0.81085 0.515865 0.00418615
451 0.81085 0.512128 0.00496107
452 0.81085 0.514815 0.00387023
453 0.81085 0.514074 0.00419103
454 0.81085 0.511518 0.00383939
455 0.81085 0.513843 0.00377585
456 0.81085 0.514323 0.00386634
457 0.81085 0.51827 0.00476416
458 0.81085 0.512102 0.00402175
459 0.81085 0.510843 0.004185
460 0.81085 0.514206 0.00380773
461 0.81085 0.515267 0.00476253
462 0.81085 0.511427 0.00391376
463 0.81085 0.512853 0.00392684
464 0.81085 0.513255 0.00382585
465 0.81085 0.514139 0.00383659
466 0.81085 0.518369 0.00471358
467 0.81085 0.516031 0.00400844
468 0.81085 0.514922 0.0041182
469 0.81085 0.514299 0.00393462
470 0.81085 0.515214 0.00385426
471 0.81085 0.514159 0.00391126
472 0.81085 0.513717 0.00380323
473 0.81085 0.512847 0.00395848
474 0.81085 0.514673 0.00409246
475 0.81085 0.515537 0.00415543
476 0.81085 0.511874 0.00393121
477 0.81085 0.511932 0.00380331
478 0.81085 0.519602 0.00570155
479 0.81085 0.516501 0.0040197
480 0.81085 0.51372 0.00458956
481 0.81085 0.513804 0.00457837
482 0.81085 0.513722 0.00414006
483 0.81085 0.512844 0.0038424
484 0.81085 0.515673 0.00458265
485 0.81085 0.512993 0.00407007
486 0.81085 0.514452 0.00383091
487 0.81085 0.513647 0.00382584
488 0.81085 0.517946 0.00495913
489 0.81085 0.516932 0.00415933
490 0.81085 0.515578 0.00486346
491 0.81085 0.511956 0.00392508
492 0.81085 0.512303 0.00436255
493 0.81085 0.514361 0.00409308
494 0.81085 0.514549 0.00398914
495 0.81085 0.515672 0.00399238
496 0.820933 0.516431 0.00510947
497 0.820933 0.514709 0.00416779
498 0.820933 0.510684 0.00403616
499 0.820933 0.514466 0.00383264
500 0.820933 0.515278 0.00466911
501 0.820933 0.519654 0.0049521
502 0.820933 0.517306 0.00422529
503 0.820933 0.513224 0.00437784
504 0.820933 0.517386 0.00437504
505 0.820933 0.513118 0.00396963
506 0.820933 0.512636 0.00394791
507 0.820933 0.518386 0.00494866
508 0.820933 0.516234 0.00392213
509 0.820933 0.516675 0.00471595
510 0.820933 0.513649 0.00387636
511 0.820933 0.514271 0.0040573
512 0.820933 0.517882 0.0042007
513 0.820933 0.512945 0.00398299
514 0.820933 0.518672 0.00466601
515 0.820933 0.513057 0.00399772
516 0.820933 0.512187 0.00416481
517 0.820933 0.511824 0.00440352
518 0.820933 0.514198 0.00406269
519 0.820933 0.512902 0.00408759
520 0.820933 0.513588 0.00386726
521 0.820933 0.517223 0.00400139
522 0.820933 0.515378 0.00415133
523 0.820933 0.516758 0.00463902
524 0.820933 0.51119 0.00390864
525 0.820933 0.512482 0.00381135
526 0.820933 0.514273 0.00399152
527 0.820933 0.514769 0.00390923
528 0.820933 0.514988 0.00390024
529 0.820933 0.516818 0.00399385
530 0.820933 0.511799 0.0046987
531 0.820933 0.514688 0.0038592
532 0.820995 0.51927 0.00523465
533 0.820995 0.514729 0.00413149
534 0.820995 0.51416 0.00404107
535 0.820995 0.513321 0.00393029
536 0.820995 0.512833 0.00398099
537 0.820995 0.512623 0.00393802
538 0.820995 0.513071 0.00405202
539 0.820995 0.517441 0.00465089
540 0.820995 0.515899 0.00405685
541 0.820995 0.511171 0.00447776
542 0.820995 0.519729 0.00504098
543 0.820995 0.517269 0.0045324
544 0.820995 0.515777 0.00416116
545 0.820995 0.510246 0.00429809
546 0.820995 0.514292 0.00404824
547 0.820995 0.515981 0.00470861
548 0.820995 0.513541 0.00394107
549 0.820995 0.517108 0.00477256
550 0.820995 0.514118 0.00408225
551 0.820995 0.514157 0.00421213
552 0.820995 0.512803 0.00413765
553 0.820995 0.515786 0.00432361
554 0.820995 0.515498 0.00431189
555 0.820995 0.512602 0.00416804
556 0.820995 0.51421 0.00398092
557 0.821044 0.517434 0.00481555
558 0.821044 0.516363 0.0044129
559 0.821044 0.51281 0.0039556
560 0.821044 0.518786 0.0049597
561 0.821044 0.513813 0.00407359
562 0.821044 0.513868 0.00432286
563 0.821044 0.513341 0.00419934
564 0.821044 0.515085 0.00423566
565 0.821044 0.516691 0.00467477
566 0.821044 0.513562 0.00401656
567 0.821044 0.514526 0.00407368
568 0.821044 0.515796 0.00443966
569 0.821044 0.514902 0.00429244
570 0.821044 0.514071 0.0040107
571 0.821044 0.518478 0.00494544
572 0.821044 0.514955 0.00407939
573 0.821044 0.514332 0.00541684
574 0.821044 0.52037 0.00538466
575 0.821044 0.521781 0.0056133
576 0.821044 0.51749 0.00482823
577 0.821044 0.516401 0.00431867
578 0.821044 0.515078 0.0042128
579 0.821044 0.515222 0.00427944
580 0.821044 0.517719 0.00458718
581 0.821044 0.513472 0.004
582 0.821044 0.514903 0.00429713
583 0.821044 0.517106 0.00422018
584 0.821044 0.516723 0.0043289
585 0.821044 0.514938 0.00409899
586 0.821044 0.512114 0.00406535
587 0.821044 0.520153 0.00538472
588 0.821044 0.513549 0.00404058
589 0.821044 0.512334 0.004228
590 0.821044 0.516112 0.00501287
591 0.821044 0.517033 0.00546014
592 0.821044 0.5135 0.00410676
593 0.821044 0.516015 0.0049832
594 0.821044 0.511418 0.00424351
595 0.821044 0.514537 0.00410099
596 0.821044 0.514281 0.00416274
597 0.821044 0.51515 0.00420711
598 0.821044 0.517047 0.00446872
599 0.821044 0.516718 0.00424002
600 0.821044 0.513716 0.00490854
601 0.821044 0.514661 0.00431244
602 0.821044 0.5163 0.00444633
603 0.821044 0.517125 0.00432325
604 0.821044 0.51667 0.00417139
605 0.821044 0.514963 0.00425804
606 0.821044 0.51603 0.00431154
607 0.821044 0.514906 0.00417643
608 0.821044 0.516224 0.00476038
609 0.821044 0.51239 0.00415434
610 0.821044 0.518063 0.00486419
611 0.821044 0.513448 0.00403917
612 0.821044 0.512119 0.00478084
613 0.821044 0.511786 0.00429277
614 0.821044 0.51786 0.00471629
615 0.821044 0.516389 0.00452761
616 0.821044 0.518136 0.00495086
617 0.821044 0.515731 0.00538873
618 0.821044 0.512071 0.00453417
619 0.821044 0.515109 0.00425303
620 0.821044 0.519025 0.00485361
621 0.821044 0.513608 0.00415977
622 0.821044 0.517128 0.00510292
623 0.821044 0.514512 0.0040252
624 0.821044 0.511935 0.00424765
625 0.821044 0.513166 0.00422062
626 0.821044 0.517987 0.00427724
627 0.821044 0.513522 0.00460846
628 0.821044 0.517068 0.0042112
629 0.821044 0.514641 0.00460349
630 0.821044 0.516419 0.00417356
631 0.821044 0.51428 0.00471642
632 0.821044 0.513692 0.00404014
633 0.821044 0.514292 0.00413288
634 0.821044 0.514507 0.00421127
635 0.821044 0.512674 0.00419111
636 0.821044 0.517207 0.00531942
637 0.821044 0.513485 0.00411265
638 0.821044 0.513584 0.00404027
639 0.821044 0.519081 0.00483388
640 0.821044 0.516369 0.00427623
641 0.821044 0.518324 0.00466673
642 0.821044 0.516423 0.00442655
643 0.821044 0.516762 0.00632259
644 0.821044 0.512327 0.00455301
645 0.821044 0.511824 0.00451531
646 0.821044 0.513401 0.0042235
647 0.821044 0.510527 0.00472425
648 0.821044 0.512455 0.00416148
649 0.821044 0.514541 0.00420173
650 0.821044 0.514022 0.00414194
651 0.821044 0.518591 0.00510658
652 0.821044 0.520291 0.00525104
653 0.821044 0.519138 0.00446216
654 0.821044 0.514 0.00404129
655 0.821044 0.516512 0.00431683
656 0.821044 0.514315 0.00401542
657 0.821044 0.515382 0.00433294
658 0.821044 0.514567 0.00413085
659 0.821044 0.515569 0.00437299
660 0.821044 0.515204 0.0043675
661 0.821044 0.51839 0.00486302
662 0.821044 0.512941 0.00403554
663 0.821044 0.515387 0.0041856
664 0.821044 0.518463 0.00453358
665 0.821044 0.515898 0.00429497
666 0.821044 0.512505 0.00418668
667 0.821044 0.512228 0.00408796
668 0.821044 0.514034 0.00456569
669 0.821044 0.516084 0.00425676
670 0.821044 0.516477 0.00495269
671 0.821044 0.515082 0.00412767
672 0.821044 0.517053 0.00438558
673 0.821044 0.509891 0.00474534
674 0.821044 0.514313 0.00418694
675 0.821044 0.513346 0.00399551
676 0.821044 0.512243 0.00410493
677 0.821044 0.517852 0.00516448
678 0.821044 0.515011 0.00425568
679 0.821044 0.515983 0.00449996
680 0.821044 0.519055 0.00440377
681 0.821044 0.512602 0.0040356
682 0.821044 0.51478 0.00433353
683 0.821044 0.51566 0.00411148
684 0.821044 0.517289 0.00526882
685 0.821044 0.518722 0.00524526
686 0.821044 0.51594 0.00491346
687 0.821044 0.51037 0.00454697
688 0.821044 0.513777 0.00428556
689 0.821044 0.510781 0.00462386
690 0.821044 0.511443 0.0041914
691 0.821044 0.513735 0.00431555
692 0.821044 0.516592 0.00450633
693 0.821044 0.516656 0.00430549
694 0.821044 0.513882 0.00404236
695 0.821044 0.517349 0.00500234
696 0.821044 0.514384 0.00413375
697 0.821044 0.512787 0.00423753
698 0.821044 0.513275 0.00411733
699 0.821044 0.513059 0.00427033
700 0.821044 0.517318 0.00455752
701 0.821044 0.513419 0.00407401
702 0.821044 0.513902 0.00452043
703 0.821044 0.51516 0.0041555
704 0.821044 0.514341 0.0042603
705 0.821044 0.513281 0.00403698
706 0.821044 0.514797 0.00408657
707 0.821044 0.515683 0.00424196
708 0.821044 0.516948 0.00431415
709 0.821044 0.517239 0.00451989
710 0.821044 0.515476 0.00406423
711 0.821044 0.515239 0.00418147
712 0.821044 0.513523 0.00402961
713 0.821044 0.520442 0.00534317
714 0.821044 0.516262 0.00446999
715 0.821044 0.513285 0.00441592
716 0.821044 0.518671 0.00462807
717 0.821044 0.515848 0.00418328
718 0.821044 0.517487 0.00430548
719 0.821044 0.516439 0.00415096
720 0.821044 0.517123 0.00459601
721 0.821044 0.51792 0.00474513
722 0.821044 0.515792 0.00427748
723 0.821044 0.514648 0.00448155
724 0.821044 0.51591 0.00433473
725 0.821044 0.515647 0.00455677
726 0.821044 0.517643 0.00475464
727 0.821044 0.514127 0.00430256
728 0.821044 0.513105 0.00412108
729 0.821044 0.514095 0.00480696
730 0.821044 0.513436 0.00450283
731 0.821044 0.513496 0.00431796
732 0.821044 0.513794 0.00422192
733 0.821044 0.515502 0.00515581
734 0.821044 0.514696 0.00425811
735 0.821044 0.520833 0.00547426
736 0.821044 0.516017 0.00510439
737 0.821044 0.512566 0.00441215
738 0.821044 0.515801 0.00450577
739 0.821044 0.514701 0.00405311
740 0.821044 0.51394 0.00425068
741 0.821044 0.514454 0.00450804
742 0.821044 0.5175 0.00459283
743 0.821044 0.515655 0.00409148
744 0.821044 0.517051 0.00435026
745 0.821044 0.513061 0.00449526
746 0.821044 0.521176 0.00518176
747 0.821044 0.516184 0.0053039
748 0.821044 0.514649 0.00524715
749 0.821044 0.512076 0.00405437
750 0.821044 0.512901 0.00433051
751 0.821044 0.516112 0.00437458
752 0.821044 0.513153 0.00427122
753 0.821044 0.514467 0.00425183
754 0.821044 0.515859 0.00455815
755 0.821044 0.51346 0.00400415
756 0.821044 0.514307 0.00406794
757 0.821044 0.515617 0.0045089
758 0.821044 0.517408 0.00483645
759 0.821044 0.512554 0.00437413
760 0.821044 0.518403 0.00436646
761 0.821044 0.514424 0.00416298
762 0.821044 0.513246 0.00400114
763 0.821044 0.516438 0.00421101
764 0.821044 0.511171 0.004311
765 0.821044 0.517744 0.00493226
766 0.821044 0.516521 0.00417143
767 0.821044 0.514628 0.00426721
768 0.821044 0.514554 0.00403487
769 0.821044 0.518287 0.00481003
770 0.821044 0.519008 0.00546122
771 0.821044 0.515394 0.00419501
772 0.821044 0.514454 0.00417816
773 0.821044 0.516352 0.00574254
774 0.821044 0.51412 0.00438239
775 0.821044 0.51501 0.00439427
776 0.821044 0.518544 0.00488108
777 0.821044 0.516701 0.00502758
778 0.821044 0.516266 0.00421304
779 0.821044 0.515153 0.0041127
780 0.821044 0.512941 0.00423002
781 0.821044 0.516275 0.0041783
782 0.821044 0.512991 0.00406281
783 0.821044 0.516187 0.00462411
784 0.821044 0.515329 0.00491187
785 0.821044 0.518034 0.0047601
786 0.821044 0.514198 0.00418193
787 0.821044 0.513645 0.00403331
788 0.821044 0.513797 0.00412595
789 0.821044 0.517781 0.00435568
790 0.821044 0.518387 0.00471016
791 0.821044 0.520173 0.0053728
792 0.821044 0.525337 0.0060495
793 0.821044 0.519882 0.00476283
794 0.821044 0.516604 0.00517738
795 0.821044 0.517561 0.0046155
796 0.821044 0.514335 0.00414176
797 0.821044 0.517909 0.00486372
798 0.821044 0.515766 0.00491376
799 0.821044 0.512932 0.00502549
800 0.821044 0.514916 0.00467258
801 0.821044 0.520132 0.0046948
802 0.821044 0.515928 0.00423273
803 0.821044 0.513352 0.00399772
804 0.821044 0.512162 0.00437558
805 0.821044 0.518593 0.0053494
806 0.821044 0.514236 0.00404234
807 0.821044 0.517082 0.00420173
808 0.821044 0.514046 0.00418196
809 0.821044 0.514837 0.00426384
810 0.821044 0.515151 0.00418815
811 0.821044 0.517303 0.00561602
812 0.821044 0.515957 0.00425342
813 0.821044 0.514043 0.00404327
814 0.821044 0.515165 0.00419433
815 0.821044 0.513764 0.00400257
816 0.821044 0.514375 0.00460265
817 0.821044 0.515948 0.00427095
818 0.821044 0.513964 0.00415901
819 0.821044 0.515922 0.00462727
820 0.821044 0.514083 0.004182
821 0.821044 0.514863 0.00415688
822 0.821044 0.511897 0.00421027
823 0.821044 0.517498 0.00555529
824 0.821044 0.517698 0.00506774
825 0.821044 0.514095 0.0049747
826 0.821044 0.515515 0.00435528
827 0.821044 0.514575 0.0045988
828 0.821044 0.513613 0.00436727
829 0.821044 0.515657 0.00420344
830 0.821044 0.514997 0.00432876
831 0.821044 0.518037 0.00430977
832 0.821044 0.511689 0.00409406
833 0.821044 0.513476 0.00413395
834 0.821044 0.510852 0.00432793
835 0.821044 0.512486 0.00437809
836 0.821044 0.517277 0.00495429
837 0.821044 0.515418 0.00438029
838 0.821044 0.515365 0.00452201
839 0.821044 0.520594 0.00559315
840 0.821044 0.515296 0.00423718
841 0.821044 0.512468 0.00412528
842 0.821044 0.519614 0.00516772
843 0.821044 0.511678 0.00490422
844 0.821044 0.512017 0.00437073
845 0.821044 0.514257 0.00455794
846 0.821044 0.514551 0.00407887
847 0.821044 0.512372 0.00525846
848 0.821044 0.515008 0.00435608
849 0.821044 0.516188 0.00410328
850 0.821044 0.516919 0.00491676
851 0.821044 0.517022 0.00511145
852 0.821044 0.512028 0.00412171
853 0.821044 0.513423 0.00406843
854 0.821044 0.517429 0.00440138
855 0.821044 0.514783 0.00410998
856 0.821044 0.514167 0.00422856
857 0.821044 0.514121 0.00404398
858 0.821044 0.513871 0.00429242
859 0.821044 0.518882 0.00515635
860 0.821044 0.516021 0.00501793
861 0.821044 0.514692 0.00413574
862 0.821044 0.515786 0.00422805
863 0.821044 0.514466 0.00406146
864 0.821044 0.516075 0.00531277
865 0.821044 0.514164 0.00415925
866 0.821044 0.517024 0.00446404
867 0.821044 0.514042 0.00414709
868 0.821044 0.512303 0.00437767
869 0.821044 0.513757 0.00443149
870 0.821044 0.513156 0.00428585
871 0.821044 0.51178 0.00429381
872 0.821044 0.513316 0.0040487
873 0.821044 0.513054 0.00464004
874 0.821044 0.515398 0.0043241
875 0.821044 0.509868 0.00470164
876 0.821044 0.513822 0.0045014
877 0.821044 0.511503 0.00479715
878 0.821044 0.515065 0.00411316
879 0.821044 0.517647 0.00430519
880 0.821044 0.515269 0.00412515
881 0.821044 0.516663 0.00505045
882 0.821044 0.515199 0.00414187
883 0.821044 0.51201 0.00423666
884 0.821044 0.514127 0.00400912
885 0.821044 0.517186 0.00433532
886 0.821044 0.518793 0.00519564
887 0.821044 0.51405 0.00402193
888 0.821044 0.51234 0.00410445
889 0.821044 0.514287 0.00402544
890 0.821044 0.5164 0.0050976
891 0.821044 0.516042 0.00435583
892 0.821044 0.514458 0.00412067
893 0.821044 0.513391 0.00411206
894 0.821044 0.515781 0.00418447
895 0.821044 0.515901 0.00419768
896 0.821044 0.51432 0.00444108
897 0.821044 0.518407 0.00456
898 0.821044 0.514822 0.00422048
899 0.821044 0.512497 0.00416036
900 0.821044 0.513724 0.00459663
901 0.821044 0.51659 0.00419066
902 0.821044 0.515961 0.00436388
903 0.821044 0.515217 0.00416041
904 0.821044 0.51588 0.00453022
905 0.821044 0.516346 0.00426062
906 0.821044 0.514771 0.00407759
907 0.821044 0.513132 0.00437301
908 0.821044 0.517321 0.00472178
909 0.821044 0.514095 0.00435097
910 0.821044 0.513946 0.00414305
911 0.821044 0.514307 0.00440949
912 0.821044 0.512209 0.00452217
913 0.821044 0.514005 0.00436349
914 0.821044 0.51508 0.00413609
915 0.821044 0.512831 0.0040124
916 0.821044 0.515036 0.00405663
917 0.821044 0.512833 0.00433203
918 0.821044 0.516802 0.00488893
919 0.821044 0.51353 0.0041183
920 0.821044 0.513651 0.00406787
921 0.821044 0.513612 0.00400148
922 0.821044 0.512266 0.00487541
923 0.821044 0.516108 0.00454618
924 0.821044 0.513022 0.00406166
925 0.821044 0.5178 0.00451326
926 0.821044 0.515164 0.00415846
927 0.821044 0.516491 0.00435525
928 0.821044 0.51622 0.00493108
929 0.821044 0.513482 0.00444955
930 0.821044 0.516389 0.00509744
931 0.821044 0.518919 0.00476986
932 0.821044 0.514342 0.00405828
933 0.821044 0.513193 0.00435049
934 0.821044 0.516608 0.0042864
935 0.821044 0.5129 0.00404302
936 0.821044 0.51661 0.00443547
937 0.821044 0.512828 0.0040461
938 0.821044 0.51522 0.00434451
939 0.821044 0.512605 0.00410435
940 0.821044 0.516598 0.0045718
941 0.821044 0.516087 0.00424114
942 0.821044 0.51742 0.00512354
943 0.821044 0.513367 0.00399804
944 0.821044 0.512615 0.00414326
945 0.821044 0.515953 0.00415329
946 0.821044 0.517067 0.00431116
947 0.821044 0.512921 0.00404849
948 0.821044 0.512719 0.00402359
949 0.821044 0.514324 0.00406822
950 0.821044 0.512068 0.0041278
951 0.821044 0.513444 0.00444881
952 0.821044 0.515017 0.00421269
953 0.821044 0.512422 0.0040232
954 0.821044 0.516225 0.00423422
955 0.821044 0.517229 0.00436386
956 0.821044 0.515842 0.00425347
957 0.821044 0.511953 0.00455155
958 0.821044 0.513777 0.00399636
959 0.821044 0.515292 0.00416412
960 0.821044 0.516117 0.00493429
961 0.821044 0.518883 0.00521868
962 0.821044 0.513605 0.00410075
963 0.821044 0.51394 0.00416518
964 0.821044 0.515373 0.00427752
965 0.821044 0.514748 0.0041608
966 0.821044 0.51757 0.00442456
967 0.821044 0.518097 0.00500187
968 0.821044 0.515679 0.00519499
969 0.821044 0.514914 0.00403353
970 0.821044 0.515488 0.00419206
971 0.821044 0.520013 0.00533581
972 0.821044 0.517512 0.00499809
973 0.821044 0.515101 0.00550298
974 0.821044 0.512 0.00416293
975 0.821044 0.513877 0.00412372
976 0.821044 0.516869 0.00451193
977 0.821044 0.513844 0.00401249
978 0.821044 0.513703 0.00429471
979 0.821044 0.510719 0.00420501
980 0.821044 0.515497 0.00435537
981 0.821044 0.513828 0.00402712
982 0.821044 0.513308 0.00416435
983 0.821044 0.515597 0.00425267
984 0.821044 0.515133 0.00485555
985 0.821044 0.517189 0.00527483
986 0.821044 0.515952 0.00420606
987 0.821044 0.515313 0.00414129
988 0.821044 0.516514 0.00425356
989 0.821044 0.511809 0.00430179
990 0.821044 0.515738 0.00434379
991 0.821044 0.51451 0.00403638
992 0.821044 0.514769 0.00409293
993 0.821044 0.51517 0.00410979
994 0.821044 0.512217 0.00429084
995 0.821044 0.513868 0.00470077
996 0.821044 0.513441 0.00400502
997 0.821044 0.513422 0.00418778
998 0.821044 0.513985 0.00404744
999 0.821044 0.513934 0.00412633
1000 0.821044 0.514121 0.00401564
1001 0.821044 0.51326 0.00401187
1002 0.821044 0.514789 0.00428364
1003 0.821044 0.514026 0.00403828
1004 0.821044 0.514682 0.00437321
1005 0.821044 0.515029 0.00430136
1006 0.821044 0.516366 0.00494753
1007 0.821044 0.519866 0.00523764
1008 0.821044 0.51315 0.00400293
1009 0.821044 0.512615 0.00409021
1010 0.821044 0.517081 0.00484955
1011 0.821044 0.513586 0.00410297
1012 0.821044 0.514732 0.00405886
1013 0.821044 0.514793 0.00540686
1014 0.821044 0.511543 0.00416409
1015 0.821044 0.514477 0.00476886
1016 0.821044 0.513863 0.00466703
1017 0.821044 0.518241 0.00421677
1018 0.821044 0.514521 0.00429967
1019 0.821044 0.516526 0.00461775
1020 0.821044 0.515925 0.00430359
1021 0.821044 0.515129 0.00433539
1022 0.821044 0.51421 0.00421603
1023 0.821044 0.512118 0.00407175
1024 0.821044 0.51568 0.00436569
1025 0.821044 0.516183 0.0044501
1026 0.821044 0.516818 0.00486979
1027 0.821044 0.522125 0.00542207
1028 0.821044 0.518322 0.00497744
1029 0.821044 0.516466 0.00453228
1030 0.821044 0.515462 0.00416115
1031 0.821044 0.512389 0.00423606
1032 0.821044 0.512662 0.0042007
1033 0.821044 0.510653 0.00498575
1034 0.821044 0.512944 0.00410696
1035 0.821044 0.518429 0.00511291
1036 0.821044 0.514799 0.00416361
1037 0.821044 0.517928 0.00434243
1038 0.821044 0.517635 0.0045693
1039 0.821044 0.517049 0.00431618
1040 0.821044 0.518927 0.00503496
1041 0.821044 0.513505 0.00403496
1042 0.821044 0.513206 0.00403791
1043 0.821044 0.513173 0.00422969
1044 0.821044 0.515469 0.00413333
1045 0.821044 0.514406 0.00412605
1046 0.821044 0.513654 0.00408333
1047 0.821044 0.514379 0.00406607
1048 0.821044 0.51348 0.0040824
1049 0.821044 0.516922 0.00437284
1050 0.821044 0.515165 0.00431523
1051 0.821044 0.516138 0.00424888
1052 0.821044 0.51458 0.00406421
1053 0.821044 0.513733 0.00422294
1054 0.821044 0.514292 0.00409774
1055 0.821044 0.513729 0.00413316
1056 0.821044 0.51333 0.00420243
1057 0.821044 0.519418 0.00522455
1058 0.821044 0.51937 0.00528445
1059 0.821044 0.51737 0.00458854
1060 0.821044 0.513565 0.00434484
1061 0.821044 0.513718 0.00427875
1062 0.821044 0.513131 0.00404454
1063 0.821044 0.51459 0.00406739
1064 0.821044 0.514128 0.00410425
1065 0.821044 0.512562 0.00569548
1066 0.821044 0.517225 0.00549296
1067 0.821044 0.518743 0.00483635
1068 0.821044 0.518273 0.00436957
1069 0.821044 0.516137 0.00476055
1070 0.821044 0.514441 0.00414239
1071 0.821044 0.513656 0.00417867
1072 0.821044 0.514122 0.00405293
1073 0.821044 0.513148 0.0041298
1074 0.821044 0.521005 0.00557784
1075 0.821044 0.517146 0.00524458
1076 0.821044 0.513132 0.0044361
1077 0.821044 0.515174 0.00435489
1078 0.821044 0.512909 0.00403995
1079 0.821044 0.513674 0.00399743
1080 0.821044 0.511258 0.0045225
1081 0.821044 0.513873 0.00399383
1082 0.821044 0.515145 0.00416434
1083 0.821044 0.51746 0.0043428
1084 0.821044 0.51612 0.0045357
1085 0.821044 0.513888 0.00450113
1086 0.821044 0.513259 0.00470446
1087 0.821044 0.513271 0.00425562
1088 0.821044 0.513607 0.00460734
1089 0.821044 0.51285 0.00414837
1090 0.821044 0.518926 0.0048447
1091 0.821044 0.51755 0.00457783
1092 0.821044 0.516184 0.00443609
1093 0.821044 0.512942 0.0039958
1094 0.821044 0.516931 0.00481002
1095 0.821044 0.517734 0.00504264
1096 0.821044 0.514103 0.00400577
1097 0.821044 0.52017 0.00511391
1098 0.821044 0.513746 0.0045824
1099 0.821044 0.51272 0.00404563
1100 0.821044 0.51074 0.00466616
1101 0.821044 0.514378 0.00438376
1102 0.821044 0.519426 0.00500749
1103 0.821044 0.516665 0.00448518
1104 0.821044 0.514631 0.00411391
1105 0.821044 0.51943 0.00488774
1106 0.821044 0.513459 0.00416187
1107 0.821044 0.512323 0.00673908
1108 0.821044 0.512291 0.0042846
1109 0.821044 0.513689 0.0042296
1110 0.821044 0.513048 0.00401932
1111 0.821044 0.513046 0.00416603
1112 0.821044 0.51661 0.00445731
1113 0.821044 0.514473 0.00407063
1114 0.821044 0.517078 0.00482324
1115 0.821044 0.512984 0.00408833
1116 0.821044 0.515788 0.00417935
1117 0.821044 0.51635 0.00422199
1118 0.821044 0.518577 0.00465601
1119 0.821044 0.514999 0.00427115
1120 0.821044 0.511839 0.00438309
1121 0.821044 0.513838 0.00401031
1122 0.821044 0.513436 0.00447693
1123 0.821044 0.512998 0.00448929
1124 0.821044 0.513849 0.00448614
1125 0.821044 0.520154 0.00514816
1126 0.821044 0.517161 0.00544536
1127 0.821044 0.52117 0.0051229
1128 0.821044 0.515413 0.0042802
1129 0.821044 0.517488 0.00449254
1130 0.821044 0.520142 0.00508116
1131 0.821044 0.515598 0.0046144
1132 0.821044 0.516594 0.00475292
1133 0.821044 0.51468 0.00404927
1134 0.821044 0.509148 0.00470888
1135 0.821044 0.516636 0.00431932
1136 0.821044 0.514029 0.00420876
1137 0.821044 0.510117 0.00476175
1138 0.821044 0.516629 0.00450668
1139 0.821044 0.514264 0.00410598
1140 0.821044 0.516218 0.00494262
1141 0.821044 0.521075 0.00471038
1142 0.821044 0.515493 0.00423042
1143 0.821044 0.515315 0.00430208
1144 0.821044 0.514979 0.00415446
1145 0.821044 0.513875 0.00408183
1146 0.821044 0.514374 0.00415099
1147 0.821044 0.515127 0.00406767
1148 0.821044 0.515192 0.00414635
1149 0.821044 0.516153 0.00424174
1150 0.821044 0.514998 0.00403613
1151 0.821044 0.516079 0.00462229
1152 0.821044 0.515408 0.0051429
1153 0.821044 0.516394 0.00421084
1154 0.821044 0.516479 0.00442911
1155 0.821044 0.51696 0.00428109
1156 0.821044 0.516139 0.00425338
1157 0.821044 0.516887 0.00425583
1158 0.821044 0.514504 0.00407398
1159 0.821044 0.521316 0.00512672
1160 0.821044 0.516067 0.00448812
1161 0.821044 0.513596 0.00422935
1162 0.821044 0.516091 0.00436521
1163 0.821044 0.518345 0.0043691
1164 0.821044 0.51656 0.0048597
1165 0.821044 0.516193 0.00409485
1166 0.821044 0.518335 0.00431537
1167 0.821044 0.513785 0.00422411
1168 0.821044 0.514976 0.00426082
1169 0.821044 0.516709 0.00469855
1170 0.821044 0.517521 0.00446917
1171 0.821044 0.51623 0.00457994
1172 0.821044 0.510545 0.00447509
1173 0.821044 0.515976 0.00431787
1174 0.821044 0.512502 0.00408648
1175 0.821044 0.521765 0.00593016
1176 0.821044 0.512521 0.00437252
1177 0.821044 0.515773 0.00447945
1178 0.821044 0.514606 0.00482961
1179 0.821044 0.5157 0.00419993
1180 0.821044 0.514109 0.00458776
1181 0.821044 0.516601 0.00436544
1182 0.821044 0.516084 0.00436146
1183 0.821044 0.514424 0.00403813
1184 0.821044 0.517456 0.00493807
1185 0.821044 0.51565 0.00503495
1186 0.821044 0.51524 0.00405191
1187 0.821044 0.512654 0.00412654
1188 0.821044 0.519273 0.00531309
1189 0.821044 0.516954 0.00505617
1190 0.821044 0.513245 0.00416298
1191 0.821044 0.515617 0.00422528
1192 0.821044 0.515193 0.00409493
1193 0.821044 0.513837 0.00435443
1194 0.821044 0.514311 0.00402063
1195 0.821044 0.513964 0.00417257
1196 0.821044 0.51328 0.00418092
1197 0.821044 0.518411 0.00451239
1198 0.821044 0.515173 0.00440988
1199 0.821044 0.514803 0.00444926
1200 0.821044 0.516896 0.00422734
1201 0.821044 0.513669 0.00405262
1202 0.821044 0.513977 0.00432411
1203 0.821044 0.513808 0.00403193
1204 0.821044 0.516374 0.00511624
1205 0.821044 0.516643 0.00454928
1206 0.821044 0.513075 0.0040825
1207 0.821044 0.518386 0.00522621
1208 0.821044 0.511182 0.00416579
1209 0.821044 0.514268 0.00429959
1210 0.821044 0.512662 0.0044367
1211 0.821044 0.514749 0.00433456
1212 0.821044 0.5138 0.00446499
1213 0.821044 0.517625 0.00432326
1214 0.821044 0.515989 0.00429101
1215 0.821044 0.516542 0.00413455
1216 0.821044 0.515887 0.00419915
1217 0.821044 0.516326 0.00496564
1218 0.821044 0.515321 0.0042247
1219 0.821044 0.512669 0.00400438
1220 0.821044 0.513735 0.0041232
1221 0.821044 0.514092 0.00402372
1222 0.821044 0.51552 0.00422451
1223 0.821044 0.515162 0.0042575
1224 0.821044 0.514875 0.00405226
1225 0.821044 0.514456 0.00459407
1226 0.821044 0.510855 0.00431369
1227 0.821044 0.513681 0.0043997
1228 0.821044 0.514377 0.00415549
1229 0.821044 0.512983 0.00464685
1230 0.821044 0.515921 0.00430446
1231 0.821044 0.512551 0.0040179
1232 0.821044 0.514814 0.00421529
1233 0.821044 0.512369 0.0041532
1234 0.821044 0.516236 0.00434148
1235 0.821044 0.514819 0.00404499
1236 0.821044 0.512317 0.00408512
1237 0.821044 0.516115 0.00438991
1238 0.821044 0.511046 0.0044305
1239 0.821044 0.517245 0.0051267
1240 0.821044 0.514646 0.00426725
1241 0.821044 0.515954 0.00415856
1242 0.821044 0.51161 0.00428195
1243 0.821044 0.515072 0.0042669
1244 0.821044 0.514344 0.0040866
1245 0.821044 0.516329 0.00473972
1246 0.821044 0.519389 0.00457212
1247 0.821044 0.517445 0.00438554
1248 0.821044 0.512191 0.00410908
1249 0.821044 0.512533 0.00432399
1250 0.821044 0.516358 0.00444907
1251 0.821044 0.516495 0.00455567
1252 0.821044 0.515097 0.00410949
1253 0.821044 0.516557 0.00490519
1254 0.821044 0.514194 0.00426102
1255 0.821044 0.516535 0.00432885
1256 0.821044 0.512213 0.00478711
1257 0.821044 0.515325 0.00446207
1258 0.821044 0.513678 0.00419847
1259 0.821044 0.517284 0.00419953
1260 0.821044 0.513608 0.0042207
1261 0.821044 0.511832 0.00424062
1262 0.821044 0.512647 0.004111
1263 0.821044 0.51477 0.00402275
1264 0.821044 0.5153 0.00429324
1265 0.821044 0.516572 0.00435883
1266 0.821044 0.510795 0.0048708
1267 0.821044 0.514289 0.00448219
1268 0.821044 0.512931 0.00410533
1269 0.821044 0.516148 0.00480361
1270 0.821044 0.515006 0.00418901
1271 0.821044 0.513054 0.00400911
1272 0.821044 0.51235 0.00440244
1273 0.821044 0.515188 0.00459513
1274 0.821044 0.514135 0.00425597
1275 0.821044 0.517418 0.00468833
1276 0.821044 0.5145 0.00447781
1277 0.821044 0.515499 0.0041968
1278 0.821044 0.513826 0.00494653
1279 0.821044 0.510753 0.00478734
1280 0.821044 0.514255 0.00458096
1281 0.821044 0.513331 0.00402763
1282 0.821044 0.515941 0.00411901
1283 0.821044 0.513987 0.00408627
1284 0.821044 0.513632 0.00448818
1285 0.821044 0.512743 0.0044296
1286 0.821044 0.513623 0.0042497
1287 0.821044 0.513327 0.00446261
1288 0.821044 0.514521 0.00429684
1289 0.821044 0.510982 0.00436776
1290 0.821044 0.514412 0.00407156
1291 0.821044 0.513145 0.0042986
1292 0.821044 0.511226 0.00435852
1293 0.821044 0.515832 0.00496082
1294 0.821044 0.513179 0.00404197
1295 0.821044 0.515112 0.00442092
1296 0.821044 0.514929 0.00529385
1297 0.821044 0.512017 0.00410135
1298 0.821044 0.517589 0.00521624
1299 0.821044 0.516526 0.00478583
1300 0.821044 0.515262 0.0044038
1301 0.821044 0.513814 0.00401096
1302 0.821044 0.517 0.00451607
1303 0.821044 0.51654 0.00558184
1304 0.821044 0.513006 0.00404055
1305 0.821044 0.51409 0.00419279
1306 0.821044 0.519618 0.00470559
1307 0.821044 0.513266 0.00400885
1308 0.821044 0.513319 0.0040429
1309 0.821044 0.514654 0.00406812
1310 0.821044 0.514413 0.00410322
1311 0.821044 0.518068 0.00506629
1312 0.821044 0.517777 0.00422696
1313 0.821044 0.515912 0.00457067
1314 0.821044 0.517387 0.004669
1315 0.821044 0.514613 0.00412728
1316 0.821044 0.51783 0.00469861
1317 0.821044 0.516983 0.00424694
1318 0.821044 0.514536 0.00417949
1319 0.821044 0.515308 0.0045446
1320 0.821044 0.514387 0.00415312
1321 0.821044 0.512534 0.00406911
1322 0.821044 0.516519 0.00500385
1323 0.821044 0.513313 0.00496225
1324 0.821044 0.513782 0.00404454
1325 0.821044 0.518163 0.00437911
1326 0.821044 0.51302 0.00407809
1327 0.821044 0.513598 0.00424418
1328 0.821044 0.514399 0.00463793
1329 0.821044 0.515038 0.00444185
1330 0.821044 0.51959 0.00586363
1331 0.821044 0.519847 0.00526325
1332 0.821044 0.51395 0.00406191
1333 0.821044 0.512228 0.00409837
1334 0.821044 0.513231 0.00400943
1335 0.821044 0.51385 0.00411561
1336 0.821044 0.513595 0.00402318
1337 0.821044 0.515029 0.00410673
1338 0.821044 0.515688 0.00411886
1339 0.821044 0.513969 0.00402408
1340 0.821044 0.516418 0.00494217
1341 0.821044 0.514388 0.00405678
1342 0.821044 0.516462 0.00448377
1343 0.821044 0.516295 0.00512447
1344 0.821044 0.516568 0.00435876
1345 0.821044 0.512917 0.00436183
1346 0.821044 0.513963 0.00402613
1347 0.821044 0.512681 0.00407741
1348 0.821044 0.515085 0.00450257
1349 0.821044 0.514043 0.00441191
1350 0.821044 0.515368 0.00428193
1351 0.821044 0.518911 0.00536503
1352 0.821044 0.511162 0.00422515
1353 0.821044 0.513734 0.00414816
1354 0.821044 0.515695 0.0043713
1355 0.821044 0.514947 0.00415371
1356 0.821044 0.514051 0.00403177
1357 0.821044 0.515937 0.00438882
1358 0.821044 0.515741 0.00424072
1359 0.821044 0.513229 0.00404526
1360 0.821044 0.512788 0.00399952
1361 0.821044 0.518365 0.00509463
1362 0.821044 0.514509 0.00407425
1363 0.821044 0.516026 0.00414864
1364 0.821044 0.513663 0.00409933
1365 0.821044 0.515749 0.00419131
1366 0.821044 0.511493 0.00417551
1367 0.821044 0.512029 0.00439687
1368 0.821044 0.514418 0.00418223
1369 0.821044 0.516778 0.00421579
1370 0.821044 0.516637 0.00434049
1371 0.821044 0.51299 0.00460732
1372 0.821044 0.512908 0.00464254
1373 0.821044 0.517159 0.00424339
1374 0.821044 0.512069 0.00481654
1375 0.821044 0.516969 0.00514049
1376 0.821044 0.517332 0.00498913
1377 0.821044 0.520025 0.00495058
1378 0.821044 0.51856 0.00483055
1379 0.821044 0.51439 0.00476162
1380 0.821044 0.513439 0.00483269
1381 0.821044 0.514274 0.00427975
1382 0.821044 0.513348 0.0041198
1383 0.821044 0.512118 0.00419428
1384 0.821044 0.515054 0.00409863
1385 0.821044 0.516922 0.00426209
1386 0.821044 0.516005 0.00413963
1387 0.821044 0.514287 0.00401484
1388 0.821044 0.516783 0.00441501
1389 0.821044 0.517346 0.00471365
1390 0.821044 0.518564 0.00442757
1391 0.821044 0.515907 0.00426941
1392 0.821044 0.513324 0.00403003
1393 0.821044 0.51975 0.00511908
1394 0.821044 0.514047 0.00400144
1395 0.821044 0.515203 0.00444259
1396 0.821044 0.514526 0.00431055
1397 0.821044 0.516569 0.00449105
1398 0.821044 0.513695 0.00404711
1399 0.821044 0.512419 0.00411936
1400 0.821044 0.515632 0.00419101
1401 0.821044 0.512973 0.00402507
1402 0.821044 0.51614 0.00435261
1403 0.821044 0.514127 0.00403697
1404 0.821044 0.515939 0.00462015
1405 0.821044 0.514951 0.00456337
1406 0.821044 0.513361 0.00428548
1407 0.821044 0.513309 0.00413768
1408 0.821044 0.514958 0.00416516
1409 0.821044 0.51267 0.00419932
1410 0.821044 0.514774 0.00402899
1411 0.821044 0.519341 0.00504119
1412 0.821044 0.512599 0.0043278
1413 0.821044 0.515858 0.00420286
1414 0.821044 0.513644 0.00418823
1415 0.821044 0.511497 0.00425135
1416 0.821044 0.513362 0.00418201
1417 0.821044 0.517725 0.00437597
1418 0.821044 0.513939 0.00440479
1419 0.821044 0.516025 0.00438757
1420 0.821044 0.516244 0.00414332
1421 0.821044 0.517244 0.00443226
1422 0.821044 0.517293 0.00451294
1423 0.821044 0.51406 0.00405405
1424 0.821044 0.515846 0.00420818
1425 0.821044 0.514505 0.00412736
1426 0.821044 0.515928 0.0047599
1427 0.821044 0.514195 0.00406635
1428 0.821044 0.513496 0.00426453
1429 0.821044 0.512015 0.00421499
1430 0.821044 0.513331 0.00403843
1431 0.821044 0.513963 0.00529105
1432 0.821044 0.514082 0.00406728
1433 0.821044 0.513216 0.00409854
1434 0.821044 0.516149 0.00500834
1435 0.821044 0.513581 0.00400155
1436 0.821044 0.514689 0.00413
1437 0.821044 0.515002 0.00419142
1438 0.821044 0.51332 0.00411652
1439 0.821044 0.516533 0.00407474
1440 0.821044 0.516964 0.00442785
1441 0.821044 0.515722 0.00444819
1442 0.821044 0.518173 0.00453604
1443 0.821044 0.513974 0.00428529
1444 0.821044 0.513588 0.00444237
1445 0.821044 0.516196 0.00475419
1446 0.821044 0.513874 0.00403151
1447 0.821044 0.513983 0.00400634
1448 0.821044 0.517513 0.00433256
1449 0.821044 0.513812 0.00405527
1450 0.821044 0.51322 0.00419048
1451 0.821044 0.510251 0.00478429
1452 0.821044 0.514427 0.00428003
1453 0.821044 0.515959 0.00440157
1454 0.821044 0.514743 0.00408105
1455 0.821044 0.512404 0.00445363
1456 0.821044 0.516527 0.00432222
1457 0.821044 0.517238 0.00475226
1458 0.821044 0.513167 0.00414609
1459 0.821044 0.514354 0.00401338
1460 0.821044 0.516183 0.00493701
1461 0.821044 0.512799 0.00413079
1462 0.821044 0.51839 0.00459989
1463 0.821044 0.515655 0.00477863
1464 0.821044 0.516255 0.00460258
1465 0.821044 0.514031 0.0042084
1466 0.821044 0.514339 0.00411963
1467 0.821044 0.514617 0.00418228
1468 0.821044 0.515251 0.0040994
1469 0.821044 0.513389 0.00435552
1470 0.821044 0.520035 0.00471217
1471 0.821044 0.525769 0.0058166
1472 0.821044 0.513272 0.00514123
1473 0.821044 0.516937 0.00432034
1474 0.821044 0.514267 0.0044205
1475 0.821044 0.513738 0.00460124
1476 0.821044 0.511368 0.00464132
1477 0.821044 0.519459 0.0043887
1478 0.821044 0.51584 0.00476732
1479 0.821044 0.514988 0.00451952
1480 0.821044 0.520799 0.00471403
1481 0.821044 0.515581 0.00457076
1482 0.821044 0.513184 0.00415372
1483 0.821044 0.519707 0.0050936
1484 0.821044 0.513806 0.0043523
1485 0.821044 0.515112 0.00529608
1486 0.821044 0.512348 0.00474127
1487 0.821044 0.51351 0.00447332
1488 0.821044 0.513205 0.00416251
1489 0.821044 0.515875 0.00464613
1490 0.821044 0.516918 0.00501493
1491 0.821044 0.512951 0.00402985
1492 0.821044 0.513373 0.00425559
1493 0.821044 0.512833 0.00428714
1494 0.821044 0.5136 0.00401699
1495 0.822155 0.516306 0.00504151
1496 0.822155 0.516937 0.00508389
1497 0.822155 0.511133 0.00455451
1498 0.822155 0.515443 0.00416755
1499 0.822155 0.514238 0.00406846
1500 0.822155 0.512547 0.00416917
1501 0.822155 0.513808 0.00402356
1502 0.822155 0.515481 0.00408528
1503 0.822155 0.511896 0.00469435
1504 0.822155 0.511475 0.00448977
1505 0.822155 0.513795 0.00406378
1506 0.822155 0.515345 0.00539656
1507 0.822155 0.51444 0.00408286
1508 0.822155 0.51161 0.00421155
1509 0.822155 0.517674 0.00471268
1510 0.822155 0.51835 0.00469973
1511 0.822155 0.517224 0.00499737
1512 0.822155 0.513697 0.00434233
1513 0.822155 0.514139 0.00425021
1514 0.822155 0.514198 0.00407558
1515 0.822155 0.512103 0.00411091
1516 0.822155 0.513848 0.00410905
1517 0.822155 0.512532 0.00454262
1518 0.822155 0.513164 0.00400246
1519 0.822155 0.511911 0.0043576
1520 0.822155 0.513388 0.00400379
1521 0.822155 0.516554 0.00479609
1522 0.822155 0.517313 0.00501121
1523 0.822155 0.516866 0.00441509
1524 0.822155 0.517283 0.00474333
1525 0.822155 0.512466 0.00418727
1526 0.822155 0.51432 0.00418933
1527 0.822155 0.516489 0.00437841
1528 0.822155 0.511521 0.00422254
1529 0.822155 0.511179 0.0041227
1530 0.822155 0.516078 0.00514222
1531 0.822155 0.513227 0.00419359
1532 0.822155 0.517991 0.00496523
1533 0.822155 0.518586 0.00502375
1534 0.822155 0.515136 0.00432247
1535 0.822155 0.513366 0.00421902
1536 0.822155 0.510395 0.00454473
1537 0.822155 0.513352 0.0040566
1538 0.822155 0.51333 0.00406645
1539 0.822155 0.514054 0.0043066
1540 0.822155 0.514886 0.00437807
1541 0.822155 0.514661 0.00407989
1542 0.822155 0.518416 0.00472238
1543 0.822155 0.517041 0.00546953
1544 0.822155 0.51787 0.00513301
1545 0.822155 0.516754 0.00455732
1546 0.822155 0.51125 0.00447718
1547 0.822155 0.51503 0.00450075
1548 0.822155 0.514381 0.00412071
1549 0.822155 0.513136 0.00558258
1550 0.822155 0.512095 0.00436939
1551 0.822155 0.514863 0.00430716
1552 0.822155 0.51296 0.00411202
1553 0.822155 0.516283 0.00455092
1554 0.822155 0.51507 0.00439134
1555 0.822155 0.514948 0.00434789
1556 0.822155 0.515902 0.00502115
1557 0.822155 0.519123 0.00507158
1558 0.822155 0.514336 0.00408757
1559 0.822155 0.515068 0.00425679
1560 0.822155 0.514308 0.00470301
1561 0.822155 0.5143 0.00435109
1562 0.822155 0.513503 0.00403032
1563 0.822155 0.515951 0.00413815
1564 0.822155 0.514039 0.00434758
1565 0.822155 0.516942 0.00430843
1566 0.822155 0.513814 0.00465076
1567 0.822155 0.515071 0.00425606
1568 0.822155 0.514172 0.00434174
1569 0.822155 0.515609 0.00419605
1570 0.822155 0.518405 0.00440379
1571 0.822155 0.513496 0.00402471
1572 0.822155 0.514479 0.00421839
1573 0.822155 0.514677 0.00416551
1574 0.822155 0.514919 0.00406517
1575 0.822155 0.516887 0.00441135
1576 0.822197 0.515381 0.00502984
1577 0.822197 0.514078 0.00417671
1578 0.822197 0.514782 0.00420009
1579 0.822197 0.514145 0.00427757
1580 0.822197 0.516946 0.00508197
1581 0.822197 0.51366 0.00413509
1582 0.822197 0.515081 0.00412962
1583 0.822197 0.512975 0.00407332
1584 0.822197 0.512953 0.00403014
1585 0.822197 0.513899 0.00409491
1586 0.822197 0.514339 0.00420708
1587 0.822197 0.514047 0.00408208
1588 0.822197 0.512175 0.00406193
1589 0.822197 0.51636 0.00436758
1590 0.822197 0.516316 0.00459801
1591 0.822197 0.512862 0.00405099
1592 0.822197 0.515471 0.00503142
1593 0.822197 0.518305 0.00442935
1594 0.822197 0.513876 0.00410997
1595 0.822197 0.515762 0.00431336
1596 0.822197 0.512873 0.00407142
1597 0.822197 0.516828 0.00427044
1598 0.822197 0.512983 0.00403735
1599 0.822197 0.518031 0.00526725
1600 0.822197 0.513022 0.00404856
1601 0.822197 0.513255 0.00402126
1602 0.822197 0.513792 0.00440385
1603 0.822197 0.513612 0.00412365
1604 0.822197 0.51657 0.00563989
1605 0.822197 0.514979 0.00414737
1606 0.822197 0.515706 0.00449282
1607 0.822197 0.515781 0.00426431
1608 0.822197 0.517648 0.00514031
1609 0.822197 0.514272 0.00423381
1610 0.822197 0.512269 0.00442063
1611 0.822197 0.514433 0.004306
1612 0.822197 0.514358 0.00406256
1613 0.822197 0.512624 0.00403984
1614 0.822197 0.512829 0.00412767
1615 0.822197 0.515377 0.00456588
1616 0.822197 0.515436 0.00461445
1617 0.822197 0.515317 0.00435832
1618 0.822197 0.51346 0.00407721
1619 0.822197 0.514633 0.00423077
1620 0.822197 0.514919 0.00414276
1621 0.822197 0.512384 0.0042378
1622 0.822197 0.512747 0.00466448
1623 0.822197 0.515954 0.00418657
1624 0.822197 0.513779 0.00405231
1625 0.822197 0.512192 0.00420997
1626 0.822197 0.515563 0.00444543
1627 0.822197 0.512085 0.00408452
1628 0.822197 0.513197 0.00404195
1629 0.822197 0.512542 0.00489629
1630 0.822197 0.515876 0.00433495
1631 0.822197 0.517853 0.00471904
1632 0.822197 0.517982 0.00444964
1633 0.822197 0.513278 0.00410388
1634 0.822197 0.515733 0.00432155
1635 0.822197 0.515786 0.004734
1636 0.822197 0.516829 0.00437611
1637 0.822197 0.518577 0.00447512
1638 0.822197 0.514599 0.00410675
1639 0.822197 0.516992 0.0044806
1640 0.822197 0.514464 0.00466281
1641 0.822197 0.515279 0.00414138
1642 0.822197 0.51428 0.00417985
1643 0.822197 0.515479 0.0047622
1644 0.822197 0.513799 0.00434845
1645 0.822197 0.513722 0.00462953
1646 0.822197 0.514462 0.00416397
1647 0.822197 0.512947 0.00406842
1648 0.822197 0.514759 0.00412219
1649 0.822197 0.515799 0.00419305
1650 0.822197 0.51457 0.00465883
1651 0.822197 0.515339 0.00423971
1652 0.822197 0.514741 0.00407723
1653 0.822197 0.51308 0.00462224
1654 0.822197 0.51444 0.0040595
1655 0.822197 0.511994 0.00416122
1656 0.822197 0.516799 0.0049735
1657 0.822197 0.51293 0.00434088
1658 0.822197 0.516721 0.00477293
1659 0.822197 0.512267 0.00409548
1660 0.822197 0.516808 0.00436071
1661 0.822197 0.516686 0.00480338
1662 0.822197 0.514106 0.00404421
1663 0.822197 0.514356 0.00403366
1664 0.822197 0.513957 0.0041465
1665 0.822197 0.517616 0.0044094
1666 0.822197 0.513219 0.00425697
1667 0.822197 0.518187 0.00459454
1668 0.822197 0.513664 0.00414
1669 0.822197 0.521101 0.00549479
1670 0.822197 0.514623 0.00414957
1671 0.822197 0.51864 0.00525968
1672 0.822197 0.519882 0.00481993
1673 0.822197 0.511275 0.00463584
1674 0.822197 0.513398 0.00463586
1675 0.822197 0.511414 0.0041784
1676 0.822197 0.516512 0.00497308
1677 0.822197 0.515365 0.00427177
1678 0.822197 0.515079 0.0053355
1679 0.822197 0.513808 0.00412497
1680 0.822197 0.511225 0.00462593
1681 0.822197 0.516039 0.00499302
1682 0.822197 0.512737 0.00407798
1683 0.822197 0.513223 0.00403337
1684 0.822197 0.515718 0.00444277
1685 0.822197 0.513435 0.00404231
1686 0.822197 0.512836 0.004303
1687 0.822197 0.513911 0.00429618
1688 0.822197 0.513548 0.0045788
1689 0.822197 0.51593 0.00456067
1690 0.822197 0.516215 0.00508742
1691 0.822197 0.512982 0.00407149
1692 0.822197 0.514252 0.00410651
1693 0.822197 0.513414 0.00402342
1694 0.822197 0.514339 0.00424183
1695 0.822197 0.515853 0.00412334
1696 0.822197 0.51407 0.0040519
1697 0.822197 0.514277 0.00461144
1698 0.822197 0.514661 0.0041156
1699 0.822197 0.514691 0.00410713
1700 0.822197 0.513795 0.00409723
1701 0.822197 0.513495 0.00435539
1702 0.822197 0.517423 0.00484363
1703 0.822197 0.515702 0.00438255
1704 0.822197 0.514778 0.00437531
1705 0.822197 0.514093 0.00413758
1706 0.822197 0.514172 0.00408173
1707 0.822197 0.512056 0.00413849
1708 0.822197 0.51561 0.00474631
1709 0.822197 0.513322 0.00430159
1710 0.822197 0.513197 0.0041632
1711 0.822197 0.513991 0.00428208
1712 0.822197 0.513805 0.00422864
1713 0.822197 0.516353 0.00430283
1714 0.822197 0.51327 0.00404005
1715 0.822197 0.513124 0.00443387
1716 0.822197 0.514094 0.00441759
1717 0.822197 0.51682 0.00444009
1718 0.822197 0.514832 0.00412619
1719 0.822197 0.513389 0.00408538
1720 0.822197 0.513269 0.00419876
1721 0.822197 0.513342 0.00451312
1722 0.822197 0.514181 0.00423044
1723 0.822197 0.516993 0.00456952
1724 0.822197 0.516908 0.00446503
1725 0.822197 0.513738 0.00405945
1726 0.822197 0.512783 0.00411138
1727 0.822197 0.516485 0.00468013
1728 0.822197 0.514231 0.00470781
1729 0.822197 0.519176 0.00504232
1730 0.822197 0.517901 0.005099
1731 0.822197 0.516802 0.00452099
1732 0.822197 0.512316 0.00423422
1733 0.822197 0.513844 0.00423632
1734 0.822197 0.517778 0.00423935
1735 0.822197 0.513847 0.00449911
1736 0.822197 0.515117 0.00435281
1737 0.822197 0.514996 0.00410736
1738 0.822197 0.512061 0.00411582
1739 0.822197 0.514484 0.00435447
1740 0.822197 0.517746 0.00500618
1741 0.822197 0.513874 0.0040727
1742 0.822197 0.515917 0.00425275
1743 0.822197 0.515613 0.00437892
1744 0.822197 0.512964 0.00411651
1745 0.822197 0.516583 0.00468596
1746 0.822197 0.515443 0.00408755
1747 0.822197 0.513005 0.00407971
1748 0.822197 0.514217 0.00437432
1749 0.822197 0.516908 0.00435669
1750 0.822197 0.516505 0.00449809
1751 0.822197 0.514663 0.00433051
1752 0.822197 0.515593 0.00420767
1753 0.822197 0.516993 0.00444637
1754 0.822197 0.514786 0.00415653
1755 0.822197 0.513152 0.0040459
1756 0.822197 0.51285 0.00407501
1757 0.822197 0.510449 0.00433251
1758 0.822197 0.514008 0.00404427
1759 0.822197 0.513682 0.00459832
1760 0.822197 0.51607 0.00472245
1761 0.822197 0.513344 0.00409246
1762 0.822197 0.51333 0.00453032
1763 0.822197 0.513448 0.00426479
1764 0.822197 0.518041 0.00486884
1765 0.822197 0.515083 0.00431732
1766 0.822197 0.514513 0.00413657
1767 0.822197 0.514746 0.00450765
1768 0.822197 0.512705 0.00412759
1769 0.822197 0.515291 0.0042134
1770 0.822197 0.517154 0.00428286
1771 0.822197 0.523186 0.0060195
1772 0.822197 0.516504 0.00486605
1773 0.822197 0.513029 0.00425001
1774 0.822197 0.514481 0.00438864
1775 0.822197 0.516837 0.00444671
1776 0.822197 0.513261 0.00418637
1777 0.822197 0.514696 0.00420823
1778 0.822197 0.516269 0.00423791
1779 0.822197 0.516789 0.00427169
1780 0.822197 0.518674 0.00514175
1781 0.822197 0.51855 0.00493115
1782 0.822197 0.513798 0.00417649
1783 0.822197 0.516196 0.00431444
1784 0.822197 0.514246 0.00405915
1785 0.822197 0.514358 0.00406035
1786 0.822197 0.51506 0.00420509
1787 0.822197 0.515118 0.00420754
1788 0.822197 0.514896 0.00408775
1789 0.822197 0.513933 0.00479086
1790 0.822197 0.513028 0.00460722
1791 0.822197 0.514459 0.00425054
1792 0.822197 0.511189 0.00483597
1793 0.822197 0.513712 0.00429968
1794 0.822197 0.514632 0.00417389
1795 0.822197 0.515316 0.00439627
1796 0.822197 0.515207 0.00416813
1797 0.822197 0.516816 0.00503926
1798 0.822197 0.515041 0.00425732
1799 0.822197 0.515091 0.00411649
1800 0.822197 0.513468 0.00424041
1801 0.822197 0.516149 0.00417096
1802 0.822197 0.513858 0.00430986
1803 0.822197 0.515714 0.00419099
1804 0.822197 0.515571 0.00419697
1805 0.822197 0.518766 0.00543222
1806 0.822197 0.514438 0.00416891
1807 0.822197 0.515417 0.00434448
1808 0.822197 0.521218 0.0048085
1809 0.822197 0.516071 0.00428938
1810 0.822197 0.513201 0.00410646
1811 0.822197 0.513659 0.00403935
1812 0.822197 0.513029 0.00447144
1813 0.822197 0.516323 0.00431322
1814 0.822197 0.513685 0.00409154
1815 0.822197 0.513305 0.00403467
1816 0.822197 0.516059 0.00425997
1817 0.822197 0.515187 0.00427023
1818 0.822197 0.511746 0.00441137
1819 0.822197 0.514116 0.0041856
1820 0.822197 0.511959 0.00454721
1821 0.822197 0.515813 0.00438992
1822 0.822197 0.513435 0.00436433
1823 0.822197 0.513645 0.00421699
1824 0.822197 0.512051 0.00446249
1825 0.822197 0.51483 0.00410896
1826 0.822197 0.514447 0.00409177
1827 0.822197 0.517584 0.00439303
1828 0.822197 0.514338 0.00405297
1829 0.822197 0.518481 0.00484061
1830 0.822197 0.512783 0.00416461
1831 0.822197 0.515221 0.00417128
1832 0.822197 0.511836 0.00424013
1833 0.822197 0.512683 0.00404246
1834 0.822197 0.510586 0.00443643
1835 0.822197 0.511462 0.00422933
1836 0.822197 0.513296 0.00403692
1837 0.822197 0.514544 0.0041263
1838 0.822197 0.515659 0.0046455
1839 0.822197 0.515096 0.00448727
1840 0.822197 0.514212 0.00436185
1841 0.822197 0.51294 0.0043842
1842 0.822197 0.514531 0.00409602
1843 0.822197 0.513859 0.00418822
1844 0.822197 0.510813 0.00464621
1845 0.822197 0.512834 0.00421965
1846 0.822197 0.513878 0.00406839
1847 0.822197 0.515923 0.00461836
1848 0.822197 0.513102 0.00405493
1849 0.822197 0.512658 0.004255
1850 0.822197 0.517074 0.0046511
1851 0.822197 0.514776 0.00456935
1852 0.822197 0.511643 0.00423183
1853 0.822197 0.513797 0.00406545
1854 0.822197 0.51159 0.00439792
1855 0.822197 0.514284 0.00410401
1856 0.822197 0.512675 0.00415674
1857 0.822197 0.514223 0.0045228
1858 0.822197 0.509372 0.00472491
1859 0.822197 0.514798 0.00407214
1860 0.822197 0.513215 0.00429007
1861 0.822197 0.516096 0.004427
1862 0.826053 0.517413 0.00507008
1863 0.826053 0.512145 0.00411988
1864 0.826053 0.513757 0.0043142
1865 0.826053 0.512518 0.00428313
1866 0.826053 0.5114 0.00536465
1867 0.826053 0.514447 0.00415421
1868 0.826053 0.516446 0.00507965
1869 0.826053 0.514158 0.00413979
1870 0.826053 0.515716 0.00436093
1871 0.826053 0.514907 0.00446775
1872 0.826053 0.5176 0.00472762
1873 0.826053 0.516974 0.00439915
1874 0.826053 0.517462 0.00526257
1875 0.826053 0.513911 0.0044732
1876 0.826053 0.515418 0.00480773
1877 0.826053 0.514198 0.0043689
1878 0.826053 0.516755 0.00481359
1879 0.826053 0.519981 0.00499155
1880 0.826053 0.51304 0.00412968
1881 0.826053 0.518107 0.00473141
1882 0.826053 0.51583 0.00483868
1883 0.826053 0.517159 0.00420548
1884 0.826053 0.525802 0.00589142
1885 0.826053 0.515425 0.0042193
1886 0.826053 0.516565 0.00424615
1887 0.826053 0.517344 0.00502457
1888 0.826053 0.513899 0.0041795
1889 0.826053 0.515606 0.00438128
1890 0.826053 0.516137 0.00468441
1891 0.826053 0.515706 0.00431464
1892 0.826053 0.515104 0.00445585
1893 0.826053 0.512119 0.00435709
1894 0.826053 0.510954 0.00426723
1895 0.826053 0.513879 0.00439794
1896 0.826053 0.514479 0.00408725
1897 0.826053 0.514696 0.00409575
1898 0.826053 0.513366 0.00420863
1899 0.826053 0.515085 0.004184
1900 0.826053 0.516245 0.00421438
1901 0.826053 0.511777 0.00415137
1902 0.826053 0.513395 0.00406158
1903 0.826053 0.514994 0.00468302
1904 0.826053 0.513945 0.00483321
1905 0.826053 0.512473 0.0042284
1906 0.826053 0.514332 0.00423002
1907 0.826053 0.513974 0.00406625
1908 0.826053 0.511671 0.00415505
1909 0.826053 0.514934 0.00408195
1910 0.826053 0.515852 0.00425637
1911 0.826053 0.511792 0.00414698
1912 0.826053 0.513578 0.00406361
1913 0.826053 0.514667 0.00450922
1914 0.826053 0.514625 0.00409401
1915 0.826053 0.513281 0.00414595
1916 0.826053 0.513756 0.00409871
1917 0.826053 0.517169 0.00480609
1918 0.826053 0.515878 0.00617355
1919 0.826053 0.514382 0.00412516
1920 0.826053 0.514431 0.00420295
1921 0.826053 0.51308 0.00410938
1922 0.826053 0.512612 0.00412139
1923 0.826053 0.515503 0.00420273
1924 0.826053 0.516405 0.00421616
1925 0.826053 0.511478 0.0045605
1926 0.826053 0.516494 0.0048888
1927 0.826053 0.515924 0.00434741
1928 0.826053 0.513199 0.00416822
1929 0.826053 0.513113 0.00410543
1930 0.826053 0.512926 0.00405086
1931 0.826053 0.509964 0.00438707
1932 0.826053 0.515033 0.00442221
1933 0.826053 0.518013 0.00472935
1934 0.826053 0.513371 0.00406268
1935 0.826053 0.514079 0.00422595
1936 0.826053 0.51339 0.00411729
1937 0.826053 0.515168 0.00432784
1938 0.826053 0.517795 0.00435453
1939 0.826053 0.51704 0.00434035
1940 0.826053 0.515009 0.00416686
1941 0.826053 0.514302 0.00436117
1942 0.826053 0.51326 0.0040679
1943 0.826053 0.516101 0.00483394
1944 0.826053 0.517208 0.00501581
1945 0.826053 0.516584 0.00487677
1946 0.826053 0.512281 0.00418644
1947 0.826053 0.517089 0.00497998
1948 0.826053 0.514706 0.00424038
1949 0.826053 0.513004 0.00440433
1950 0.826053 0.515059 0.00411991
1951 0.826053 0.518333 0.00444496
1952 0.826053 0.514777 0.00452547
1953 0.826053 0.513476 0.00424496
1954 0.826053 0.512481 0.00474195
1955 0.826053 0.513729 0.00405771
1956 0.826053 0.513925 0.00406552
1957 0.826053 0.515928 0.00415671
1958 0.826053 0.513982 0.00407527
1959 0.826053 0.515726 0.00412578
1960 0.826053 0.516253 0.00543373
1961 0.826053 0.517767 0.00494251
1962 0.826053 0.512787 0.00419178
1963 0.826053 0.517551 0.00431855
1964 0.826053 0.514306 0.00412542
1965 0.826053 0.514532 0.00423154
1966 0.826053 0.514953 0.00434576
1967 0.826053 0.513729 0.00429462
1968 0.826053 0.512941 0.00418827
1969 0.826053 0.514489 0.00410012
1970 0.826053 0.514392 0.00525678
1971 0.826053 0.516399 0.00450658
1972 0.826053 0.51869 0.00459006
1973 0.826053 0.517481 0.00445985
1974 0.826053 0.513797 0.00435464
1975 0.826053 0.51323 0.0042563
1976 0.826053 0.515014 0.00435154
1977 0.826053 0.518005 0.00449888
1978 0.826053 0.515587 0.00502047
1979 0.826053 0.51488 0.00473171
1980 0.826053 0.5131 0.00440368
1981 0.826053 0.514126 0.00407485
1982 0.826053 0.513892 0.0040651
1983 0.826053 0.514738 0.00414488
1984 0.826053 0.514745 0.00417252
1985 0.826053 0.512672 0.00411038
1986 0.826053 0.507448 0.00493087
1987 0.826053 0.515782 0.00457109
1988 0.826053 0.511399 0.00440146
1989 0.826053 0.516537 0.00461002
1990 0.826053 0.514022 0.00429713
1991 0.826053 0.518152 0.00455722
1992 0.826053 0.514281 0.0040728
1993 0.826053 0.513439 0.00427395
1994 0.826053 0.511343 0.00433378
1995 0.826053 0.516049 0.00468098
1996 0.826053 0.515403 0.00418488
1997 0.826053 0.517849 0.00430715
1998 0.826053 0.513637 0.00412151
1999 0.826053 0.516208 0.00439266
2000 0.826053 0.51227 0.00414801
2001 0.826053 0.510898 0.00465216
2002 0.826053 0.51284 0.0052196
2003 0.826053 0.515261 0.00419327
2004 0.826053 0.512019 0.00428665
2005 0.826053 0.515156 0.00443784
2006 0.826053 0.513313 0.00439443
2007 0.826053 0.51487 0.00412878
2008 0.826053 0.513884 0.00423471
2009 0.826053 0.515433 0.00477041
2010 0.826053 0.512974 0.00427957
2011 0.826053 0.516052 0.00413819
2012 0.826053 0.515247 0.00528722
2013 0.826053 0.516752 0.00451954
2014 0.826053 0.51458 0.00411148
2015 0.826053 0.514474 0.00416022
2016 0.826053 0.514715 0.00407932
2017 0.826053 0.512853 0.00413441
2018 0.826053 0.513706 0.00438212
2019 0.826053 0.513349 0.00415623
2020 0.826053 0.513785 0.00438392
2021 0.826053 0.513843 0.00413272
2022 0.826053 0.514096 0.00406822
2023 0.826053 0.512677 0.00437726
2024 0.826053 0.517013 0.00503344
2025 0.826053 0.515499 0.00428232
2026 0.826053 0.513421 0.00415212
2027 0.826053 0.513951 0.00486189
2028 0.826053 0.514989 0.00452892
2029 0.826053 0.513609 0.00412225
2030 0.826053 0.514247 0.00413628
2031 0.826053 0.515222 0.0041297
2032 0.826053 0.51893 0.00481106
2033 0.826053 0.517391 0.00447271
2034 0.826053 0.513952 0.00437151
2035 0.826053 0.514604 0.00420052
2036 0.826053 0.517423 0.00431133
2037 0.826053 0.514412 0.00409354
2038 0.826053 0.513222 0.0040953
2039 0.826053 0.513935 0.00412218
2040 0.826053 0.515701 0.00481761
2041 0.826053 0.516463 0.004327
2042 0.826053 0.513485 0.0040555
2043 0.826053 0.513961 0.00411122
2044 0.826053 0.513693 0.00418749
2045 0.826053 0.514954 0.0041527
2046 0.826053 0.513395 0.00404728
2047 0.826053 0.515064 0.00426115
2048 0.826053 0.515697 0.00427076
2049 0.826053 0.514904 0.00413114
2050 0.826053 0.513145 0.00466363
2051 0.826053 0.514233 0.00410111
2052 0.826053 0.516867 0.00474992
2053 0.826053 0.511763 0.00430974
2054 0.826053 0.515804 0.00417029
2055 0.826053 0.51339 0.00413952
2056 0.826053 0.515581 0.004479
2057 0.826053 0.516719 0.00433658
2058 0.826053 0.514694 0.00413097
2059 0.826053 0.516162 0.00442754
2060 0.826053 0.512182 0.0041808
2061 0.826053 0.513728 0.00440218
2062 0.826053 0.515415 0.00444381
2063 0.826053 0.509787 0.0049147
2064 0.826053 0.513451 0.00476409
2065 0.826053 0.514624 0.00468279
2066 0.826053 0.513034 0.0041955
2067 0.826053 0.51517 0.00419637
2068 0.826053 0.514521 0.00439205
2069 0.826053 0.515011 0.00423067
2070 0.826053 0.516535 0.00421248
2071 0.826053 0.513156 0.00426283
2072 0.826053 0.513108 0.00410523
2073 0.826053 0.51335 0.00411847
2074 0.826053 0.512184 0.00488576
2075 0.826053 0.515745 0.00499031
2076 0.826053 0.512631 0.00427615
2077 0.826053 0.514786 0.00417493
2078 0.826053 0.513286 0.00426762
2079 0.826053 0.513188 0.00437641
2080 0.826053 0.518453 0.00467727
2081 0.826053 0.514732 0.00448059
2082 0.826053 0.517825 0.00530056
2083 0.826053 0.511875 0.00567812
2084 0.826053 0.512962 0.00457895
2085 0.826053 0.51307 0.00408813
2086 0.826053 0.511034 0.00449596
2087 0.826053 0.512194 0.00427823
2088 0.826053 0.51392 0.00414731
2089 0.826053 0.51319 0.00404844
2090 0.826053 0.50876 0.00483369
2091 0.826053 0.513824 0.00407901
2092 0.826053 0.512391 0.00421227
2093 0.826053 0.513232 0.0040522
2094 0.826053 0.511708 0.00420425
2095 0.826053 0.512618 0.00472444
2096 0.826053 0.51392 0.00438483
2097 0.826053 0.513878 0.00429737
2098 0.826053 0.513694 0.00421198
2099 0.826053 0.512415 0.00408901
2100 0.826053 0.51719 0.0046433
2101 0.826053 0.516112 0.00440426
2102 0.826053 0.515259 0.0041687
2103 0.826053 0.515565 0.0041675
2104 0.826053 0.51432 0.00414935
2105 0.826053 0.513501 0.004052
2106 0.826053 0.51884 0.00524757
2107 0.826053 0.513484 0.00404541
2108 0.826053 0.513314 0.00411208
2109 0.826053 0.514551 0.00417942
2110 0.826053 0.511889 0.00482654
2111 0.826053 0.514177 0.00453868
2112 0.826053 0.513438 0.0043597
2113 0.826053 0.518573 0.00472625
2114 0.826053 0.514776 0.00422892
2115 0.826053 0.51379 0.00421118
2116 0.826053 0.514207 0.00408335
2117 0.826053 0.513645 0.00421063
2118 0.826053 0.515642 0.00495209
2119 0.826053 0.513287 0.00405443
2120 0.826053 0.517026 0.00477832
2121 0.826053 0.514407 0.00437386
2122 0.826053 0.514959 0.00466863
2123 0.826053 0.518492 0.00537412
2124 0.826053 0.513365 0.00423005
2125 0.826053 0.518739 0.00475201
2126 0.826053 0.515821 0.00469479
2127 0.826053 0.514528 0.004222
2128 0.826053 0.513991 0.00455959
2129 0.826053 0.514645 0.00405275
2130 0.826053 0.518169 0.00463308
2131 0.826053 0.513773 0.00430405
2132 0.826053 0.515203 0.00412933
2133 0.826053 0.519102 0.0046323
2134 0.826053 0.516679 0.00434752
2135 0.826053 0.516344 0.00438883
2136 0.826053 0.513648 0.00438555
2137 0.826053 0.514173 0.00405429
2138 0.826053 0.518593 0.00450678
2139 0.826053 0.516987 0.00430036
2140 0.826053 0.515352 0.00446326
2141 0.826053 0.518053 0.00472734
2142 0.826053 0.517739 0.00440449
2143 0.826053 0.512012 0.00473582
2144 0.826053 0.513855 0.00436867
2145 0.826053 0.516986 0.00453372
2146 0.826053 0.516091 0.00452725
2147 0.826053 0.514284 0.00442503
2148 0.826053 0.514774 0.00426868
2149 0.826053 0.517747 0.00508596
2150 0.826053 0.513068 0.00536604
2151 0.826053 0.511255 0.00433073
2152 0.826053 0.512541 0.00407391
2153 0.826053 0.515702 0.00484601
2154 0.826053 0.513439 0.00411045
2155 0.826053 0.516339 0.00533195
2156 0.826053 0.513485 0.00425944
2157 0.826053 0.516053 0.00438809
2158 0.826053 0.51502 0.00465316
2159 0.826053 0.515579 0.00443869
2160 0.826053 0.510802 0.00437527
2161 0.826053 0.518073 0.00451622
2162 0.826053 0.514785 0.00417406
2163 0.826053 0.514457 0.00431165
2164 0.826053 0.517467 0.00454209
2165 0.826053 0.516378 0.00448283
2166 0.826053 0.514424 0.00421295
2167 0.826053 0.51666 0.00496985
2168 0.826053 0.517271 0.00443805
2169 0.826053 0.513511 0.00463136
2170 0.826053 0.514386 0.00457449
2171 0.826053 0.515536 0.00457224
2172 0.826053 0.512443 0.00427218
2173 0.826053 0.518293 0.0046955
2174 0.826053 0.51594 0.00432775
2175 0.826053 0.517046 0.00441657
2176 0.826053 0.512862 0.00429583
2177 0.826053 0.514441 0.00430287
2178 0.826053 0.517082 0.00435103
2179 0.826053 0.516255 0.00435281
2180 0.826053 0.516193 0.00444598
2181 0.826053 0.515224 0.00480337
2182 0.826053 0.513778 0.00415425
2183 0.826053 0.515182 0.00432887
2184 0.826053 0.514293 0.00415423
2185 0.826053 0.515997 0.00477444
2186 0.826053 0.512383 0.00456656
2187 0.826053 0.516308 0.00430336
2188 0.826053 0.523669 0.00576481
2189 0.826053 0.512149 0.00433894
2190 0.826053 0.514706 0.00431747
2191 0.826053 0.517025 0.00483583
2192 0.826053 0.513264 0.00436988
2193 0.826053 0.514266 0.0045595
2194 0.826053 0.515787 0.00424503
2195 0.826053 0.51359 0.00408241
2196 0.826053 0.514872 0.00423354
2197 0.826053 0.514158 0.00449438
2198 0.826053 0.513173 0.0043455
2199 0.826053 0.515437 0.00415657
2200 0.826053 0.510979 0.00509066
2201 0.826053 0.51416 0.0047251
2202 0.826053 0.512559 0.00478138
2203 0.826053 0.516236 0.00472114
2204 0.826053 0.51189 0.00418397
2205 0.826053 0.515452 0.00448835
2206 0.826053 0.515578 0.00444073
2207 0.826053 0.515661 0.00444303
2208 0.826053 0.517037 0.00527314
2209 0.826053 0.514067 0.00410199
2210 0.826053 0.51368 0.0040837
2211 0.826053 0.514165 0.00432752
2212 0.826053 0.511152 0.00475383
2213 0.826053 0.517307 0.00441369
2214 0.826053 0.51525 0.00476674
2215 0.826053 0.517251 0.00455315
2216 0.826053 0.515893 0.00432852
2217 0.826053 0.512711 0.00456516
2218 0.826053 0.51341 0.0041771
2219 0.826053 0.516938 0.00436311
2220 0.826053 0.513968 0.00415152
2221 0.826053 0.512016 0.00497455
2222 0.826053 0.513668 0.00412952
2223 0.826053 0.514547 0.00411688
2224 0.826053 0.515422 0.00417139
2225 0.826053 0.514283 0.00417966
2226 0.826053 0.511506 0.00443261
2227 0.826053 0.512394 0.00409916
2228 0.826053 0.515545 0.00468862
2229 0.826053 0.51306 0.00489744
2230 0.826053 0.512863 0.0042985
2231 0.826053 0.513162 0.00428162
2232 0.826053 0.512069 0.00484463
2233 0.826053 0.514447 0.00414331
2234 0.826053 0.512258 0.00419556
2235 0.826053 0.51432 0.00406974
2236 0.826053 0.514303 0.00417187
2237 0.826053 0.512849 0.00412757
2238 0.826053 0.513141 0.00409031
2239 0.826053 0.513448 0.00412236
2240 0.826053 0.514776 0.0041856
2241 0.826053 0.515379 0.00411398
2242 0.826053 0.513626 0.0040592
2243 0.826053 0.518626 0.00512794
2244 0.826053 0.515132 0.00424601
2245 0.826053 0.516659 0.00466687
2246 0.826053 0.51204 0.00439554
2247 0.826053 0.51458 0.00411064
2248 0.826053 0.516206 0.00414593
2249 0.826053 0.513334 0.00421446
2250 0.826053 0.515286 0.00415116
2251 0.826053 0.513742 0.00405842
2252 0.826053 0.512707 0.00476662
2253 0.826053 0.515606 0.00480502
2254 0.826053 0.514982 0.00411238
2255 0.826053 0.515311 0.00415262
2256 0.826053 0.51411 0.00449494
2257 0.826053 0.514039 0.00489441
2258 0.826053 0.514556 0.00432014
2259 0.826053 0.514658 0.00412523
2260 0.826053 0.5109 0.00429559
2261 0.826053 0.511922 0.0042463
2262 0.826053 0.517053 0.00512689
2263 0.826053 0.519502 0.00493821
2264 0.826053 0.515405 0.00417127
2265 0.826053 0.5141 0.00407446
2266 0.826053 0.513152 0.00406088
2267 0.826053 0.516255 0.00426665
2268 0.826053 0.516985 0.00427357
2269 0.826053 0.513306 0.00424466
2270 0.826053 0.513905 0.00423715
2271 0.826053 0.516234 0.00413882
2272 0.826053 0.516445 0.00436838
2273 0.826053 0.51372 0.00410299
2274 0.826053 0.515885 0.00430076
2275 0.826053 0.515023 0.00437569
2276 0.826053 0.516117 0.00488391
2277 0.826053 0.513874 0.00411063
2278 0.826053 0.514633 0.00454385
2279 0.826053 0.51356 0.00466729
2280 0.826053 0.513194 0.00431385
2281 0.826053 0.514627 0.00413318
2282 0.826053 0.517134 0.00481058
2283 0.826053 0.514115 0.00409698
2284 0.826053 0.51634 0.00428105
2285 0.826053 0.514748 0.00410518
2286 0.826053 0.513288 0.00409278
2287 0.826053 0.512945 0.00408128
2288 0.826053 0.514155 0.0041111
2289 0.826053 0.514298 0.00409092
2290 0.826053 0.514134 0.00412739
2291 0.826053 0.517053 0.00423099
2292 0.826053 0.517315 0.00467383
2293 0.826053 0.512744 0.00437134
2294 0.826053 0.512917 0.00414746
2295 0.826053 0.515165 0.0043772
2296 0.826053 0.516612 0.00417385
2297 0.826053 0.513046 0.00482706
2298 0.826053 0.515175 0.00440991
2299 0.826053 0.516532 0.00423376
2300 0.826053 0.514774 0.00454948
2301 0.826053 0.514987 0.00450225
2302 0.826053 0.520419 0.00433254
2303 0.826053 0.511424 0.00434639
2304 0.826053 0.516923 0.00441405
2305 0.826053 0.517467 0.00482875
2306 0.826053 0.516627 0.00429046
2307 0.826053 0.513843 0.00435143
2308 0.826053 0.515692 0.0041727
2309 0.826053 0.512614 0.00430987
2310 0.826053 0.519009 0.0046943
2311 0.826053 0.512514 0.00459185
2312 0.826053 0.514892 0.00444387
2313 0.826053 0.51414 0.00408646
2314 0.826053 0.514012 0.00435497
2315 0.826053 0.514692 0.00421978
2316 0.826053 0.515745 0.00426569
2317 0.826053 0.517652 0.00468872
2318 0.826053 0.515971 0.00436542
2319 0.826053 0.516116 0.00498025
2320 0.826053 0.51647 0.00442879
2321 0.826053 0.510105 0.00521655
2322 0.826053 0.513898 0.00429818
2323 0.826053 0.512908 0.0044659
2324 0.826053 0.513072 0.00407525
2325 0.826053 0.514127 0.00524439
2326 0.826053 0.514876 0.004203
2327 0.826053 0.513972 0.00505636
2328 0.826053 0.513242 0.0042824
2329 0.826053 0.514616 0.00482659
2330 0.826053 0.514132 0.00424769
2331 0.826053 0.513752 0.00424558
2332 0.826053 0.512245 0.00482367
2333 0.826053 0.511686 0.0044635
2334 0.826053 0.517572 0.00472399
2335 0.826053 0.514652 0.00496089
2336 0.826053 0.5122 0.00426585
2337 0.826053 0.514659 0.00442044
2338 0.826053 0.516019 0.00428488
2339 0.826053 0.51654 0.00428435
2340 0.826053 0.517148 0.00468146
2341 0.826053 0.513999 0.00451618
2342 0.826053 0.5152 0.00437063
2343 0.826053 0.512363 0.0043673
2344 0.826053 0.513029 0.00411393
2345 0.826053 0.51517 0.00414585
2346 0.826053 0.511767 0.00435535
2347 0.826053 0.517946 0.00460185
2348 0.826053 0.513144 0.00405745
2349 0.826053 0.517663 0.00431201
2350 0.826053 0.513183 0.00488482
2351 0.826053 0.517821 0.00428078
2352 0.826053 0.514131 0.00423837
2353 0.826053 0.514833 0.00443879
2354 0.826053 0.516407 0.0043161
2355 0.826053 0.516717 0.00457688
2356 0.826053 0.518596 0.00440023
2357 0.826053 0.517581 0.00476315
2358 0.826053 0.516752 0.00436409
2359 0.826053 0.512802 0.00421736
2360 0.826053 0.516019 0.00416334
2361 0.826053 0.512043 0.00459283
2362 0.826053 0.513341 0.00407235
2363 0.826053 0.513395 0.00406462
2364 0.826053 0.515435 0.00414121
2365 0.826053 0.51334 0.00442728
2366 0.826053 0.51603 0.00440538
2367 0.826053 0.515429 0.00518325
2368 0.826053 0.515641 0.00468232
2369 0.826053 0.511354 0.00418689
2370 0.826053 0.514201 0.00406408
2371 0.826053 0.516082 0.00431026
2372 0.826053 0.515882 0.00424618
2373 0.826053 0.514356 0.00439039
2374 0.826053 0.514192 0.00411042
2375 0.826053 0.512923 0.00415657
2376 0.826053 0.514228 0.00408277
2377 0.826053 0.513228 0.00408655
2378 0.826053 0.513361 0.00410715
2379 0.826053 0.515159 0.00418809
2380 0.826053 0.512666 0.004264
2381 0.826053 0.518191 0.0047339
2382 0.826053 0.518878 0.00458115
2383 0.826053 0.5131 0.00472213
2384 0.826053 0.513675 0.00457008
2385 0.826053 0.514251 0.00412462
2386 0.826053 0.515225 0.00431274
2387 0.826053 0.511009 0.00420686
2388 0.826053 0.515231 0.00438912
2389 0.826053 0.516872 0.0050843
2390 0.826053 0.5126 0.00417932
2391 0.826053 0.512844 0.0041057
2392 0.826053 0.515057 0.0043581
2393 0.826053 0.516213 0.00445526
2394 0.826053 0.514452 0.00470438
2395 0.826053 0.514752 0.00427283
2396 0.826053 0.511966 0.00412805
2397 0.826053 0.513636 0.00408791
2398 0.826053 0.515283 0.00465689
2399 0.826053 0.513092 0.0040588
2400 0.826053 0.515316 0.00474476
2401 0.826053 0.516035 0.0041688
2402 0.826053 0.511437 0.00440973
2403 0.826053 0.515287 0.00415026
2404 0.826053 0.511262 0.00472961
2405 0.826053 0.512613 0.00417564
2406 0.826053 0.512565 0.00407667
2407 0.826053 0.517822 0.00455981
2408 0.826053 0.516197 0.00508468
2409 0.826053 0.514908 0.00410969
2410 0.826053 0.513231 0.00407765
2411 0.826053 0.516313 0.00437601
2412 0.826053 0.519479 0.0051702
2413 0.826053 0.517731 0.00529861
2414 0.826053 0.51534 0.00422316
2415 0.826053 0.513396 0.00406588
2416 0.826053 0.512981 0.00405849
2417 0.826053 0.514725 0.00461042
2418 0.826053 0.513557 0.00446975
2419 0.826053 0.515324 0.0045106
2420 0.826053 0.516623 0.00543235
2421 0.826053 0.51265 0.00422811
2422 0.826053 0.511327 0.00454829
2423 0.826053 0.511898 0.00414259
2424 0.826053 0.516702 0.00447084
2425 0.826053 0.514656 0.00426116
2426 0.826053 0.514483 0.00433261
2427 0.826053 0.515043 0.0043203
2428 0.826053 0.512497 0.00471407
2429 0.826053 0.513598 0.00417294
2430 0.826053 0.513624 0.00436586
2431 0.826053 0.518952 0.00509763
2432 0.826053 0.517279 0.00457636
2433 0.826053 0.514299 0.00407624
2434 0.826053 0.51288 0.00410536
2435 0.826053 0.51727 0.00422397
2436 0.826053 0.514434 0.00410731
2437 0.826053 0.514447 0.00436464
2438 0.826053 0.514143 0.00465835
2439 0.826053 0.516961 0.00488942
2440 0.826053 0.516493 0.00438493
2441 0.826053 0.515547 0.00419031
2442 0.826053 0.51453 0.00443679
2443 0.826053 0.512722 0.0042487
2444 0.826053 0.512906 0.00409163
2445 0.826053 0.513221 0.00425011
2446 0.826053 0.514209 0.00407645
2447 0.826053 0.513275 0.00415848
2448 0.826053 0.512257 0.00481429
2449 0.826053 0.51222 0.00432461
2450 0.826053 0.517434 0.00473691
2451 0.826053 0.515475 0.00424321
2452 0.826053 0.51279 0.00407172
2453 0.826053 0.514401 0.00422164
2454 0.826053 0.511285 0.00478511
2455 0.826053 0.513792 0.00445386
2456 0.826053 0.516806 0.00452385
2457 0.826053 0.514844 0.00436285
2458 0.826053 0.513258 0.00424206
2459 0.826053 0.517956 0.00487561
2460 0.826053 0.513455 0.00405743
2461 0.826053 0.514918 0.00413774
2462 0.826053 0.514852 0.00436823
2463 0.826053 0.515596 0.00415325
2464 0.826053 0.515065 0.00466975
2465 0.826053 0.514632 0.00443538
2466 0.826053 0.514384 0.00435709
2467 0.826053 0.516731 0.00449683
2468 0.826053 0.511322 0.00423695
2469 0.826053 0.515146 0.00434839
2470 0.826053 0.512075 0.00420871
2471 0.826053 0.515076 0.00454546
2472 0.826053 0.514567 0.00430153
2473 0.826053 0.513858 0.00408798
2474 0.826053 0.512002 0.0041807
2475 0.826053 0.511266 0.00426186
2476 0.826053 0.513716 0.00412222
2477 0.826053 0.514358 0.00449087
2478 0.826053 0.513353 0.00405203
2479 0.826053 0.515169 0.00447686
2480 0.826053 0.51488 0.00412897
2481 0.826053 0.513726 0.00441035
2482 0.826053 0.517123 0.00470444
2483 0.826053 0.513298 0.00422718
2484 0.826053 0.511332 0.00436606
2485 0.826053 0.519951 0.00457238
2486 0.826053 0.513469 0.00412397
2487 0.826053 0.516396 0.00484753
2488 0.826053 0.513364 0.00421769
2489 0.826053 0.513001 0.00411709
2490 0.826053 0.514041 0.00447629
2491 0.826053 0.517831 0.00442781
2492 0.826053 0.515011 0.00422265
2493 0.826053 0.514102 0.00418542
2494 0.826053 0.514609 0.00408965
2495 0.826053 0.513159 0.0041053
2496 0.826053 0.515073 0.00448614
2497 0.826053 0.516543 0.00450391
2498 0.826053 0.513632 0.00406479
2499 0.826053 0.513749 0.00428956
2500 0.826053 0.515075 0.00427592
2501 0.826053 0.515976 0.00452282
2502 0.826053 0.514008 0.0041154
2503 0.826053 0.515365 0.00432505
2504 0.826053 0.514339 0.00415957
2505 0.826053 0.516402 0.0045461
2506 0.826053 0.513086 0.00453547
2507 0.826053 0.513897 0.004087
2508 0.826053 0.512326 0.00413277
2509 0.826053 0.514243 0.00408986
2510 0.826053 0.519419 0.00552204
2511 0.826053 0.516651 0.00440199
2512 0.826053 0.513308 0.00406974
2513 0.826053 0.515808 0.00417457
2514 0.826053 0.513935 0.00416115
2515 0.826053 0.514058 0.00430881
2516 0.826053 0.513983 0.00412333
2517 0.826053 0.51284 0.00411132
2518 0.826053 0.512515 0.00411987
2519 0.826053 0.512743 0.00412027
2520 0.826053 0.512437 0.00434233
2521 0.826053 0.514744 0.00414175
2522 0.826053 0.514275 0.00424787
2523 0.826053 0.513101 0.0041096
2524 0.826053 0.51253 0.00414854
2525 0.826053 0.515496 0.00446914
2526 0.826053 0.515806 0.00412395
2527 0.826053 0.511221 0.00439642
2528 0.826053 0.513573 0.00405392
2529 0.826053 0.513302 0.00406871
2530 0.826053 0.510686 0.00464912
2531 0.826053 0.510197 0.00464535
2532 0.826053 0.512867 0.00497179
2533 0.826053 0.51612 0.00425551
2534 0.826053 0.513135 0.00405318
2535 0.826053 0.511305 0.00470717
2536 0.826053 0.514473 0.00427573
2537 0.826053 0.513222 0.00417746
2538 0.826053 0.513875 0.0043226
2539 0.826053 0.511198 0.00470677
2540 0.826053 0.513107 0.00407569
2541 0.826053 0.513936 0.00409253
2542 0.826053 0.512443 0.00418303
2543 0.826053 0.510439 0.00448169
2544 0.826053 0.512605 0.00423772
2545 0.826053 0.50951 0.0049413
2546 0.826053 0.51234 0.00433427
2547 0.826053 0.511773 0.00435768
2548 0.826053 0.513066 0.00408338
2549 0.826053 0.512297 0.00414441
2550 0.826053 0.515053 0.00417785
2551 0.826053 0.516776 0.00434675
2552 0.826053 0.514843 0.00435192
2553 0.826053 0.514762 0.00410022
2554 0.826053 0.515187 0.0043094
2555 0.826053 0.513528 0.00406737
2556 0.826053 0.513033 0.00406262
2557 0.826053 0.513563 0.00408123
2558 0.826053 0.513957 0.0043373
2559 0.826053 0.517113 0.00456908
2560 0.826053 0.512492 0.00426309
2561 0.826053 0.514152 0.00411803
2562 0.826053 0.51363 0.00407307
2563 0.826053 0.514327 0.00406356
2564 0.826053 0.513003 0.00419312
2565 0.826053 0.519849 0.00513415
2566 0.826053 0.516809 0.00480227
2567 0.826053 0.512228 0.00422757
2568 0.826053 0.511585 0.00441084
2569 0.826053 0.511536 0.00436991
2570 0.826053 0.517537 0.00445713
2571 0.826053 0.518202 0.00463614
2572 0.826053 0.516658 0.00447087
2573 0.826053 0.51402 0.00485593
2574 0.826053 0.512896 0.00413182
2575 0.826053 0.516514 0.00433959
2576 0.826053 0.513651 0.00429855
2577 0.826053 0.51298 0.00410693
2578 0.826053 0.515152 0.00425606
2579 0.826053 0.513809 0.00432467
2580 0.826053 0.51426 0.00435274
2581 0.826053 0.515775 0.00414031
2582 0.826053 0.516443 0.0050234
2583 0.826053 0.516397 0.00488162
2584 0.826053 0.514259 0.00407667
2585 0.826053 0.519135 0.00512447
2586 0.826053 0.515 0.00418093
2587 0.826053 0.513619 0.00420448
2588 0.826053 0.51551 0.00427477
2589 0.826053 0.512226 0.00411253
2590 0.826053 0.515832 0.00422905
2591 0.826053 0.516786 0.00473647
2592 0.826053 0.516367 0.00484383
2593 0.826053 0.517391 0.00480572
2594 0.826053 0.512886 0.00481459
2595 0.826053 0.516152 0.00409323
2596 0.826053 0.517312 0.00431415
2597 0.826053 0.514859 0.00408993
2598 0.826053 0.517584 0.00450853
2599 0.826053 0.515706 0.00424783
2600 0.826053 0.513742 0.00423138
2601 0.826053 0.518551 0.00483773
2602 0.826053 0.514369 0.00412497
2603 0.826053 0.51475 0.004168
2604 0.826053 0.513151 0.00412082
2605 0.826053 0.514678 0.00425412
2606 0.826053 0.518985 0.00502911
2607 0.826053 0.517767 0.00442341
2608 0.826053 0.515087 0.00416931
2609 0.826053 0.514871 0.00424816
2610 0.826053 0.513383 0.00425217
2611 0.826053 0.516528 0.0043348
2612 0.826053 0.511914 0.00480543
2613 0.826053 0.51359 0.00415116
2614 0.826053 0.514019 0.00410754
2615 0.826053 0.517136 0.00462027
2616 0.826053 0.512023 0.00451118
2617 0.826053 0.514615 0.00429919
2618 0.826053 0.513035 0.00411036
2619 0.826053 0.514334 0.00425922
2620 0.826053 0.511801 0.00511838
2621 0.826053 0.515333 0.00440621
2622 0.826053 0.51206 0.00412157
2623 0.826053 0.509728 0.00465667
2624 0.826053 0.513795 0.00461865
2625 0.826053 0.515227 0.00424523
2626 0.826053 0.513475 0.00426294
2627 0.826053 0.511423 0.00419183
2628 0.826053 0.516299 0.00461419
2629 0.826053 0.513917 0.00405703
2630 0.826053 0.511376 0.00416785
2631 0.826053 0.512906 0.00424316
2632 0.826053 0.514098 0.00447004
2633 0.826053 0.513738 0.0050465
2634 0.826053 0.514529 0.00424713
2635 0.826053 0.512603 0.00410349
2636 0.826053 0.513181 0.00427963
2637 0.826053 0.514731 0.0041158
2638 0.826053 0.51454 0.0040778
2639 0.826053 0.513613 0.00407441
2640 0.826053 0.516309 0.00489797
2641 0.826053 0.511674 0.00430495
2642 0.826053 0.513478 0.00416022
2643 0.826053 0.516514 0.00424129
2644 0.826053 0.515334 0.00415033
2645 0.826053 0.515775 0.00433312
2646 0.826053 0.512671 0.0040955
2647 0.826053 0.511439 0.00435562
2648 0.826053 0.514534 0.00414347
2649 0.826053 0.511581 0.0044466
2650 0.826053 0.515203 0.00439911
2651 0.826053 0.513714 0.00410993
2652 0.826053 0.513452 0.00408196
2653 0.826053 0.514039 0.00477511
2654 0.826053 0.512234 0.00409877
2655 0.826053 0.516508 0.00441423
2656 0.826053 0.518854 0.00534386
2657 0.826053 0.513389 0.00404949
2658 0.826053 0.512894 0.00419755
2659 0.826053 0.513865 0.00413233
2660 0.826053 0.51685 0.00456246
2661 0.826053 0.513966 0.0042198
2662 0.826053 0.515019 0.00417115
2663 0.826053 0.512742 0.00410102
2664 0.826053 0.513786 0.00408862
2665 0.826053 0.513119 0.00405447
2666 0.826053 0.512876 0.00414931
2667 0.826053 0.514929 0.00425347
2668 0.826053 0.514125 0.00412302
2669 0.826053 0.519074 0.00503565
2670 0.826053 0.512546 0.0041406
2671 0.826053 0.518287 0.00490652
2672 0.826053 0.514766 0.00434268
2673 0.826053 0.512484 0.00423981
2674 0.826053 0.515699 0.00469507
2675 0.826053 0.516495 0.00446212
2676 0.826053 0.513911 0.00423749
2677 0.826053 0.513527 0.00446025
2678 0.826053 0.514258 0.00447184
2679 0.826053 0.515472 0.00472447
2680 0.826053 0.513121 0.00407649
2681 0.826053 0.515593 0.00451073
2682 0.826053 0.512826 0.00417994
2683 0.826053 0.516233 0.00433993
2684 0.826053 0.51386 0.00406325
2685 0.826053 0.514134 0.00440862
2686 0.826053 0.515143 0.00436857
2687 0.826053 0.514443 0.00442891
2688 0.826053 0.517035 0.00471597
2689 0.826053 0.514135 0.00410827
2690 0.826053 0.514491 0.00414968
2691 0.826053 0.515502 0.00490726
2692 0.826053 0.515966 0.00437759
2693 0.826053 0.515311 0.00426615
2694 0.826053 0.511068 0.00443045
2695 0.826053 0.516084 0.00450098
2696 0.826053 0.513413 0.00432947
2697 0.826053 0.515589 0.00440903
2698 0.826053 0.514299 0.00420548
2699 0.826053 0.514833 0.00445892
2700 0.826053 0.513528 0.00407694
2701 0.826053 0.514063 0.00410722
2702 0.826053 0.516416 0.00503094
2703 0.826053 0.511288 0.00427296
2704 0.826053 0.512463 0.00485166
2705 0.826053 0.512583 0.00427447
2706 0.826053 0.51406 0.00407818
2707 0.826053 0.514724 0.00416128
2708 0.826053 0.519173 0.00531745
2709 0.826053 0.514097 0.00452615
2710 0.826053 0.512695 0.0041695
2711 0.826053 0.514005 0.00480784
2712 0.826053 0.515034 0.00435582
2713 0.826053 0.514711 0.00416769
2714 0.826053 0.513217 0.00408776
2715 0.826053 0.51428 0.00436828
2716 0.826053 0.516399 0.0043001
2717 0.826053 0.515611 0.0041382
2718 0.826053 0.515655 0.00439739
2719 0.826053 0.511623 0.00423268
2720 0.826053 0.515119 0.00418175
2721 0.826053 0.514561 0.00413219
2722 0.826053 0.514149 0.00412386
2723 0.826053 0.514076 0.00423195
2724 0.826053 0.514861 0.0040801
2725 0.826053 0.517303 0.00460655
2726 0.826053 0.513839 0.0045657
2727 0.826053 0.513634 0.00429028
2728 0.826053 0.513452 0.00433583
2729 0.826053 0.513637 0.0040721
2730 0.826053 0.514195 0.00413366
2731 0.826053 0.521216 0.00491056
2732 0.826053 0.513894 0.00409112
2733 0.826053 0.513264 0.00422587
2734 0.826053 0.515085 0.00413698
2735 0.826053 0.514249 0.00408604
2736 0.826053 0.513988 0.0049689
2737 0.826053 0.514473 0.00432556
2738 0.826053 0.515123 0.00416743
2739 0.826053 0.515034 0.00435376
2740 0.826053 0.514346 0.00416438
2741 0.826053 0.515235 0.00429077
2742 0.826053 0.514148 0.00405335
2743 0.826053 0.512678 0.00419654
2744 0.826053 0.515297 0.00472552
2745 0.826053 0.516957 0.00453872
2746 0.826053 0.513609 0.00411845
2747 0.826053 0.514309 0.00423207
2748 0.826053 0.515965 0.00497997
2749 0.826053 0.514839 0.00423259
2750 0.826053 0.517942 0.00459465
2751 0.826053 0.514632 0.00456073
2752 0.826053 0.515394 0.00429122
2753 0.826053 0.512806 0.00439086
2754 0.826053 0.512911 0.00407227
2755 0.826053 0.517002 0.00442183
2756 0.826053 0.512989 0.00437646
2757 0.826053 0.515099 0.00470607
2758 0.826053 0.514029 0.00415654
2759 0.826053 0.515145 0.00425089
2760 0.826053 0.515387 0.00421895
2761 0.826053 0.513127 0.00425216
2762 0.826053 0.512383 0.00410347
2763 0.826053 0.512663 0.00417953
2764 0.826053 0.511207 0.00517855
2765 0.826053 0.518174 0.00492857
2766 0.826053 0.516335 0.00543749
2767 0.826053 0.5122 0.00458736
2768 0.826053 0.511261 0.00456247
2769 0.826053 0.511463 0.00446435
2770 0.826053 0.513653 0.00424271
2771 0.826053 0.514526 0.00417788
2772 0.826053 0.514903 0.0043973
2773 0.826053 0.51192 0.00415209
2774 0.826053 0.512386 0.00415054
2775 0.826053 0.514403 0.00416302
2776 0.826053 0.513325 0.00414651
2777 0.826053 0.512682 0.00442574
2778 0.826053 0.513932 0.0042087
2779 0.826053 0.51945 0.00455301
2780 0.826053 0.513183 0.00416991
2781 0.826053 0.516438 0.00444682
2782 0.826053 0.513394 0.00425923
2783 0.826053 0.516352 0.00444153
2784 0.826053 0.516434 0.00443693
2785 0.826053 0.513298 0.00411256
2786 0.826053 0.511816 0.00430035
2787 0.826053 0.512251 0.00449123
2788 0.826053 0.515419 0.0042936
2789 0.826053 0.517227 0.00475405
2790 0.826053 0.515743 0.00473611
2791 0.826053 0.513414 0.00562198
2792 0.826053 0.514905 0.00415862
2793 0.826053 0.513553 0.00432087
2794 0.826053 0.513941 0.00479323
2795 0.826053 0.515837 0.00478916
2796 0.826053 0.514488 0.0043862
2797 0.826053 0.514427 0.00418036
2798 0.826053 0.5131 0.00432936
2799 0.826053 0.515492 0.00416732
2800 0.826053 0.51413 0.00409396
2801 0.826053 0.515507 0.00444653
2802 0.826053 0.515062 0.00427442
2803 0.826053 0.514418 0.00418191
2804 0.826053 0.517976 0.0050752
2805 0.826053 0.514 0.00435366
2806 0.826053 0.51757 0.00453249
2807 0.826053 0.514164 0.00422918
2808 0.826053 0.51183 0.00450395
2809 0.826053 0.511472 0.00417442
2810 0.826053 0.517847 0.00557693
2811 0.826053 0.513741 0.00420194
2812 0.826053 0.517124 0.00480149
2813 0.826053 0.517601 0.00501601
2814 0.826053 0.516656 0.0042688
2815 0.826053 0.515989 0.00430982
2816 0.826053 0.514483 0.00446106
2817 0.826053 0.513922 0.00462172
2818 0.826053 0.515038 0.00450135
2819 0.826053 0.516642 0.00487097
2820 0.826053 0.513288 0.00455575
2821 0.826053 0.519543 0.0046205
2822 0.826053 0.516271 0.0041855
2823 0.826053 0.516619 0.00441418
2824 0.826053 0.512278 0.00431183
2825 0.826053 0.511252 0.00443905
2826 0.826053 0.513915 0.00409287
2827 0.826053 0.514424 0.0043361
2828 0.826053 0.519912 0.00488655
2829 0.826053 0.513443 0.0045526
2830 0.826053 0.511073 0.00462506
2831 0.826053 0.513857 0.00406844
2832 0.826053 0.513195 0.00409974
2833 0.826053 0.513486 0.00406597
2834 0.826053 0.515857 0.00444525
2835 0.826053 0.514342 0.00415101
2836 0.826053 0.515308 0.00502949
2837 0.826053 0.517381 0.00452768
2838 0.826053 0.515098 0.00418705
2839 0.826053 0.513157 0.0042632
2840 0.826053 0.517201 0.00443935
2841 0.826053 0.514371 0.00525155
2842 0.826053 0.515328 0.004295
2843 0.826053 0.519924 0.0049799
2844 0.826053 0.518654 0.00466786
2845 0.826053 0.515409 0.00430537
2846 0.826053 0.516193 0.00468114
2847 0.826053 0.515885 0.00418618
2848 0.826053 0.515261 0.00415748
2849 0.826053 0.513707 0.00413833
2850 0.826053 0.515092 0.00503881
2851 0.826053 0.512015 0.00456982
2852 0.826053 0.516523 0.0049893
2853 0.826053 0.514745 0.00417996
2854 0.826053 0.516605 0.00466009
2855 0.826053 0.512451 0.00415524
2856 0.826053 0.512877 0.00443737
2857 0.826053 0.517548 0.00421614
2858 0.826053 0.517595 0.00459782
2859 0.826053 0.520035 0.00483558
2860 0.826053 0.518564 0.0051079
2861 0.826053 0.513958 0.00409348
2862 0.826053 0.512618 0.00411532
2863 0.826053 0.518044 0.0049018
2864 0.826053 0.514083 0.00447889
2865 0.826053 0.515379 0.0042441
2866 0.826053 0.514069 0.00455547
2867 0.826053 0.517582 0.00455181
2868 0.826053 0.513547 0.00413952
2869 0.826053 0.513597 0.00490479
2870 0.826053 0.51454 0.00422556
2871 0.826053 0.51386 0.00425857
2872 0.826053 0.520648 0.00574648
2873 0.826053 0.516912 0.00430739
2874 0.826053 0.513314 0.00445256
2875 0.826053 0.513201 0.00421411
2876 0.826053 0.513565 0.00412841
2877 0.826053 0.514739 0.00431018
2878 0.826053 0.516406 0.0043044
2879 0.826053 0.512935 0.00410206
2880 0.826053 0.518629 0.00517013
2881 0.826053 0.51497 0.00438864
2882 0.826053 0.512124 0.00410034
2883 0.826053 0.514117 0.00420207
2884 0.826053 0.514887 0.00459598
2885 0.826053 0.512383 0.00440859
2886 0.826053 0.512991 0.0042394
2887 0.826053 0.515792 0.00431821
2888 0.826053 0.514021 0.00415635
2889 0.826053 0.511982 0.00412933
2890 0.826053 0.514511 0.00427785
2891 0.826053 0.513469 0.00407221
2892 0.826053 0.514171 0.00417684
2893 0.826053 0.51331 0.00406086
2894 0.826053 0.515464 0.00433074
2895 0.826053 0.512509 0.00443461
2896 0.826053 0.515415 0.00432572
2897 0.826053 0.513279 0.00409043
2898 0.826053 0.516003 0.00414587
2899 0.826053 0.513573 0.00405689
2900 0.826053 0.517117 0.0045262
2901 0.826053 0.517655 0.00501761
2902 0.826053 0.513943 0.00424271
2903 0.826053 0.515949 0.00438854
2904 0.826053 0.513141 0.00410438
2905 0.826053 0.517808 0.00478737
2906 0.826053 0.514576 0.00433808
2907 0.826053 0.517677 0.00565468
2908 0.826053 0.51545 0.0041653
2909 0.826053 0.515553 0.00420066
2910 0.826053 0.514364 0.0042668
2911 0.826053 0.51677 0.0045162
2912 0.826053 0.51702 0.004265
2913 0.826053 0.513037 0.00409209
2914 0.826053 0.51242 0.0040872
2915 0.826053 0.513869 0.00412187
2916 0.826053 0.516258 0.00461374
2917 0.826053 0.516072 0.00418857
2918 0.826053 0.513036 0.00408902
2919 0.826053 0.514162 0.0041749
2920 0.826053 0.514052 0.00415126
2921 0.826053 0.512947 0.00420794
2922 0.826053 0.513692 0.00453103
2923 0.826053 0.51419 0.00421507
2924 0.826053 0.515124 0.00430648
2925 0.826053 0.514547 0.00423771
2926 0.826053 0.518147 0.00490352
2927 0.826053 0.511812 0.00437706
2928 0.826053 0.519564 0.00489465
2929 0.826053 0.512686 0.0042285
2930 0.826053 0.517382 0.00453252
2931 0.826053 0.514081 0.00416689
2932 0.826053 0.513571 0.00410168
2933 0.826053 0.512823 0.00414362
2934 0.826053 0.50962 0.00462629
2935 0.826053 0.512695 0.00410929
2936 0.826053 0.51597 0.0052264
2937 0.826053 0.515208 0.00416885
2938 0.826053 0.514624 0.00424275
2939 0.826053 0.515976 0.00465436
2940 0.826053 0.514018 0.00411568
2941 0.826053 0.515499 0.00414684
2942 0.826053 0.514409 0.00411155
2943 0.826053 0.520327 0.0052017
2944 0.826053 0.514946 0.00454466
2945 0.826053 0.514963 0.00411528
2946 0.826053 0.512601 0.0042115
2947 0.826053 0.518137 0.00456479
2948 0.826053 0.511703 0.00506585
2949 0.826053 0.512701 0.00412012
2950 0.826053 0.51366 0.00407204
2951 0.826053 0.51454 0.00415984
2952 0.826053 0.511586 0.00445739
2953 0.826053 0.513115 0.0047533
2954 0.826053 0.513788 0.00435767
2955 0.826053 0.519447 0.00540915
2956 0.826053 0.514234 0.00455856
2957 0.826053 0.516568 0.00436789
2958 0.826053 0.513149 0.00408468
2959 0.826053 0.514088 0.00423306
2960 0.826053 0.512648 0.00419367
2961 0.826053 0.513373 0.00412091
2962 0.826053 0.518014 0.00481894
2963 0.826053 0.518008 0.00507612
2964 0.826053 0.512876 0.00458664
2965 0.826053 0.513864 0.00407176
2966 0.826053 0.514127 0.00410425
2967 0.826053 0.513795 0.00445435
2968 0.826053 0.513728 0.00406523
2969 0.826053 0.515923 0.00420013
2970 0.826053 0.51827 0.00508118
2971 0.826053 0.513537 0.00513451
2972 0.826053 0.512781 0.0045664
2973 0.826053 0.514212 0.00412715
2974 0.826053 0.513087 0.00426539
2975 0.826053 0.513187 0.00462065
2976 0.826053 0.514031 0.00413289
2977 0.826053 0.513907 0.00441498
2978 0.826053 0.516114 0.00420973
2979 0.827492 0.518456 0.00513368
2980 0.827492 0.515951 0.00421532
2981 0.827492 0.514335 0.00422562
2982 0.827492 0.513545 0.0042889
2983 0.827492 0.513791 0.0044553
2984 0.827492 0.513342 0.00461709
2985 0.827492 0.513645 0.00409668
2986 0.827492 0.515674 0.00445416
2987 0.827492 0.514067 0.00432623
2988 0.827492 0.512817 0.00491143
2989 0.827492 0.513162 0.00460159
2990 0.827492 0.513325 0.00418144
2991 0.827492 0.514886 0.00423248
2992 0.827492 0.514912 0.00420601
2993 0.827492 0.517203 0.00454444
2994 0.827492 0.512874 0.00414894
2995 0.827492 0.514016 0.00414193
2996 0.827492 0.51495 0.00420677
2997 0.827492 0.51422 0.00430756
2998 0.827492 0.515606 0.0041623
2999 0.827492 0.513099 0.00409462
3000 0.827492 0.51656 0.00448349
