0 0.646914 0.498373 0.000617141 0s
1 0.646914 0.501298 0.000829914 6.0221s
2 0.646914 0.505963 0.00107988 6.50459s
3 0.646914 0.503991 0.00135582 5.95732s
4 0.646914 0.507872 0.00132531 6.04588s
5 0.646914 0.508827 0.00144561 6.18935s
6 0.650179 0.50873 0.00171353 5.90123s
7 0.65051 0.510378 0.00165999 5.83942s
8 0.67695 0.510727 0.00185383 5.83601s
9 0.67695 0.512214 0.00208309 5.87566s
10 0.67742 0.512342 0.00243476 5.85566s
11 0.67742 0.512895 0.00262257 5.94394s
12 0.67742 0.515078 0.00251035 5.98728s
13 0.67742 0.513954 0.00269502 5.90688s
14 0.67742 0.514478 0.00275253 5.94806s
15 0.67742 0.512685 0.00236603 5.87726s
16 0.67742 0.515951 0.00263017 5.8544s
17 0.67742 0.515183 0.00286054 5.9184s
18 0.67742 0.514833 0.00254297 5.84983s
19 0.67742 0.515453 0.00277534 5.93724s
20 0.687924 0.51444 0.00289559 5.94537s
21 0.687924 0.513709 0.00280186 6.1784s
22 0.687924 0.514868 0.00270399 5.88106s
23 0.687924 0.514429 0.00282117 5.91016s
24 0.687924 0.515098 0.00280648 5.89679s
25 0.687924 0.513374 0.00282662 5.85498s
26 0.687924 0.514668 0.00299903 5.94371s
27 0.687924 0.514906 0.00327244 5.82653s
28 0.687924 0.514467 0.00309888 5.78169s
29 0.687924 0.517648 0.00291849 5.92407s
30 0.687924 0.51684 0.0029306 5.90325s
31 0.706075 0.516122 0.00315194 5.86906s
32 0.706075 0.516435 0.00316657 5.86116s
33 0.706075 0.512991 0.00309063 5.82583s
34 0.706075 0.514857 0.00328499 5.90982s
35 0.706075 0.518682 0.00313493 6.00802s
36 0.706075 0.521235 0.00291777 5.84076s
37 0.706075 0.517578 0.00290377 5.80215s
38 0.706075 0.517172 0.00324086 5.91157s
39 0.706075 0.515628 0.00311606 5.82016s
40 0.706075 0.517085 0.00329425 5.92848s
41 0.706075 0.517645 0.00344396 5.94026s
42 0.706075 0.51696 0.00348458 5.87275s
43 0.706075 0.518774 0.00346278 5.85314s
44 0.706075 0.517401 0.00326737 5.85173s
45 0.706075 0.51781 0.003594 5.95786s
46 0.706075 0.517339 0.00338514 5.9025s
47 0.706075 0.515228 0.00374143 6.18569s
48 0.706075 0.515362 0.00381134 5.73835s
49 0.706075 0.515452 0.00347856 5.70576s
50 0.706075 0.519245 0.00358886 5.85303s
51 0.706075 0.519389 0.00350073 5.74917s
52 0.706075 0.51921 0.00329523 5.74959s
53 0.706075 0.521553 0.00321543 5.69177s
54 0.706075 0.519377 0.00362066 5.77849s
55 0.706075 0.521798 0.00348166 5.74262s
56 0.706075 0.521747 0.00369289 5.75403s
57 0.706075 0.521804 0.0036851 5.77393s
58 0.706075 0.51978 0.00391266 5.75689s
59 0.706075 0.519971 0.00356094 5.78358s
60 0.706075 0.520893 0.00370888 5.7393s
61 0.706075 0.521238 0.00402687 5.74943s
62 0.708823 0.522835 0.00380609 5.83189s
63 0.708823 0.521628 0.00393827 5.76487s
64 0.722967 0.520576 0.00409218 5.71021s
65 0.722967 0.5202 0.0039887 5.73139s
66 0.730248 0.524221 0.00437442 5.89781s
67 0.730248 0.523151 0.00431995 5.72282s
68 0.730248 0.520929 0.00459418 5.72227s
69 0.730248 0.522692 0.00457914 5.78326s
70 0.730248 0.521737 0.00450427 5.72311s
71 0.730248 0.52084 0.00465186 5.74128s
72 0.730248 0.520119 0.00437707 5.70698s
73 0.730248 0.522667 0.00401657 5.73419s
74 0.730248 0.520109 0.00444093 5.75152s
75 0.730248 0.521358 0.00442242 5.68849s
76 0.730248 0.525275 0.00462756 5.70457s
77 0.730248 0.5237 0.00447026 5.76389s
78 0.730248 0.521185 0.0044678 5.7274s
79 0.730248 0.520701 0.0047116 5.68752s
80 0.730248 0.521073 0.00451691 5.66582s
81 0.730248 0.521713 0.00493781 5.71308s
82 0.730248 0.523052 0.00476511 5.68154s
83 0.730248 0.52294 0.00472653 5.72678s
84 0.730248 0.525565 0.00471557 5.7044s
85 0.730248 0.525662 0.00529279 5.6838s
86 0.730248 0.522481 0.00492047 5.68834s
87 0.730248 0.522193 0.0051902 5.72636s
88 0.730248 0.523658 0.00505249 5.71252s
89 0.751757 0.526491 0.00553267 5.70853s
90 0.751757 0.526237 0.00556156 5.72126s
91 0.751757 0.524013 0.00523465 5.72502s
92 0.751757 0.522363 0.00576441 5.70392s
93 0.751757 0.529163 0.00580897 5.73561s
94 0.751757 0.530078 0.00575188 5.74261s
95 0.751757 0.529948 0.00593856 5.78749s
96 0.751757 0.524594 0.00576671 5.67845s
97 0.751757 0.526623 0.00537832 5.72274s
98 0.751757 0.524763 0.0055367 5.71536s
99 0.751757 0.525084 0.00563007 5.74996s
100 0.751757 0.528059 0.00564508 5.8027s
101 0.751757 0.528718 0.0065879 5.75598s
102 0.751757 0.523755 0.00629117 5.7554s
103 0.751757 0.528677 0.00606355 5.71535s
104 0.755686 0.530741 0.006643 5.80202s
105 0.755686 0.530239 0.00679267 5.7565s
106 0.755686 0.527794 0.00657355 5.77464s
107 0.755686 0.528195 0.00674222 5.73736s
108 0.755686 0.529531 0.00700641 5.74975s
109 0.755686 0.529898 0.00706087 5.69607s
110 0.755686 0.530466 0.00787469 5.99654s
111 0.755686 0.528499 0.00723397 5.78673s
112 0.755686 0.53252 0.00727778 5.8046s
113 0.755686 0.536296 0.00754385 5.80468s
114 0.755686 0.537218 0.00733578 6.03649s
115 0.755686 0.538498 0.00703243 5.72344s
116 0.755686 0.541982 0.00777516 5.75196s
117 0.755686 0.535932 0.0076984 5.78329s
118 0.755686 0.537053 0.00730877 5.77322s
119 0.755686 0.534734 0.00740863 5.7455s
120 0.755686 0.536575 0.00788247 5.81093s
121 0.755686 0.540873 0.00688469 5.74609s
122 0.755686 0.536514 0.0075126 5.7721s
123 0.755686 0.535972 0.00729666 5.77679s
124 0.755686 0.535668 0.00685308 5.77115s
125 0.755686 0.539669 0.00710953 5.71616s
126 0.755686 0.539379 0.00755751 5.78192s
127 0.755686 0.530262 0.00689176 5.76121s
128 0.755686 0.530449 0.0066355 5.7222s
129 0.755686 0.538888 0.00711412 5.73355s
130 0.755686 0.540939 0.00742169 5.75153s
131 0.755686 0.54037 0.00701331 5.7496s
132 0.755686 0.547951 0.00773018 5.78182s
133 0.755686 0.544864 0.00765946 5.7826s
134 0.755686 0.544399 0.00776524 5.69065s
135 0.755686 0.54986 0.00798565 5.75826s
136 0.755686 0.54794 0.0078706 5.75585s
137 0.755686 0.547762 0.00804713 5.75044s
138 0.755686 0.542454 0.00803703 5.74542s
139 0.755686 0.543346 0.00813049 5.99185s
140 0.755686 0.546888 0.0081658 5.76364s
141 0.755686 0.544758 0.00789306 5.71395s
142 0.755686 0.544404 0.00770936 5.74709s
143 0.755686 0.547682 0.00829125 5.71743s
144 0.756728 0.542506 0.00842767 5.74537s
145 0.756728 0.540132 0.00823604 5.72365s
146 0.756728 0.542898 0.00833585 5.71932s
147 0.756728 0.540075 0.00888964 6.1058s
148 0.756728 0.547471 0.0084086 5.76774s
149 0.756728 0.545154 0.00815201 5.74732s
150 0.779165 0.551042 0.00809241 5.73305s
151 0.779165 0.544512 0.00891539 5.80392s
152 0.779165 0.548926 0.00812536 5.78239s
153 0.779165 0.543452 0.00837044 5.73267s
154 0.779165 0.550292 0.00816749 5.75973s
155 0.779165 0.550672 0.00901465 5.73076s
156 0.779165 0.556096 0.00991397 5.74292s
157 0.779165 0.553522 0.00922556 5.74897s
158 0.779165 0.553226 0.00868777 5.70065s
159 0.779165 0.559217 0.00823775 5.75955s
160 0.779165 0.554982 0.00782545 5.72444s
161 0.779165 0.555015 0.00806013 5.71939s
162 0.783568 0.551521 0.00822418 5.76483s
163 0.783568 0.54651 0.00837909 5.7563s
164 0.783568 0.548494 0.00871946 5.75503s
165 0.783568 0.549939 0.00873483 5.7698s
166 0.783568 0.552125 0.00974565 5.74644s
167 0.783568 0.545559 0.00853909 5.72716s
168 0.783568 0.544323 0.00940157 5.86656s
169 0.783568 0.549207 0.0096718 5.71511s
170 0.783568 0.553984 0.00983845 5.71415s
171 0.783568 0.549578 0.00907595 5.73632s
172 0.783568 0.551963 0.008 5.75394s
173 0.785894 0.551866 0.00888547 5.76522s
174 0.785894 0.548721 0.00902597 5.95314s
175 0.785894 0.546355 0.00909713 5.76968s
176 0.785894 0.543468 0.00841479 5.71415s
177 0.787557 0.545484 0.00921822 5.75253s
178 0.787557 0.546578 0.0097833 5.76904s
179 0.787557 0.548162 0.00949097 5.76705s
180 0.787557 0.545226 0.00927566 5.78399s
181 0.787557 0.54462 0.00960386 5.7759s
182 0.787557 0.556842 0.00936475 5.7496s
183 0.787557 0.548413 0.00905593 5.85138s
184 0.787557 0.541417 0.0089321 5.84124s
185 0.787557 0.547482 0.00935143 5.76648s
186 0.787557 0.553362 0.00948309 5.74009s
187 0.787557 0.539299 0.00843715 5.79088s
188 0.787557 0.546606 0.00891713 5.74132s
189 0.787557 0.54243 0.00933497 5.78831s
190 0.787557 0.547793 0.00962282 5.78533s
191 0.787557 0.554554 0.0094664 5.78018s
192 0.787557 0.555845 0.0094608 5.70825s
193 0.787557 0.551381 0.00927385 5.7712s
194 0.787557 0.561514 0.0100114 5.76122s
195 0.787557 0.552604 0.00960857 5.89564s
196 0.787557 0.553705 0.00932168 5.7305s
197 0.787557 0.557921 0.0099353 5.75138s
198 0.787557 0.554609 0.0101693 5.72905s
199 0.795113 0.566826 0.0107454 5.78345s
200 0.795113 0.561933 0.0103506 5.84049s
201 0.795113 0.549417 0.00990921 5.78968s
202 0.795113 0.559918 0.0111468 5.75914s
203 0.795113 0.560389 0.0112809 5.75592s
204 0.795113 0.563813 0.0105487 5.72647s
205 0.795113 0.560175 0.0106082 5.76468s
206 0.795113 0.555185 0.0101107 5.75165s
207 0.795113 0.556517 0.0109593 5.79483s
208 0.795113 0.554128 0.0103515 5.73975s
209 0.795113 0.554831 0.0102957 5.78968s
210 0.795113 0.55349 0.0100047 5.74778s
211 0.795113 0.557346 0.0111474 5.70661s
212 0.795113 0.560754 0.0106906 5.74315s
213 0.795113 0.552681 0.0104841 5.72838s
214 0.795113 0.554597 0.0103458 5.75069s
215 0.795113 0.55553 0.0105937 5.74802s
216 0.795113 0.550596 0.0106496 5.70758s
217 0.799496 0.555358 0.0109719 5.72576s
218 0.799496 0.555392 0.0112419 5.83691s
219 0.799496 0.543191 0.0105864 5.81277s
220 0.799496 0.55721 0.0108127 5.76262s
221 0.799496 0.552233 0.0108191 5.71417s
222 0.799496 0.553534 0.0116925 5.73394s
223 0.800976 0.552983 0.0104222 5.75209s
224 0.800976 0.547941 0.0108219 5.77065s
225 0.800976 0.544977 0.0100683 5.74445s
226 0.800976 0.550854 0.0106798 5.7172s
227 0.800976 0.549587 0.0102399 5.74242s
228 0.800976 0.551148 0.0116326 5.75015s
229 0.800976 0.549366 0.0103948 5.72596s
230 0.800976 0.547048 0.00984588 5.74186s
231 0.800976 0.550148 0.0112649 5.77718s
232 0.802381 0.554817 0.0125433 5.74194s
233 0.802381 0.557157 0.0118111 6.01439s
234 0.802381 0.552424 0.0117968 5.97141s
235 0.802381 0.555839 0.0117624 5.74983s
236 0.810759 0.554967 0.011744 5.73973s
237 0.810759 0.554919 0.0105037 5.69077s
238 0.810759 0.548361 0.0100751 5.7521s
239 0.810759 0.553399 0.0106817 5.77516s
240 0.810759 0.559717 0.0116138 5.7241s
241 0.810759 0.559814 0.0107227 5.72569s
242 0.810759 0.548691 0.0108947 5.77323s
243 0.810759 0.556104 0.0112966 5.83592s
244 0.810759 0.55409 0.0103705 5.77183s
245 0.810759 0.558804 0.0108966 5.75955s
246 0.810759 0.554881 0.0102396 5.73273s
247 0.810759 0.550573 0.0112664 5.73264s
248 0.810759 0.54894 0.0105441 5.77495s
249 0.810759 0.549528 0.0111128 5.75865s
250 0.810759 0.554329 0.0110796 5.7481s
251 0.810759 0.553188 0.0114461 5.90766s
252 0.810759 0.55598 0.0114993 5.75069s
253 0.810759 0.556314 0.0113459 5.75263s
254 0.810759 0.548869 0.0116251 5.7274s
255 0.810759 0.554537 0.0113783 5.77903s
256 0.810759 0.547891 0.0109413 5.74026s
257 0.810759 0.558104 0.0113399 6.00673s
258 0.810759 0.553259 0.011417 5.77974s
259 0.810759 0.555202 0.0114265 5.77491s
260 0.810759 0.556008 0.0119893 5.79599s
261 0.810759 0.551327 0.0111693 5.76307s
262 0.810759 0.544792 0.0102372 5.75033s
263 0.810759 0.544359 0.0107458 5.77336s
264 0.810759 0.555228 0.0110174 5.74027s
265 0.810759 0.553047 0.0107766 5.80393s
266 0.810759 0.546676 0.0107222 5.78273s
267 0.811663 0.549951 0.0118713 5.77138s
268 0.811663 0.554109 0.0102581 6.0747s
269 0.811663 0.549058 0.0112106 5.77231s
270 0.811663 0.5538 0.011834 5.78648s
271 0.811663 0.551907 0.0115884 5.98281s
272 0.811663 0.552 0.0119574 5.7634s
273 0.811663 0.557334 0.0113522 5.80522s
274 0.811663 0.552883 0.0113154 5.74314s
275 0.811663 0.556644 0.0124764 5.80685s
276 0.811663 0.559879 0.0124989 6.03236s
277 0.811663 0.558273 0.0105666 5.7688s
278 0.811663 0.55114 0.0111468 5.81006s
279 0.811663 0.553958 0.0120011 5.79719s
280 0.811663 0.563545 0.0116031 5.73912s
281 0.811663 0.561579 0.0138237 5.75522s
282 0.811814 0.558176 0.0121979 5.88422s
283 0.811814 0.553253 0.0117452 6.06403s
284 0.811814 0.555259 0.0122042 6.017s
285 0.811814 0.552994 0.0105849 5.77695s
286 0.816163 0.551748 0.0108194 5.75658s
287 0.816163 0.552422 0.0112193 5.86135s
288 0.816163 0.554679 0.0120713 5.96839s
289 0.816163 0.559211 0.0117375 5.85314s
290 0.816163 0.5612 0.0132126 5.7761s
291 0.816163 0.551398 0.0116877 5.77111s
292 0.816163 0.553981 0.0106464 5.81358s
293 0.816163 0.566808 0.0124072 5.78987s
294 0.816163 0.555252 0.0115477 5.73854s
295 0.829675 0.555102 0.0118066 5.80207s
296 0.829675 0.552741 0.011729 5.77514s
297 0.829675 0.554459 0.011578 5.79724s
298 0.829675 0.555938 0.0115608 5.7881s
299 0.829675 0.551823 0.011299 5.81146s
300 0.829675 0.540954 0.0115232 5.78974s
301 0.847115 0.556449 0.012274 5.8059s
302 0.847115 0.55684 0.0120988 5.76611s
303 0.847115 0.551287 0.0120205 5.81219s
304 0.847115 0.560641 0.0120997 5.82775s
305 0.847115 0.55749 0.0122627 5.8017s
306 0.847115 0.560597 0.0114234 5.82222s
307 0.847115 0.555924 0.0112891 5.80366s
308 0.847115 0.550374 0.0122989 5.75752s
309 0.847115 0.562961 0.0120757 5.77354s
310 0.847115 0.565962 0.0119804 5.74371s
311 0.847115 0.557184 0.0114402 5.76107s
312 0.847115 0.560693 0.011159 5.77161s
313 0.847115 0.55647 0.0115546 5.73719s
314 0.847115 0.554588 0.012257 5.78855s
315 0.847115 0.553617 0.0116734 5.80816s
316 0.847115 0.560146 0.0117423 5.75068s
317 0.847115 0.559234 0.0120925 5.75314s
318 0.847115 0.564419 0.0120529 5.77224s
319 0.847115 0.56666 0.0122871 5.78883s
320 0.847115 0.566766 0.01238 5.73375s
321 0.847115 0.565317 0.0125581 6.03837s
322 0.847115 0.564773 0.0132297 5.76903s
323 0.847115 0.561035 0.0125514 5.76949s
324 0.847115 0.558598 0.0119557 5.76056s
325 0.847115 0.555773 0.0118368 5.78085s
326 0.847115 0.558802 0.0117113 5.80401s
327 0.847115 0.55443 0.0113519 5.79376s
328 0.847115 0.564117 0.0118701 5.79044s
329 0.847115 0.557523 0.0122498 5.77s
330 0.847115 0.555828 0.0125312 5.90064s
331 0.847115 0.553384 0.0113679 5.78649s
332 0.847115 0.562576 0.0128037 5.79928s
333 0.847115 0.569911 0.01319 5.77366s
334 0.847115 0.557099 0.0122732 5.79949s
335 0.847115 0.557005 0.0123553 5.77776s
336 0.847115 0.567818 0.0128689 5.77851s
337 0.847115 0.559793 0.0125439 5.73242s
338 0.847115 0.555766 0.0118135 5.80942s
339 0.847115 0.560026 0.0121267 5.89427s
340 0.847115 0.562088 0.0128307 5.76174s
341 0.847115 0.559598 0.0130111 5.74306s
342 0.847115 0.564631 0.0130422 5.78662s
343 0.847115 0.569313 0.0122294 5.76177s
344 0.847115 0.561454 0.0127123 5.76676s
345 0.847115 0.553288 0.0121643 5.76701s
346 0.847115 0.561519 0.0125662 5.74964s
347 0.847115 0.560207 0.0123827 5.79296s
348 0.847473 0.558055 0.0127607 5.77727s
349 0.847473 0.557867 0.0120998 5.73372s
350 0.847473 0.56172 0.0134708 5.76042s
351 0.847473 0.55882 0.0133455 5.79484s
352 0.847473 0.562859 0.0134324 5.74978s
353 0.847473 0.56271 0.0137058 5.76671s
354 0.847473 0.566044 0.0144542 5.99429s
355 0.847473 0.556993 0.0132761 5.76047s
356 0.847473 0.556772 0.0135968 5.74965s
357 0.847473 0.561951 0.0134632 5.74728s
358 0.847473 0.550352 0.0130779 5.79737s
359 0.847473 0.552202 0.0134174 5.74353s
360 0.847473 0.556895 0.0136193 5.81274s
361 0.847473 0.556488 0.0135643 5.72313s
362 0.847473 0.552821 0.0138552 5.7467s
363 0.847473 0.557805 0.0137642 5.75804s
364 0.847473 0.56519 0.0148377 5.80122s
365 0.847473 0.558676 0.0143773 5.73591s
366 0.847473 0.566256 0.0150505 5.78208s
367 0.847473 0.568305 0.014113 5.80541s
368 0.847473 0.566992 0.0139586 6.04124s
369 0.847473 0.570281 0.0131343 5.73412s
370 0.847473 0.565725 0.0140231 5.74796s
371 0.847473 0.577831 0.014247 5.75933s
372 0.847473 0.572909 0.0139457 5.76077s
373 0.847473 0.573828 0.0137061 5.73983s
374 0.847473 0.569939 0.0138031 5.79827s
375 0.847473 0.563823 0.0129988 5.72562s
376 0.847473 0.563789 0.0141834 5.77825s
377 0.847473 0.558522 0.0134349 5.75331s
378 0.847473 0.565771 0.0140821 5.99238s
379 0.847473 0.562824 0.0144161 5.78081s
380 0.847473 0.557687 0.0131774 5.79998s
381 0.847473 0.566309 0.0137682 5.77559s
382 0.847473 0.567437 0.0138552 5.80986s
383 0.847473 0.567893 0.0138717 5.80848s
384 0.847473 0.568972 0.0147828 5.73661s
385 0.847473 0.56247 0.0147515 5.75598s
386 0.847473 0.573521 0.0150771 5.75395s
387 0.847473 0.567684 0.0144196 5.76544s
388 0.848152 0.574461 0.0153623 5.7192s
389 0.848152 0.58091 0.0157567 5.72571s
390 0.848152 0.572673 0.0151553 5.79756s
391 0.848152 0.572127 0.014113 6.05478s
392 0.848152 0.567052 0.0141771 5.80039s
393 0.848152 0.566436 0.0153282 5.7694s
394 0.848152 0.564535 0.0142141 5.82648s
395 0.848152 0.563293 0.014291 5.77293s
396 0.848152 0.561893 0.0140805 5.7443s
397 0.848902 0.565167 0.0158972 5.7924s
398 0.849933 0.565147 0.0150717 5.77065s
399 0.849933 0.561489 0.0146915 5.79354s
400 0.849933 0.559844 0.0143962 5.77563s
401 0.849933 0.5672 0.0154562 5.76788s
402 0.849933 0.564958 0.0149655 5.77161s
403 0.849933 0.564852 0.0147503 5.77331s
404 0.849933 0.56744 0.0150091 5.76089s
405 0.849933 0.55913 0.014823 5.77303s
406 0.849933 0.563111 0.0152614 5.78409s
407 0.849933 0.567531 0.0146575 5.74972s
408 0.849933 0.562867 0.0150858 5.75704s
409 0.849933 0.570696 0.0165391 5.81417s
410 0.850675 0.561117 0.0148508 5.83545s
411 0.850675 0.556576 0.0151483 5.7343s
412 0.850675 0.56326 0.0149602 5.81058s
413 0.850675 0.551791 0.0135713 5.75804s
414 0.850675 0.561215 0.0136192 5.79872s
415 0.850675 0.56319 0.0141786 5.78833s
416 0.85083 0.558863 0.01443 5.75392s
417 0.85083 0.550934 0.013923 5.79569s
418 0.85083 0.554424 0.013837 5.81859s
419 0.85083 0.555007 0.0156437 5.73089s
420 0.85083 0.559195 0.0153001 6.18421s
421 0.85083 0.55856 0.014752 5.74795s
422 0.852255 0.560797 0.0151025 5.7363s
423 0.852255 0.554746 0.014866 5.80961s
424 0.852255 0.550268 0.0139257 5.77273s
425 0.852255 0.54689 0.0151715 5.97163s
426 0.852255 0.557617 0.0148353 5.77053s
427 0.855484 0.554562 0.0163994 5.80416s
428 0.855484 0.553288 0.0153122 5.82716s
429 0.855484 0.55176 0.0142258 5.80363s
430 0.855484 0.559285 0.0150156 5.73443s
431 0.855484 0.5678 0.0149932 5.73805s
432 0.855484 0.558754 0.0136698 5.80747s
433 0.855636 0.571532 0.0149156 5.76971s
434 0.855636 0.568434 0.0148823 5.82705s
435 0.855636 0.569594 0.0152399 5.77352s
436 0.855636 0.56837 0.0155344 5.78226s
437 0.855636 0.567223 0.0153585 5.79945s
438 0.855636 0.559003 0.0142481 5.75335s
439 0.855636 0.563893 0.0157891 5.7623s
440 0.855636 0.560809 0.0157395 5.77375s
441 0.855636 0.56604 0.0157417 5.71839s
442 0.855912 0.566427 0.0147192 5.75304s
443 0.855912 0.568269 0.0150196 5.82694s
444 0.855912 0.570679 0.015381 5.71735s
445 0.855912 0.564373 0.0152088 5.7608s
446 0.856175 0.564525 0.0152307 5.77709s
447 0.856175 0.561398 0.0150233 5.78122s
448 0.856175 0.565081 0.0146911 5.77624s
449 0.856175 0.56955 0.0147915 5.76367s
450 0.856175 0.565333 0.0154446 5.76403s
451 0.856175 0.562749 0.0145039 5.76648s
452 0.856175 0.558784 0.0144403 5.75188s
453 0.856175 0.558152 0.0148308 5.78468s
454 0.856175 0.56648 0.015623 5.81872s
455 0.856175 0.568262 0.0160394 5.80614s
456 0.856175 0.557659 0.0147057 5.77617s
457 0.856175 0.559933 0.0150664 5.77546s
458 0.856175 0.565409 0.0156126 5.76765s
459 0.856175 0.561489 0.0155963 5.8427s
460 0.856428 0.567737 0.0172502 5.89389s
461 0.856428 0.565805 0.0158422 5.80421s
462 0.856428 0.559806 0.0155332 5.79572s
463 0.856428 0.56054 0.0150698 5.78031s
464 0.856428 0.557275 0.0148574 6.01826s
465 0.856717 0.55832 0.0157993 5.74127s
466 0.856717 0.559149 0.0159302 5.75929s
467 0.856717 0.559272 0.0158341 5.81436s
468 0.856717 0.562688 0.0156401 5.76879s
469 0.856717 0.564179 0.014705 5.7733s
470 0.856717 0.571197 0.014885 5.76052s
471 0.856834 0.577463 0.0167593 5.78888s
472 0.856834 0.570857 0.01593 5.74602s
473 0.856834 0.570273 0.0143438 5.73047s
474 0.856834 0.562798 0.0163345 5.78698s
475 0.856834 0.570996 0.0170886 5.7645s
476 0.856834 0.565085 0.0154644 5.7732s
477 0.857325 0.569654 0.0155221 5.7764s
478 0.857325 0.572393 0.0155801 5.80273s
479 0.857325 0.577511 0.0165489 5.74216s
480 0.857325 0.57997 0.0171568 5.79569s
481 0.857325 0.58078 0.0158755 5.79041s
482 0.857325 0.57594 0.0166449 5.71558s
483 0.857325 0.571538 0.0155472 5.7812s
484 0.857325 0.573158 0.0160827 5.80205s
485 0.857493 0.572526 0.0177728 5.78363s
486 0.857493 0.576951 0.0149303 5.74888s
487 0.857493 0.576921 0.0156437 5.73943s
488 0.857493 0.567781 0.0140232 5.77099s
489 0.860244 0.569473 0.0148312 5.99331s
490 0.860244 0.568653 0.0151896 5.71508s
491 0.860244 0.56665 0.0150865 5.77782s
492 0.860244 0.569681 0.0149392 5.74743s
493 0.860244 0.560771 0.0156929 5.81608s
494 0.860244 0.561464 0.0154112 5.79188s
495 0.860244 0.565959 0.0165713 5.72599s
496 0.860244 0.56162 0.0146078 5.76452s
497 0.860244 0.557955 0.0157436 5.93305s
498 0.860244 0.567957 0.0167551 5.76686s
499 0.860244 0.570674 0.015484 5.81745s
500 0.860244 0.558982 0.0145248 5.77911s
501 0.860244 0.558771 0.0138254 5.74496s
502 0.860244 0.562745 0.0145148 5.77695s
503 0.860244 0.557058 0.0141167 6.03779s
504 0.860374 0.561683 0.0155973 5.71321s
505 0.860374 0.569222 0.0155946 5.83448s
506 0.860374 0.566846 0.0165436 5.75931s
507 0.860374 0.56503 0.0169026 5.77752s
508 0.860374 0.557187 0.016707 5.78914s
509 0.860374 0.561255 0.0143469 5.80425s
510 0.860374 0.563668 0.0156127 5.96638s
511 0.860374 0.571152 0.0159939 5.7645s
512 0.860374 0.566646 0.0162219 5.80667s
513 0.860374 0.565793 0.0154588 5.86375s
514 0.860374 0.55874 0.0150972 5.85114s
515 0.860374 0.564679 0.0153309 5.85436s
516 0.860374 0.571946 0.0159207 5.79254s
517 0.860374 0.573631 0.0159405 5.72304s
518 0.860723 0.573623 0.0150556 5.8428s
519 0.860723 0.560232 0.0158075 5.77542s
520 0.860723 0.560913 0.0142693 5.77849s
521 0.860723 0.561415 0.0151926 5.78987s
522 0.860723 0.566959 0.0150088 5.781s
523 0.860723 0.570156 0.0155408 5.73567s
524 0.860723 0.570514 0.0164533 5.73969s
525 0.860723 0.56066 0.0157639 5.80098s
526 0.860723 0.570673 0.0169951 5.77778s
527 0.861539 0.571146 0.0161809 5.7978s
528 0.861539 0.560203 0.0148149 5.72499s
529 0.861539 0.559454 0.0154237 5.77867s
530 0.861539 0.563286 0.0147789 5.75473s
531 0.861539 0.55846 0.0147825 5.78655s
532 0.861539 0.558701 0.0147265 5.73067s
533 0.861539 0.560164 0.0149346 5.81594s
534 0.861539 0.562929 0.0157022 5.80641s
535 0.861539 0.57065 0.0164847 5.75641s
536 0.862052 0.561583 0.016091 5.78636s
537 0.862052 0.563146 0.0155134 5.84306s
538 0.862052 0.561323 0.0155009 5.7841s
539 0.862052 0.555867 0.0154557 5.78646s
540 0.862052 0.561108 0.0159437 5.74836s
541 0.862052 0.561394 0.0157448 5.82331s
542 0.862052 0.563477 0.0160588 6.04877s
543 0.862052 0.561228 0.0154906 5.8351s
544 0.862052 0.563646 0.0146661 5.77286s
545 0.862052 0.564456 0.0157141 5.75063s
546 0.862052 0.563877 0.015645 5.8287s
547 0.862052 0.574719 0.0173787 5.77262s
548 0.862052 0.579698 0.0179034 5.76101s
549 0.864021 0.570094 0.0160669 5.78011s
550 0.864021 0.571185 0.015016 5.76535s
551 0.864021 0.561831 0.0149906 5.76264s
552 0.864021 0.565673 0.0161181 6.02536s
553 0.864021 0.566583 0.0152992 5.77246s
554 0.864021 0.558346 0.0150384 5.76307s
555 0.864021 0.559587 0.0162045 5.93124s
556 0.864021 0.561918 0.0156402 5.7558s
557 0.864021 0.559755 0.0147248 5.77653s
558 0.864021 0.557767 0.0144422 5.8189s
559 0.864021 0.568285 0.0159658 5.7619s
560 0.864021 0.566454 0.0150363 5.79158s
561 0.864021 0.565809 0.0152391 5.76903s
562 0.864021 0.561345 0.0149072 5.75538s
563 0.864021 0.565011 0.0158184 5.75176s
564 0.864021 0.564574 0.0155012 5.76268s
565 0.864021 0.559544 0.0154621 5.79417s
566 0.864021 0.569177 0.0161617 5.71997s
567 0.864021 0.566689 0.0164228 5.76647s
568 0.864021 0.571472 0.0171421 5.77451s
569 0.864021 0.565961 0.0164691 5.78073s
570 0.864021 0.568118 0.0179299 5.75568s
571 0.864021 0.562314 0.0168065 5.82868s
572 0.864023 0.572068 0.0172154 5.77375s
573 0.864023 0.575795 0.0176233 5.76929s
574 0.864023 0.568514 0.0173195 5.79796s
575 0.864023 0.56502 0.0162204 5.73761s
576 0.864023 0.57506 0.0164919 5.76035s
577 0.864023 0.575872 0.0173 5.77033s
578 0.864023 0.579422 0.0179435 5.71901s
579 0.864023 0.581095 0.0160486 5.79327s
580 0.864023 0.574986 0.0152105 5.80669s
581 0.864023 0.571135 0.0152922 5.94575s
582 0.864023 0.569902 0.0148876 5.75234s
583 0.864546 0.574732 0.0161289 5.72391s
584 0.864546 0.559373 0.0148226 5.75859s
585 0.864546 0.566305 0.0150141 5.72795s
586 0.864546 0.568004 0.0145109 5.75132s
587 0.864546 0.567305 0.0159252 5.77802s
588 0.864546 0.570137 0.0155737 5.763s
589 0.864546 0.574993 0.0168581 5.71966s
590 0.864546 0.569818 0.0155871 5.7953s
591 0.86592 0.568046 0.0154253 5.7208s
592 0.86592 0.564568 0.0146906 5.77228s
593 0.86592 0.562554 0.0149078 5.8038s
594 0.86592 0.568196 0.0165183 5.80447s
595 0.86592 0.564587 0.0156265 5.8608s
596 0.86592 0.562418 0.0156847 5.7801s
597 0.86592 0.562523 0.0153786 5.74614s
598 0.86592 0.569579 0.0163248 5.7721s
599 0.86592 0.567439 0.01711 5.84748s
600 0.86592 0.571532 0.0167657 5.7349s
601 0.86592 0.566487 0.0164185 5.75561s
602 0.86592 0.573153 0.0174166 5.78279s
603 0.86592 0.573898 0.0164362 5.78036s
604 0.86592 0.579478 0.0178758 5.79284s
605 0.86592 0.571481 0.0155753 5.73087s
606 0.86592 0.564012 0.015581 5.81693s
607 0.86592 0.572915 0.0156764 5.98953s
608 0.86592 0.56801 0.015961 5.81231s
609 0.86592 0.559915 0.0159368 5.7434s
610 0.86592 0.559768 0.0145655 5.7692s
611 0.86592 0.55843 0.0159127 5.79242s
612 0.86592 0.561807 0.0168411 5.77565s
613 0.86592 0.567544 0.0167368 5.844s
614 0.86592 0.57478 0.0162881 5.76555s
615 0.86592 0.568366 0.015962 5.79904s
616 0.86592 0.570892 0.0157615 5.76767s
617 0.86592 0.575143 0.0172404 5.82308s
618 0.86592 0.569575 0.0169537 5.80485s
619 0.86592 0.570036 0.0170599 5.81623s
620 0.86592 0.578985 0.0173769 6.05909s
621 0.86592 0.58067 0.016548 5.73539s
622 0.86592 0.573636 0.015641 6.0903s
623 0.86592 0.567723 0.0152784 5.78709s
624 0.86592 0.574195 0.0160707 5.80369s
625 0.86592 0.573535 0.0169069 5.79841s
626 0.86592 0.568791 0.0172106 5.76154s
627 0.86592 0.565149 0.0164407 5.76142s
628 0.86592 0.567259 0.0158587 5.78818s
629 0.86592 0.565972 0.0158658 5.74638s
630 0.86592 0.561112 0.0155782 5.87007s
631 0.866602 0.570422 0.0172922 5.7572s
632 0.866602 0.561152 0.0157966 5.76211s
633 0.866602 0.563331 0.0156565 5.77054s
634 0.866602 0.563125 0.0159248 5.8152s
635 0.866602 0.563437 0.0164626 5.76039s
636 0.866602 0.571681 0.0166908 5.7298s
637 0.866602 0.566466 0.0155772 5.79629s
638 0.866602 0.564613 0.016605 5.79759s
639 0.866602 0.56639 0.0165658 5.8156s
640 0.866602 0.565509 0.0167575 5.78116s
641 0.866602 0.558709 0.0153355 5.76035s
642 0.866602 0.564917 0.0169344 5.80809s
643 0.866602 0.564249 0.0167961 5.77243s
644 0.866602 0.575913 0.0165126 5.76626s
645 0.866602 0.578343 0.0164976 5.81863s
646 0.866602 0.578132 0.0162471 5.79895s
647 0.866602 0.57107 0.0162178 5.73051s
648 0.866602 0.569255 0.0172112 5.79945s
649 0.866602 0.579764 0.0171367 5.78303s
650 0.866602 0.570335 0.0163409 5.82723s
651 0.866602 0.566458 0.0164062 5.75632s
652 0.866602 0.564039 0.0164222 6.02914s
653 0.866602 0.56106 0.0157343 5.73364s
654 0.866602 0.562017 0.0157594 5.81655s
655 0.866602 0.555454 0.0153308 5.73315s
656 0.866602 0.559701 0.0151928 5.75309s
657 0.866602 0.567347 0.0156891 5.77984s
658 0.866602 0.563238 0.0166899 5.78027s
659 0.866602 0.558248 0.0155239 5.74661s
660 0.866602 0.560702 0.0166222 5.79917s
661 0.866602 0.556427 0.0162097 5.77366s
662 0.866602 0.561713 0.0150242 5.8176s
663 0.866602 0.567416 0.0163305 5.78191s
664 0.866602 0.563444 0.0161634 5.73863s
665 0.866602 0.570992 0.0169459 5.72676s
666 0.866602 0.572848 0.0175008 5.75961s
667 0.866602 0.57097 0.0176641 5.77266s
668 0.866602 0.566923 0.0162863 5.83427s
669 0.868009 0.567532 0.0163402 6.08336s
670 0.868009 0.570187 0.0171286 5.78105s
671 0.868009 0.561999 0.0158155 5.74988s
672 0.868009 0.561867 0.0158012 5.76431s
673 0.868009 0.562516 0.017494 5.77481s
674 0.868009 0.562817 0.0161476 5.78219s
675 0.868009 0.564218 0.0143142 5.80391s
676 0.868009 0.566912 0.0152958 5.76466s
677 0.868009 0.564597 0.0160223 5.7758s
678 0.868009 0.569152 0.0174426 5.82729s
679 0.868009 0.569314 0.0167662 5.75993s
680 0.868009 0.570347 0.0170127 5.76098s
681 0.868009 0.566429 0.0165184 5.78276s
682 0.868009 0.565108 0.0151956 5.77507s
683 0.868009 0.570622 0.0161878 5.74961s
684 0.868009 0.568061 0.0173668 5.77937s
685 0.868009 0.566609 0.0163156 5.79177s
686 0.868009 0.568419 0.0168449 5.80699s
687 0.868009 0.574418 0.0176915 5.84808s
688 0.868009 0.567413 0.0156338 5.77685s
689 0.868009 0.557832 0.0157621 5.75738s
690 0.868009 0.566734 0.0155398 5.75907s
691 0.868009 0.557694 0.01638 5.82287s
692 0.868009 0.563557 0.0170237 5.78587s
693 0.868009 0.56182 0.0166848 5.76456s
694 0.868009 0.577809 0.0165879 5.7762s
695 0.869043 0.560294 0.0154635 5.84618s
696 0.869043 0.561615 0.0157919 5.78925s
697 0.869043 0.562704 0.0151832 5.82467s
698 0.869043 0.567891 0.0154258 5.77616s
699 0.869043 0.561274 0.0152842 5.79028s
700 0.869043 0.562043 0.014812 5.82568s
701 0.869043 0.567919 0.0160223 5.72082s
702 0.869043 0.562412 0.0170801 6.01929s
703 0.869043 0.565507 0.0170209 5.77232s
704 0.869043 0.568035 0.0164687 5.75449s
705 0.869043 0.566542 0.0157276 5.84931s
706 0.869043 0.566085 0.0159595 5.73168s
707 0.870105 0.565544 0.0162792 5.80003s
708 0.870105 0.560663 0.0162115 6.00263s
709 0.870105 0.556371 0.0161041 5.79878s
710 0.870105 0.564549 0.0164925 5.8281s
711 0.870105 0.564035 0.0158835 5.80482s
712 0.870105 0.568864 0.0163363 5.76696s
713 0.870105 0.559695 0.0153874 5.7662s
714 0.870105 0.567783 0.0151251 5.7928s
715 0.870105 0.56279 0.0161202 5.77294s
716 0.870105 0.577496 0.0158459 5.72718s
717 0.870105 0.563968 0.0149401 5.71522s
718 0.870105 0.567975 0.0159247 5.81175s
719 0.870105 0.566962 0.0158909 5.75281s
720 0.870105 0.574744 0.0167487 5.76828s
721 0.870408 0.572873 0.0163007 5.78308s
722 0.870408 0.573128 0.016633 5.80408s
723 0.870408 0.574733 0.0171367 5.90302s
724 0.870408 0.570905 0.0158606 5.75255s
725 0.870408 0.565647 0.0154433 5.74959s
726 0.870408 0.577924 0.016948 5.72962s
727 0.870408 0.569222 0.0163752 5.76121s
728 0.870408 0.576868 0.0168012 5.76261s
729 0.870408 0.574136 0.0166098 5.73192s
730 0.870408 0.563727 0.0159393 5.79123s
731 0.870408 0.566871 0.0155162 5.72333s
732 0.870408 0.564051 0.0154266 5.76822s
733 0.870408 0.562996 0.0171381 5.78461s
734 0.870408 0.579657 0.016864 5.89359s
735 0.870408 0.56957 0.016377 5.789s
736 0.870408 0.569013 0.0173177 5.79093s
737 0.870408 0.577721 0.0181918 5.77713s
738 0.870408 0.562683 0.0157817 5.7643s
739 0.870408 0.560426 0.0158522 5.83936s
740 0.870408 0.558047 0.0162489 5.79937s
741 0.870408 0.561888 0.0170905 5.79899s
742 0.870408 0.569778 0.0173692 5.80825s
743 0.870408 0.566043 0.0167889 5.78551s
744 0.870408 0.557068 0.0152514 5.77316s
745 0.870408 0.562603 0.0159163 5.97095s
746 0.870408 0.57291 0.0176791 5.75703s
747 0.870408 0.573015 0.0159031 5.85723s
748 0.870408 0.571017 0.0162456 5.79397s
749 0.870408 0.561943 0.0154132 5.81863s
750 0.870408 0.556527 0.0155839 5.79021s
751 0.870408 0.556462 0.0145804 5.77599s
752 0.870408 0.563928 0.0160848 5.72435s
753 0.870408 0.563381 0.0153713 5.76999s
754 0.870408 0.558619 0.0154334 6.05143s
755 0.870408 0.565082 0.015943 5.76863s
756 0.870408 0.561913 0.0163054 5.77593s
757 0.870408 0.557975 0.0158164 5.94748s
758 0.870408 0.556221 0.0157638 5.76291s
759 0.870408 0.566772 0.0161656 5.7462s
760 0.870408 0.554183 0.0162511 5.72373s
761 0.870408 0.557278 0.0153215 5.76797s
762 0.870408 0.560509 0.0144968 5.80434s
763 0.870408 0.567404 0.0181554 5.70845s
764 0.870408 0.565606 0.0155029 5.81874s
765 0.870408 0.567644 0.0175848 5.74776s
766 0.870408 0.564167 0.0157561 5.75548s
767 0.870408 0.569682 0.0171633 5.74503s
768 0.870408 0.5799 0.0168055 5.73188s
769 0.870408 0.56984 0.0156917 5.73416s
770 0.870408 0.562552 0.0151703 5.77229s
771 0.870408 0.566633 0.0158046 6.08228s
772 0.870408 0.559083 0.0161082 5.77607s
773 0.870408 0.562038 0.0174343 5.76595s
774 0.870408 0.564703 0.0174087 5.72748s
775 0.870408 0.56337 0.0156971 5.79105s
776 0.870408 0.560131 0.0163707 5.77751s
777 0.870408 0.55876 0.0159099 5.76834s
778 0.870408 0.572009 0.0170108 5.83974s
779 0.870408 0.570396 0.016165 5.75375s
780 0.870408 0.573117 0.0172376 5.78881s
781 0.870408 0.562209 0.0163651 5.74689s
782 0.870408 0.557987 0.0152123 5.73095s
783 0.870408 0.560311 0.016121 5.75362s
784 0.870408 0.557508 0.0154242 5.7301s
785 0.870408 0.557874 0.0163417 5.74304s
786 0.870408 0.563079 0.0154337 5.77544s
787 0.870408 0.570331 0.0174985 5.72085s
788 0.870408 0.571031 0.0151925 5.79025s
789 0.870408 0.579314 0.0169053 5.84793s
790 0.870408 0.5665 0.0164159 5.7855s
791 0.870408 0.563886 0.0164202 5.76715s
792 0.870408 0.567396 0.0155065 5.76848s
793 0.870408 0.563746 0.0173998 5.75284s
794 0.870408 0.56045 0.0160838 5.79752s
795 0.870408 0.55815 0.0164725 5.74125s
796 0.870408 0.563332 0.0163781 5.8127s
797 0.870408 0.567787 0.0178851 5.75428s
798 0.870408 0.568026 0.0170083 5.80432s
799 0.870408 0.562905 0.0173156 5.78506s
800 0.870916 0.571127 0.0180976 5.82373s
801 0.870916 0.569931 0.017406 5.73783s
802 0.870916 0.569686 0.0159188 5.80204s
803 0.870916 0.566714 0.0157821 5.80146s
804 0.870916 0.564016 0.0155251 5.72366s
805 0.870916 0.562424 0.0155631 5.78418s
806 0.870916 0.570508 0.0171774 5.80425s
807 0.870916 0.57219 0.0159506 5.76486s
808 0.870916 0.578172 0.0175726 5.74166s
809 0.870916 0.581312 0.0169013 5.77047s
810 0.870916 0.572329 0.0154684 5.82021s
811 0.870916 0.569091 0.0165902 5.76331s
812 0.870916 0.57259 0.0180304 5.7883s
813 0.870916 0.566857 0.0164794 5.74971s
814 0.870916 0.565521 0.0169261 5.81481s
815 0.870916 0.568989 0.0167878 5.99047s
816 0.870916 0.568953 0.0169181 5.76458s
817 0.870916 0.558448 0.0159478 5.75308s
818 0.870916 0.566944 0.0163102 5.81968s
819 0.870916 0.576394 0.0162214 5.83789s
820 0.870916 0.572973 0.0172957 5.89952s
821 0.870916 0.569289 0.0173216 5.74771s
822 0.870916 0.569799 0.0162396 5.7556s
823 0.870916 0.568933 0.0168595 5.78244s
824 0.870916 0.57467 0.016795 5.78417s
825 0.870916 0.584457 0.0170191 5.794s
826 0.870916 0.577046 0.016012 5.90648s
827 0.870916 0.567318 0.0158326 5.82177s
828 0.870916 0.568642 0.0168193 5.75526s
829 0.870916 0.569937 0.018368 5.77171s
830 0.870916 0.567506 0.0168758 5.80303s
831 0.870916 0.568729 0.0158349 5.75905s
832 0.870916 0.564954 0.0161464 5.79249s
833 0.870916 0.565235 0.0160418 5.86785s
834 0.870916 0.562985 0.0148982 5.74253s
835 0.870916 0.566793 0.0155828 5.81256s
836 0.870916 0.558272 0.0151194 5.72982s
837 0.870916 0.570869 0.0160815 5.74572s
838 0.870916 0.574187 0.0163619 5.75935s
839 0.870916 0.5643 0.0150669 5.79639s
840 0.870916 0.569788 0.0173078 5.76154s
841 0.870916 0.570252 0.0164651 5.7676s
842 0.870916 0.563526 0.0153354 5.80664s
843 0.870919 0.564074 0.015099 5.80261s
844 0.870919 0.56681 0.0164558 5.74525s
845 0.870919 0.566763 0.0167455 5.78311s
846 0.870919 0.565876 0.0161818 6.00959s
847 0.870919 0.572078 0.0150567 5.87689s
848 0.870919 0.570714 0.0161661 5.75496s
849 0.870919 0.564631 0.0163926 5.73738s
850 0.870919 0.554917 0.0168724 5.79905s
851 0.870919 0.563229 0.0168004 5.74527s
852 0.870919 0.561542 0.0161997 5.75497s
853 0.870919 0.568432 0.0174039 5.7712s
854 0.870919 0.567458 0.0164202 5.96914s
855 0.870919 0.566099 0.0165576 5.78634s
856 0.870919 0.561053 0.0153945 5.76062s
857 0.870919 0.562567 0.0168566 5.75463s
858 0.870919 0.558263 0.0165497 5.70654s
859 0.870919 0.562449 0.0175862 5.80935s
860 0.870919 0.562951 0.0168389 5.78194s
861 0.870919 0.562761 0.0152742 5.74233s
862 0.870919 0.571717 0.0164634 5.80484s
863 0.870919 0.569978 0.0168787 5.86165s
864 0.870919 0.564895 0.0170439 5.75127s
865 0.870919 0.566702 0.0172095 5.74191s
866 0.870919 0.575414 0.0175165 5.77315s
867 0.870919 0.56387 0.0156463 5.7878s
868 0.870919 0.564299 0.0164527 5.78389s
869 0.870919 0.559434 0.0156522 5.76284s
870 0.870919 0.565595 0.0174546 6.03561s
871 0.870919 0.564693 0.0160717 5.79668s
872 0.870919 0.560288 0.0155254 5.73018s
873 0.870919 0.564562 0.0168292 5.73265s
874 0.870919 0.557274 0.0166298 6.00199s
875 0.870919 0.558976 0.0170872 5.76838s
876 0.870919 0.562674 0.0157531 5.81069s
877 0.870919 0.566835 0.0170545 5.73359s
878 0.870919 0.562944 0.0156337 5.74132s
879 0.870919 0.569022 0.0169894 5.73389s
880 0.870919 0.567314 0.0161832 5.78589s
881 0.870919 0.567475 0.0172351 5.73953s
882 0.870919 0.566234 0.0157707 5.77358s
883 0.870919 0.570388 0.0174571 5.80996s
884 0.870919 0.566067 0.0156785 5.78737s
885 0.870919 0.568095 0.0165133 5.78945s
886 0.870919 0.567592 0.0159465 5.76268s
887 0.870919 0.573447 0.0173781 5.78043s
888 0.870919 0.572218 0.017651 5.82282s
889 0.871032 0.566117 0.0168238 5.7998s
890 0.871032 0.565663 0.0155568 5.77953s
891 0.871032 0.566811 0.0161179 5.81242s
892 0.871032 0.557827 0.0157445 5.77726s
893 0.871032 0.553736 0.0159435 5.81078s
894 0.871032 0.555027 0.0153263 5.76867s
895 0.871032 0.559147 0.0164933 5.77459s
896 0.871032 0.560425 0.0168109 5.81931s
897 0.871032 0.556465 0.0168214 5.76284s
898 0.871032 0.560386 0.0173189 5.85563s
899 0.871032 0.562413 0.0179334 5.72964s
900 0.871032 0.562563 0.0179193 5.86183s
901 0.871032 0.553963 0.0148802 5.78529s
902 0.871032 0.563604 0.0163265 5.78391s
903 0.871032 0.575626 0.0171687 5.75335s
904 0.871032 0.565492 0.0160171 5.82583s
905 0.871032 0.573454 0.016138 5.87927s
906 0.871032 0.56766 0.0169745 5.87371s
907 0.871032 0.56699 0.0164136 5.84013s
908 0.871032 0.560203 0.0165819 5.85145s
909 0.871032 0.563145 0.0174866 5.74119s
910 0.871032 0.565917 0.016471 6.09739s
911 0.871032 0.564115 0.0150018 5.79174s
912 0.871032 0.56675 0.01702 5.81042s
913 0.871032 0.567101 0.015365 5.78839s
914 0.871032 0.562538 0.015928 5.75553s
915 0.871032 0.563077 0.0158208 5.82003s
916 0.871032 0.565262 0.0163774 5.82732s
917 0.871032 0.559983 0.0153666 5.73814s
918 0.871032 0.565318 0.0165786 5.76409s
919 0.871032 0.569382 0.016361 5.77679s
920 0.871032 0.568037 0.0166598 5.77264s
921 0.871032 0.564236 0.0174401 6.02501s
922 0.871032 0.557623 0.0153617 5.79755s
923 0.871032 0.557891 0.016796 5.79685s
924 0.871032 0.565783 0.0162084 5.76258s
925 0.871032 0.563272 0.0168454 5.79799s
926 0.871032 0.565171 0.0161911 5.87305s
927 0.871032 0.571208 0.0171557 5.79519s
928 0.871032 0.567814 0.0168608 5.7746s
929 0.871032 0.561083 0.0167651 5.76385s
930 0.871032 0.571767 0.0177098 5.7681s
931 0.871032 0.567212 0.0161934 5.96121s
932 0.871032 0.562515 0.0160146 5.74774s
933 0.871032 0.568282 0.0166694 5.83932s
934 0.871032 0.566432 0.016586 5.76383s
935 0.871032 0.568983 0.0172959 5.76537s
936 0.871032 0.562693 0.0155458 5.74949s
937 0.871032 0.583034 0.0182758 5.7269s
938 0.871032 0.57779 0.0172939 5.75939s
939 0.871032 0.580756 0.0177329 5.79381s
940 0.871032 0.573087 0.0175599 5.73268s
941 0.871032 0.568804 0.0170026 5.81632s
942 0.871032 0.566334 0.0157793 6.06024s
943 0.871032 0.568669 0.0164106 5.74723s
944 0.87289 0.575045 0.0163742 5.77878s
945 0.87289 0.565469 0.0172963 5.73999s
946 0.87289 0.571105 0.0164678 5.81944s
947 0.87289 0.567464 0.0161828 5.75002s
948 0.87289 0.55563 0.0149822 5.74961s
949 0.87289 0.5544 0.0148856 5.82764s
950 0.87289 0.560741 0.0161297 5.77273s
951 0.87289 0.561008 0.0167401 5.77819s
952 0.87289 0.561368 0.0159671 5.82159s
953 0.87289 0.560439 0.0158952 5.78066s
954 0.873275 0.561049 0.0176462 5.69852s
955 0.873275 0.571001 0.0169639 5.74698s
956 0.873275 0.577475 0.0174431 5.78937s
957 0.873275 0.574823 0.0171114 5.78508s
958 0.873275 0.568108 0.0164321 5.76805s
959 0.873275 0.569888 0.0169805 5.73275s
960 0.873275 0.563891 0.0160437 5.76019s
961 0.873275 0.565308 0.0166458 5.77132s
962 0.873275 0.56634 0.0173181 5.7641s
963 0.873275 0.563339 0.0158458 5.74806s
964 0.873275 0.563535 0.0154647 5.80687s
965 0.873275 0.562335 0.0164355 5.77146s
966 0.873275 0.55475 0.0153237 5.72459s
967 0.873275 0.564623 0.0157718 5.8156s
968 0.873275 0.568109 0.0166008 5.71206s
969 0.873275 0.565464 0.0160228 5.75106s
970 0.873275 0.57235 0.0160613 5.78113s
971 0.873275 0.561313 0.016085 5.81409s
972 0.873275 0.557609 0.0161889 5.77466s
973 0.873275 0.557934 0.0151533 5.76836s
974 0.873275 0.556153 0.0165048 5.82241s
975 0.873275 0.563133 0.016758 5.75637s
976 0.873275 0.564425 0.016013 5.74976s
977 0.873275 0.564749 0.0161707 5.75583s
978 0.873275 0.566803 0.0159663 5.7323s
979 0.873275 0.56322 0.0159029 5.72467s
980 0.873275 0.55457 0.0149235 5.80215s
981 0.873275 0.55454 0.0150691 5.75221s
982 0.873275 0.55849 0.0166891 5.79167s
983 0.873275 0.557979 0.017041 5.77294s
984 0.873275 0.563874 0.0177884 5.7498s
985 0.873275 0.560702 0.0169538 5.76938s
986 0.873275 0.567567 0.0177074 5.82347s
987 0.873275 0.556201 0.0165752 5.77185s
988 0.873275 0.558275 0.0169491 6.00806s
989 0.873275 0.557543 0.0162148 5.7783s
990 0.873275 0.564075 0.0158887 5.71288s
991 0.873309 0.566694 0.0169266 5.77107s
992 0.873309 0.56896 0.0176679 5.7755s
993 0.873309 0.570236 0.0161342 5.71097s
994 0.873309 0.561794 0.0164671 5.81075s
995 0.873309 0.569208 0.016959 5.78014s
996 0.873309 0.569625 0.0182668 5.76758s
997 0.873309 0.572963 0.0180638 5.77001s
998 0.873309 0.574873 0.0181297 5.78294s
999 0.873309 0.567794 0.01675 5.75822s
1000 0.873309 0.565185 0.0173649 5.74463s
1001 0.873309 0.564628 0.0160452 5.7409s
1002 0.873309 0.560196 0.015711 5.77941s
1003 0.873309 0.551048 0.0168039 5.80974s
1004 0.873309 0.573364 0.0174104 5.76109s
1005 0.873309 0.567125 0.0174703 5.7532s
1006 0.873309 0.56416 0.0156561 5.80116s
1007 0.873309 0.565955 0.0166838 5.82158s
1008 0.873309 0.563488 0.0170804 5.8474s
1009 0.873309 0.566294 0.0172152 5.78936s
1010 0.873309 0.571074 0.017695 5.79878s
1011 0.873309 0.560477 0.0178093 5.73537s
1012 0.87362 0.572151 0.017313 5.7712s
1013 0.87362 0.563952 0.0160765 5.79522s
1014 0.87362 0.552918 0.0163107 5.7619s
1015 0.87362 0.560699 0.0176529 5.75671s
1016 0.87362 0.55856 0.017255 5.7696s
1017 0.87362 0.553414 0.0162789 5.78178s
1018 0.87362 0.548736 0.0163295 5.73889s
1019 0.87362 0.559015 0.0160192 5.78689s
1020 0.87362 0.558151 0.0167899 5.75273s
1021 0.87362 0.561331 0.0169242 5.82569s
1022 0.87362 0.560939 0.0172662 5.77879s
1023 0.87362 0.562846 0.0175503 5.76046s
1024 0.87362 0.555809 0.0172692 5.78596s
1025 0.87362 0.559893 0.0175711 5.78721s
1026 0.87362 0.561094 0.0154019 5.78868s
1027 0.87362 0.56634 0.0157656 5.79066s
1028 0.87362 0.569598 0.0169061 5.77357s
1029 0.87362 0.56299 0.0165539 5.76069s
1030 0.87362 0.555572 0.0162213 5.77785s
1031 0.87362 0.562737 0.0158468 5.81208s
1032 0.87362 0.551742 0.0155325 5.76996s
1033 0.87362 0.562691 0.0158679 5.73751s
1034 0.87362 0.556304 0.0172867 5.74499s
1035 0.87362 0.569789 0.0179217 5.80682s
1036 0.87362 0.570594 0.0176838 5.83813s
1037 0.87362 0.566231 0.0170696 5.81548s
1038 0.87362 0.564783 0.0166139 5.83245s
1039 0.87362 0.566707 0.0172799 5.79821s
1040 0.87362 0.561968 0.0158238 5.78852s
1041 0.87362 0.570072 0.0174588 5.81647s
1042 0.87362 0.567064 0.016463 5.79847s
1043 0.87362 0.565438 0.0169913 5.81233s
1044 0.87362 0.562282 0.0179647 5.77301s
1045 0.87362 0.558852 0.0154705 5.80722s
1046 0.87362 0.56136 0.0162738 5.81549s
1047 0.87362 0.567383 0.0173658 5.76762s
1048 0.87362 0.571923 0.0172516 5.76262s
1049 0.87362 0.567905 0.015978 5.85718s
1050 0.87362 0.576708 0.0168194 5.76383s
1051 0.87362 0.56375 0.0155506 5.7993s
1052 0.87362 0.56613 0.0155128 5.82818s
1053 0.87362 0.580327 0.0160096 5.79378s
1054 0.87362 0.573431 0.0158409 5.83292s
1055 0.87362 0.575594 0.0163752 5.79417s
1056 0.87362 0.576874 0.0158551 5.78977s
1057 0.87362 0.571928 0.0151276 5.765s
1058 0.87362 0.572545 0.0157987 5.75714s
1059 0.87362 0.573774 0.0173933 5.81965s
1060 0.87362 0.577249 0.0162138 5.78159s
1061 0.87362 0.572898 0.0171394 6.01965s
1062 0.87362 0.573987 0.0174817 5.79863s
1063 0.87362 0.583335 0.017038 5.77511s
1064 0.87362 0.577093 0.015909 5.78557s
1065 0.87362 0.574264 0.0163665 5.77321s
1066 0.87362 0.577308 0.0160515 5.75869s
1067 0.87362 0.573853 0.0169939 5.80144s
1068 0.87362 0.5679 0.0169284 5.74767s
1069 0.87362 0.568825 0.0164739 5.81788s
1070 0.87362 0.576795 0.0162754 5.79013s
1071 0.873907 0.580382 0.0175019 5.73022s
1072 0.873907 0.577868 0.0176102 5.76883s
1073 0.873907 0.576858 0.0157778 5.79302s
1074 0.873907 0.578423 0.0164208 5.84058s
1075 0.873907 0.574293 0.0164833 5.74522s
1076 0.873907 0.567656 0.0165445 5.82743s
1077 0.873907 0.575515 0.0163248 5.80844s
1078 0.873907 0.570175 0.0159067 5.72607s
1079 0.873907 0.573859 0.0178947 5.78443s
1080 0.873907 0.573535 0.0166793 5.73738s
1081 0.873907 0.58909 0.0171937 5.77243s
1082 0.873907 0.586145 0.0167633 5.76029s
1083 0.873907 0.577748 0.0170109 5.76427s
1084 0.873907 0.571936 0.0164842 5.76046s
1085 0.873907 0.572489 0.015891 5.7442s
1086 0.873907 0.571044 0.017183 5.78901s
1087 0.873907 0.57439 0.017822 5.77278s
1088 0.873907 0.566256 0.0175888 5.79747s
1089 0.873907 0.565887 0.0155751 5.79958s
1090 0.873907 0.568783 0.0161621 5.76577s
1091 0.873907 0.570305 0.0163075 5.77759s
1092 0.873907 0.570157 0.0165766 6.05946s
1093 0.873907 0.577563 0.0177082 5.7931s
1094 0.873907 0.584554 0.0176753 5.84788s
1095 0.873907 0.575948 0.0162114 5.77199s
1096 0.873907 0.562231 0.0168506 5.75798s
1097 0.874017 0.560148 0.0166368 5.73652s
1098 0.874017 0.568872 0.0175855 5.8042s
1099 0.874017 0.558272 0.0163831 5.7635s
1100 0.874017 0.559993 0.0150788 5.83296s
1101 0.874017 0.564911 0.0158833 5.77032s
1102 0.874167 0.561198 0.0154507 5.80205s
1103 0.874167 0.566178 0.0165808 5.79737s
1104 0.874167 0.561315 0.0161169 5.73116s
1105 0.874167 0.568521 0.0166325 5.69686s
1106 0.874167 0.564662 0.015773 5.76974s
1107 0.874167 0.565798 0.0163762 5.77127s
1108 0.874167 0.562556 0.0158625 5.79259s
1109 0.874167 0.566724 0.0171343 5.75556s
1110 0.874167 0.567002 0.016153 5.81615s
1111 0.874167 0.567752 0.0178842 5.76411s
1112 0.874167 0.570003 0.016293 5.74698s
1113 0.874167 0.569469 0.0171006 5.72058s
1114 0.874167 0.575846 0.0169562 5.71558s
1115 0.874167 0.580742 0.0158942 5.82217s
1116 0.874167 0.575847 0.016343 5.78367s
1117 0.874167 0.573753 0.0161993 5.77394s
1118 0.874167 0.567162 0.0161201 5.76143s
1119 0.874167 0.570682 0.0151696 5.72403s
1120 0.874167 0.572556 0.0165104 5.77604s
1121 0.874167 0.564154 0.0168384 5.7121s
1122 0.874167 0.566698 0.0170503 5.81642s
1123 0.874167 0.575522 0.0168986 5.78428s
1124 0.874167 0.566559 0.0169358 5.7793s
1125 0.874167 0.557336 0.0166319 5.77854s
1126 0.874167 0.564862 0.0168531 5.74023s
1127 0.874167 0.565342 0.0165362 5.72757s
1128 0.874167 0.565761 0.0173186 5.74404s
1129 0.874167 0.573577 0.0175099 5.73762s
1130 0.874167 0.565829 0.0163181 5.7445s
1131 0.874167 0.570024 0.0169226 5.80332s
1132 0.874167 0.569227 0.0167184 5.75908s
1133 0.874167 0.565401 0.0161464 5.82125s
1134 0.874447 0.561952 0.0167501 5.75867s
1135 0.874447 0.571384 0.0173896 5.79398s
1136 0.874447 0.573338 0.0178755 6.07295s
1137 0.874447 0.572094 0.0174706 5.72808s
1138 0.874447 0.573763 0.0162344 5.84088s
1139 0.874447 0.567021 0.0163116 5.79701s
1140 0.874447 0.56835 0.0172974 5.87963s
1141 0.874447 0.56309 0.0158432 5.78053s
1142 0.874447 0.561322 0.0156612 5.76274s
1143 0.874447 0.565262 0.0160186 5.84274s
1144 0.874447 0.567897 0.0165153 5.76103s
1145 0.874447 0.566659 0.0161841 5.77337s
1146 0.874447 0.564447 0.0181604 5.79394s
1147 0.874447 0.557272 0.0175376 5.80778s
1148 0.874447 0.562992 0.0178336 5.87179s
1149 0.874447 0.566331 0.0180046 5.77911s
1150 0.874447 0.561646 0.0158763 5.80493s
1151 0.874447 0.563963 0.0157691 6.03154s
1152 0.874447 0.565899 0.0163482 5.79278s
1153 0.874447 0.565604 0.0165509 5.75869s
1154 0.874447 0.559844 0.0162747 5.75166s
1155 0.874447 0.570496 0.0162323 5.79683s
1156 0.874447 0.573185 0.0166873 5.74387s
1157 0.874447 0.564871 0.0163198 5.76597s
1158 0.874447 0.575828 0.0164684 5.79281s
1159 0.874447 0.570413 0.0167634 5.79315s
1160 0.874447 0.562792 0.016295 5.78919s
1161 0.874447 0.55682 0.0162027 5.78944s
1162 0.874447 0.561653 0.0158437 5.7723s
1163 0.874447 0.568826 0.016103 5.7704s
1164 0.874447 0.561792 0.0158484 5.74813s
1165 0.87468 0.564201 0.0168979 5.83016s
1166 0.87468 0.561472 0.0166039 5.82993s
1167 0.87468 0.563112 0.017197 6.04459s
1168 0.87468 0.5588 0.0168847 5.80547s
1169 0.87468 0.55851 0.0164905 5.7631s
1170 0.87468 0.558729 0.0168567 5.98831s
1171 0.87468 0.561094 0.0179146 5.80239s
1172 0.87468 0.556926 0.0175555 5.75662s
1173 0.87468 0.556747 0.0158682 5.76119s
1174 0.87468 0.563967 0.0171762 5.79537s
1175 0.87468 0.54797 0.0158923 5.80592s
1176 0.87468 0.553808 0.0163533 5.78754s
1177 0.87468 0.558761 0.0169091 5.73286s
1178 0.874745 0.546912 0.0166091 5.78737s
1179 0.874745 0.560255 0.0167752 5.81012s
1180 0.874745 0.558338 0.0174175 5.76832s
1181 0.874745 0.556527 0.0169734 5.7964s
1182 0.874745 0.55769 0.0167811 5.76324s
1183 0.874745 0.561732 0.0172453 5.74386s
1184 0.874745 0.564991 0.0160634 5.82509s
1185 0.874745 0.576635 0.0165072 5.79123s
1186 0.874745 0.575994 0.0166996 5.79737s
1187 0.874745 0.572292 0.0165002 5.87412s
1188 0.874745 0.569629 0.0171771 5.79799s
1189 0.874745 0.566288 0.0171617 5.82356s
1190 0.874745 0.57134 0.0187879 5.81012s
1191 0.874745 0.578338 0.016927 5.78161s
1192 0.874745 0.573895 0.0179815 5.77169s
1193 0.874745 0.572976 0.0170417 5.747s
1194 0.874745 0.587398 0.0183468 5.76794s
1195 0.874745 0.572423 0.0179899 5.81497s
1196 0.874745 0.566955 0.0177786 5.73491s
1197 0.874745 0.581222 0.0175519 5.68982s
1198 0.875025 0.577513 0.0186954 5.78182s
1199 0.875025 0.56936 0.0175003 5.76696s
1200 0.875025 0.579522 0.0169375 5.75052s
1201 0.875025 0.574345 0.0161615 5.7117s
1202 0.875025 0.56919 0.0161385 5.87785s
1203 0.875025 0.571698 0.0170386 5.80837s
1204 0.875025 0.563991 0.0155188 5.78888s
1205 0.875025 0.573716 0.0157831 5.80937s
1206 0.875025 0.568105 0.016938 5.77658s
1207 0.875025 0.563142 0.0168453 5.78934s
1208 0.875025 0.561685 0.0171008 5.84073s
1209 0.875025 0.560301 0.0160082 5.74509s
1210 0.875025 0.573392 0.0167098 5.72713s
1211 0.875025 0.570144 0.015704 5.7705s
1212 0.875025 0.57821 0.0173232 5.7901s
1213 0.875025 0.571927 0.0165409 5.77568s
1214 0.875025 0.576216 0.01642 5.78574s
1215 0.875025 0.571533 0.0165493 5.8127s
1216 0.875025 0.56691 0.0176242 5.79273s
1217 0.875025 0.560911 0.0166683 5.76779s
1218 0.875025 0.568988 0.0167626 5.75219s
1219 0.875025 0.55974 0.0167207 5.77315s
1220 0.875025 0.563561 0.0167248 5.99085s
1221 0.875025 0.567603 0.014941 5.75731s
1222 0.875025 0.565132 0.0167762 5.74028s
1223 0.875025 0.559395 0.0155461 5.75734s
1224 0.875025 0.565437 0.016475 5.79907s
1225 0.875025 0.572676 0.0173734 5.89192s
1226 0.875025 0.574156 0.01745 5.80888s
1227 0.875025 0.57166 0.0163882 5.77634s
1228 0.875025 0.565569 0.0174616 5.8648s
1229 0.875025 0.556298 0.0169374 5.72761s
1230 0.875025 0.555499 0.0153226 5.78574s
1231 0.875025 0.563042 0.0155717 5.79405s
1232 0.875025 0.560559 0.0182521 5.81678s
1233 0.875025 0.560983 0.0169248 5.75431s
1234 0.875025 0.563745 0.0161178 5.73957s
1235 0.875025 0.564275 0.0167913 5.78009s
1236 0.875025 0.565938 0.0178943 5.82552s
1237 0.875025 0.572753 0.0172482 5.78322s
1238 0.875025 0.563954 0.0167319 5.77656s
1239 0.875025 0.565236 0.0155755 5.75984s
1240 0.875025 0.561095 0.0163656 5.76s
1241 0.875025 0.562611 0.0175924 5.79012s
1242 0.875025 0.557896 0.0168635 5.71424s
1243 0.875025 0.566605 0.0169255 5.76536s
1244 0.875025 0.567083 0.0182498 5.86904s
1245 0.875025 0.568974 0.0175416 5.84662s
1246 0.875066 0.573732 0.0178323 5.73191s
1247 0.875066 0.572225 0.0181036 5.75723s
1248 0.875066 0.56572 0.0167029 5.81001s
1249 0.875066 0.566619 0.0161989 5.77721s
1250 0.875066 0.56296 0.0174549 5.80411s
1251 0.875066 0.560944 0.0161714 5.77544s
1252 0.875066 0.566454 0.0166865 5.79224s
1253 0.875066 0.562012 0.0173095 5.8316s
1254 0.875066 0.562229 0.0167342 5.81152s
1255 0.875066 0.565678 0.0173044 5.75919s
1256 0.875066 0.559477 0.0153527 5.77939s
1257 0.875066 0.562038 0.0164258 5.75643s
1258 0.875066 0.558659 0.0159351 5.7832s
1259 0.875066 0.553312 0.0159593 5.79488s
1260 0.875066 0.556819 0.015807 5.74827s
1261 0.875066 0.556316 0.0155331 5.74014s
1262 0.875066 0.562532 0.0166573 5.77849s
1263 0.875066 0.557328 0.0160863 5.87262s
1264 0.875066 0.555574 0.0167322 5.76872s
1265 0.875066 0.567105 0.0178295 5.73944s
1266 0.875066 0.5732 0.018037 5.86717s
1267 0.875066 0.568601 0.0172192 5.79258s
1268 0.875066 0.564139 0.0163333 5.76108s
1269 0.875066 0.561134 0.0165252 5.76445s
1270 0.875066 0.55587 0.0156246 5.77188s
1271 0.875066 0.559335 0.0155941 5.71992s
1272 0.875066 0.564421 0.0154739 5.7025s
1273 0.875066 0.565399 0.01657 5.74147s
1274 0.875066 0.560644 0.0168971 5.80122s
1275 0.875066 0.566501 0.0174886 5.76747s
1276 0.875066 0.572173 0.0159728 5.79353s
1277 0.875066 0.562289 0.0155164 5.72314s
1278 0.875066 0.556436 0.0147799 5.74869s
1279 0.875066 0.561132 0.0165733 5.78184s
1280 0.875066 0.560739 0.0154191 6.00586s
1281 0.875066 0.56214 0.0160274 6.0588s
1282 0.875066 0.569245 0.0155629 5.78365s
1283 0.875066 0.567625 0.0159863 5.78019s
1284 0.875066 0.565653 0.0164487 5.73873s
1285 0.875066 0.574915 0.0158195 5.7354s
1286 0.875066 0.56582 0.0153504 5.73665s
1287 0.875066 0.571335 0.0171139 5.78524s
1288 0.875066 0.575299 0.0171227 5.75644s
1289 0.875066 0.571477 0.0163139 5.74335s
1290 0.875066 0.560148 0.0156845 5.70836s
1291 0.875066 0.560553 0.0162562 5.74456s
1292 0.875066 0.554632 0.0162481 5.77407s
1293 0.875066 0.550236 0.0155853 5.72019s
1294 0.875066 0.557257 0.0156123 5.77648s
1295 0.875066 0.562068 0.01638 5.77158s
1296 0.875066 0.570526 0.0174145 5.73838s
1297 0.875066 0.567126 0.0165708 5.81573s
1298 0.875066 0.568159 0.016048 5.77085s
1299 0.875066 0.564192 0.0167145 5.73649s
1300 0.875066 0.564677 0.0163475 6.06675s
1301 0.875066 0.571538 0.017921 5.80672s
1302 0.875066 0.567237 0.0168376 5.77735s
1303 0.875066 0.568398 0.0172157 5.73793s
1304 0.875066 0.564081 0.0165006 5.75199s
1305 0.875066 0.568957 0.0157708 5.74236s
1306 0.875066 0.563665 0.0155679 5.73113s
1307 0.875066 0.57067 0.0159294 5.77164s
1308 0.875066 0.568629 0.0158626 5.80676s
1309 0.875066 0.558285 0.0156924 5.76561s
1310 0.875066 0.566814 0.0160548 5.72551s
1311 0.875066 0.56682 0.0162417 5.96284s
1312 0.875066 0.567786 0.0165432 5.73355s
1313 0.875066 0.559812 0.0166235 5.74904s
1314 0.875066 0.571879 0.0180433 5.83228s
1315 0.875066 0.571725 0.0165111 5.97248s
1316 0.875066 0.565681 0.0157235 5.77885s
1317 0.875066 0.569941 0.0163603 5.78808s
1318 0.875066 0.572024 0.0171484 5.96621s
1319 0.875066 0.566287 0.0158021 5.9716s
1320 0.875066 0.570564 0.0161855 5.78731s
1321 0.875066 0.571018 0.0162088 5.71258s
1322 0.875066 0.562313 0.0154554 5.7896s
1323 0.875066 0.561879 0.0159139 5.76851s
1324 0.875066 0.556776 0.0169572 5.77527s
1325 0.875066 0.562562 0.0159307 5.83794s
1326 0.875066 0.563153 0.0169855 5.77831s
1327 0.875066 0.573032 0.0171555 5.78335s
1328 0.875066 0.565173 0.0170186 5.77662s
1329 0.875066 0.568808 0.016725 5.77643s
1330 0.875066 0.576147 0.0178426 6.05209s
1331 0.875066 0.571076 0.0167798 5.78569s
1332 0.875066 0.56382 0.0156666 5.78594s
1333 0.875066 0.559374 0.0157715 5.80349s
1334 0.875066 0.55994 0.0163358 5.78043s
1335 0.875066 0.564062 0.0170681 5.79325s
1336 0.875066 0.575415 0.0168484 5.87195s
1337 0.875066 0.572871 0.0163208 5.74778s
1338 0.875066 0.578042 0.0176761 5.82737s
1339 0.875066 0.571857 0.0173061 5.7872s
1340 0.875066 0.569711 0.015981 5.77568s
1341 0.875066 0.570702 0.0152876 5.7942s
1342 0.875066 0.579171 0.0160511 5.75567s
1343 0.875066 0.563691 0.0164234 5.79214s
1344 0.875066 0.568344 0.0159026 5.81092s
1345 0.875066 0.568163 0.0159325 5.78326s
1346 0.875066 0.569596 0.0163601 5.78935s
1347 0.875066 0.577211 0.0162405 5.75945s
1348 0.875066 0.573859 0.0165628 5.79013s
1349 0.875066 0.567839 0.0180543 5.83258s
1350 0.875066 0.57324 0.0169468 5.83316s
1351 0.875066 0.5737 0.0154403 5.75525s
1352 0.875066 0.572713 0.0169419 5.78485s
1353 0.875066 0.57368 0.01677 5.74173s
1354 0.875066 0.569721 0.0158456 5.75044s
1355 0.875066 0.564544 0.0155712 5.80064s
1356 0.875066 0.568052 0.0172243 5.81722s
1357 0.875066 0.569958 0.0164296 5.85286s
1358 0.875066 0.570911 0.0162217 5.79428s
1359 0.875066 0.566543 0.016122 5.82288s
1360 0.875066 0.563618 0.0164379 5.79718s
1361 0.875066 0.55971 0.0164491 5.77461s
1362 0.875066 0.564124 0.0167491 5.79837s
1363 0.875066 0.56827 0.0178844 5.7623s
1364 0.875066 0.566683 0.0179905 5.76228s
1365 0.875066 0.568133 0.0182569 5.79494s
1366 0.875066 0.578879 0.0180146 5.76761s
1367 0.875066 0.566771 0.0170465 5.77905s
1368 0.875292 0.561414 0.0171406 5.76616s
1369 0.875292 0.562104 0.0177228 6.01686s
1370 0.875292 0.562212 0.0169065 5.7764s
1371 0.875292 0.561784 0.0163276 5.83624s
1372 0.875292 0.565894 0.0173217 5.68594s
1373 0.875292 0.552397 0.0170927 5.77355s
1374 0.875292 0.560061 0.0165827 5.74989s
1375 0.875292 0.559012 0.0163904 5.74366s
1376 0.875292 0.564008 0.016761 5.7178s
1377 0.875292 0.564618 0.0162339 5.7296s
1378 0.875292 0.565566 0.0172997 5.77649s
1379 0.875292 0.5674 0.0173055 5.72375s
1380 0.875292 0.573631 0.0170686 5.72992s
1381 0.875292 0.567347 0.0157911 5.74969s
1382 0.875292 0.570777 0.015847 5.76612s
1383 0.875292 0.563217 0.0171198 5.82536s
1384 0.875292 0.561483 0.0166115 5.76189s
1385 0.875292 0.561326 0.0158642 5.76408s
1386 0.875292 0.561175 0.0150418 5.71972s
1387 0.875292 0.556712 0.0162008 5.75827s
1388 0.875292 0.564472 0.0161614 5.7798s
1389 0.875292 0.563822 0.0167306 5.99183s
1390 0.875292 0.566354 0.0180747 5.7556s
1391 0.875292 0.578607 0.0184152 5.73461s
1392 0.875292 0.585393 0.01812 5.75526s
1393 0.875292 0.581875 0.0176001 5.77427s
1394 0.875292 0.58129 0.0177265 5.82961s
1395 0.875292 0.572025 0.0170679 5.81492s
1396 0.875292 0.562485 0.0175157 5.82359s
1397 0.875292 0.564385 0.0174258 5.83406s
1398 0.875292 0.566401 0.0176829 5.75869s
1399 0.875292 0.568076 0.016621 5.72526s
1400 0.875292 0.566763 0.017397 5.74357s
1401 0.875292 0.571879 0.0179045 5.7429s
1402 0.875292 0.567916 0.01636 5.79491s
1403 0.875292 0.563048 0.0167074 5.77801s
1404 0.875292 0.56921 0.0167089 6.01628s
1405 0.875292 0.563886 0.0161567 5.75398s
1406 0.875292 0.564404 0.0175464 5.73546s
1407 0.875292 0.560236 0.0158237 5.78336s
1408 0.875292 0.569587 0.0174968 5.73946s
1409 0.875292 0.568409 0.0165461 5.81127s
1410 0.875292 0.569996 0.0167333 5.81745s
1411 0.875292 0.566839 0.0160676 6.03118s
1412 0.875292 0.565372 0.0156535 5.78046s
1413 0.875292 0.555951 0.0161713 5.76142s
1414 0.875292 0.562446 0.0173709 5.71336s
1415 0.875292 0.561435 0.0184836 5.73262s
1416 0.875292 0.565958 0.0183833 5.77922s
1417 0.875292 0.566848 0.017388 5.76869s
1418 0.875292 0.567446 0.0174668 5.74672s
1419 0.875292 0.567588 0.016398 5.75437s
1420 0.875292 0.567075 0.0166672 5.79768s
1421 0.875292 0.572484 0.0163179 5.8573s
1422 0.875292 0.570207 0.0172474 5.99565s
1423 0.875292 0.569611 0.0179823 5.82256s
1424 0.875292 0.571239 0.0175174 6.02615s
1425 0.875292 0.573476 0.0179522 5.83889s
1426 0.875292 0.573199 0.0169481 5.81904s
1427 0.875495 0.574277 0.0170893 5.87058s
1428 0.875495 0.559389 0.0163554 5.76808s
1429 0.875495 0.569674 0.0191987 5.78094s
1430 0.875495 0.581811 0.0193945 5.74306s
1431 0.875495 0.580033 0.0176365 5.76233s
1432 0.875495 0.573623 0.0167534 5.73504s
1433 0.875495 0.572282 0.0171221 5.74893s
1434 0.875495 0.57183 0.0166575 5.71572s
1435 0.875495 0.570093 0.0147327 5.76466s
1436 0.875495 0.571684 0.0161386 5.73916s
1437 0.875495 0.574777 0.017604 5.75339s
1438 0.875495 0.562732 0.0181337 5.82215s
1439 0.875495 0.569141 0.0185976 6.03941s
1440 0.875554 0.57274 0.0181006 6.12705s
1441 0.875554 0.57919 0.0178708 5.87745s
1442 0.875554 0.563914 0.0170904 5.78174s
1443 0.875554 0.562971 0.016469 5.80862s
1444 0.875554 0.559395 0.0169863 5.77263s
1445 0.875554 0.564987 0.0168768 5.7899s
1446 0.875554 0.578329 0.0178706 5.79994s
1447 0.875554 0.564571 0.0166728 5.81186s
1448 0.875554 0.561958 0.0161215 5.84946s
1449 0.875554 0.567445 0.0179605 5.79305s
1450 0.875554 0.579803 0.017606 5.89994s
1451 0.875554 0.572091 0.0162448 5.78291s
1452 0.875554 0.569196 0.0170173 5.77731s
1453 0.875554 0.559196 0.0157961 5.82874s
1454 0.875554 0.564196 0.0165403 5.96197s
1455 0.875554 0.556239 0.0160577 5.83621s
1456 0.875554 0.564405 0.0178929 5.79977s
1457 0.875554 0.556924 0.0162022 5.73746s
1458 0.875554 0.561899 0.016318 5.75746s
1459 0.875554 0.559001 0.0163489 5.76271s
1460 0.875554 0.548188 0.0153299 5.78763s
1461 0.875554 0.556075 0.01589 5.73783s
1462 0.875554 0.563369 0.0180269 5.78334s
1463 0.875554 0.567961 0.0171388 5.77381s
1464 0.875554 0.569109 0.0169059 5.76476s
1465 0.875554 0.56217 0.0166661 5.80028s
1466 0.875554 0.560958 0.0153226 5.79973s
1467 0.875554 0.567472 0.0161832 5.76583s
1468 0.875554 0.566895 0.0164362 6.05318s
1469 0.875554 0.568233 0.0175441 5.78016s
1470 0.875554 0.569619 0.0172212 5.75818s
1471 0.875554 0.563349 0.0164069 5.74681s
1472 0.875554 0.56554 0.0163498 5.82916s
1473 0.875554 0.562986 0.0149687 5.73975s
1474 0.875554 0.562677 0.0162261 5.78715s
1475 0.875554 0.563526 0.0159757 5.79876s
1476 0.875554 0.567746 0.0165645 5.77131s
1477 0.875554 0.572456 0.0175847 5.80477s
1478 0.875554 0.573464 0.0165145 5.76763s
1479 0.875554 0.563682 0.0162352 5.74713s
1480 0.875584 0.560396 0.0156211 5.8245s
1481 0.875584 0.561585 0.0161243 5.77268s
1482 0.875584 0.555913 0.0164566 5.76197s
1483 0.875584 0.564362 0.0181534 5.82427s
1484 0.875584 0.567291 0.0174491 5.80636s
1485 0.875584 0.574214 0.0169949 5.76882s
1486 0.875584 0.569313 0.0170194 5.7586s
1487 0.875584 0.565579 0.0175626 5.77989s
1488 0.875584 0.567066 0.016991 5.78506s
1489 0.875584 0.558779 0.0161691 5.77859s
1490 0.875584 0.557285 0.0155833 5.77961s
1491 0.875584 0.573826 0.0167491 5.80145s
1492 0.875584 0.567124 0.0171585 5.75918s
1493 0.875584 0.561869 0.0174852 5.75415s
1494 0.875584 0.5677 0.0183076 5.77583s
1495 0.875584 0.570535 0.0171408 5.82842s
1496 0.875584 0.576292 0.0162509 5.72871s
1497 0.875584 0.567582 0.0164706 5.70863s
1498 0.875584 0.565723 0.0158368 5.75087s
1499 0.875584 0.565862 0.0166013 5.79276s
1500 0.875584 0.559592 0.0163707 5.75769s
1501 0.875584 0.555628 0.0158374 5.81126s
1502 0.875584 0.551365 0.0153398 5.75513s
1503 0.875584 0.561036 0.0162108 5.78225s
1504 0.875584 0.563135 0.0170641 5.77154s
1505 0.875759 0.573174 0.0167411 5.77484s
1506 0.875759 0.569836 0.0158412 5.8291s
1507 0.875759 0.566058 0.0163556 5.74959s
1508 0.875759 0.567589 0.0162907 5.76383s
1509 0.875759 0.568222 0.0169031 5.76953s
1510 0.875759 0.574292 0.0172028 5.78773s
1511 0.875759 0.571323 0.0167664 5.79936s
1512 0.875759 0.575785 0.0164811 5.78477s
1513 0.875759 0.565896 0.0164293 5.8033s
1514 0.875759 0.570177 0.0171898 5.78465s
1515 0.875759 0.567784 0.016714 5.79823s
1516 0.875759 0.567693 0.0182407 5.77067s
1517 0.875759 0.564097 0.0164084 5.74567s
1518 0.875759 0.561193 0.0159574 5.82883s
1519 0.875759 0.568309 0.0159562 5.84513s
1520 0.875759 0.564057 0.0173947 5.77818s
1521 0.875759 0.570024 0.01741 5.97665s
1522 0.875759 0.577039 0.0164972 5.80372s
1523 0.875759 0.578565 0.0172634 5.73718s
1524 0.875759 0.5703 0.0168786 5.77233s
1525 0.875759 0.570896 0.0162021 5.79757s
1526 0.875759 0.572401 0.0173678 5.81774s
1527 0.875759 0.575769 0.0179141 6.18594s
1528 0.875759 0.576714 0.0167761 5.94175s
1529 0.875759 0.568851 0.0164248 5.8731s
1530 0.875759 0.564051 0.0169535 5.70615s
1531 0.875759 0.561956 0.0174593 5.80758s
1532 0.875759 0.556603 0.0154186 5.78535s
1533 0.875759 0.559751 0.0163175 5.78934s
1534 0.875759 0.562074 0.0167115 6.03296s
1535 0.875759 0.572595 0.0174139 5.79265s
1536 0.875759 0.572991 0.0177131 5.78526s
1537 0.875759 0.562145 0.0183219 5.77019s
1538 0.875759 0.562228 0.0180317 5.7906s
1539 0.875759 0.552314 0.0163826 5.78486s
1540 0.875759 0.556241 0.0166659 5.77891s
1541 0.875759 0.561646 0.0166629 5.80024s
1542 0.875759 0.553048 0.0175953 5.80012s
1543 0.875759 0.555967 0.0157984 5.76389s
1544 0.875759 0.561627 0.0173011 5.75953s
1545 0.875759 0.55913 0.0175981 5.81864s
1546 0.875759 0.557791 0.016478 5.75772s
1547 0.875759 0.566299 0.0163725 5.83783s
1548 0.875759 0.573796 0.016794 5.81102s
1549 0.875759 0.570834 0.0177517 5.79583s
1550 0.875759 0.574438 0.0180502 5.76981s
1551 0.875759 0.571891 0.0185174 5.7448s
1552 0.875759 0.558521 0.0173729 5.74712s
1553 0.875759 0.560738 0.0170689 6.04145s
1554 0.875759 0.57428 0.0158378 5.79099s
1555 0.875759 0.567039 0.0159025 5.77058s
1556 0.875759 0.568997 0.0176226 5.75998s
1557 0.875759 0.565581 0.0178465 5.79704s
1558 0.875759 0.562327 0.0159853 5.89169s
1559 0.875759 0.578963 0.0171747 5.73356s
1560 0.875759 0.576653 0.0168756 5.75219s
1561 0.875759 0.578294 0.0175604 5.75326s
1562 0.875759 0.566265 0.0175006 5.78411s
1563 0.875759 0.574027 0.01661 5.84129s
1564 0.875759 0.575701 0.0172099 5.83283s
1565 0.875759 0.573969 0.0165377 5.80666s
1566 0.875759 0.574463 0.0164141 5.76743s
1567 0.875759 0.570126 0.0158409 5.75745s
1568 0.875759 0.570787 0.0149493 5.79825s
1569 0.875759 0.572106 0.0165736 5.81989s
1570 0.875759 0.57388 0.0167814 5.76527s
1571 0.875759 0.567689 0.0152831 5.77403s
1572 0.875759 0.564826 0.0158136 5.76646s
1573 0.875759 0.56804 0.0158083 5.79213s
1574 0.875759 0.566943 0.0161823 5.80056s
1575 0.875759 0.560062 0.0174756 6.05488s
1576 0.875759 0.564609 0.0164908 5.78065s
1577 0.875759 0.556689 0.0167395 5.75243s
1578 0.875759 0.557151 0.0169579 5.81101s
1579 0.875759 0.554688 0.0168461 5.80993s
1580 0.875759 0.561541 0.015504 5.81197s
1581 0.875759 0.558434 0.016015 5.79211s
1582 0.875759 0.562947 0.0166912 5.7709s
1583 0.875759 0.565295 0.0184852 5.7209s
1584 0.875759 0.561026 0.0153741 6.02567s
1585 0.875759 0.557978 0.0159039 5.76691s
1586 0.875759 0.559513 0.0159333 5.78984s
1587 0.875759 0.55094 0.0157592 5.78789s
1588 0.875759 0.561022 0.016986 5.75271s
1589 0.875759 0.552932 0.0155777 5.79363s
1590 0.875759 0.556653 0.0159717 5.74426s
1591 0.875759 0.565979 0.0183014 5.78954s
1592 0.875759 0.563982 0.0163216 5.71411s
1593 0.875759 0.56803 0.0162073 5.78593s
1594 0.875759 0.565622 0.0157303 5.77082s
1595 0.875759 0.570811 0.0154182 5.77384s
1596 0.875759 0.565136 0.0156413 5.69361s
1597 0.875759 0.568721 0.015568 5.76833s
1598 0.875759 0.568098 0.0175828 5.72726s
1599 0.875759 0.564412 0.0168411 5.72902s
1600 0.875759 0.567235 0.0167986 5.77415s
1601 0.875759 0.571592 0.0167542 5.74655s
1602 0.875759 0.564709 0.016491 5.75651s
1603 0.875759 0.560234 0.016083 5.78052s
1604 0.875759 0.56948 0.0154508 5.8245s
1605 0.875759 0.564031 0.0178259 5.78005s
1606 0.875759 0.559095 0.0167657 5.7757s
1607 0.875759 0.562105 0.0169391 5.75231s
1608 0.875759 0.566823 0.017015 6.00097s
1609 0.875759 0.559887 0.0157449 5.76997s
1610 0.875759 0.557163 0.0174387 5.75026s
1611 0.875759 0.566814 0.0170383 5.77355s
1612 0.875759 0.566058 0.0176792 6.00623s
1613 0.875759 0.564787 0.0174019 5.80726s
1614 0.875759 0.56656 0.0181287 5.79278s
1615 0.875759 0.565396 0.0170042 5.82819s
1616 0.875759 0.565844 0.0166631 5.74965s
1617 0.875759 0.565319 0.0173924 5.81519s
1618 0.875759 0.56575 0.0163122 5.77707s
1619 0.875759 0.565632 0.0152508 5.8116s
1620 0.875759 0.567394 0.0156196 5.74543s
1621 0.875759 0.562839 0.0160497 5.79145s
1622 0.875759 0.560597 0.0171164 5.74121s
1623 0.875759 0.567573 0.0179053 5.78198s
1624 0.875759 0.576122 0.0171966 5.72301s
1625 0.875759 0.57146 0.017453 5.96428s
1626 0.875759 0.577459 0.0171869 5.77304s
1627 0.875759 0.570299 0.0161994 5.7686s
1628 0.875759 0.564002 0.01639 5.7739s
1629 0.875759 0.566348 0.0174638 5.79143s
1630 0.875759 0.567995 0.0170436 5.77337s
1631 0.875759 0.580543 0.0177141 5.79186s
1632 0.875759 0.575462 0.0164236 5.73471s
1633 0.875759 0.575155 0.0174794 5.74172s
1634 0.875759 0.574646 0.0172917 5.8334s
1635 0.875759 0.566757 0.0177304 5.75271s
1636 0.875759 0.572428 0.0165059 5.78961s
1637 0.875759 0.569914 0.0154965 5.81622s
1638 0.875759 0.571564 0.0168888 5.76702s
1639 0.875759 0.566857 0.0169666 5.79424s
1640 0.875759 0.562735 0.016381 5.75456s
1641 0.875759 0.56595 0.0163401 5.9871s
1642 0.875759 0.56662 0.0165993 5.75574s
1643 0.875759 0.562559 0.01537 5.82661s
1644 0.875759 0.564606 0.014879 5.73685s
1645 0.875759 0.566491 0.0158716 5.73002s
1646 0.875759 0.563569 0.0152919 5.71887s
1647 0.875759 0.56131 0.0157427 5.81519s
1648 0.875759 0.569053 0.0174774 5.7269s
1649 0.875759 0.562549 0.0170532 5.82798s
1650 0.875759 0.567148 0.0158704 5.82989s
1651 0.875759 0.562527 0.0149373 5.76922s
1652 0.875759 0.568098 0.0158788 5.75495s
1653 0.875759 0.573901 0.0170072 5.83259s
1654 0.875759 0.570534 0.0166863 5.7413s
1655 0.875759 0.575542 0.0172121 5.76786s
1656 0.875759 0.568619 0.0166344 5.98552s
1657 0.875759 0.567808 0.0165685 5.71428s
1658 0.875759 0.568754 0.0163648 5.74326s
1659 0.875759 0.57413 0.0177591 5.77667s
1660 0.875759 0.574967 0.0174643 5.73499s
1661 0.875759 0.566021 0.0174332 5.75925s
1662 0.875759 0.569523 0.017216 5.80569s
1663 0.875759 0.571898 0.0180762 5.80975s
1664 0.875759 0.577505 0.0170802 5.74279s
1665 0.875759 0.568604 0.0175425 5.76533s
1666 0.875759 0.570029 0.0182113 5.7365s
1667 0.875759 0.566856 0.0173769 5.7935s
1668 0.875759 0.57229 0.0174589 5.7881s
1669 0.875759 0.567967 0.0172847 5.76985s
1670 0.875759 0.565023 0.0166699 5.74919s
1671 0.875759 0.574191 0.0177045 5.76991s
1672 0.875759 0.587085 0.0182697 5.81424s
1673 0.875759 0.566808 0.0174441 5.79819s
1674 0.875759 0.565198 0.0180041 5.80915s
1675 0.875759 0.569375 0.0169362 6.00142s
1676 0.875759 0.563066 0.0173157 5.71644s
1677 0.875759 0.564293 0.0178536 5.76844s
1678 0.875759 0.570095 0.0170971 5.80148s
1679 0.875759 0.58193 0.0173397 5.7754s
1680 0.875759 0.58701 0.0173721 5.81451s
1681 0.875759 0.585671 0.0172439 5.77485s
1682 0.875759 0.577372 0.016874 5.81586s
1683 0.875759 0.571638 0.016303 5.82887s
1684 0.875759 0.565332 0.0153165 5.74216s
1685 0.875759 0.569693 0.0157315 5.71447s
1686 0.875759 0.568465 0.016734 5.73334s
1687 0.875759 0.569949 0.0165097 5.74788s
1688 0.875759 0.579645 0.0162763 5.76023s
1689 0.875759 0.578392 0.0162417 5.75622s
1690 0.875759 0.57466 0.0156494 5.7838s
1691 0.875759 0.56879 0.0154149 5.78112s
1692 0.875759 0.569076 0.0155259 5.73804s
1693 0.875759 0.566705 0.0162789 5.76932s
1694 0.875759 0.573338 0.0163267 5.7937s
1695 0.875759 0.584232 0.017237 5.7951s
1696 0.875759 0.585964 0.0166729 5.97438s
1697 0.875759 0.587221 0.018358 5.80847s
1698 0.875759 0.581317 0.0182725 5.77288s
1699 0.875759 0.566279 0.0154154 5.79434s
1700 0.875759 0.575286 0.0174813 5.79259s
1701 0.875759 0.577649 0.0175485 5.74384s
1702 0.875759 0.576069 0.0168788 5.74492s
1703 0.875759 0.570806 0.0168103 5.76936s
1704 0.875759 0.564782 0.0167462 5.78052s
1705 0.875759 0.570054 0.0173852 5.74396s
1706 0.875759 0.56245 0.0160404 5.7692s
1707 0.876038 0.570345 0.0172697 5.79915s
1708 0.876038 0.574664 0.0173122 5.72312s
1709 0.876038 0.56764 0.017842 5.73268s
1710 0.876038 0.569364 0.0183346 5.82276s
1711 0.876038 0.577704 0.0167783 5.75377s
1712 0.876038 0.567166 0.0163414 5.75248s
1713 0.876038 0.565236 0.0174445 5.97723s
1714 0.876038 0.561946 0.0165205 5.79642s
1715 0.876038 0.558157 0.0160236 5.76478s
1716 0.876038 0.561911 0.0171273 5.77347s
1717 0.876038 0.56585 0.0186048 5.83392s
1718 0.876038 0.570247 0.0178441 5.75102s
1719 0.876038 0.568758 0.0167317 5.80594s
1720 0.876038 0.571598 0.0163458 5.7709s
1721 0.876038 0.561996 0.0169378 5.77949s
1722 0.876038 0.565456 0.0165227 5.72165s
1723 0.876038 0.561056 0.0167508 5.81359s
1724 0.876038 0.556798 0.0164219 5.81162s
1725 0.876038 0.553826 0.0175538 5.79102s
1726 0.876038 0.554454 0.0174091 5.7808s
1727 0.876038 0.56593 0.0174273 5.76087s
1728 0.876038 0.566071 0.0177979 5.76361s
1729 0.876038 0.563048 0.0164501 5.83822s
1730 0.876038 0.566148 0.0168202 5.74117s
1731 0.876038 0.562371 0.0163469 5.78092s
1732 0.876038 0.568355 0.0163324 5.7867s
1733 0.876038 0.56701 0.0176839 5.80251s
1734 0.876038 0.574232 0.0177754 6.03992s
1735 0.876038 0.572568 0.0176829 6.05936s
1736 0.876038 0.580618 0.0170453 5.73977s
1737 0.876038 0.590126 0.0169753 5.72495s
1738 0.876038 0.576642 0.0152776 5.77784s
1739 0.876038 0.579725 0.0172837 5.78151s
1740 0.876038 0.574812 0.0163767 5.77421s
1741 0.876038 0.56977 0.0173678 5.77569s
1742 0.876038 0.574773 0.0171962 5.85044s
1743 0.876038 0.577815 0.0171811 5.74949s
1744 0.876038 0.563559 0.0166868 5.7854s
1745 0.876038 0.568534 0.0169987 5.80529s
1746 0.876038 0.563772 0.0165102 5.76921s
1747 0.876038 0.573495 0.0181857 6.02097s
1748 0.876038 0.57371 0.01764 5.73224s
1749 0.876038 0.571437 0.0171734 5.72572s
1750 0.876038 0.566839 0.0169324 5.73818s
1751 0.876038 0.571268 0.0171861 5.74123s
1752 0.876038 0.570814 0.0165614 5.76808s
1753 0.876038 0.563912 0.0174029 5.72589s
1754 0.876038 0.564077 0.0160973 5.77902s
1755 0.876038 0.559837 0.0171516 5.72859s
1756 0.876038 0.564333 0.0177725 5.82058s
1757 0.876038 0.557206 0.0173971 5.95081s
1758 0.876038 0.564081 0.0165635 5.7442s
1759 0.876038 0.555677 0.0173253 5.80058s
1760 0.876038 0.563249 0.0177584 5.76795s
1761 0.876038 0.568293 0.0179552 5.72677s
1762 0.876038 0.558514 0.0180985 5.77615s
1763 0.876038 0.566375 0.0169746 5.76411s
1764 0.876038 0.568197 0.0173711 5.81788s
1765 0.876038 0.564919 0.0164415 5.80711s
1766 0.876038 0.569806 0.0167135 5.83922s
1767 0.876038 0.566567 0.0170152 6.022s
1768 0.876038 0.571852 0.017807 5.80617s
1769 0.876038 0.55666 0.0168934 5.75193s
1770 0.876038 0.562658 0.01646 5.77328s
1771 0.876038 0.572231 0.016532 5.80909s
1772 0.876038 0.5648 0.0170283 5.72694s
1773 0.876038 0.562786 0.016522 5.8336s
1774 0.876038 0.567683 0.0160617 5.7766s
1775 0.876038 0.572585 0.0176782 5.72472s
1776 0.876038 0.572099 0.0167014 5.80003s
1777 0.876038 0.57268 0.016686 5.7842s
1778 0.876038 0.564414 0.0171573 5.75674s
1779 0.876038 0.574487 0.0178956 5.7901s
1780 0.876038 0.574281 0.0174972 5.99163s
1781 0.876038 0.559036 0.0161993 5.77071s
1782 0.876038 0.564289 0.0161733 5.74757s
1783 0.876038 0.570758 0.016022 5.75983s
1784 0.876038 0.569034 0.0175781 5.81047s
1785 0.876038 0.57089 0.0166515 5.82638s
1786 0.876038 0.573921 0.0177097 5.83191s
1787 0.876038 0.563655 0.0154691 5.81481s
1788 0.876038 0.55735 0.0155165 5.77059s
1789 0.876038 0.556461 0.0154951 5.73999s
1790 0.876038 0.562686 0.0156751 5.82501s
1791 0.876038 0.561007 0.0170823 5.80562s
1792 0.876038 0.560205 0.0168846 5.77483s
1793 0.876038 0.55985 0.0161504 5.78316s
1794 0.876038 0.564279 0.0164941 5.7556s
1795 0.876038 0.562644 0.016546 5.76114s
1796 0.876038 0.559655 0.0158018 5.76193s
1797 0.876038 0.561392 0.0171974 5.7379s
1798 0.876038 0.560384 0.0160886 5.77892s
1799 0.876038 0.559112 0.0166396 5.73707s
1800 0.876038 0.572051 0.0182153 5.77382s
1801 0.876038 0.555341 0.0166319 5.77199s
1802 0.876038 0.560075 0.0162239 5.77337s
1803 0.876038 0.566644 0.0175927 6.04856s
1804 0.876038 0.55717 0.0177612 5.72232s
1805 0.876038 0.558221 0.0171038 5.97974s
1806 0.876038 0.558743 0.0173023 5.76484s
1807 0.876038 0.559415 0.0179439 5.75279s
1808 0.876038 0.559461 0.0164171 5.72283s
1809 0.876038 0.555431 0.0165999 5.73423s
1810 0.876038 0.561537 0.0172671 5.76209s
1811 0.876038 0.561125 0.017214 5.77343s
1812 0.876038 0.565627 0.0180387 5.75004s
1813 0.876038 0.566265 0.0181376 5.80624s
1814 0.876038 0.55903 0.0166968 5.76718s
1815 0.876038 0.559952 0.0174865 5.72771s
1816 0.876038 0.564631 0.0156136 5.78185s
1817 0.876038 0.563217 0.017772 5.77056s
1818 0.876038 0.561205 0.015943 5.7663s
1819 0.876038 0.572773 0.0168632 5.72615s
1820 0.876038 0.571656 0.016727 5.76604s
1821 0.876038 0.573964 0.0162568 5.73928s
1822 0.876038 0.576326 0.017031 5.77866s
1823 0.876038 0.570999 0.0166485 5.86211s
1824 0.876038 0.570111 0.0172694 5.7655s
1825 0.876038 0.560104 0.0162791 5.7621s
1826 0.876038 0.559505 0.0169237 5.76834s
1827 0.876038 0.564969 0.0158554 5.76115s
1828 0.876038 0.554754 0.0154769 5.81786s
1829 0.876038 0.560173 0.0155305 5.77201s
1830 0.876038 0.563854 0.0167425 5.78369s
1831 0.876038 0.563315 0.0154877 6.02448s
1832 0.876038 0.563775 0.016445 5.73068s
1833 0.876038 0.567411 0.0168155 5.81837s
1834 0.876038 0.569096 0.0157602 5.78762s
1835 0.876038 0.567282 0.0168813 5.83442s
1836 0.876038 0.571157 0.0168572 5.88013s
1837 0.876038 0.576939 0.0174469 5.78993s
1838 0.876038 0.569143 0.0167301 5.81001s
1839 0.876038 0.571308 0.0168942 5.74489s
1840 0.876038 0.571705 0.0175509 5.79221s
1841 0.876038 0.563246 0.0164507 5.75821s
1842 0.876038 0.562903 0.0156248 5.8094s
1843 0.876038 0.571993 0.0170043 5.80091s
1844 0.876038 0.568382 0.016426 6.02461s
1845 0.876038 0.558384 0.0166022 5.76216s
1846 0.876038 0.562006 0.016382 5.80725s
1847 0.876038 0.569836 0.0165744 5.74624s
1848 0.876038 0.563181 0.0162474 5.72015s
1849 0.876038 0.572242 0.0163717 6.11632s
1850 0.876038 0.575184 0.0162078 5.808s
1851 0.876038 0.574412 0.0162872 5.77307s
1852 0.876038 0.572879 0.0153943 5.84312s
1853 0.876038 0.570069 0.0154845 5.7475s
1854 0.876038 0.579854 0.0165231 5.78062s
1855 0.876038 0.577405 0.0161837 5.73117s
1856 0.876038 0.563857 0.016112 5.72272s
1857 0.876038 0.566948 0.0156182 5.7161s
1858 0.876876 0.568553 0.0166074 5.74395s
1859 0.876876 0.575903 0.0175151 5.77086s
1860 0.876876 0.569273 0.0164645 5.78895s
1861 0.876876 0.56842 0.0176905 5.7643s
1862 0.876876 0.560522 0.0162769 5.77891s
1863 0.876876 0.560458 0.0166618 5.77234s
1864 0.876876 0.563726 0.017242 5.71557s
1865 0.876876 0.570757 0.0178158 5.80542s
1866 0.876876 0.563946 0.0173229 5.89087s
1867 0.876876 0.564173 0.0167764 5.7738s
1868 0.876876 0.566981 0.0163251 5.71562s
1869 0.876876 0.563887 0.0165712 5.78901s
1870 0.876876 0.563332 0.0170526 5.80998s
1871 0.876876 0.569272 0.0171332 5.77319s
1872 0.876876 0.56015 0.0169712 5.77967s
1873 0.876876 0.570346 0.0162854 5.76722s
1874 0.876876 0.569015 0.0164286 5.73399s
1875 0.876876 0.569318 0.0176856 5.76274s
1876 0.876876 0.565754 0.0158079 5.79755s
1877 0.876876 0.572655 0.0173127 5.82409s
1878 0.876876 0.572489 0.0166481 5.80978s
1879 0.876876 0.570768 0.0169186 5.70311s
1880 0.876876 0.565193 0.0170404 5.75541s
1881 0.876876 0.562842 0.0163622 5.74295s
1882 0.876876 0.571272 0.0170207 5.7421s
1883 0.876876 0.571087 0.0172718 5.81238s
1884 0.876876 0.562717 0.016829 5.75264s
1885 0.876876 0.55891 0.0170213 5.77578s
1886 0.876876 0.562042 0.0173312 5.76846s
1887 0.876876 0.564054 0.0176156 5.8049s
1888 0.876876 0.569211 0.0173753 5.78369s
1889 0.876876 0.566591 0.0160214 5.74636s
1890 0.876876 0.560411 0.0164982 5.75803s
1891 0.876876 0.559672 0.017595 5.77023s
1892 0.876876 0.559553 0.0172345 5.79662s
1893 0.876876 0.559027 0.0168625 5.76389s
1894 0.876876 0.562991 0.0172493 5.78336s
1895 0.876876 0.553567 0.0166829 5.75524s
1896 0.876876 0.553285 0.0162163 5.77121s
1897 0.876876 0.567736 0.0175413 5.80458s
1898 0.876876 0.562822 0.0150633 5.78897s
1899 0.876876 0.566928 0.0169787 5.78752s
1900 0.876876 0.566559 0.0174197 5.77226s
1901 0.876876 0.563448 0.0172927 5.81501s
1902 0.876876 0.558798 0.016193 5.81062s
1903 0.876876 0.557709 0.0170179 5.77753s
1904 0.876876 0.559435 0.0175995 5.77104s
1905 0.876876 0.577979 0.0194579 5.74633s
1906 0.876876 0.57453 0.018216 5.74433s
1907 0.876876 0.570488 0.0173071 5.7783s
1908 0.876876 0.570594 0.0167143 5.74613s
1909 0.876876 0.563559 0.0154264 5.78907s
1910 0.876876 0.564047 0.0172841 5.75889s
1911 0.876876 0.567147 0.0175457 6.00592s
1912 0.876876 0.562026 0.0162883 5.75958s
1913 0.876876 0.564017 0.0171205 5.7835s
1914 0.876876 0.578561 0.0171633 5.78144s
1915 0.876876 0.568877 0.0172146 5.76173s
1916 0.876876 0.565486 0.0188243 5.7799s
1917 0.876876 0.567501 0.017002 5.75865s
1918 0.876876 0.56432 0.0169435 5.7972s
1919 0.876876 0.563683 0.016338 5.76661s
1920 0.876876 0.559884 0.0159109 5.85442s
1921 0.876876 0.561551 0.0156548 5.80665s
1922 0.876876 0.570006 0.0173055 5.73s
1923 0.876876 0.563484 0.0175645 5.83215s
1924 0.876876 0.569621 0.016859 5.76548s
1925 0.876876 0.554794 0.0156938 5.78119s
1926 0.876876 0.558846 0.0156761 5.7605s
1927 0.876876 0.565044 0.0168072 5.77147s
1928 0.876876 0.557291 0.0171693 5.76887s
1929 0.876876 0.56626 0.0176304 5.7237s
1930 0.876876 0.569883 0.0173191 5.81166s
1931 0.876876 0.567661 0.0170081 5.80435s
1932 0.876876 0.568246 0.0172661 5.78213s
1933 0.876876 0.577499 0.0169773 5.79731s
1934 0.876876 0.568671 0.016192 5.75215s
1935 0.876876 0.566963 0.0162662 5.75437s
1936 0.876876 0.57065 0.0168591 5.74348s
1937 0.876876 0.562964 0.0153527 5.80621s
1938 0.876876 0.560311 0.0159153 5.77508s
1939 0.876876 0.566027 0.0157811 5.79464s
1940 0.876876 0.556642 0.0155432 5.75658s
1941 0.876876 0.567162 0.0166023 5.82979s
1942 0.876876 0.55507 0.0154873 5.75569s
1943 0.876876 0.563877 0.0170164 5.78297s
1944 0.876876 0.563332 0.0169323 5.75513s
1945 0.876876 0.564577 0.0161469 5.77477s
1946 0.876876 0.573127 0.0171108 6.02992s
1947 0.876876 0.567949 0.0167946 5.72001s
1948 0.877258 0.569204 0.0175772 5.82158s
1949 0.877258 0.561933 0.016168 5.74173s
1950 0.877258 0.562908 0.0160216 5.72984s
1951 0.877258 0.569339 0.0166372 5.76392s
1952 0.877258 0.562939 0.0167111 5.74594s
1953 0.877258 0.566693 0.0164232 5.74663s
1954 0.877258 0.569795 0.0168988 5.80125s
1955 0.877258 0.567536 0.0176417 5.74744s
1956 0.877258 0.566917 0.0157283 5.75851s
1957 0.877258 0.561005 0.0169242 5.77108s
1958 0.877258 0.564929 0.0161418 5.72561s
1959 0.877258 0.569291 0.0169028 5.86865s
1960 0.877258 0.572748 0.0175284 5.74034s
1961 0.877258 0.580342 0.0188997 5.74798s
1962 0.877258 0.575924 0.017491 5.80465s
1963 0.877258 0.566566 0.0167366 5.75506s
1964 0.877258 0.570197 0.0166936 5.72374s
1965 0.877258 0.565434 0.0161747 5.741s
1966 0.877258 0.571528 0.0166162 5.80516s
1967 0.877258 0.566468 0.0167096 5.79166s
1968 0.877258 0.569805 0.0178847 5.78473s
1969 0.877258 0.571661 0.0177421 5.75737s
1970 0.877258 0.574334 0.0176371 5.72298s
1971 0.877258 0.568645 0.0169797 5.72303s
1972 0.877258 0.562612 0.0179524 5.74721s
1973 0.877258 0.572155 0.0167447 6.04265s
1974 0.877258 0.567254 0.016725 5.84548s
1975 0.877258 0.562482 0.0170406 5.80498s
1976 0.877258 0.565445 0.0175702 5.7305s
1977 0.877258 0.562742 0.017651 5.77162s
1978 0.877258 0.567561 0.0174851 5.83064s
1979 0.877258 0.57152 0.0169017 5.75923s
1980 0.877258 0.57116 0.016935 5.75395s
1981 0.877258 0.570942 0.0166103 5.7386s
1982 0.877782 0.575412 0.0175581 5.75628s
1983 0.877782 0.566359 0.0171482 5.79434s
1984 0.877782 0.569909 0.0179854 5.76789s
1985 0.877782 0.568661 0.0173065 5.74312s
1986 0.877782 0.560148 0.0155336 5.76536s
1987 0.877782 0.564525 0.0167177 5.87136s
1988 0.877782 0.571201 0.0176406 5.78632s
1989 0.877782 0.570066 0.0177498 5.81062s
1990 0.877782 0.577438 0.0176219 5.75119s
1991 0.877782 0.566201 0.0169468 5.77907s
1992 0.877782 0.566858 0.016925 5.75422s
1993 0.877782 0.571248 0.0182648 5.80514s
1994 0.877782 0.571291 0.0174965 5.75796s
1995 0.877782 0.572796 0.0178786 5.78089s
1996 0.877782 0.564682 0.0158265 5.78952s
1997 0.877782 0.567143 0.0160418 5.72075s
1998 0.877782 0.571264 0.0177461 5.78082s
1999 0.877782 0.556079 0.0163741 5.73409s
2000 0.877782 0.555776 0.0161796 5.77756s
