166  91
213  93
215  56
219  91
222  48
236  12
236  37
257  3
257  91
258  83
265  73
274  93
288  91
292  67
295  69
313  66
322  91
328  83
334  10
338  56
339  69
341  84
352  80
357  82
357  97
360  95
367  10
372  23
372  88
380  96
396  88
403  95
408  6
408  23
408  99
410  10
413  86
413  88
415  31
416  96
418  42
422  84
423  76
423  82
426  97
431  88
436  13
437  86
455  95
456  88
457  67
459  96
462  87
479  69
482  58
483  91
491  83
492  84
499  91
505  82
505  93
507  97
512  56
515  91
517  48
522  37
522  80
525  12
525  83
527  93
530  27
532  90
532  91
535  3
538  8
541  73
541  92
550  6
552  93
555  64
556  90
560  27
563  91
566  35
584  90
720  90
734  93
739  91
747  6
747  90
748  27
754  91
755  48
756  8
756  93
759  31
760  83
763  37
768  12
769  91
771  92
772  69
772  84
776  90
778  56
780  93
781  66
782  10
782  88
782  95
784  80
785  82
785  91
785  97
790  96
791  3
791  83
796  23
796  86
796  88
797  67
798  73
799  6
801  31
802  42
802  91
803  52
805  84
805  89
806  48
806  69
806  93
808  99
810  71
811  12
811  88
812  90
815  10
815  95
816  86
817  76
820  91
820  96
823  73
825  15
826  88
827  67
827  87
828  21
828  89
829  83
830  16
831  52
833  82
833  97
835  93
836  31
838  91
839  86
841  44
844  42
846  84
851  90
857  91
863  13
865  80
866  92
866  93
866  95
871  37
874  83
877  91
