200  10
200  69
273  91
275  56
277  84
289  82
289  97
291  83
294  69
300  95
326  10
332  88
333  23
336  91
342  96
360  88
361  95
376  10
376  23
377  99
382  96
384  6
388  84
391  88
393  82
395  97
419  95
421  69
421  91
426  83
430  56
438  84
448  91
451  80
455  73
461  83
477  69
477  91
479  82
479  97
492  84
499  56
503  83
504  21
508  91
513  88
516  95
521  96
525  10
529  88
536  86
538  31
540  42
541  67
544  76
545  23
545  88
550  99
553  12
555  13
556  96
558  86
561  95
562  88
564  82
565  97
569  31
571  87
575  84
579  42
580  88
582  67
582  86
582  91
584  6
593  83
596  58
598  88
598  96
606  76
609  86
609  91
613  95
614  10
617  80
617  88
623  69
625  91
625  93
626  84
627  48
629  37
631  12
633  83
634  3
643  91
645  66
646  93
646  96
650  97
651  82
653  99
655  88
657  48
658  92
661  91
666  37
669  95
670  93
671  73
674  88
676  86
679  12
679  83
680  91
682  84
683  27
685  67
686  90
687  6
688  31
693  3
693  8
693  88
696  93
697  96
699  56
699  91
702  86
708  64
710  27
711  90
712  88
717  23
719  91
720  6
720  35
722  87
725  93
727  95
729  83
735  80
736  97
738  84
738  90
739  82
739  91
756  8
756  93
763  92
774  90
793  48
852  91
860  93
862  90
868  91
871  83
877  84
882  69
