177  69
204  10
249  91
288  82
289  97
296  84
299  95
317  69
324  56
335  10
344  83
345  91
348  23
348  88
357  96
369  95
376  88
381  10
389  23
390  82
390  97
390  99
395  84
396  96
398  6
407  88
419  69
419  91
428  83
429  95
431  56
438  91
445  73
446  84
446  93
447  80
448  48
451  12
451  37
455  91
456  3
466  67
466  83
468  66
469  93
473  91
479  69
480  82
480  97
482  48
484  92
493  91
502  84
504  37
505  93
507  21
511  83
513  88
517  56
521  95
523  96
527  86
529  31
529  88
531  42
533  10
536  76
542  52
543  89
546  13
549  71
549  86
554  88
558  87
560  67
561  73
562  31
563  15
567  89
570  42
572  52
573  86
577  44
595  89
638  89
772  88
776  86
776  89
787  88
788  96
793  23
793  73
796  91
796  95
797  52
798  86
800  10
801  6
802  76
802  84
802  88
803  12
803  31
803  89
805  67
805  69
806  48
806  71
806  82
806  83
806  97
807  93
810  91
811  87
812  99
814  27
815  42
816  90
818  88
818  96
820  8
821  73
822  6
822  86
825  37
825  91
827  56
827  80
828  93
828  95
829  3
829  12
833  31
833  48
835  84
835  88
835  89
836  64
836  83
838  92
839  90
841  91
844  27
845  67
846  10
846  69
851  35
852  93
852  97
853  58
853  82
858  91
863  66
866  90
873  83
876  91
877  84
878  93
