11  23
11  56
12  17
12  62
12  70
13  9
13  82
14  97
15  1
15  3
15  81
16  13
16  66
16  78
16  98
16  99
17  39
17  40
17  84
17  88
17  95
18  76
18  80
19  14
19  21
19  65
19  85
19  94
20  10
20  36
20  43
20  58
20  69
20  91
24  23
24  56
25  62
25  70
26  82
27  17
28  9
28  97
29  37
29  42
31  81
32  99
33  3
33  98
34  1
34  88
35  13
35  66
35  84
35  95
36  78
37  39
37  40
37  80
39  23
39  56
39  82
40  62
40  76
40  85
40  94
41  70
42  91
43  97
44  21
44  36
44  43
45  17
46  14
46  65
47  9
48  81
49  58
49  99
50  10
50  69
51  84
51  95
52  82
52  88
52  98
54  34
54  45
56  3
56  13
56  66
58  23
58  56
58  62
58  80
59  97
60  70
61  39
62  1
62  40
63  85
63  94
65  78
66  81
67  82
67  84
67  91
67  95
67  99
69  17
72  36
72  43
72  98
73  9
73  88
75  97
81  76
81  80
82  13
82  66
83  23
83  56
83  84
83  95
84  82
88  81
88  85
89  94
92  28
93  97
93  98
93  99
94  62
95  91
96  39
97  40
99  84
99  95
102  82
104  88
106  80
107  17
107  70
109  43
110  36
111  81
111  97
115  84
115  95
116  13
116  66
116  85
116  98
117  94
119  14
120  99
121  82
122  65
124  9
124  23
124  56
124  91
128  80
128  97
131  84
131  95
135  81
135  98
137  1
137  88
140  76
140  82
140  91
141  17
141  78
142  97
143  80
145  9
146  58
146  85
147  84
147  94
147  95
148  99
153  69
154  10
154  98
156  91
156  97
158  21
158  80
159  82
160  81
162  39
162  40
163  42
163  43
163  76
163  84
163  95
164  36
164  37
165  51
168  9
168  13
168  17
168  66
170  97
171  88
171  91
173  80
173  98
177  85
177  99
178  94
179  82
182  58
184  97
185  81
186  91
188  80
189  76
192  98
194  84
194  95
195  9
197  97
199  62
199  82
200  17
201  91
202  80
204  85
205  56
206  88
207  97
207  99
210  94
211  81
211  98
212  23
212  70
216  69
216  80
216  91
217  85
217  97
219  82
220  1
221  56
222  76
226  97
227  84
227  95
230  9
230  80
230  85
230  98
231  91
233  70
235  97
236  69
237  81
237  99
239  56
240  82
240  88
242  17
243  85
243  94
244  40
244  80
244  97
246  1
246  91
248  58
249  3
249  98
253  97
254  64
256  85
258  70
258  80
258  84
258  95
259  56
260  69
260  82
261  91
262  76
262  97
263  81
266  21
267  99
268  98
269  66
269  85
271  97
272  80
273  9
275  88
276  91
276  94
281  1
281  82
281  97
282  56
282  85
288  40
288  84
288  95
289  70
289  81
290  69
291  98
293  97
295  85
297  99
302  82
305  97
307  80
307  85
308  56
309  94
310  88
313  78
314  98
315  23
315  81
316  1
316  95
316  97
317  65
318  84
319  56
319  85
322  62
323  66
323  82
326  69
326  98
327  17
327  97
327  99
328  37
328  70
331  1
331  56
331  65
331  85
333  80
336  95
337  98
338  97
340  45
341  81
342  94
343  17
343  40
343  56
343  82
343  85
344  88
344  91
346  97
347  65
347  80
347  84
347  98
348  1
352  37
353  14
354  17
354  97
355  85
355  91
356  23
356  95
357  56
357  98
357  99
358  80
362  76
362  97
363  9
363  82
366  69
366  91
367  81
367  85
368  70
370  80
370  97
374  58
375  94
375  98
376  84
377  91
378  85
378  97
379  88
380  66
381  76
381  80
382  9
384  82
386  97
387  99
388  91
388  95
389  85
392  80
393  81
393  98
394  97
398  40
399  91
400  85
402  97
403  9
403  21
403  76
403  80
405  69
405  82
405  84
406  58
408  17
408  94
409  70
410  10
410  91
410  97
410  98
411  85
414  80
415  88
417  97
417  99
419  81
419  95
421  91
422  85
424  97
425  80
425  82
426  9
426  76
427  98
428  51
431  97
432  91
433  85
434  84
435  66
436  80
438  97
441  94
443  91
444  69
444  85
444  98
445  17
445  62
445  81
445  97
446  82
447  80
447  99
449  56
449  95
451  58
451  88
452  9
452  70
452  97
453  40
453  76
454  3
454  91
455  85
456  98
457  80
458  17
458  56
459  1
459  97
463  84
464  98
465  65
465  85
465  91
466  82
466  97
467  17
467  80
467  95
468  56
471  1
471  81
472  98
473  97
474  94
475  85
476  23
476  37
476  80
476  91
477  17
477  99
478  56
478  65
480  97
480  98
481  9
481  69
481  76
484  1
484  78
485  80
485  85
485  95
486  82
486  88
486  91
487  97
488  17
488  66
488  98
489  45
489  56
491  70
492  39
492  84
493  65
494  80
494  97
495  21
495  85
496  91
496  98
497  81
498  1
499  17
500  40
500  56
501  37
501  97
503  80
503  95
504  98
505  82
505  85
506  91
507  58
507  94
507  99
508  97
509  9
509  76
510  65
511  17
512  13
512  56
512  80
512  98
513  1
513  23
515  85
515  97
516  91
517  69
520  84
520  95
520  98
521  80
521  88
522  97
523  17
523  81
524  56
524  66
525  82
525  85
526  43
526  91
527  36
527  40
527  64
527  70
528  13
528  95
528  98
529  84
529  97
530  1
530  65
530  80
531  39
535  66
535  85
536  9
536  17
536  37
536  91
536  95
536  97
536  98
537  43
537  56
537  99
538  36
538  76
538  84
539  80
540  13
540  40
540  94
543  97
544  95
545  85
546  66
546  82
546  91
547  39
547  84
547  98
549  43
549  80
549  81
550  36
550  97
552  45
553  13
553  69
553  95
555  40
555  85
556  84
556  88
556  91
557  97
558  42
558  58
558  66
559  80
561  43
562  70
562  95
563  36
564  9
564  62
564  97
565  39
565  84
565  85
565  98
566  76
566  91
567  82
567  99
568  13
569  80
570  97
571  40
571  66
571  94
571  95
574  81
574  84
574  85
575  43
576  88
576  91
576  97
577  3
577  36
577  70
577  99
578  21
578  82
579  80
580  62
580  95
582  97
582  98
583  84
583  85
584  88
585  13
585  66
585  99
586  3
586  58
586  70
586  91
587  14
587  39
587  81
587  82
588  97
589  40
589  69
589  80
589  95
590  21
591  43
591  62
592  9
592  84
592  85
592  88
593  36
593  99
594  97
595  3
595  70
595  91
596  76
596  82
598  80
598  95
598  98
600  66
600  81
600  88
600  97
601  84
601  85
601  99
603  28
603  62
603  94
604  13
604  21
604  70
604  91
605  3
605  82
606  58
606  97
607  80
607  95
608  88
609  40
609  43
609  99
610  84
610  85
611  36
611  39
611  82
612  9
612  97
613  10
613  81
613  91
613  94
614  23
614  70
614  98
615  3
615  13
616  62
616  78
616  80
616  88
616  95
617  66
617  82
617  99
618  97
619  21
619  84
620  85
621  9
621  39
621  94
622  10
622  91
623  23
623  82
624  88
625  80
625  95
626  3
626  13
626  76
626  81
626  97
626  99
627  70
628  78
628  84
629  82
629  85
629  94
629  98
630  43
630  51
630  58
631  9
631  36
631  62
631  91
632  10
632  23
632  39
632  88
632  97
634  80
634  95
634  99
635  15
635  82
637  21
637  40
637  84
637  94
638  3
638  13
638  70
638  85
638  97
639  81
640  66
640  88
640  91
641  9
641  78
641  82
642  10
642  23
643  80
643  95
643  99
644  39
644  97
644  98
645  94
646  84
647  62
647  69
647  82
647  85
649  70
649  88
649  91
650  13
650  97
651  3
652  9
652  80
652  81
652  95
652  99
653  23
653  43
653  76
653  82
653  94
654  10
654  36
655  84
656  85
656  97
657  40
657  66
657  98
658  21
658  58
658  88
658  91
659  56
660  78
660  80
660  95
661  17
661  70
661  99
662  39
662  97
663  1
663  82
664  84
664  85
664  98
665  81
666  56
666  62
667  3
667  88
667  91
667  95
668  80
668  97
669  17
669  65
670  99
671  69
671  98
672  34
672  82
673  1
673  70
673  84
673  85
674  56
674  95
674  97
675  66
676  28
676  80
676  88
676  91
677  17
678  37
678  40
678  98
679  81
680  43
680  76
680  97
681  36
681  65
681  85
681  95
681  99
682  56
682  84
684  1
684  80
685  17
685  91
685  98
686  97
688  95
689  85
690  56
690  82
691  84
692  80
692  97
692  98
694  17
694  65
694  91
695  1
695  66
695  95
696  69
697  85
698  56
698  97
699  37
699  98
700  80
700  84
701  45
703  17
703  40
703  91
704  95
704  97
705  85
706  98
707  1
707  56
708  80
709  65
709  76
710  97
712  91
713  17
713  85
713  98
716  56
716  80
716  97
717  81
720  1
720  98
721  85
721  91
722  97
723  17
724  80
725  37
725  65
725  69
726  56
726  82
727  94
727  98
728  97
729  85
729  95
730  91
732  80
734  1
734  17
734  97
734  98
736  56
737  85
739  76
739  91
740  80
740  97
741  98
744  65
745  17
745  85
746  97
747  56
748  80
748  81
748  91
748  98
749  1
750  95
752  97
753  82
753  85
754  9
755  98
756  80
757  17
757  69
757  91
758  56
758  97
761  37
761  85
762  98
764  80
764  97
765  1
765  65
765  94
766  91
768  45
768  99
769  17
769  56
769  76
769  85
769  95
769  98
770  97
771  80
774  91
776  97
776  98
777  81
777  82
777  85
778  80
779  88
780  9
780  56
780  84
780  95
781  17
781  97
782  1
782  91
782  98
785  80
785  85
786  64
786  97
787  69
787  84
787  95
788  65
788  98
790  66
790  82
790  91
790  99
791  40
791  56
791  88
791  97
792  80
793  17
793  70
793  85
794  58
794  76
794  81
794  84
794  94
794  95
794  98
795  9
795  13
795  36
795  43
795  82
796  23
796  97
797  62
797  99
798  3
798  39
798  88
798  91
799  1
799  80
800  14
800  21
800  23
800  78
800  81
800  82
800  84
800  98
801  10
801  56
801  66
801  70
801  85
801  94
801  95
801  97
802  62
803  9
803  13
803  99
804  40
805  17
805  23
805  42
805  82
805  88
806  37
806  80
806  81
806  84
806  91
806  97
806  98
807  14
807  39
807  78
808  3
808  62
808  94
808  95
809  58
809  70
809  85
809  99
810  10
810  23
810  36
810  43
810  82
811  9
811  56
811  97
812  13
812  65
812  81
812  84
812  88
812  98
813  66
813  80
814  21
814  62
814  78
814  91
815  14
815  23
815  34
815  82
815  94
815  95
815  99
816  42
816  97
817  1
817  39
817  69
817  76
817  85
818  17
818  40
818  70
818  81
818  84
818  98
819  3
819  88
820  9
820  10
820  23
820  62
820  80
820  82
821  78
821  97
821  99
822  13
822  56
822  91
822  94
822  95
823  14
824  81
824  84
824  98
825  23
825  82
825  85
826  58
826  62
826  88
826  97
827  36
827  43
827  51
827  66
827  70
827  80
828  39
828  42
828  99
829  9
829  21
829  78
829  94
829  95
830  23
830  81
830  82
830  84
830  91
830  98
831  3
831  10
831  97
832  13
832  14
832  17
832  62
833  56
833  85
833  88
