242  81
267  4
280  95
281  25
281  54
281  81
287  35
287  44
291  88
291  91
310  42
314  81
315  82
316  25
316  54
328  88
328  91
333  35
334  44
335  4
337  78
339  95
343  81
351  64
352  60
354  19
363  82
365  25
365  88
365  91
366  54
369  81
371  69
375  10
376  98
379  75
386  84
387  97
393  98
396  37
398  88
398  91
400  75
401  35
402  44
406  1
410  98
411  15
412  97
413  84
418  54
419  25
428  98
429  75
430  88
430  91
438  97
442  84
446  98
450  85
451  36
452  93
454  3
454  29
455  0
455  75
458  22
459  88
459  91
461  89
464  85
464  97
464  98
467  36
467  44
467  93
469  35
469  54
471  25
471  84
472  29
473  3
475  0
475  37
476  10
479  12
479  85
481  89
481  98
482  93
483  22
485  36
486  75
486  88
486  91
490  97
494  85
496  29
497  3
498  93
498  98
500  84
502  0
502  89
507  36
509  85
511  88
511  91
514  93
515  97
515  98
516  54
520  25
521  22
523  75
523  89
524  85
526  44
528  84
530  3
530  29
530  35
530  93
531  98
532  10
533  1
535  36
535  88
535  89
535  91
536  97
539  85
542  0
543  89
544  10
545  24
546  38
546  93
547  98
550  72
550  97
551  49
551  89
554  85
555  84
557  10
557  88
557  91
559  70
559  89
560  24
560  54
560  75
561  60
562  93
562  98
564  38
565  25
565  97
568  19
569  85
571  36
572  15
576  3
577  29
577  98
578  88
578  93
579  91
581  44
581  84
582  89
584  85
586  22
588  97
589  35
591  69
592  98
593  93
594  81
597  10
598  0
598  4
598  12
599  75
599  82
599  85
599  88
600  91
600  95
601  69
603  54
603  89
605  81
606  84
606  98
607  25
608  93
609  37
609  97
611  10
611  69
612  4
612  36
613  42
613  82
613  85
616  81
616  95
619  88
620  91
620  98
621  94
622  43
622  69
623  86
624  50
624  76
624  78
625  4
625  79
626  90
627  10
627  57
627  64
627  81
628  82
629  84
629  97
631  94
633  43
633  95
634  69
634  86
634  98
635  44
637  50
637  76
637  90
638  81
638  88
639  4
639  35
639  79
639  91
640  67
641  82
642  69
642  94
643  57
643  90
645  10
645  43
645  54
645  86
646  25
647  98
648  41
648  42
648  55
648  97
649  81
649  90
650  69
651  7
651  84
651  95
652  30
652  50
652  76
652  82
653  94
655  4
655  79
655  90
656  86
657  88
658  9
658  43
658  69
658  91
660  55
660  81
660  98
661  41
661  90
663  57
663  82
664  94
665  10
666  97
667  69
668  7
668  86
668  90
669  50
669  76
669  95
670  30
672  8
672  81
672  84
673  43
673  98
674  4
674  55
674  79
674  82
675  88
675  90
675  94
676  41
676  69
676  91
680  75
680  86
682  25
682  67
682  90
684  9
684  81
684  97
685  54
685  69
685  82
686  10
686  35
686  94
686  98
688  78
688  95
689  7
689  57
689  90
690  43
690  44
690  50
690  55
690  76
692  30
692  86
692  88
693  84
694  41
694  91
695  4
695  69
696  81
696  82
696  85
696  90
697  94
698  79
698  93
698  98
700  1
700  89
701  97
703  10
704  75
704  86
706  89
707  85
707  95
708  81
708  94
709  88
709  90
709  93
710  3
710  98
711  29
711  36
711  43
711  91
712  10
712  82
712  89
712  97
714  24
714  84
716  0
716  38
717  50
717  72
718  22
718  49
718  85
718  89
719  81
720  76
720  86
720  93
721  10
721  25
722  54
722  98
723  97
724  4
724  37
724  89
725  15
725  95
726  88
728  24
728  70
728  75
728  91
729  82
729  85
730  89
731  3
731  36
731  38
731  42
731  71
731  93
732  29
732  64
733  10
734  84
734  97
734  98
735  44
735  72
736  89
737  19
737  35
737  49
740  85
741  0
741  60
741  81
742  89
742  93
743  24
744  88
745  97
746  98
747  91
748  22
748  38
748  89
753  85
753  93
754  36
754  84
754  89
756  75
757  72
758  3
759  29
759  97
760  89
761  24
761  49
761  70
765  93
769  38
770  89
773  12
773  85
