132  91
145  2
147  63
150  35
163  53
172  91
181  12
195  53
206  20
206  97
208  91
209  4
215  89
216  34
216  53
217  67
228  97
232  20
240  53
240  91
241  4
242  2
244  63
246  89
249  12
250  97
257  35
261  67
268  34
268  91
292  9
292  62
293  91
303  53
303  60
304  12
307  51
309  9
310  62
317  41
317  91
319  2
322  30
327  63
329  9
331  62
334  21
336  60
339  43
339  91
341  35
353  9
358  62
359  12
360  91
380  91
385  9
393  2
395  62
397  53
399  91
402  97
403  60
404  63
406  20
407  89
408  67
409  12
410  4
410  53
415  97
416  41
418  91
419  34
421  35
422  20
424  53
424  89
428  9
428  97
429  4
429  67
430  0
434  51
436  91
441  62
454  91
455  12
460  2
462  30
464  9
467  53
468  7
468  72
470  49
471  63
471  91
472  11
472  68
473  30
477  74
478  5
478  62
480  7
480  72
484  49
485  30
487  60
488  91
489  11
489  68
494  7
494  72
497  35
499  9
500  49
501  30
502  5
502  74
506  17
506  70
509  11
509  68
510  7
510  72
512  19
516  70
517  17
519  21
519  49
519  62
520  38
522  57
527  70
528  7
528  36
528  72
529  17
529  58
530  19
533  43
536  11
536  68
538  9
538  22
540  70
541  5
541  74
542  17
542  30
543  49
549  7
550  72
551  38
551  41
553  19
554  70
556  28
557  30
558  17
559  91
562  62
563  60
570  70
572  12
572  49
572  91
574  30
575  9
576  7
576  11
576  17
576  68
577  72
580  2
583  63
585  91
586  19
589  70
590  53
591  35
591  58
593  12
593  30
596  36
597  17
597  62
598  91
605  51
609  2
609  7
611  9
611  70
611  91
612  72
613  49
614  30
615  63
617  12
618  53
623  17
623  74
624  91
625  5
626  97
627  53
627  67
629  20
629  89
630  11
630  38
631  4
631  35
633  62
634  34
634  60
634  68
635  97
636  53
636  91
637  70
638  30
639  19
640  20
640  67
641  89
644  4
644  12
644  97
646  9
647  7
647  53
648  2
648  91
649  72
653  17
653  47
654  67
655  49
655  57
655  63
657  12
658  26
658  88
659  34
660  16
660  44
660  77
660  91
663  67
663  70
664  30
665  32
666  26
667  12
668  49
668  88
669  62
671  77
672  16
672  26
672  44
672  59
673  67
673  75
673  82
674  28
674  91
675  45
676  41
676  90
678  26
678  88
680  17
680  59
681  82
682  9
682  12
682  75
683  49
684  26
684  77
685  16
686  7
686  44
686  45
687  90
688  72
688  79
688  88
689  59
689  67
689  68
689  82
690  11
690  12
691  26
691  70
692  75
694  22
698  12
698  19
698  26
698  59
698  82
698  88
698  90
698  91
699  45
699  49
699  67
699  77
700  16
702  21
703  44
703  60
706  53
706  67
706  97
708  88
709  17
709  62
709  75
709  91
710  20
710  89
711  30
712  28
713  4
714  97
715  5
715  9
715  53
716  74
717  12
718  34
720  91
721  20
721  35
721  43
721  89
722  97
724  7
724  53
726  2
726  4
727  72
728  0
729  63
730  67
730  97
731  91
732  20
732  89
734  53
735  34
738  51
739  97
740  4
743  91
744  89
745  20
748  97
749  53
759  89
804  97
808  89
812  20
812  53
812  91
812  97
813  4
818  34
819  89
820  97
821  53
821  91
824  67
825  20
827  9
827  62
828  4
828  12
828  30
828  97
829  2
829  35
830  26
830  67
830  88
830  89
831  53
831  63
831  91
832  49
832  82
