11  23
11  56
12  17
12  62
13  9
13  70
14  13
14  66
14  82
14  97
15  1
15  78
15  84
15  95
16  39
16  40
16  81
16  98
17  36
17  43
18  3
18  76
18  80
18  99
19  14
19  65
19  85
19  94
20  10
20  69
20  88
20  91
22  21
22  58
24  23
24  56
27  17
27  62
28  9
28  70
28  82
28  97
29  37
29  42
30  84
30  95
31  13
31  66
33  81
33  98
34  1
34  39
34  40
34  78
37  80
37  99
38  36
38  43
39  23
39  56
40  85
40  94
41  3
41  76
42  88
42  91
43  82
43  97
45  17
45  62
46  14
46  65
46  84
46  95
47  9
47  70
50  10
50  69
51  13
51  66
52  81
52  98
54  34
54  45
57  21
57  58
58  23
58  39
58  40
58  56
58  80
58  82
58  97
58  99
62  84
62  95
63  1
63  78
63  85
63  94
65  36
65  43
67  88
67  91
68  17
68  62
71  9
72  81
72  98
73  70
73  97
75  82
76  76
77  13
77  66
77  80
78  84
78  95
81  99
82  3
83  23
83  56
85  91
87  97
88  85
88  94
90  17
91  98
92  9
92  82
93  81
94  80
95  84
95  88
95  95
96  39
96  40
101  76
101  97
102  91
103  58
106  99
108  62
110  80
110  82
110  98
115  43
115  84
115  95
115  97
116  9
116  17
116  81
116  85
116  94
117  36
119  91
122  65
123  51
124  14
124  23
124  56
125  88
126  80
127  70
128  82
129  97
129  98
132  21
133  76
133  99
134  78
135  91
140  1
140  81
142  80
143  97
144  84
144  95
145  9
145  85
145  94
147  82
148  17
148  98
151  91
152  69
154  97
157  10
157  88
158  80
160  42
160  85
161  99
163  56
163  58
165  81
165  97
166  82
167  37
167  91
167  98
171  70
171  76
173  69
173  84
173  95
174  80
175  85
175  97
176  66
177  1
177  94
183  9
183  56
183  91
185  97
186  82
186  98
187  40
189  85
190  80
190  81
190  88
190  99
193  17
195  97
197  70
199  69
199  91
202  84
202  95
203  85
205  97
206  56
206  82
206  98
207  80
208  62
209  64
210  94
213  23
215  1
216  66
216  81
217  85
218  97
219  99
224  88
227  82
229  40
230  97
231  69
231  84
231  85
231  95
232  56
232  70
235  98
241  91
242  81
242  97
243  94
245  85
248  82
249  99
252  3
252  80
253  56
254  97
254  98
255  1
257  95
258  85
258  88
259  65
260  84
266  56
266  97
266  98
268  17
268  81
269  82
271  85
272  1
272  37
272  69
274  66
276  65
276  70
276  80
276  94
278  95
278  97
278  98
279  99
280  56
282  23
284  85
287  45
287  91
288  13
288  17
288  40
289  82
289  84
289  97
290  98
292  1
292  88
294  56
294  81
295  65
297  85
299  80
299  95
300  97
302  98
304  37
309  56
309  78
309  82
309  94
309  99
310  85
311  17
311  97
314  1
314  98
316  69
318  84
319  65
319  70
320  81
320  95
322  85
322  97
323  80
325  56
326  88
326  91
326  98
327  62
329  82
332  97
334  85
335  17
335  66
337  80
338  91
338  98
339  99
340  97
342  1
342  94
342  95
343  23
344  9
344  76
345  14
345  40
346  81
346  85
347  84
348  97
349  80
349  82
349  91
353  58
354  39
356  69
356  97
357  98
358  85
359  9
359  21
359  76
360  80
360  91
361  88
362  70
364  97
369  99
370  82
370  85
371  80
371  91
372  81
372  97
375  9
375  76
375  94
375  95
375  98
376  84
377  58
380  97
382  80
382  85
382  91
388  97
390  66
391  82
393  9
393  80
393  85
393  91
393  98
394  76
396  88
396  97
397  69
398  81
400  99
401  40
403  17
404  80
404  85
404  91
404  97
405  70
405  84
406  95
408  21
408  94
410  58
410  98
412  82
412  97
413  10
413  51
414  9
415  76
415  80
415  85
415  91
419  97
423  98
424  81
425  17
425  56
425  80
426  85
426  91
426  97
430  95
430  99
431  88
432  98
433  82
433  97
434  1
434  84
435  17
435  56
435  80
436  69
437  9
437  85
437  91
438  65
439  76
440  97
441  94
441  98
445  17
445  56
445  80
446  37
446  66
446  70
447  97
448  85
448  91
448  95
449  1
449  98
450  81
452  23
452  40
453  62
453  82
454  65
454  97
455  80
456  17
456  56
457  98
458  85
459  13
459  58
459  91
460  45
460  99
461  97
463  84
464  1
464  9
465  3
465  76
465  80
465  88
465  98
466  95
467  17
467  56
468  85
468  97
470  91
472  65
473  37
473  82
473  98
474  69
474  78
474  80
474  94
475  97
476  81
478  85
479  17
479  56
481  1
481  91
481  98
482  97
483  80
484  70
484  95
488  85
489  97
489  98
490  99
491  56
492  9
492  17
492  80
492  84
492  91
493  65
493  76
493  82
496  23
496  97
497  98
498  85
499  66
499  88
500  1
501  40
501  80
502  81
502  91
502  95
503  97
504  56
505  17
505  98
507  94
508  64
508  85
510  80
510  97
511  37
511  69
512  21
512  91
513  82
513  98
516  58
517  56
517  65
517  97
518  85
519  17
519  80
520  95
520  99
521  1
521  9
521  43
521  76
521  84
521  98
522  91
523  70
524  97
528  80
528  81
528  85
529  45
529  98
531  56
531  97
532  91
533  82
534  17
534  88
534  95
535  36
535  39
537  66
537  80
537  84
537  98
538  40
538  85
538  97
540  13
540  43
540  94
542  91
542  95
543  1
545  36
545  56
545  97
545  98
546  69
546  80
546  84
547  65
547  66
548  9
548  85
549  39
549  76
550  99
551  13
551  40
551  43
551  95
551  97
552  91
553  82
554  81
555  84
556  36
556  42
556  80
558  66
558  85
558  97
560  70
560  95
561  17
562  91
563  13
563  43
564  58
564  84
564  98
565  39
565  40
565  97
566  80
567  88
568  36
568  85
569  62
569  82
569  95
570  66
570  99
571  70
571  97
572  3
572  91
572  94
573  9
573  81
573  84
574  21
575  88
576  43
576  80
577  13
577  76
577  97
578  82
578  85
578  95
578  99
579  62
580  40
580  70
581  3
581  36
582  58
582  84
582  91
582  98
583  39
583  66
583  69
583  88
583  97
586  28
586  80
586  81
586  99
587  14
587  21
587  82
587  95
588  85
590  3
590  43
590  62
590  70
591  84
591  88
592  13
592  91
592  97
594  82
594  99
595  9
595  36
595  94
596  80
596  95
597  39
598  10
598  23
599  81
599  88
599  98
600  3
600  78
600  82
600  84
601  13
601  21
602  62
602  91
602  99
603  94
603  97
604  9
604  58
605  95
606  43
606  80
606  82
607  10
607  23
607  39
607  88
609  84
610  3
610  99
611  13
611  36
611  91
611  94
612  78
612  81
612  82
614  9
614  76
614  95
614  97
615  62
615  80
615  88
615  98
616  23
616  51
617  10
617  21
618  39
618  82
618  84
619  15
619  70
619  94
619  99
620  91
621  3
622  13
623  95
624  9
624  80
624  82
624  88
624  97
625  43
625  81
626  23
626  78
627  10
627  84
627  94
627  99
629  36
629  62
629  91
630  39
630  82
631  58
631  98
632  95
633  3
633  13
633  80
633  88
634  97
635  9
635  21
635  94
636  82
636  84
636  99
637  23
638  10
638  28
638  70
638  81
638  91
640  85
640  97
641  66
641  95
642  78
642  80
642  82
642  88
643  39
643  94
645  13
645  62
645  76
645  84
645  99
646  3
646  9
646  97
646  98
647  40
647  43
647  70
647  91
648  82
648  85
649  23
650  36
650  95
651  10
651  80
651  81
651  88
651  94
652  66
652  97
654  82
654  84
654  99
656  70
656  85
656  91
657  21
657  98
658  95
658  97
659  80
660  40
660  56
660  69
660  88
661  3
661  39
661  58
662  17
663  84
663  99
664  13
664  62
664  66
664  82
664  85
664  97
664  98
665  1
665  81
665  91
665  95
666  70
667  80
668  56
668  76
669  88
670  17
670  97
671  65
671  98
672  43
672  84
672  85
672  95
672  99
674  40
674  82
674  91
675  9
675  36
675  80
676  1
676  37
676  56
676  97
677  66
678  98
679  17
679  69
679  95
680  85
681  81
681  84
682  97
683  80
683  91
684  56
685  65
685  98
686  70
686  95
688  1
688  17
688  85
688  97
690  40
690  84
691  80
692  66
692  88
692  91
692  98
693  34
693  56
694  76
694  95
694  97
696  37
696  45
696  85
697  17
699  80
699  98
700  1
700  65
700  69
700  97
701  91
702  56
704  84
704  85
706  97
706  98
707  17
707  80
710  91
711  56
712  85
712  97
713  1
713  98
715  80
717  65
718  97
719  17
719  81
719  82
719  95
720  85
721  37
721  56
721  98
722  91
726  69
726  97
728  1
728  85
728  94
729  98
731  56
734  97
736  85
737  65
737  98
740  95
742  56
742  97
744  1
744  85
745  98
747  82
750  81
753  80
753  97
753  98
756  37
757  45
759  99
760  65
760  95
761  98
766  85
768  94
769  98
772  82
777  80
777  98
779  81
779  95
785  97
785  98
786  65
786  85
789  88
790  56
791  84
792  97
793  98
793  99
794  85
795  1
796  82
797  80
797  95
798  97
799  56
800  98
801  37
801  85
801  91
802  17
803  69
803  97
804  80
804  94
806  98
807  14
807  81
807  95
808  1
808  56
808  84
808  85
808  91
808  97
810  17
811  80
812  65
812  76
812  82
812  98
813  40
813  88
813  95
813  97
813  99
814  66
815  70
815  84
815  85
815  91
816  9
817  23
817  56
817  81
817  82
817  94
818  17
818  62
818  80
818  97
818  98
819  13
819  95
819  99
820  3
820  36
820  43
820  58
820  78
820  88
821  39
821  69
821  84
822  14
822  21
822  23
822  70
822  82
822  85
822  91
823  1
823  9
823  10
823  62
823  81
823  97
824  40
824  42
824  66
824  94
824  98
825  76
825  80
825  95
825  99
826  56
826  78
827  13
827  17
827  23
827  82
827  84
827  88
828  62
828  97
829  3
829  70
829  81
829  85
829  91
830  9
830  14
830  39
830  98
831  94
831  99
832  23
832  80
832  82
832  95
833  10
833  36
833  43
833  78
833  84
833  97
