18  34
18  45
21  1
21  78
24  30
24  49
28  27
28  52
29  8
29  71
30  15
30  26
30  53
30  64
32  36
32  43
33  22
33  32
33  47
33  57
34  28
34  51
35  31
35  48
38  39
38  40
40  20
40  59
42  34
42  45
47  33
47  46
53  1
53  78
58  14
58  65
60  81
62  4
62  75
62  98
65  25
67  30
67  49
70  54
74  15
74  64
74  71
82  43
86  22
86  57
87  34
87  45
88  80
88  99
90  28
102  97
109  52
110  81
111  27
112  96
113  11
116  83
119  68
123  71
141  53
142  26
142  43
149  8
151  74
153  47
154  81
155  30
155  45
156  28
158  1
160  39
164  59
170  27
171  33
172  34
176  71
177  97
182  45
183  30
183  47
192  75
192  81
197  43
198  25
198  31
199  39
207  1
210  59
213  78
216  45
217  28
218  27
218  30
218  60
226  47
226  71
227  81
232  33
232  34
235  98
238  97
252  36
252  43
256  45
258  39
260  81
261  30
277  27
280  59
282  47
283  1
284  75
286  32
297  45
303  51
304  30
307  34
312  48
316  33
317  26
317  78
320  39
322  49
325  96
326  30
326  34
331  48
332  26
332  52
332  78
333  10
333  27
333  47
337  45
340  16
343  59
344  11
348  34
349  78
350  26
351  30
352  96
354  1
355  48
369  78
371  26
375  34
375  45
376  52
376  75
378  30
378  39
380  40
381  47
381  96
386  27
389  33
390  48
392  78
397  26
403  59
406  30
406  34
411  96
412  45
417  10
420  78
421  11
422  1
427  26
427  98
428  47
433  39
435  30
436  27
439  34
439  48
441  96
442  20
448  45
450  78
456  33
459  75
462  26
462  59
464  30
470  96
473  47
474  34
478  52
483  27
483  45
483  78
484  16
484  39
486  1
492  30
493  48
497  26
498  96
507  81
508  34
513  71
514  28
514  43
514  59
516  47
517  45
517  78
519  30
519  33
519  97
522  25
522  81
524  71
525  96
526  43
527  28
529  27
532  26
532  39
535  75
536  71
537  15
537  31
537  64
537  81
539  22
539  57
539  74
540  43
540  97
541  8
541  11
541  28
544  25
545  14
545  34
545  65
546  1
546  53
546  80
547  15
547  64
547  99
548  83
549  45
549  71
550  22
550  57
551  90
552  81
553  21
553  58
556  43
556  47
557  28
557  30
557  36
558  8
558  15
558  51
558  64
560  98
562  22
562  57
562  97
563  14
563  54
563  65
564  71
565  82
566  60
566  80
567  36
567  99
568  8
568  81
569  51
570  15
570  64
572  5
572  46
572  49
574  32
574  43
574  98
576  22
576  28
576  40
576  57
577  4
577  25
578  20
578  36
579  8
580  52
581  49
581  51
581  54
581  71
582  19
583  15
583  64
584  32
584  82
585  46
585  81
586  97
587  14
587  80
588  40
588  65
588  98
588  99
590  8
590  20
590  36
590  49
591  21
591  22
591  57
591  58
592  4
594  51
594  52
594  89
595  32
595  34
596  53
597  15
598  49
598  64
599  31
600  46
601  1
601  40
602  8
602  98
603  36
604  20
604  54
604  68
604  83
605  53
605  82
606  69
607  32
607  49
608  51
608  63
609  22
609  52
609  57
609  80
610  5
610  99
611  4
612  31
613  1
614  15
614  45
615  53
615  64
616  8
616  34
616  40
616  49
617  36
617  46
617  98
620  20
621  32
621  83
622  14
624  65
625  51
625  68
626  1
626  49
626  53
627  31
627  52
627  82
630  22
630  57
631  80
632  8
632  98
633  40
633  99
634  15
634  36
634  69
635  4
635  45
635  64
636  32
636  54
637  49
638  46
638  53
639  83
640  20
640  34
641  1
643  31
645  51
646  63
647  98
648  52
648  81
649  49
649  82
650  8
653  32
653  36
653  71
654  40
654  43
654  80
655  28
655  57
655  97
656  15
656  22
656  99
657  89
658  34
658  45
658  64
662  81
662  98
668  71
669  30
669  51
670  27
670  43
670  78
671  8
672  28
672  47
672  82
673  19
673  39
673  59
674  25
674  33
674  48
674  97
675  96
676  26
676  81
678  80
679  99
680  30
680  75
682  45
682  78
684  71
685  15
686  90
687  27
687  74
688  43
689  26
689  47
690  14
690  81
691  39
691  48
691  59
691  96
692  30
692  34
693  28
695  10
695  33
695  78
695  97
697  11
704  26
708  96
709  30
710  78
711  48
712  16
712  75
715  27
