15  9
15  70
16  95
17  84
18  13
18  21
18  58
19  85
19  94
20  66
21  42
23  37
24  32
24  47
24  65
25  18
25  61
25  86
26  6
26  14
26  73
27  93
29  25
29  54
29  81
29  98
32  62
32  89
32  90
33  9
33  70
33  95
34  84
35  17
38  30
38  49
39  10
39  69
40  85
40  94
42  21
42  58
47  0
47  13
47  79
49  66
50  34
51  45
51  95
52  84
58  9
58  70
58  86
60  18
60  61
60  93
64  81
64  85
64  94
64  98
65  42
66  6
66  73
67  28
67  37
67  51
69  32
70  95
71  47
71  84
74  89
74  90
83  14
83  40
84  39
87  21
87  58
87  84
87  93
87  94
88  85
89  95
91  65
93  66
96  37
101  86
102  9
102  70
103  84
106  17
107  93
109  81
109  98
110  7
111  94
111  95
114  14
114  85
122  84
127  93
130  37
131  66
133  13
134  88
135  89
135  90
136  54
136  94
141  25
141  84
141  85
142  95
147  93
151  86
152  98
157  90
158  14
158  66
159  47
160  84
161  94
165  58
166  17
166  80
167  93
169  69
169  85
170  81
171  98
172  95
175  99
178  90
179  37
180  84
181  0
181  47
188  94
190  98
193  66
199  58
199  90
199  93
201  85
203  95
205  86
206  89
209  98
210  47
212  51
215  69
218  84
219  90
225  94
228  98
229  72
231  81
234  95
236  85
239  90
244  9
244  39
244  70
246  98
248  47
250  58
252  0
252  84
255  85
259  90
259  95
260  9
261  70
261  94
264  21
264  86
264  98
266  30
273  25
274  58
278  90
280  89
282  98
284  84
288  85
290  47
290  95
296  69
296  90
296  94
297  81
298  93
299  98
304  66
304  84
311  93
314  90
315  37
316  14
316  85
316  98
317  62
318  94
319  84
320  66
322  86
322  95
324  93
325  17
327  32
332  42
332  90
332  98
334  37
334  47
334  84
336  14
336  88
337  66
337  93
340  94
342  85
346  51
348  84
348  98
349  7
349  90
350  93
352  89
354  95
355  17
356  0
356  37
356  66
359  81
361  14
362  84
362  94
363  93
364  98
366  90
368  85
371  58
375  13
376  47
376  84
376  93
378  66
378  69
378  86
379  98
382  90
383  37
384  94
386  95
389  39
389  93
390  84
391  88
393  14
394  85
394  98
398  49
398  90
402  93
403  66
404  17
404  84
405  94
409  98
414  37
414  90
415  93
416  47
418  84
418  95
420  85
422  58
422  81
423  98
424  89
426  94
427  65
428  93
429  66
429  90
431  14
432  84
435  86
437  10
437  98
440  93
444  90
446  0
446  84
446  85
447  94
448  37
450  95
451  69
451  98
453  47
453  93
454  88
456  66
459  90
460  84
465  17
465  21
465  93
465  98
468  51
468  94
469  85
471  58
472  14
473  90
474  9
474  70
474  84
476  95
477  93
478  85
478  98
479  25
481  58
482  30
482  37
483  7
483  34
483  66
484  9
484  70
484  81
485  99
487  84
487  85
487  90
489  93
489  94
490  47
491  95
491  98
492  25
492  58
493  86
495  9
495  70
496  85
498  30
498  88
498  89
500  84
501  90
501  93
503  58
504  34
504  98
505  85
506  95
507  9
507  25
507  70
509  99
510  94
511  66
513  84
513  93
514  85
515  14
515  58
515  90
516  69
517  98
518  37
519  30
520  95
521  9
521  39
522  70
522  84
524  47
525  17
525  18
525  54
525  93
526  6
526  61
526  73
526  85
527  0
529  90
529  98
530  84
530  94
532  95
537  18
537  66
537  93
538  61
538  84
539  6
539  73
539  88
540  86
540  95
542  42
542  81
542  98
544  13
544  65
545  90
546  62
546  84
547  94
548  85
548  93
548  95
549  86
550  37
551  14
551  18
551  42
552  61
553  6
553  73
554  13
554  84
555  65
556  79
556  95
557  89
558  32
558  81
558  86
559  91
560  62
560  93
561  42
562  13
562  21
562  72
563  84
563  94
564  95
565  10
565  85
566  28
566  65
567  18
567  32
567  61
568  81
568  86
568  89
570  6
570  13
570  40
570  73
572  42
572  95
573  79
575  21
576  62
576  84
577  32
578  81
578  86
579  13
579  65
579  89
579  94
580  95
581  10
582  21
583  42
584  54
585  45
586  18
586  49
586  61
586  84
586  85
587  28
587  80
587  94
588  32
588  70
588  81
588  86
588  91
588  95
589  9
589  13
590  6
590  21
590  73
590  89
593  65
593  79
595  40
595  62
595  94
596  42
596  54
596  84
596  95
598  21
598  81
598  86
599  13
600  10
600  32
600  49
600  70
601  72
601  89
602  9
602  45
603  82
603  94
604  95
605  84
606  85
606  97
608  21
608  81
608  86
609  65
610  13
610  18
610  42
610  61
610  80
612  89
612  95
613  32
613  84
613  93
615  6
615  73
617  28
618  54
618  81
618  86
618  91
619  62
620  94
620  95
621  79
621  84
621  85
623  13
623  93
624  89
625  42
625  98
626  10
627  90
628  65
628  86
628  95
629  84
630  37
632  66
633  14
633  85
633  93
634  17
634  98
635  95
636  94
637  84
637  90
638  47
638  58
639  18
639  61
639  86
640  85
641  88
643  93
644  25
644  95
644  98
645  9
645  66
645  84
646  70
647  6
647  58
647  90
648  37
648  69
648  73
648  85
648  99
651  30
653  34
653  47
653  51
653  84
653  93
653  95
654  0
654  98
655  14
655  85
656  58
657  9
657  25
657  94
658  90
659  70
660  66
661  7
661  17
663  84
663  85
663  93
664  98
666  58
666  95
668  88
668  99
669  30
669  90
670  37
671  9
671  25
671  39
671  47
671  85
673  93
674  70
674  98
675  69
676  34
676  58
676  84
677  66
678  94
679  85
680  90
684  98
685  95
686  9
687  58
687  85
688  25
690  99
691  70
691  90
692  0
692  30
692  47
694  98
695  85
696  51
699  58
703  9
703  85
703  95
704  90
708  25
710  70
711  34
711  85
713  99
721  85
721  95
731  98
751  94
770  81
779  84
783  89
788  85
789  94
791  86
792  95
795  85
796  98
797  90
798  58
799  9
799  84
799  93
800  70
802  85
802  95
803  99
804  25
804  98
805  66
805  84
806  47
806  90
806  94
807  58
807  93
807  95
808  30
808  85
808  86
809  9
809  14
809  37
810  70
811  81
811  84
812  88
812  89
812  94
812  95
812  98
813  13
813  21
813  69
814  42
814  85
815  9
815  17
815  32
815  66
815  90
815  93
816  58
816  65
816  70
816  84
816  86
817  18
817  61
817  95
818  6
818  54
818  73
818  94
819  21
819  47
819  62
819  81
820  0
820  49
820  85
821  9
821  13
821  25
821  34
821  37
821  84
821  89
821  98
822  14
822  70
822  80
822  91
822  95
822  99
823  10
823  93
824  32
824  42
824  45
824  86
824  90
824  94
825  21
826  58
826  66
826  79
826  84
826  85
827  9
827  65
827  81
827  95
828  39
828  54
828  70
829  13
829  30
829  98
830  40
830  89
830  94
831  28
831  51
831  84
831  93
832  17
832  18
832  21
832  61
832  85
832  86
832  95
833  49
833  62
833  69
833  88
833  90
