177  97
179  20
186  4
200  89
202  34
215  97
238  20
247  97
249  89
256  4
275  97
281  53
289  89
294  34
296  20
300  97
309  0
321  4
323  97
324  89
345  97
347  20
355  89
365  97
366  53
375  34
377  53
377  67
380  4
384  89
384  91
384  97
386  12
387  2
387  63
388  35
389  53
396  20
396  67
400  91
402  53
402  97
404  12
408  2
408  63
411  35
411  89
416  91
417  53
418  30
419  57
419  67
420  97
425  12
433  53
433  91
436  2
436  89
437  4
437  97
438  63
439  51
441  20
445  35
447  9
447  62
448  34
449  67
450  91
451  53
452  12
453  97
454  60
459  9
460  62
460  89
464  41
467  91
473  9
474  21
474  62
476  60
477  43
478  30
479  2
481  7
481  72
483  49
483  91
485  11
485  68
486  63
487  12
489  9
490  30
491  5
491  62
491  74
494  7
494  72
498  49
499  51
500  91
502  35
503  11
503  30
503  68
506  60
507  9
507  41
509  7
509  72
511  62
515  49
516  70
517  5
517  17
517  74
523  19
525  11
525  68
526  7
526  72
527  70
528  9
528  17
530  38
534  30
536  49
536  62
539  36
539  70
540  58
541  17
542  19
546  7
546  72
550  22
552  70
554  9
555  17
556  11
556  68
560  60
563  38
563  49
564  5
564  74
566  19
567  62
567  70
569  28
571  7
572  17
572  72
578  30
584  9
584  70
586  91
591  17
591  21
593  30
597  12
597  49
598  91
600  62
602  7
602  19
602  43
604  2
604  68
604  70
605  11
605  72
606  63
610  30
610  91
611  35
611  58
613  53
614  17
617  12
618  9
622  41
622  91
624  36
627  70
630  30
632  2
635  60
635  91
636  53
636  62
636  63
640  7
641  12
641  97
642  17
643  72
644  49
644  67
645  53
645  89
647  20
647  35
648  4
648  51
648  91
649  38
650  97
652  30
653  34
654  9
654  70
655  53
657  89
658  67
659  74
659  97
660  5
660  19
660  20
661  91
662  4
662  11
665  57
666  53
667  12
667  68
668  67
669  0
670  2
673  17
673  26
673  62
674  49
674  88
674  91
674  97
675  16
675  47
675  77
675  89
676  30
676  44
676  63
678  12
678  67
679  7
681  26
682  72
684  70
684  88
686  12
686  32
687  16
687  26
687  59
687  77
687  91
688  49
688  67
688  82
689  9
689  44
689  75
691  28
691  45
691  90
693  26
694  12
694  88
695  59
696  35
697  82
699  67
699  75
699  91
700  26
700  77
701  16
702  12
702  90
703  30
703  45
703  60
704  17
704  44
704  49
704  59
704  79
704  88
706  82
707  26
709  62
709  75
711  12
711  22
711  67
711  91
714  26
714  59
714  88
714  90
715  77
715  82
716  45
717  16
717  70
719  2
720  12
720  67
720  68
720  75
721  7
722  26
722  44
722  49
723  9
723  53
723  91
724  72
724  97
725  88
726  11
726  19
727  82
728  67
728  89
730  20
730  63
732  30
732  53
733  4
733  28
733  97
734  34
735  90
735  91
737  17
739  77
740  89
742  53
742  97
743  20
744  62
747  91
748  4
751  34
751  97
752  5
752  89
753  53
753  74
754  41
755  35
757  20
759  91
760  97
761  9
764  4
764  89
771  97
774  0
