18  34
18  45
21  1
21  8
21  78
23  36
24  30
24  49
24  51
28  27
28  52
29  26
29  53
29  71
32  15
32  43
32  48
32  64
33  32
33  47
34  28
35  22
35  31
36  57
38  39
38  40
38  98
40  20
40  59
41  54
42  34
42  45
46  46
47  33
48  8
52  36
53  1
53  78
58  51
61  75
61  82
62  4
62  81
66  49
68  30
70  25
73  14
73  65
79  98
85  15
85  64
87  8
87  34
87  45
91  22
92  57
97  5
100  80
100  99
104  68
107  83
111  27
111  52
117  64
117  96
118  15
120  11
129  58
130  21
131  22
131  57
136  71
143  43
143  53
144  26
146  28
150  81
156  71
156  99
157  80
157  97
165  43
166  14
166  65
171  28
173  64
177  81
180  74
181  71
184  25
194  43
198  1
199  31
199  97
201  45
202  30
202  47
205  28
205  78
205  81
206  39
209  59
210  34
210  60
211  27
212  33
213  71
218  45
219  30
221  47
221  75
227  1
229  39
232  43
233  81
234  59
235  27
238  45
239  30
241  34
242  33
244  47
245  97
255  28
257  71
258  39
261  45
262  81
263  30
264  75
267  27
268  59
270  1
274  47
281  32
285  90
288  45
290  33
290  34
291  81
292  30
292  97
293  25
293  43
294  98
299  39
309  27
310  48
311  71
313  47
318  81
319  59
320  45
322  28
326  30
328  49
333  1
334  97
340  43
343  81
344  75
348  71
353  39
355  45
357  34
357  47
358  33
359  27
362  30
363  28
366  81
371  97
379  43
381  59
382  71
388  81
390  25
391  45
393  74
399  30
401  1
403  47
405  97
406  28
406  31
408  39
409  27
409  81
417  43
417  71
423  40
424  34
425  15
426  45
427  22
427  33
427  57
427  64
429  75
430  81
432  80
433  99
436  30
437  15
437  97
439  14
439  59
439  65
440  64
441  22
441  57
446  20
447  90
448  28
450  47
450  81
451  15
453  71
454  80
455  64
455  99
456  57
457  22
457  43
458  21
458  58
460  78
466  14
466  15
466  65
468  97
469  81
471  64
471  96
472  1
473  98
474  25
474  57
475  8
475  22
475  36
475  52
476  51
477  80
478  99
482  54
483  15
484  82
485  8
486  36
487  51
487  71
487  98
488  81
490  64
491  28
495  22
495  57
495  83
496  8
496  60
497  36
497  43
498  97
499  51
501  54
501  80
502  5
502  15
502  98
502  99
503  19
504  82
507  81
508  8
508  14
508  65
510  36
511  64
513  51
516  89
517  98
518  48
520  22
521  8
521  57
523  53
524  15
524  26
524  36
525  71
526  80
526  81
526  82
526  97
527  54
527  99
529  51
533  98
535  8
536  28
536  46
537  64
539  43
540  36
544  81
548  51
549  82
549  98
551  8
551  15
551  22
551  57
551  80
552  99
553  97
556  58
557  21
558  71
559  25
559  36
561  81
563  45
563  90
565  30
565  98
566  27
567  54
567  64
568  39
569  47
570  8
570  51
571  34
572  33
572  59
573  82
574  28
574  43
576  80
577  1
577  45
577  75
577  99
578  81
579  74
579  97
580  30
582  14
582  65
582  98
583  15
583  27
583  36
585  5
586  39
586  47
587  71
588  22
588  57
591  89
592  45
592  59
593  34
595  30
595  33
595  81
597  78
599  26
601  64
601  80
602  27
602  48
602  99
603  31
604  1
604  34
604  97
605  78
605  96
606  30
606  47
606  75
607  11
607  39
607  43
608  26
609  10
609  45
610  28
610  52
612  16
612  81
614  78
615  48
616  34
617  26
617  59
618  30
618  71
620  15
621  96
622  49
624  78
625  27
625  33
625  80
626  99
627  26
628  11
628  34
628  45
628  81
629  22
629  47
629  48
629  97
630  57
631  25
631  30
631  39
631  52
634  78
635  10
637  64
638  26
638  96
640  43
642  1
642  34
644  81
645  16
645  30
645  48
645  78
648  28
648  45
648  75
649  59
650  26
650  71
650  80
650  99
652  27
653  97
654  90
655  96
656  11
656  47
657  15
657  34
657  78
660  30
660  81
661  39
663  26
663  52
663  65
664  48
665  14
665  33
670  78
671  22
671  45
671  57
672  64
673  96
674  34
674  43
674  80
674  99
675  81
676  30
677  97
678  26
680  71
684  10
684  27
684  78
685  48
686  28
686  47
686  59
687  1
690  15
690  81
690  98
691  96
693  8
693  30
693  34
694  26
694  45
695  82
696  36
696  51
697  39
697  80
697  99
699  78
700  97
701  25
702  98
703  34
703  48
704  32
704  52
704  64
705  8
705  49
705  81
706  22
706  40
706  57
706  75
707  11
707  20
707  43
707  45
708  4
708  78
709  46
709  54
709  71
710  34
710  36
710  51
710  96
712  26
712  30
712  32
712  33
712  82
713  49
713  52
714  98
715  40
716  27
716  45
717  1
717  20
717  34
717  78
718  8
718  47
718  53
719  15
719  31
719  80
719  99
720  28
720  46
720  49
720  81
721  4
721  32
722  52
722  97
723  45
723  83
724  1
724  34
724  48
725  36
725  40
725  53
725  68
726  51
726  60
726  89
726  98
727  49
727  59
727  63
728  20
728  58
728  69
729  19
729  21
729  27
729  31
730  32
730  45
730  82
731  1
731  14
731  65
732  8
732  46
732  78
732  96
733  53
733  64
734  49
734  74
734  90
735  4
735  81
736  40
736  52
736  54
737  34
737  39
737  83
738  1
738  22
738  45
738  57
738  71
739  31
739  43
739  98
740  20
740  32
740  80
740  99
741  53
742  36
742  49
742  68
743  97
744  27
744  51
746  1
746  45
746  46
747  15
748  5
748  8
748  30
748  40
748  82
749  81
750  31
750  34
750  49
750  53
750  69
751  32
751  83
752  4
752  98
753  20
753  28
753  52
754  45
754  47
754  63
755  1
758  49
760  27
760  53
761  80
762  31
762  33
762  36
762  40
762  99
763  32
763  45
763  46
764  1
764  25
764  34
764  68
764  81
764  97
765  51
765  64
765  98
766  8
766  71
766  83
767  49
767  82
768  20
770  53
771  43
772  4
772  45
772  75
773  1
773  52
773  57
773  59
774  22
776  31
776  32
776  34
776  39
776  49
776  54
776  89
777  27
778  40
778  81
778  98
779  15
781  45
781  53
782  69
782  80
782  83
783  1
783  46
783  78
783  99
784  34
784  36
784  52
785  8
785  97
786  20
786  49
786  82
787  30
788  28
789  47
789  51
790  96
791  32
791  45
791  98
792  26
792  31
792  34
792  78
792  81
793  1
793  53
794  68
794  71
795  14
796  27
796  40
796  48
796  49
796  64
797  52
798  4
798  65
798  83
801  30
801  34
801  45
801  78
802  43
803  80
803  90
803  99
804  1
804  98
805  82
806  26
806  81
806  96
806  97
807  8
807  53
807  57
808  20
808  32
808  46
808  49
809  22
809  36
810  15
810  31
810  33
810  34
811  52
811  59
811  63
811  78
812  39
812  45
815  16
815  48
815  83
816  1
817  30
817  40
817  98
818  27
818  51
820  34
820  49
820  81
821  11
821  47
822  26
822  53
822  78
822  96
823  45
824  28
824  71
824  80
824  99
825  82
827  52
827  97
828  32
830  1
830  10
830  34
830  75
830  98
831  64
833  8
833  83
