109  9
115  62
152  91
158  60
162  2
164  63
167  35
171  53
184  12
184  91
215  91
223  53
233  2
239  63
242  12
244  91
251  35
254  53
261  20
261  97
263  4
263  67
268  34
268  89
271  91
272  53
279  97
281  20
286  4
291  67
292  53
292  89
296  91
299  97
303  12
303  34
319  91
321  2
321  9
322  30
322  62
326  63
328  51
332  0
338  9
340  60
341  41
341  62
341  91
343  35
356  21
358  9
358  12
361  43
362  91
363  62
383  9
383  60
383  91
390  62
396  2
403  91
409  63
414  9
414  12
416  41
422  91
425  62
427  35
427  53
440  51
440  91
452  9
457  91
458  12
461  2
465  53
466  60
468  62
472  63
474  91
474  97
475  67
476  53
477  20
478  89
479  4
479  30
485  34
485  97
488  53
490  20
490  91
491  67
493  89
494  4
494  9
494  35
496  97
501  12
501  53
506  91
511  30
512  62
513  7
513  72
515  49
516  11
517  68
518  57
522  5
522  30
522  74
522  91
523  2
524  7
524  72
528  49
529  21
531  9
531  11
532  68
534  30
534  63
537  7
537  72
537  91
543  49
543  70
544  5
544  17
544  60
544  74
548  30
548  62
549  11
549  19
550  68
551  7
551  72
553  70
554  17
556  38
556  43
560  41
560  49
562  36
563  70
564  58
565  17
565  19
567  7
567  9
567  72
572  11
573  22
573  49
573  68
574  26
574  70
575  88
576  5
576  16
576  74
576  77
577  17
577  28
577  44
583  38
583  67
584  26
585  19
585  49
586  7
586  72
586  88
587  70
589  16
589  77
590  17
591  44
595  26
597  62
597  88
598  67
599  49
601  30
601  70
604  68
604  77
605  11
605  16
605  17
606  28
609  7
609  9
609  44
609  72
610  26
611  88
612  19
613  58
615  30
616  91
617  70
620  36
622  12
623  60
624  17
627  91
629  53
630  62
631  30
632  49
632  97
633  35
635  20
635  67
635  89
636  2
637  4
638  7
638  53
638  72
638  91
639  63
640  12
640  34
641  5
641  74
641  97
642  9
646  20
646  51
647  53
647  89
649  30
649  91
650  4
650  97
651  11
653  67
653  68
655  34
657  0
657  47
657  53
657  57
658  20
659  35
659  89
659  97
660  91
661  12
662  38
663  2
664  4
664  62
667  53
667  63
668  97
669  30
671  20
671  89
671  91
673  34
673  67
673  72
674  7
676  9
677  97
678  53
680  4
683  12
683  41
683  60
683  67
683  91
684  89
685  20
686  70
687  97
689  17
689  88
690  49
691  12
691  26
691  30
692  67
694  53
695  59
695  91
696  35
696  75
696  82
697  26
697  77
698  16
698  45
698  62
699  88
699  90
700  44
701  70
702  19
703  59
704  26
704  49
704  82
705  75
706  17
707  72
708  11
709  7
709  12
709  45
709  88
710  79
710  90
711  21
711  26
711  59
711  68
712  82
713  77
714  16
715  75
717  22
718  26
718  44
719  70
719  88
720  59
720  82
721  45
721  90
722  28
726  17
726  26
726  75
728  82
729  88
730  59
732  77
732  90
734  26
735  16
735  19
735  45
737  82
738  75
739  88
741  59
741  70
741  79
742  44
742  67
743  26
744  90
746  82
749  88
751  17
751  45
751  75
752  26
752  59
755  82
756  77
756  90
757  12
759  49
759  67
759  88
760  16
761  26
763  70
764  12
764  82
764  91
764  97
765  59
765  75
766  53
766  67
768  89
769  90
770  30
770  88
771  20
771  38
772  9
772  97
773  32
774  4
774  44
774  91
775  49
775  53
776  58
777  34
777  62
778  7
779  2
779  89
780  97
782  63
784  72
