18  34
18  45
21  1
21  78
23  15
23  64
24  30
24  49
25  8
26  22
26  57
27  36
28  27
28  52
29  51
29  71
30  26
30  53
32  43
33  32
33  47
34  28
34  48
35  31
38  39
38  40
40  20
40  59
42  34
42  45
43  14
43  65
46  46
47  33
52  1
52  15
52  78
53  64
53  98
60  22
60  54
60  57
60  80
60  99
62  4
62  75
62  81
67  30
67  49
70  25
85  34
86  45
89  21
89  58
95  71
98  15
99  64
100  43
104  28
111  52
111  96
112  27
112  83
113  81
114  68
115  11
116  97
121  71
127  57
130  22
130  43
138  28
140  8
144  74
145  26
146  81
151  53
153  71
159  80
161  99
165  25
166  97
170  43
178  81
179  31
181  60
186  28
195  1
195  45
195  71
196  30
196  47
200  39
203  59
204  34
205  27
206  33
210  81
213  45
213  78
214  30
215  47
215  75
219  97
221  43
223  39
224  1
225  98
228  59
230  27
233  45
235  30
236  34
237  33
239  47
240  81
244  71
246  28
248  36
253  39
257  45
260  30
261  75
263  27
265  59
268  1
270  47
270  81
270  97
280  43
286  32
286  45
288  33
288  34
290  25
290  30
292  51
295  71
296  39
298  81
299  90
307  27
308  28
310  47
311  48
314  97
318  59
319  45
324  49
324  81
325  30
329  43
331  1
336  71
344  75
349  81
351  39
353  97
354  45
355  47
356  34
357  27
357  28
357  33
361  30
368  78
369  26
373  34
373  81
375  43
375  96
376  48
379  59
379  71
380  30
380  52
380  78
381  26
383  10
383  74
388  11
389  45
390  16
391  34
391  97
393  25
393  78
394  26
394  48
396  81
397  96
399  1
400  47
401  30
402  31
405  39
406  27
410  28
410  40
411  78
412  52
416  98
417  81
419  43
419  71
423  33
423  45
425  97
426  75
429  59
432  34
437  81
440  20
441  15
441  64
443  22
443  57
445  47
447  28
448  14
448  65
448  80
448  99
450  71
453  15
453  64
454  27
454  43
456  22
456  57
456  97
457  81
458  39
459  45
460  1
462  90
466  15
466  64
469  14
469  21
469  65
469  80
469  99
470  58
471  22
471  57
473  25
476  81
478  8
480  15
480  36
480  64
481  51
482  71
484  98
486  54
486  97
487  28
487  82
488  8
488  22
488  57
488  60
491  36
491  43
492  80
492  99
493  51
495  5
495  15
495  81
496  64
498  8
498  14
498  65
498  98
503  36
505  54
506  19
506  51
507  22
507  57
507  82
508  83
509  8
513  15
513  98
514  64
514  81
515  97
516  36
516  80
516  99
519  71
519  89
520  51
521  8
526  53
528  98
529  82
530  22
530  36
530  54
531  57
532  81
533  28
534  15
534  43
535  8
536  46
536  51
536  64
540  5
541  80
541  99
543  97
543  98
546  14
546  36
546  65
549  58
550  8
550  81
551  21
552  82
554  71
555  51
558  57
559  15
559  22
559  98
561  25
561  64
565  36
566  80
566  99
567  8
567  81
568  54
570  97
571  74
572  43
573  28
575  82
575  98
578  51
578  90
584  81
586  71
587  8
587  36
588  15
589  64
590  89
591  80
591  98
591  99
592  57
593  22
596  97
599  30
599  82
600  45
601  81
602  31
602  47
604  27
605  59
606  33
606  39
606  51
607  43
607  98
608  1
610  8
610  75
611  28
611  30
613  45
614  36
615  34
615  80
616  71
616  99
617  47
617  81
620  27
620  49
621  15
621  26
621  30
621  48
621  78
621  97
622  59
622  64
623  39
624  14
624  65
624  96
625  33
625  34
626  82
627  45
630  1
630  22
630  26
630  78
631  30
631  57
632  98
633  11
633  25
633  47
633  81
634  48
634  52
634  75
636  34
637  10
638  43
639  27
640  26
640  78
640  96
641  80
641  99
642  30
642  59
643  16
643  39
643  45
646  28
646  71
646  97
648  34
648  48
649  33
649  81
651  26
651  78
652  47
654  30
656  11
656  96
657  52
658  1
661  45
662  27
662  34
662  78
663  26
665  48
665  81
667  30
667  75
669  39
669  59
669  90
670  10
671  97
673  96
675  47
675  78
676  26
677  34
681  30
682  33
682  45
685  48
689  78
690  26
690  27
691  96
694  11
694  34
694  52
697  30
699  16
700  1
703  39
703  59
704  47
705  45
705  78
706  26
709  48
709  96
713  34
714  30
722  78
723  75
724  26
724  27
726  81
727  96
729  45
730  33
731  30
733  34
733  47
734  71
734  97
735  43
737  39
737  48
738  28
739  81
740  78
742  59
743  26
744  32
745  80
745  96
745  99
746  15
746  64
748  1
748  30
748  34
749  22
749  45
749  57
749  98
750  25
750  52
750  71
751  49
751  78
752  8
752  20
752  32
752  40
752  43
752  81
753  4
753  97
754  34
754  36
754  46
754  82
755  27
755  51
756  45
756  48
757  1
757  10
757  28
757  49
758  52
758  53
759  31
760  14
760  15
760  32
760  64
760  65
760  78
760  98
761  20
761  34
761  40
761  47
762  54
762  80
762  99
763  8
763  26
763  45
763  49
763  83
763  96
764  1
765  4
765  11
765  22
765  46
765  53
765  57
765  68
765  81
766  30
766  36
767  27
767  52
767  63
767  71
768  31
768  33
768  34
768  51
768  69
769  32
769  49
769  74
769  78
770  45
770  82
771  1
771  20
771  39
771  40
771  43
771  90
771  97
771  98
772  53
774  21
775  8
775  34
775  58
775  60
775  75
776  15
776  49
776  52
776  64
776  83
777  5
777  45
777  46
777  59
777  89
778  1
778  4
778  28
778  31
778  32
778  81
779  80
779  99
780  27
780  36
780  48
780  53
781  19
781  40
781  68
782  20
783  22
783  25
783  49
783  51
783  54
783  57
783  96
783  98
784  45
786  1
786  71
786  82
788  8
788  32
788  34
788  69
789  14
789  31
789  53
790  46
790  49
790  65
790  83
790  97
791  81
792  40
792  45
792  52
793  15
793  43
793  47
793  63
793  64
794  1
794  4
794  20
795  27
795  98
796  36
797  80
797  99
798  49
798  53
799  32
800  51
801  31
801  68
803  28
803  82
804  8
804  81
804  83
805  40
805  45
805  46
805  57
806  1
806  22
806  34
806  49
807  98
808  20
808  53
809  71
809  97
811  52
812  32
813  4
813  45
813  54
814  15
814  31
815  1
815  36
815  49
815  64
815  80
816  99
817  81
818  43
819  53
819  69
819  83
820  34
820  40
820  98
821  51
821  82
822  8
822  45
822  89
824  27
824  46
825  1
825  20
825  49
825  90
826  52
827  32
828  34
829  31
829  78
829  97
830  68
831  53
831  81
832  30
832  45
833  57
833  98
