10  28
10  51
11  30
11  49
12  16
12  25
12  38
12  41
13  11
13  15
13  54
13  63
13  64
13  68
13  70
13  98
14  9
14  10
14  19
14  60
14  69
14  81
15  6
15  35
15  44
15  73
16  59
18  20
19  31
19  48
20  17
20  28
20  51
20  62
22  67
22  82
22  86
22  93
22  97
23  30
23  49
24  12
25  16
25  25
25  38
25  41
26  87
26  92
26  98
27  11
27  54
27  68
27  70
28  15
28  63
28  64
28  81
30  9
30  39
30  40
31  10
31  19
31  28
31  51
31  60
31  69
32  35
32  44
33  6
33  73
35  83
35  96
36  30
36  49
36  59
40  98
41  20
41  25
41  38
41  41
42  16
43  31
43  48
43  81
44  11
44  28
44  51
44  54
45  68
46  63
46  82
46  86
46  93
46  97
47  70
48  15
48  64
51  9
51  30
51  49
52  17
52  35
52  44
52  62
53  10
53  19
53  60
53  69
56  98
57  87
57  92
58  28
59  6
59  51
59  73
59  81
61  38
61  41
63  25
66  16
66  54
68  11
68  67
69  30
69  49
70  68
71  63
72  50
73  98
74  82
74  86
74  93
74  97
75  12
75  28
76  15
76  51
76  64
76  81
77  35
77  44
78  31
78  48
78  76
79  3
80  59
80  70
84  9
85  20
85  29
86  10
86  69
86  83
86  96
88  19
88  38
88  41
88  60
91  98
92  30
92  49
93  81
94  25
95  28
95  54
96  51
96  87
96  92
100  63
106  82
106  93
106  97
107  81
107  86
108  9
109  16
110  98
111  11
112  6
112  73
113  35
113  44
113  68
118  54
120  20
121  63
121  81
122  28
123  51
127  49
128  30
129  98
134  9
135  15
135  64
135  81
139  38
141  41
142  97
143  82
145  63
145  86
146  87
146  92
146  93
147  12
149  81
149  98
159  54
163  81
163  96
164  83
168  9
168  20
168  98
171  11
171  97
174  15
174  28
174  63
176  6
177  81
178  30
178  41
178  70
182  10
182  17
182  38
183  69
184  62
184  82
187  86
187  93
187  98
189  11
190  39
191  81
191  97
193  28
194  15
194  19
198  60
199  6
200  30
200  87
200  92
204  40
204  41
206  81
206  98
211  11
212  97
215  28
215  38
217  15
221  16
225  82
225  98
226  25
227  30
229  6
229  86
229  93
230  81
233  97
236  41
237  11
240  68
241  28
244  98
245  15
245  51
249  96
252  81
253  97
254  87
255  92
257  83
258  30
259  38
259  59
263  98
267  6
267  11
267  82
270  28
270  93
271  49
273  73
273  86
273  97
275  64
275  81
276  10
277  19
277  41
278  15
280  98
283  87
287  62
288  93
291  30
291  83
292  10
292  97
296  19
297  81
298  98
299  11
299  28
308  38
309  82
310  6
310  81
311  92
311  97
312  15
315  63
315  86
317  9
317  98
318  54
319  41
322  81
323  20
326  30
327  51
329  28
329  63
329  70
329  97
330  12
330  69
331  11
333  9
334  81
336  54
336  87
336  98
337  93
340  96
343  60
345  63
345  81
346  16
346  20
347  15
347  97
349  82
350  6
351  9
355  98
356  38
356  81
356  86
358  54
359  25
359  28
360  30
360  41
363  63
364  11
364  49
364  67
365  12
365  68
365  97
366  92
367  81
372  9
374  98
375  20
378  81
382  15
382  93
383  63
383  97
384  54
388  28
389  81
390  48
390  82
393  6
393  98
395  30
396  9
396  31
398  11
399  86
399  87
400  81
401  97
402  41
403  38
403  44
404  35
405  63
406  64
406  83
408  51
411  28
411  81
412  54
412  98
413  20
415  15
415  30
416  44
417  35
418  97
419  49
421  31
422  48
422  81
422  92
423  9
423  25
423  51
424  28
426  93
427  12
428  11
428  96
429  54
429  63
429  73
430  44
430  82
431  30
431  35
431  98
433  81
434  6
435  29
435  97
438  28
438  49
439  17
440  51
441  41
441  86
443  31
444  48
444  81
447  15
448  38
448  44
449  30
449  54
449  98
450  25
450  35
452  97
453  9
454  87
455  63
455  81
457  11
457  20
463  59
464  70
465  28
466  16
466  81
467  93
467  98
468  97
470  82
472  6
474  69
474  92
476  10
476  19
477  41
477  68
477  81
478  15
478  52
479  83
481  62
481  87
481  93
482  98
484  63
484  97
485  86
486  40
487  9
487  10
487  11
487  19
487  81
491  60
493  38
495  93
497  81
497  98
498  10
498  62
498  87
499  19
500  83
500  97
507  81
509  6
509  15
509  20
509  93
510  10
510  12
512  19
512  98
513  30
513  40
513  63
513  82
514  76
515  87
516  28
516  96
516  97
517  11
517  41
517  81
519  9
519  62
523  54
523  83
525  86
525  93
527  28
527  30
527  81
529  98
530  92
531  51
531  97
533  44
533  49
534  35
537  38
537  81
538  15
538  54
539  28
540  31
540  48
540  63
541  30
541  64
542  25
545  11
546  6
546  51
546  97
547  81
548  44
548  98
549  9
549  35
551  28
551  49
553  20
554  41
554  82
555  54
556  30
557  16
557  25
557  81
557  98
558  70
561  31
561  59
561  97
562  48
563  51
564  28
564  67
565  16
565  44
566  35
566  63
566  98
567  25
567  70
567  81
569  15
569  86
572  49
573  54
573  59
574  16
575  98
577  70
577  81
578  12
578  25
578  30
579  9
580  51
581  67
581  92
582  73
583  16
583  68
584  49
584  98
585  35
585  44
585  64
585  82
586  81
587  51
587  59
588  70
589  48
590  25
590  31
590  50
591  68
592  73
592  87
592  97
593  16
593  49
593  98
594  54
594  63
594  64
595  51
595  81
596  38
597  82
598  20
598  93
599  96
600  68
600  70
602  49
602  67
602  73
602  98
603  25
603  51
603  59
603  64
604  16
604  81
607  35
607  39
608  44
609  68
609  82
610  86
611  98
612  49
612  51
613  9
613  64
613  70
613  73
613  81
615  38
616  16
617  25
617  54
619  68
620  98
621  51
621  60
621  82
622  49
622  59
622  69
622  81
623  63
624  64
626  48
626  73
627  70
628  31
629  16
629  98
630  68
631  38
631  41
631  51
631  67
631  81
632  25
633  35
633  49
633  92
634  82
635  44
637  27
637  28
637  97
637  98
640  30
640  54
640  81
640  93
643  9
643  16
643  70
644  11
644  20
644  83
644  87
645  59
645  98
647  10
647  28
647  63
648  6
648  15
648  19
649  81
649  97
650  86
651  30
652  41
652  93
653  12
656  62
657  10
658  11
658  19
658  28
658  81
658  87
661  83
661  97
662  98
664  15
664  40
664  93
665  6
667  10
667  81
669  19
672  87
673  62
674  11
674  97
676  93
677  30
677  41
678  10
678  98
679  83
681  19
683  15
686  87
686  96
687  97
688  6
688  93
690  92
691  10
692  17
693  86
695  19
695  62
696  40
696  98
698  83
701  87
701  93
705  10
710  81
712  19
715  82
715  93
716  76
716  98
719  87
721  83
736  86
739  81
745  98
748  92
755  69
760  82
764  81
769  98
773  93
775  87
777  60
779  10
779  97
780  86
781  19
781  83
781  96
783  98
784  81
784  93
787  11
788  62
788  87
789  15
789  28
790  97
791  10
791  30
792  6
792  41
792  81
794  19
794  38
794  63
795  9
795  93
795  98
796  28
796  54
798  11
798  83
799  30
799  81
800  20
801  15
801  82
801  87
801  97
802  25
802  35
802  41
802  44
802  51
802  98
803  16
803  28
803  38
803  49
804  10
804  40
804  70
804  92
805  63
806  6
806  9
806  48
806  54
806  64
806  68
806  81
806  93
807  31
807  73
808  12
808  19
808  30
808  51
808  60
808  69
808  86
809  11
809  59
809  62
809  98
810  38
810  41
810  49
811  17
811  25
811  28
811  82
812  16
812  97
813  81
814  15
814  35
814  51
814  64
814  68
814  70
814  87
814  96
815  44
815  67
815  69
815  83
816  20
816  39
816  60
816  63
816  92
816  98
817  30
817  49
817  54
817  73
817  93
818  38
818  86
819  9
819  10
819  28
819  41
820  81
821  6
821  11
821  25
821  51
821  82
822  16
822  68
823  17
823  48
823  59
823  64
823  69
823  97
823  98
824  19
824  31
824  60
825  3
825  49
825  70
826  38
827  28
827  30
827  73
827  81
828  15
828  35
828  41
828  51
828  87
828  92
828  93
829  44
829  54
829  63
829  86
829  96
830  29
830  98
831  68
831  69
832  16
832  25
832  64
832  82
833  9
833  12
833  39
833  49
833  60
833  83
