15  9
15  70
16  95
17  84
18  13
18  21
18  58
19  42
19  85
19  94
20  66
21  65
22  86
23  37
24  32
24  47
26  14
27  18
27  61
27  93
28  6
28  62
28  73
29  25
29  54
29  81
29  98
32  89
32  90
32  95
33  9
33  70
35  17
35  84
38  30
38  49
39  10
39  69
39  85
40  94
42  21
42  58
43  13
47  0
47  79
49  66
49  86
50  34
50  95
51  42
51  45
53  84
58  9
58  70
61  93
63  61
63  85
63  98
64  18
64  81
64  94
67  28
67  37
67  51
68  6
68  73
69  32
69  65
69  95
70  47
72  84
74  89
74  90
82  40
84  39
86  58
87  21
88  95
89  85
89  94
90  84
91  14
92  86
96  93
102  9
102  70
105  66
106  84
107  98
108  81
108  95
111  37
113  94
115  72
115  85
116  93
119  17
121  14
122  7
122  84
132  13
132  95
135  89
135  90
136  93
137  94
139  54
140  37
140  66
140  86
141  84
142  25
142  85
146  88
155  93
160  84
160  98
161  14
161  94
164  95
167  81
169  66
169  90
170  17
170  85
171  47
173  80
175  93
176  58
177  99
179  37
179  84
179  98
181  69
186  94
189  90
191  0
192  47
194  86
195  66
195  93
196  95
198  84
198  98
199  85
206  89
207  58
209  90
215  94
216  98
218  51
219  47
223  69
227  81
228  95
229  90
234  98
235  85
239  84
244  9
244  70
245  39
248  90
251  86
252  98
253  94
254  0
254  47
255  58
260  95
263  21
267  90
270  85
270  98
274  84
277  89
286  90
287  98
289  94
292  81
292  95
294  47
300  69
304  90
304  98
305  85
305  93
307  84
308  86
309  62
316  58
319  42
320  98
321  66
322  90
324  94
324  95
329  84
329  93
330  32
335  85
336  47
336  66
336  98
338  37
339  14
339  90
342  93
343  84
345  94
346  17
347  51
351  89
352  66
352  98
355  37
355  81
355  93
356  0
356  90
356  95
357  84
358  14
359  88
360  85
364  86
366  94
367  98
368  93
370  7
370  66
371  84
373  90
374  13
374  17
374  58
375  37
378  47
380  69
381  14
381  93
382  98
385  84
385  85
387  94
387  95
389  90
390  39
391  9
391  66
391  70
393  30
394  93
395  58
395  85
397  25
397  98
399  37
399  84
400  49
405  90
405  95
406  9
407  70
407  88
407  93
408  34
408  94
410  14
411  65
411  99
412  98
413  84
414  66
414  85
416  17
417  47
418  81
419  86
420  93
421  90
423  89
426  37
426  98
427  84
429  94
432  10
433  93
436  90
438  66
439  95
440  98
441  84
442  14
442  85
445  93
447  0
450  94
451  90
452  69
454  84
454  98
456  37
457  47
457  93
462  21
463  66
465  84
466  90
467  88
467  95
468  51
468  98
469  17
469  85
469  93
470  94
471  18
472  6
472  61
472  73
474  84
477  86
479  14
479  58
479  81
479  95
480  90
481  93
481  98
484  84
488  37
489  18
489  66
490  7
490  94
492  61
493  73
493  93
494  6
494  47
494  85
494  90
494  98
495  84
497  89
502  95
503  85
504  58
505  93
506  9
507  70
507  98
508  90
509  25
509  84
510  94
512  30
512  85
514  58
515  88
516  9
516  66
517  93
518  14
518  70
518  95
519  99
520  34
520  98
521  85
522  25
522  37
522  84
522  90
523  69
524  39
525  17
525  54
525  58
527  9
528  47
529  0
529  30
529  93
529  95
530  84
530  85
530  94
531  70
531  86
532  98
536  90
538  81
538  84
540  18
540  61
540  93
541  6
541  73
541  95
543  66
544  98
546  84
549  94
550  90
550  95
551  93
552  42
552  86
554  13
554  37
554  65
554  84
556  18
556  61
556  62
556  85
556  98
557  14
557  73
558  6
558  95
559  88
561  42
561  86
562  84
562  93
564  65
564  94
566  13
566  95
569  62
569  72
569  89
569  91
570  84
571  42
571  86
572  85
573  93
574  18
574  95
575  61
575  65
577  73
577  79
578  6
578  13
578  84
580  81
580  94
581  17
581  42
581  86
582  32
582  95
584  62
584  93
585  89
586  13
586  21
586  84
587  65
588  37
588  85
590  10
590  81
590  95
591  28
591  32
591  86
592  42
593  79
594  40
594  84
595  13
595  93
596  14
596  18
596  89
596  94
598  61
598  95
599  21
600  81
601  32
601  65
601  86
601  91
602  6
602  62
602  73
602  84
603  72
604  13
604  42
604  85
605  10
605  80
606  93
606  95
607  89
610  81
610  84
611  28
611  32
611  82
611  86
611  94
612  88
613  79
614  13
614  21
614  95
617  65
617  93
618  42
618  84
618  89
618  97
619  40
619  85
620  81
621  86
622  95
622  98
623  10
623  32
623  37
623  90
625  13
625  62
626  18
626  84
626  94
627  61
627  93
630  66
630  95
631  17
631  86
632  98
633  89
634  6
634  7
634  14
634  42
634  73
634  84
634  90
635  47
635  65
635  85
637  93
637  95
638  81
640  91
641  86
641  94
642  58
642  84
642  85
642  98
644  66
644  95
645  90
646  9
646  69
646  70
647  93
648  25
649  85
650  51
650  58
650  84
651  47
651  86
651  95
652  0
652  42
652  98
653  37
653  99
654  30
654  88
655  62
656  9
656  70
656  85
656  90
656  94
657  93
658  34
658  65
658  84
658  95
659  58
659  66
660  25
661  86
662  98
663  85
664  18
664  95
665  61
666  9
666  84
667  70
667  90
667  93
668  58
669  14
669  47
670  39
670  85
670  95
671  30
671  86
671  94
672  98
673  25
673  42
673  99
674  69
674  84
675  66
676  73
676  95
677  6
677  9
677  85
677  93
678  58
678  90
679  70
680  34
681  86
682  37
682  84
682  91
682  95
682  98
684  65
684  85
684  88
686  13
686  81
686  94
687  17
687  89
687  93
688  25
688  58
688  95
689  9
689  47
689  90
690  0
690  84
691  30
691  32
691  85
691  86
692  70
692  98
693  51
693  66
694  95
694  99
695  21
695  42
695  72
695  81
696  13
696  45
696  62
697  84
697  89
697  93
697  94
698  85
699  9
700  58
700  70
700  90
701  10
701  86
701  95
702  21
702  32
702  98
703  54
703  79
703  84
703  94
704  14
704  81
705  9
705  49
705  85
706  70
707  13
707  18
707  28
707  89
707  93
707  95
708  61
709  21
709  25
709  84
709  94
711  45
711  86
711  90
712  9
712  47
712  58
712  65
712  66
712  80
712  85
712  98
713  34
713  37
713  54
713  69
713  70
713  81
713  95
714  32
714  40
716  84
716  88
716  91
717  89
717  93
718  42
718  99
719  13
719  85
719  94
719  95
721  10
721  86
722  6
722  30
722  73
722  81
722  90
722  98
723  21
723  84
724  49
724  58
725  95
726  85
727  79
727  89
727  93
728  32
729  25
730  84
731  81
731  86
731  95
732  9
732  13
732  17
732  66
732  98
733  85
733  90
734  94
737  47
737  58
737  70
737  84
737  89
737  93
737  95
739  14
739  28
740  81
740  85
740  86
741  62
741  99
742  98
743  32
743  37
743  65
743  95
744  0
744  84
744  90
745  42
746  13
747  85
747  88
747  89
747  93
749  10
749  39
749  81
749  86
749  94
749  95
750  18
750  58
751  9
751  84
752  25
752  66
752  98
753  21
753  61
753  70
753  85
754  30
755  90
755  94
755  95
756  93
757  84
757  89
758  9
758  81
758  86
759  85
759  91
760  21
760  32
760  70
761  13
761  34
761  54
761  94
761  95
762  40
762  79
762  98
763  47
763  69
763  84
764  58
764  99
765  9
765  49
765  85
765  93
766  6
766  90
767  70
767  73
767  81
767  86
767  89
767  94
767  95
768  7
768  21
768  80
769  84
771  45
771  85
772  9
772  14
772  37
772  42
772  54
772  98
773  66
773  94
773  95
774  51
774  65
774  70
774  93
775  84
776  21
776  81
776  86
776  88
777  13
777  85
777  89
777  90
778  32
779  9
779  49
779  58
779  94
779  95
780  25
781  17
781  70
781  82
781  84
782  98
783  54
783  85
783  93
783  97
784  10
784  21
785  81
785  86
785  94
785  95
786  91
787  9
787  80
787  84
787  89
787  90
788  62
788  99
789  70
789  85
791  45
791  47
791  94
791  95
792  93
792  98
793  13
793  21
793  84
794  18
794  66
794  81
794  86
795  9
795  30
795  58
795  61
795  85
796  49
796  54
797  28
797  32
797  70
797  89
797  94
797  95
798  42
798  90
799  84
801  37
801  85
801  93
802  21
802  98
803  9
803  81
803  86
803  94
803  95
805  70
805  84
806  14
806  65
806  88
807  0
807  80
807  85
807  89
809  90
809  94
809  95
810  93
811  13
811  54
811  84
812  9
812  21
812  25
812  58
812  73
812  81
812  86
812  98
812  99
813  6
813  69
813  79
813  85
813  91
814  70
815  94
815  95
817  49
817  66
817  84
817  89
819  45
819  85
819  93
820  90
821  32
821  81
821  86
821  94
821  95
822  9
822  47
822  98
823  21
823  84
824  70
825  85
826  34
827  72
827  89
827  94
827  95
828  54
828  80
828  93
829  84
830  42
830  86
831  58
831  81
831  85
831  90
832  9
832  13
832  98
833  10
833  17
833  94
833  95
