115  9
120  62
139  91
151  2
153  63
156  35
165  53
175  91
180  12
209  91
219  53
234  20
234  97
236  2
236  4
237  53
239  67
240  91
241  63
242  34
242  89
245  12
253  35
253  97
256  20
257  53
263  4
268  91
269  89
273  67
273  97
280  34
281  53
293  91
304  12
308  9
309  62
312  0
315  60
317  51
317  91
320  2
323  30
326  9
326  63
328  41
328  62
340  91
342  35
344  21
346  60
348  9
349  43
352  62
360  12
361  91
375  9
381  91
382  62
395  2
400  91
402  60
406  63
410  9
410  12
412  41
419  91
420  53
422  35
422  62
433  53
434  51
437  91
437  97
440  20
440  67
441  89
443  4
445  53
449  97
450  34
452  9
454  20
454  91
456  12
457  89
458  53
458  67
460  2
460  4
461  97
468  62
468  63
471  91
477  30
488  30
488  91
489  7
489  72
491  9
491  49
491  60
492  11
492  68
493  35
498  5
498  74
500  30
501  7
501  12
501  72
504  49
504  91
506  62
508  11
508  68
512  57
513  30
514  7
514  72
519  49
521  5
521  70
521  74
522  17
523  21
526  9
527  11
527  68
528  19
529  7
529  72
531  70
533  17
535  38
537  49
542  43
542  70
543  36
544  58
545  17
545  19
546  7
546  72
550  30
550  62
551  68
552  11
553  41
554  22
554  70
557  5
557  74
558  17
559  49
563  38
566  7
566  19
566  72
567  9
567  60
567  70
568  28
573  17
582  70
585  49
587  68
588  11
590  17
591  7
592  72
593  62
594  30
595  19
598  58
599  70
603  9
603  91
605  36
608  30
609  17
614  91
616  12
617  2
619  63
619  70
620  53
621  7
622  49
622  72
623  35
624  30
625  91
626  38
626  62
631  5
631  74
633  17
635  12
635  51
636  91
637  9
638  11
638  53
638  60
639  2
640  68
642  19
642  30
643  63
643  70
644  67
644  97
646  53
647  20
647  89
648  91
649  4
651  34
651  35
653  47
653  97
655  53
656  7
656  67
657  12
658  20
658  72
659  89
660  91
661  4
661  17
661  62
662  30
662  32
662  97
664  49
664  67
665  53
667  34
668  2
668  57
669  12
670  0
670  26
670  70
670  88
671  9
672  16
672  44
672  77
672  91
673  67
674  63
675  41
677  49
678  26
679  12
680  88
682  67
683  59
683  77
684  16
684  26
684  30
684  44
684  75
684  82
684  91
685  28
686  12
686  45
687  90
688  17
690  26
690  88
691  35
691  49
691  59
692  67
692  82
693  75
694  12
695  7
695  11
695  72
696  26
696  62
696  68
696  77
696  91
697  16
697  45
698  44
698  70
698  79
698  90
700  59
700  82
700  88
702  12
702  60
702  67
703  26
703  75
704  21
705  19
705  22
706  9
707  49
708  82
708  91
709  59
709  90
710  12
710  26
710  45
710  77
710  88
711  30
712  2
712  16
712  67
714  44
714  75
717  17
717  26
717  53
717  82
718  51
718  97
719  12
719  67
720  59
720  88
720  91
721  28
721  63
722  5
722  20
722  89
722  90
723  74
725  4
725  49
726  43
726  53
726  97
727  67
727  70
728  77
730  34
730  62
731  91
732  7
732  20
733  89
734  16
734  72
734  97
735  30
735  53
738  4
738  9
742  91
742  97
743  20
743  35
744  89
745  53
747  34
749  88
751  97
752  4
753  91
756  2
756  20
756  53
756  89
760  0
760  97
774  89
827  97
831  89
