15  9
15  70
18  21
18  58
18  84
18  95
19  13
19  85
19  94
20  66
23  37
23  42
24  32
24  47
26  14
26  65
27  86
27  93
29  25
29  54
29  81
29  98
32  18
32  61
32  89
32  90
33  6
33  9
33  70
33  73
34  62
35  17
37  95
38  30
38  49
38  84
39  10
39  69
40  85
40  94
42  21
42  58
45  13
47  0
47  79
49  66
51  34
51  45
54  42
54  86
55  95
58  9
58  70
58  84
60  93
63  85
63  94
64  65
64  81
64  98
67  37
68  28
68  51
69  32
69  47
73  95
74  89
74  90
78  84
82  40
83  39
85  86
86  18
86  58
87  21
87  61
89  85
89  94
90  13
93  6
93  14
93  73
94  95
99  84
102  93
103  9
103  70
106  72
109  81
110  98
115  95
117  85
117  94
119  84
128  66
132  93
135  84
135  89
135  90
136  95
137  86
138  25
141  37
141  54
143  94
145  85
148  17
151  7
151  84
152  14
154  93
157  95
165  81
167  66
167  98
169  94
172  84
173  37
174  85
175  93
182  88
182  99
184  80
191  95
192  84
193  90
195  86
195  94
196  93
197  14
197  98
199  47
200  66
203  58
203  85
206  17
208  89
209  69
211  84
214  37
214  90
216  93
217  98
220  0
221  47
221  94
224  95
225  66
229  81
230  84
232  85
235  58
235  90
236  93
237  98
244  9
244  70
248  51
250  47
250  94
252  86
255  69
256  90
256  95
256  98
262  21
267  84
269  85
275  39
275  98
276  90
278  89
281  58
285  85
285  95
288  47
289  9
289  94
290  0
290  70
291  81
292  30
293  98
294  25
296  58
296  90
298  85
304  34
304  84
304  95
306  9
307  70
311  85
311  86
311  98
311  99
313  58
315  25
315  90
318  30
324  95
325  94
326  85
327  32
327  62
328  42
329  47
329  98
331  84
332  93
334  9
334  90
335  66
336  69
344  37
345  14
345  93
346  84
346  98
347  94
351  66
352  90
353  17
353  89
356  13
356  81
358  93
359  85
360  95
361  84
361  88
363  37
363  98
366  14
368  86
369  66
369  94
370  90
371  93
374  47
375  84
379  98
381  7
381  95
382  51
384  93
385  18
385  61
385  84
386  6
386  17
386  37
386  73
387  90
389  66
389  85
391  94
392  14
395  84
395  95
395  98
397  0
397  93
402  18
402  61
404  6
404  49
404  73
404  90
405  84
409  95
410  93
412  65
412  81
413  94
414  37
414  98
415  84
416  10
417  66
417  85
417  88
423  18
423  61
423  90
423  93
423  95
424  86
425  14
425  84
426  73
427  6
428  98
429  89
432  69
433  47
434  17
434  94
435  39
435  84
436  93
437  95
439  90
441  66
442  98
444  85
445  84
446  37
449  93
451  18
451  61
451  95
455  84
455  90
456  94
456  98
457  6
457  58
457  73
460  21
462  81
462  93
464  14
465  47
465  84
465  95
467  66
470  85
470  90
470  98
475  84
475  93
477  94
478  88
479  95
481  37
482  86
484  98
485  84
485  90
488  93
489  0
491  18
491  61
493  95
494  66
494  69
495  84
496  85
498  94
498  98
499  73
500  17
500  47
500  90
501  6
501  89
501  93
503  58
504  51
505  84
507  14
508  95
511  98
512  85
513  93
515  58
515  90
516  70
516  81
517  9
517  37
518  94
520  84
521  25
521  66
521  85
524  7
525  30
525  93
525  98
526  58
526  99
527  70
527  95
528  9
529  34
529  90
530  85
530  88
534  47
535  25
535  84
537  58
537  93
538  54
538  94
538  98
539  70
539  85
539  86
540  9
543  90
544  30
545  95
548  85
549  14
549  58
549  66
549  84
549  93
550  99
551  98
552  25
552  37
552  70
553  9
554  34
557  85
557  90
558  94
560  17
561  69
561  84
561  93
561  95
562  58
564  39
564  98
566  70
566  85
568  9
568  88
569  30
569  47
570  0
570  84
571  90
571  95
573  93
574  79
574  89
576  25
576  66
576  98
578  84
578  94
579  86
580  13
580  42
580  95
581  99
582  65
582  81
585  62
585  90
585  93
586  37
587  84
588  86
588  95
589  14
589  18
589  42
589  85
590  61
591  13
592  6
592  65
592  73
592  98
594  32
594  94
595  84
596  81
596  89
596  93
596  95
597  72
598  21
598  86
599  13
599  42
599  62
600  91
601  10
603  28
603  32
603  65
604  95
605  21
605  84
605  94
606  40
606  79
606  81
607  13
607  85
607  89
608  86
610  42
610  45
610  54
612  21
612  49
612  95
613  32
613  94
614  80
615  62
615  84
616  13
616  18
616  61
616  65
616  70
616  81
617  10
618  86
618  89
620  9
620  21
620  95
621  42
621  94
622  6
622  54
623  73
624  28
624  32
625  84
626  13
626  49
626  81
626  91
627  79
628  21
628  45
628  86
628  95
629  70
629  85
629  89
629  94
630  65
631  40
632  72
634  42
634  62
635  54
635  84
636  9
636  10
636  13
636  21
636  32
636  80
636  81
636  95
637  94
638  86
640  89
643  49
644  70
644  95
645  21
645  84
645  94
646  65
646  81
647  13
648  42
648  86
649  32
650  54
650  85
651  18
651  45
651  61
651  89
652  95
653  94
654  9
654  28
654  84
655  21
655  79
655  91
656  81
658  62
658  86
659  10
659  13
660  80
660  82
660  94
660  95
661  6
661  70
661  84
661  93
662  89
663  32
663  42
663  73
663  97
664  49
665  21
665  65
665  85
666  81
667  54
668  84
668  86
668  94
668  95
670  93
672  13
673  89
673  98
674  40
674  90
676  37
676  84
676  95
677  81
677  85
678  14
678  86
679  66
679  93
680  17
681  42
683  58
683  95
683  98
684  84
684  85
684  90
685  32
685  47
686  88
687  94
688  93
692  9
692  25
692  58
692  65
692  66
692  84
692  85
693  86
693  95
693  98
694  37
694  69
694  90
694  99
696  91
697  30
697  93
699  14
699  51
699  70
700  0
700  47
700  85
701  34
702  58
703  98
704  90
708  25
708  85
709  9
712  7
714  95
715  61
716  99
717  84
724  88
726  85
758  94
811  94
811  95
814  84
819  85
