18  34
18  45
21  1
21  78
22  8
24  30
24  36
24  49
25  51
26  15
26  64
28  22
28  27
28  52
28  57
29  26
29  53
29  71
32  43
33  32
33  47
33  48
34  28
35  31
38  39
38  40
40  20
40  59
40  98
42  34
42  45
44  54
46  14
46  46
46  65
47  33
52  1
52  78
56  15
56  64
61  75
62  4
62  57
62  81
63  22
65  80
65  99
67  49
68  30
70  25
75  8
85  34
86  45
95  21
95  58
99  64
100  15
103  82
108  68
109  71
110  27
110  52
112  96
113  83
115  43
116  11
118  28
120  22
120  57
126  81
129  97
133  71
138  80
138  99
142  43
148  28
150  53
151  26
156  74
157  81
162  71
171  25
176  97
177  43
186  31
187  81
189  60
190  28
200  71
206  1
209  45
209  98
210  30
210  47
213  78
214  39
216  59
217  34
217  81
218  27
220  33
223  43
225  97
226  45
227  30
228  47
228  75
232  36
234  1
236  39
240  59
241  27
245  28
245  45
245  71
246  30
246  81
247  34
249  33
251  47
264  39
267  45
269  30
269  75
271  27
273  97
274  59
274  81
275  1
277  43
280  47
285  25
286  32
288  90
291  51
294  34
294  45
294  71
295  33
296  30
301  81
304  28
304  39
311  48
312  27
316  97
317  47
324  59
325  43
325  45
325  49
326  81
329  30
335  1
335  71
346  75
350  81
354  28
355  97
356  39
359  34
359  45
360  27
360  47
361  33
365  30
371  43
373  81
375  71
382  74
383  59
387  25
392  97
393  45
395  81
400  30
401  98
402  1
403  28
403  31
404  47
408  27
409  39
409  78
410  34
411  26
416  43
416  71
417  81
420  96
422  40
426  33
426  97
427  45
428  52
428  75
430  30
436  59
438  81
442  20
447  28
449  47
451  71
453  90
455  27
455  43
457  97
458  15
458  64
458  81
459  57
460  22
460  39
461  45
464  65
465  1
465  14
465  80
465  99
469  15
469  64
470  30
472  57
473  22
473  25
477  81
481  15
481  64
483  71
484  65
485  14
485  21
485  34
485  58
486  57
486  80
486  99
487  22
487  28
487  97
491  43
492  60
493  33
494  8
495  15
495  64
496  81
501  36
502  51
502  57
503  8
503  22
504  98
507  54
508  80
508  82
508  99
510  15
510  64
511  36
512  14
512  65
513  8
513  51
514  81
516  5
516  71
516  97
518  98
521  22
521  57
521  83
522  36
524  8
525  51
525  54
527  15
527  19
528  28
528  64
528  82
530  53
531  43
531  80
531  99
532  81
532  98
534  36
536  8
539  48
539  51
539  89
543  22
543  57
543  97
546  15
547  64
547  98
548  36
549  8
549  46
549  54
549  82
550  81
551  71
554  99
555  25
555  51
555  80
556  14
556  58
556  65
558  21
560  5
562  98
563  8
563  36
568  74
568  81
569  57
569  90
570  15
570  22
570  28
570  43
570  97
571  64
571  82
572  51
577  98
578  99
579  8
579  80
581  36
584  54
584  71
585  81
592  98
593  51
594  82
596  97
597  8
597  15
598  64
601  22
601  36
601  57
602  81
602  99
603  80
604  31
604  45
605  89
606  30
606  43
607  47
607  98
608  27
609  28
610  39
610  59
612  1
614  75
615  34
615  49
616  71
617  33
617  45
617  82
618  8
618  81
619  51
620  30
621  97
622  47
622  98
625  27
625  36
626  80
626  99
627  39
627  59
628  78
629  15
629  64
630  14
630  26
630  34
630  48
630  65
631  30
631  45
633  25
634  1
634  81
634  96
636  78
637  22
637  43
637  57
638  11
638  26
638  47
638  75
639  52
640  10
640  34
641  33
641  48
642  30
642  98
643  16
643  27
644  28
644  78
645  19
645  97
646  71
647  26
647  39
647  45
647  59
647  82
649  96
649  99
650  80
650  81
651  34
653  78
654  30
655  48
656  26
657  11
657  47
658  52
660  90
662  1
662  64
663  34
663  78
664  15
664  45
665  10
665  27
665  96
666  26
666  30
666  81
668  97
670  43
670  48
670  75
672  33
672  39
672  99
673  59
673  78
674  80
675  16
676  71
677  26
677  34
678  22
679  30
679  47
679  57
681  81
681  96
682  28
683  11
683  45
684  52
684  78
688  48
689  26
691  27
691  97
692  34
693  30
695  99
696  25
696  78
696  81
697  64
697  80
698  1
698  96
699  15
701  98
702  26
702  39
703  43
703  48
703  59
704  45
705  47
705  65
705  71
707  8
708  14
708  34
709  10
709  30
709  78
709  82
710  36
710  51
711  81
712  33
714  32
714  34
714  52
714  97
714  98
715  49
715  57
715  96
716  22
716  26
716  40
716  45
717  20
717  28
717  78
717  99
718  4
718  60
718  75
719  46
719  54
719  80
720  48
721  8
721  27
721  34
722  32
722  52
723  49
725  11
725  40
725  45
725  74
725  78
725  81
726  30
726  36
727  1
727  20
727  51
727  64
727  98
728  15
728  34
728  53
728  58
728  82
729  31
729  49
730  4
730  46
731  32
731  52
732  21
732  26
732  45
732  96
733  71
733  83
734  1
734  27
734  47
734  78
735  34
735  40
735  63
735  68
736  39
736  43
736  49
736  53
736  97
737  8
738  20
738  31
738  59
738  69
738  89
738  90
738  99
739  45
739  81
740  32
740  48
740  80
740  98
741  1
741  5
741  52
742  34
742  46
743  49
743  78
744  4
744  30
744  36
744  53
746  40
746  45
746  51
747  54
747  57
747  82
747  83
748  1
748  27
748  28
748  31
749  22
750  16
750  20
750  26
750  32
750  34
750  49
750  96
751  52
751  68
752  53
753  78
753  81
753  98
754  8
754  45
756  1
756  46
757  15
757  97
758  33
758  34
758  40
758  49
758  64
759  31
759  69
759  99
760  4
761  25
761  32
761  53
761  71
761  80
762  45
762  52
762  63
762  83
763  20
763  27
763  30
763  78
764  1
764  36
764  47
764  48
765  43
766  14
766  34
766  49
766  82
766  98
767  81
768  65
768  96
769  51
770  45
770  53
771  26
771  31
771  39
771  40
771  68
772  46
773  1
773  8
773  32
774  34
774  52
774  78
775  49
777  20
777  83
778  59
778  75
778  97
779  45
779  98
780  4
780  27
780  53
780  57
780  99
781  28
781  30
781  81
782  1
782  80
783  22
783  34
784  31
784  49
785  82
786  32
786  36
786  40
786  78
786  96
787  15
787  52
787  54
788  45
788  64
789  71
790  48
790  89
791  1
791  53
791  69
792  34
792  46
792  83
792  98
793  26
794  8
794  20
794  49
794  51
795  81
796  11
796  43
796  47
797  45
798  27
798  78
799  31
799  97
800  68
801  1
801  30
801  32
801  52
801  99
802  34
802  80
803  40
803  53
804  90
804  96
805  33
805  49
805  82
805  98
806  4
807  45
808  39
808  83
809  81
811  78
812  1
812  34
813  36
814  63
815  20
816  28
816  57
817  26
817  31
817  49
817  53
818  10
818  32
818  45
818  46
818  52
818  98
819  8
819  22
819  27
819  71
819  97
820  15
821  59
822  48
822  64
822  96
822  99
823  30
823  34
823  80
823  81
824  1
824  83
825  40
825  78
825  82
826  51
829  45
830  49
831  25
831  98
832  43
832  47
833  53
