15  9
15  70
17  13
17  95
18  21
18  58
18  84
19  42
19  85
19  94
20  66
21  65
22  86
23  37
24  32
24  47
26  14
27  62
27  93
29  25
29  54
29  81
29  98
31  18
31  61
32  6
32  73
32  89
32  90
33  9
33  70
33  95
35  17
36  84
38  30
38  49
39  10
39  13
39  69
39  85
40  94
42  21
42  58
44  42
45  86
47  0
48  79
49  66
49  95
50  34
51  45
51  65
54  84
58  9
58  70
61  93
62  85
63  81
63  98
64  94
67  18
67  28
67  37
67  61
68  51
68  95
69  32
70  47
72  72
73  6
73  73
73  84
74  89
74  90
81  40
84  39
84  86
87  21
87  58
87  95
88  85
90  94
92  84
93  14
100  13
102  9
102  70
104  93
106  95
107  81
107  98
109  84
116  66
116  85
116  94
124  37
124  84
124  93
126  95
129  14
131  17
132  61
134  86
135  7
135  18
135  89
135  90
140  84
140  94
142  25
142  54
143  85
143  93
148  66
149  37
152  95
157  88
159  84
162  93
164  94
164  98
165  14
165  81
169  73
170  6
171  85
174  17
178  84
179  80
179  99
180  66
180  90
181  93
183  47
183  98
184  37
186  95
188  58
188  94
191  86
193  69
197  84
198  85
199  90
200  93
201  98
202  0
203  47
203  66
208  89
214  94
216  84
217  58
218  90
219  95
219  98
220  93
225  51
226  81
228  47
228  85
231  69
237  90
237  98
244  9
244  70
248  39
249  86
251  94
251  95
255  98
256  90
258  0
259  47
259  84
260  58
262  21
265  85
272  98
275  90
281  89
283  95
288  94
289  81
289  98
293  90
294  84
297  47
301  69
301  85
306  98
308  86
311  90
315  95
316  42
316  62
318  58
318  66
320  84
320  93
321  94
322  98
328  90
330  32
330  85
332  37
333  14
333  66
333  93
334  84
338  47
338  98
341  17
342  94
345  90
346  93
347  95
348  51
348  84
350  37
350  66
352  14
353  81
354  98
355  88
356  85
356  89
358  0
358  13
359  93
362  84
362  90
363  94
365  86
366  7
368  66
369  98
370  17
370  37
372  93
375  14
376  58
376  84
378  90
379  95
381  47
382  69
382  85
384  94
384  98
385  93
389  39
389  66
390  84
394  37
394  90
398  30
398  93
399  98
400  9
400  49
400  65
400  70
404  14
404  84
405  94
408  85
409  88
410  90
411  93
411  95
412  66
413  17
414  98
417  81
418  84
420  47
422  37
422  86
424  93
425  90
426  94
428  98
430  89
431  58
432  84
434  85
435  10
437  66
437  93
439  14
440  90
442  98
443  95
446  84
447  94
449  93
450  0
454  37
455  69
455  90
456  98
458  47
459  84
459  85
461  93
462  21
463  66
468  94
469  17
469  84
469  95
469  98
470  51
470  88
470  90
473  93
476  18
477  6
477  61
477  73
478  14
478  84
479  81
480  86
482  95
482  98
484  85
484  90
485  58
485  93
487  37
488  94
489  66
492  7
492  84
495  98
496  47
497  93
498  90
499  85
501  9
501  70
502  25
502  58
502  89
505  84
505  95
507  85
508  94
508  98
509  30
509  34
509  93
511  9
511  70
511  99
512  58
512  90
514  25
515  85
516  66
517  88
518  14
518  84
520  95
521  9
521  37
521  93
521  98
522  70
523  58
524  39
524  69
524  85
526  30
526  90
527  25
528  17
528  84
528  94
529  34
529  54
530  47
531  0
531  95
533  93
533  98
535  86
536  84
537  99
538  85
539  18
539  61
539  90
540  6
540  73
540  81
542  9
543  66
543  95
544  84
544  93
545  98
547  94
551  95
552  42
552  84
552  86
553  13
553  18
553  61
553  90
554  37
554  65
555  6
555  73
555  93
556  62
557  14
558  85
558  98
559  95
560  84
561  42
561  86
562  88
562  94
564  65
565  13
566  93
567  95
568  72
568  84
569  18
569  91
570  61
570  62
571  42
571  86
573  6
573  73
573  89
574  79
574  85
575  65
575  95
576  13
576  84
577  81
577  93
578  32
578  94
581  42
581  86
582  17
582  21
583  95
584  13
584  84
584  89
585  62
586  10
587  28
587  32
587  65
587  81
588  93
589  18
589  37
590  40
590  61
590  79
590  85
591  86
591  95
592  42
592  84
593  13
594  94
595  6
595  21
595  73
595  89
597  32
597  81
598  14
599  93
599  95
600  84
600  91
601  10
601  65
601  72
601  86
602  13
603  62
604  42
606  85
606  89
607  28
607  32
607  81
607  95
608  84
609  94
610  21
610  79
610  82
610  93
611  86
612  13
614  40
614  61
614  88
615  18
615  95
616  84
617  65
617  81
617  89
617  97
618  32
618  42
619  10
621  86
621  93
622  6
622  85
623  13
623  95
624  73
624  84
625  80
625  94
626  37
626  62
627  21
627  81
628  89
631  32
631  86
631  95
632  84
632  93
633  42
633  98
635  17
635  65
635  90
636  13
637  14
637  85
637  91
638  7
638  28
639  95
640  66
640  79
640  84
640  94
641  86
642  81
642  93
643  98
645  47
645  85
645  90
646  95
647  18
647  58
647  61
648  84
650  70
651  9
651  42
651  86
652  85
652  93
653  66
653  95
653  98
654  25
655  37
655  58
655  69
655  90
655  94
656  84
657  62
657  65
657  88
658  6
658  30
659  70
659  85
659  95
659  99
660  47
660  51
660  73
661  0
661  9
661  86
662  93
663  89
663  98
664  34
664  58
664  84
665  90
666  25
666  85
666  95
667  66
669  70
670  14
670  94
671  9
671  86
672  42
672  84
672  93
672  95
673  58
673  85
673  98
674  30
676  39
676  90
677  47
678  91
678  95
679  25
679  99
680  70
680  84
680  85
681  69
681  86
682  9
682  93
683  37
683  58
683  66
683  98
684  65
684  95
685  94
686  17
686  18
687  34
687  85
687  88
687  90
688  61
688  84
689  72
690  95
691  86
692  70
692  93
693  58
693  98
694  9
694  25
694  30
694  45
694  85
695  42
696  84
696  95
697  0
697  47
698  51
698  62
698  81
698  90
699  89
700  13
700  66
700  94
700  99
701  85
701  86
702  6
702  93
702  95
703  98
704  14
704  58
704  73
704  84
705  32
705  70
707  9
707  81
708  85
708  95
709  89
709  90
710  21
711  13
711  86
712  10
712  25
712  65
712  84
712  93
713  37
713  98
714  95
715  58
715  85
715  94
716  81
717  32
717  69
717  88
718  66
719  30
719  34
719  42
719  47
719  70
719  84
719  89
719  91
720  90
720  95
721  9
721  86
722  85
722  93
723  13
723  98
723  99
725  40
725  79
725  81
726  84
726  95
727  21
727  58
729  85
729  89
730  61
730  94
731  18
731  32
731  86
731  90
732  10
732  25
732  93
732  95
733  84
733  98
734  70
734  81
735  9
735  13
735  17
735  28
736  85
737  66
738  14
738  21
738  94
738  95
739  84
739  89
740  58
740  70
740  86
741  9
741  54
741  90
742  65
742  93
743  37
743  47
743  49
743  81
743  85
743  98
744  62
744  94
744  95
745  21
745  32
745  42
745  84
746  70
746  99
747  6
747  88
748  9
748  13
749  0
749  85
749  86
749  89
750  30
750  39
750  45
750  54
750  73
750  80
750  94
750  95
751  84
751  93
752  81
752  90
753  21
753  70
753  91
753  98
754  58
755  9
755  49
755  85
756  25
756  94
756  95
757  10
757  66
757  84
758  79
758  86
759  89
760  54
760  70
760  93
761  21
761  32
761  81
761  85
762  9
762  13
762  90
762  94
762  95
762  98
763  69
763  84
766  40
767  45
767  70
767  85
767  86
768  34
768  49
768  58
768  94
768  95
769  9
769  21
769  47
769  80
769  84
769  89
769  93
769  99
770  7
770  81
771  42
771  54
772  14
772  90
772  98
773  37
773  85
774  18
774  61
774  65
774  70
774  94
774  95
775  51
775  84
776  86
777  9
777  13
777  66
777  82
777  88
778  21
778  32
778  93
779  81
779  85
779  89
780  94
780  95
781  84
781  91
782  70
782  90
782  98
783  17
783  49
783  54
783  58
785  9
785  25
785  28
785  85
785  86
786  94
786  95
786  97
787  21
787  84
787  93
788  45
788  80
788  81
789  10
789  62
789  89
790  70
791  85
792  90
792  94
792  95
792  98
792  99
793  6
793  9
793  13
793  73
793  84
794  30
794  86
796  21
796  47
796  54
796  93
797  32
797  81
797  85
798  42
798  66
798  70
798  94
798  95
799  58
799  84
799  89
800  49
802  9
802  37
802  90
802  98
803  85
803  86
804  94
804  95
805  14
805  84
805  93
806  21
806  65
806  79
806  81
807  70
807  88
808  80
809  0
809  85
809  89
809  91
810  94
810  95
811  9
811  13
811  54
811  84
812  86
812  98
813  90
814  93
815  69
815  81
815  85
816  45
816  58
816  70
816  94
816  95
816  99
817  21
817  84
818  18
819  25
819  61
819  89
820  32
821  9
821  72
821  85
821  86
822  49
822  66
822  94
822  95
822  98
823  84
823  93
824  81
824  90
826  70
827  47
827  85
828  94
828  95
829  21
829  54
829  84
829  89
830  42
830  80
830  86
831  9
832  13
832  93
832  98
833  85
