9  51
10  28
10  49
11  30
11  38
11  41
12  16
12  25
12  64
12  68
13  11
13  15
13  54
13  63
13  70
13  98
14  9
14  10
14  19
14  60
14  69
14  73
14  81
15  6
16  35
16  44
17  59
18  20
19  51
20  17
20  31
20  48
20  62
20  82
21  28
22  49
22  86
22  93
22  97
23  30
23  38
23  67
24  12
24  41
25  16
25  68
26  25
26  64
26  87
26  92
26  98
27  11
27  70
28  54
28  63
28  81
29  15
30  9
30  39
30  40
30  51
30  73
31  10
31  19
31  60
31  69
33  6
33  28
34  83
35  96
36  35
36  44
36  49
36  59
37  30
38  38
39  41
39  98
40  16
41  20
42  25
42  68
43  81
43  82
44  51
44  70
45  11
46  63
46  64
46  86
46  93
46  97
47  28
47  54
49  15
51  9
51  31
51  48
52  17
52  62
53  10
53  19
53  49
53  60
53  69
53  98
54  30
56  67
56  73
57  16
57  87
57  92
58  38
58  41
59  6
59  81
61  25
61  51
62  59
64  28
64  70
65  35
65  44
67  50
67  68
67  98
70  63
71  11
71  82
73  54
73  64
74  86
74  93
74  97
75  12
75  30
75  49
76  15
76  16
76  81
77  76
79  3
81  98
82  51
84  83
85  9
85  20
85  25
85  28
85  38
85  41
85  96
86  10
86  69
88  19
88  29
88  60
88  70
94  81
95  98
96  87
97  92
100  16
101  59
102  49
103  30
103  51
104  82
105  28
105  35
105  44
106  97
107  93
108  73
108  86
109  54
110  6
110  25
110  98
111  68
113  81
114  31
114  48
114  63
115  11
121  70
125  98
128  51
129  28
132  30
132  49
132  81
133  44
133  64
134  35
136  15
137  67
138  38
138  41
140  82
143  16
143  97
144  87
146  92
146  93
146  98
148  86
152  81
154  54
158  51
159  28
159  31
160  83
161  48
162  96
167  98
168  81
169  9
170  44
171  35
173  63
175  30
175  49
178  54
180  10
180  69
180  82
181  20
181  81
182  97
183  62
184  17
187  9
188  93
188  98
189  86
190  63
194  12
194  81
196  40
197  87
198  19
198  60
199  51
200  28
200  92
201  54
202  39
207  20
207  81
208  9
209  98
210  63
211  25
220  81
221  82
222  97
228  93
229  86
230  11
230  68
230  98
233  63
233  81
234  9
234  38
235  41
236  6
236  15
241  97
243  30
245  11
245  20
246  81
247  12
247  28
249  98
250  83
251  15
252  96
253  6
253  41
254  87
256  38
256  92
259  81
260  97
261  11
261  63
261  82
262  30
264  54
266  28
266  73
267  9
268  15
268  98
270  93
272  81
272  86
273  6
273  64
275  41
279  11
279  97
284  30
284  38
285  81
287  28
287  98
288  15
296  63
298  6
298  81
298  97
301  11
301  41
302  82
306  98
307  87
310  30
310  92
311  15
312  20
312  28
313  81
313  93
316  86
316  97
321  38
323  10
324  19
325  11
325  98
329  6
329  69
331  81
334  83
334  97
335  41
335  93
337  15
339  28
340  30
340  87
341  96
343  9
343  81
343  82
344  98
345  60
345  62
352  11
352  97
354  54
355  63
355  81
357  49
359  86
363  98
364  68
366  15
367  6
367  28
367  38
367  81
367  92
368  9
370  97
371  30
372  12
372  41
375  20
377  63
378  81
381  11
381  54
382  98
384  51
385  82
385  93
387  97
389  81
394  9
395  28
397  15
397  16
397  70
400  63
400  81
401  98
402  86
403  30
404  59
404  97
405  64
406  6
406  87
411  11
411  41
411  81
412  38
412  54
414  20
420  98
421  97
422  9
422  81
422  92
424  28
425  63
426  12
426  82
426  83
427  73
428  96
429  93
430  15
431  25
433  81
435  30
438  97
439  98
442  11
442  17
444  81
445  28
445  49
445  54
445  86
446  6
447  51
448  35
448  44
450  30
452  31
452  41
452  48
452  63
453  9
455  81
455  97
456  29
457  25
457  28
458  20
458  98
459  38
461  15
461  35
461  44
461  51
462  49
462  54
462  87
464  19
465  30
466  81
467  82
469  48
470  10
470  11
470  28
470  31
471  97
472  93
473  69
475  35
475  44
476  98
477  51
477  81
477  92
479  63
480  54
480  68
481  30
483  25
483  49
484  6
484  9
484  28
487  97
488  41
488  81
488  86
490  60
491  15
491  35
491  44
491  48
492  31
494  98
496  51
498  28
498  30
498  81
500  11
501  38
501  54
502  12
502  97
505  20
507  63
507  82
508  49
508  81
509  52
510  35
510  44
510  83
511  96
512  98
513  28
515  9
515  87
516  16
516  93
517  30
518  51
518  81
518  97
520  48
521  6
521  15
521  25
521  31
524  41
524  54
528  81
529  10
529  11
529  19
529  28
529  64
529  98
530  92
531  70
531  86
532  44
532  93
533  35
533  97
534  62
534  87
535  63
536  30
537  40
538  81
539  10
539  19
539  83
540  49
544  98
545  38
545  51
545  93
546  28
547  9
547  82
548  54
548  81
548  97
550  10
550  19
550  62
550  87
551  15
552  20
556  30
557  6
557  11
558  44
558  81
559  35
559  48
560  98
561  31
562  41
562  63
563  28
563  97
565  76
566  83
568  67
568  81
570  25
571  86
572  93
572  98
573  16
573  51
573  54
574  59
575  49
575  70
576  30
577  9
578  12
578  81
578  97
580  15
580  25
580  28
580  98
581  16
585  44
585  67
585  70
585  92
586  11
586  59
587  35
587  73
588  38
588  81
588  82
589  63
589  98
590  16
591  25
593  6
593  97
595  70
596  20
597  68
598  30
598  54
598  81
598  98
599  51
599  59
599  96
600  16
601  41
601  49
602  64
603  25
604  73
605  50
605  67
605  68
605  82
606  48
606  70
607  31
607  51
607  81
607  98
609  9
610  16
610  49
610  64
613  39
613  86
614  59
614  68
614  73
615  44
615  51
616  25
616  38
616  63
616  81
616  98
617  35
617  82
618  70
619  49
619  64
621  16
623  51
623  68
623  69
625  54
625  73
625  81
625  98
627  60
628  93
629  49
629  64
629  82
629  87
630  25
631  59
631  67
631  70
632  38
632  51
633  16
633  68
633  98
634  81
636  41
638  73
638  92
639  97
640  9
640  49
640  64
641  20
641  28
641  98
642  82
643  63
643  81
644  51
645  38
645  70
646  16
646  25
647  12
647  30
649  35
649  44
649  98
651  11
651  15
651  54
651  97
652  59
652  81
653  28
653  86
654  31
654  93
655  10
655  19
655  48
656  87
657  6
657  98
658  27
658  41
658  83
661  16
661  30
661  62
661  81
663  70
664  10
664  97
665  19
665  28
665  40
666  93
668  9
668  11
668  15
668  25
668  63
669  87
669  98
670  81
674  10
675  83
676  19
676  30
676  62
677  54
677  97
678  28
678  93
679  6
679  81
682  20
683  87
684  44
685  10
686  98
687  11
687  15
687  35
688  19
688  40
688  81
688  96
690  93
690  97
691  28
693  30
693  83
693  92
694  17
694  62
694  63
695  86
697  9
697  10
697  41
697  81
698  87
701  19
702  93
702  98
703  54
703  97
705  6
705  28
706  81
707  11
708  15
710  10
710  30
711  48
712  83
712  87
714  93
715  19
715  81
715  82
716  12
716  62
716  97
718  98
719  28
719  31
719  63
722  44
723  40
724  10
724  20
724  81
725  35
726  9
726  76
726  93
726  98
727  87
728  30
729  11
729  15
729  54
729  97
730  19
731  83
732  41
733  6
733  81
733  98
734  28
736  16
736  86
737  25
737  29
737  38
738  70
739  93
740  10
740  51
740  98
741  49
741  81
741  82
741  97
742  41
742  87
743  59
743  63
743  68
744  64
745  62
746  30
746  38
746  73
747  19
747  51
747  69
747  92
747  98
748  16
748  28
748  60
748  81
749  49
750  11
750  25
750  67
750  83
751  70
751  93
752  15
752  68
752  82
752  86
753  9
753  41
753  44
753  54
753  64
753  96
753  97
754  17
754  98
755  38
755  51
755  69
755  81
756  35
756  60
757  49
757  73
757  87
758  10
759  39
759  92
760  16
760  48
760  59
761  6
761  68
761  98
762  31
762  81
763  20
763  28
763  51
763  64
763  69
763  82
763  86
763  93
764  25
764  30
764  41
764  60
765  38
765  70
765  97
766  17
766  49
767  19
767  63
768  3
768  98
769  73
769  81
769  96
771  51
771  68
771  69
771  83
772  11
772  92
773  16
773  60
773  64
774  82
774  86
775  49
776  67
776  81
776  98
777  38
777  54
778  39
780  12
780  17
780  25
780  51
780  69
780  87
781  41
781  59
781  68
781  70
782  60
782  73
784  64
784  97
785  44
785  82
785  86
785  92
785  98
786  49
786  96
787  35
788  16
789  69
791  81
792  60
792  68
794  51
794  98
796  17
796  82
797  64
797  73
797  86
798  50
799  69
799  92
803  60
803  96
804  39
805  68
808  82
809  81
809  86
810  69
811  64
812  98
813  92
815  60
815  73
816  17
819  49
819  68
820  51
820  82
820  98
821  81
821  86
821  96
822  3
822  69
826  64
826  70
827  16
827  92
827  98
828  38
828  60
828  81
830  25
830  49
830  51
831  93
831  97
832  41
832  82
833  86
