15  9
15  70
18  21
18  58
18  84
18  95
19  85
19  94
20  13
20  66
23  37
23  42
24  32
24  47
26  14
26  65
27  86
27  93
29  25
29  54
29  81
29  98
32  18
32  61
32  89
32  90
33  6
33  9
33  70
33  73
35  17
35  62
38  10
38  30
38  49
38  84
38  95
39  69
40  85
40  94
41  21
42  58
46  13
46  79
47  0
49  66
51  34
51  45
55  86
57  42
58  9
58  32
58  70
58  95
59  81
60  84
60  93
62  28
63  85
63  94
64  98
65  89
66  65
67  37
68  51
69  47
70  40
74  90
75  21
77  13
78  95
82  39
82  86
84  84
86  58
87  85
88  94
93  14
97  81
99  95
101  72
102  42
102  93
104  9
104  62
104  70
107  86
110  84
111  98
112  85
115  94
119  95
121  89
125  65
131  84
132  86
133  25
135  90
135  95
137  54
137  66
138  85
140  18
141  61
142  6
142  91
143  73
143  94
151  13
151  84
151  95
154  93
155  42
156  86
158  81
164  85
166  98
169  99
171  84
171  95
172  94
174  80
184  18
184  61
189  6
189  73
189  84
191  95
195  89
196  93
197  85
200  37
201  94
203  84
206  14
206  17
208  90
209  7
211  95
213  66
214  93
216  81
217  84
221  37
224  98
225  85
226  94
230  95
231  84
232  14
232  93
234  88
240  17
242  9
243  70
246  66
247  37
247  86
250  84
250  93
251  94
253  85
255  58
256  47
256  90
257  98
258  21
264  66
264  69
267  93
268  14
268  84
270  89
271  0
272  95
273  47
274  90
274  98
276  94
279  58
280  37
280  81
281  85
284  93
285  66
286  84
287  51
291  98
292  90
294  47
296  69
298  39
299  17
300  94
301  93
303  84
304  86
307  95
308  98
309  66
309  85
310  90
312  58
314  14
315  0
317  93
318  32
320  37
320  47
320  84
324  94
325  98
327  88
328  90
333  93
336  85
337  66
337  84
340  95
341  89
342  98
344  81
345  58
346  90
347  9
347  70
347  85
348  94
349  93
350  30
351  25
351  69
353  47
353  84
358  98
359  95
361  37
361  85
361  86
362  58
363  34
363  90
364  7
364  14
364  93
367  66
367  99
369  84
371  94
372  17
374  98
379  93
380  9
380  90
385  51
385  84
390  47
390  70
390  98
392  85
393  95
394  93
394  94
396  88
397  90
398  49
398  66
400  84
401  37
405  98
406  0
408  81
408  93
410  84
411  95
412  14
413  89
414  90
416  94
418  86
419  18
419  61
419  73
420  6
420  84
420  98
421  10
421  85
422  93
424  95
430  84
431  39
433  66
436  93
437  18
437  61
437  94
438  73
438  95
439  6
440  17
440  84
440  90
441  37
442  69
447  85
450  84
450  93
452  95
457  14
457  21
458  94
459  81
460  18
460  61
460  84
462  86
462  95
463  73
463  93
464  6
465  13
465  42
465  65
467  85
468  62
468  88
470  84
471  95
473  86
475  94
476  42
476  93
477  65
479  13
479  37
480  84
480  95
482  91
484  62
484  85
484  86
486  72
486  89
488  42
489  93
489  95
490  18
490  84
491  61
491  65
492  94
495  13
495  86
498  6
498  73
498  95
499  84
501  14
501  85
502  42
502  93
503  17
504  62
507  86
508  65
508  84
508  95
509  94
512  81
514  98
515  93
516  37
517  84
517  90
522  66
522  95
525  47
525  98
526  84
526  85
527  93
529  7
529  90
530  88
531  94
532  18
532  58
533  61
535  84
536  95
536  98
537  54
538  66
539  93
541  47
541  90
543  14
543  73
544  0
544  84
545  6
545  69
545  85
546  58
547  95
547  98
548  9
548  70
550  91
551  25
551  37
551  93
552  51
552  94
553  85
553  90
554  30
555  58
555  66
557  84
558  9
558  70
558  98
558  99
559  82
560  34
560  47
560  89
561  85
563  17
563  25
563  93
565  58
565  90
567  95
568  81
569  9
569  70
569  85
570  30
570  88
570  98
571  84
572  94
574  39
574  66
575  58
575  93
577  25
577  85
577  90
580  9
581  47
581  70
581  99
582  69
582  98
583  34
583  80
583  84
584  14
584  95
586  37
586  58
586  85
587  0
587  93
589  90
590  30
591  84
592  94
593  9
593  25
593  98
594  70
594  85
594  95
595  66
598  58
598  93
599  79
599  84
601  90
603  95
604  98
605  47
605  86
607  84
608  85
608  88
609  93
609  94
611  95
612  42
613  99
614  13
614  86
614  90
615  32
615  65
615  84
616  81
617  18
617  98
618  61
618  89
619  37
619  66
619  95
620  17
620  62
620  93
621  21
621  73
622  6
622  13
623  14
623  84
623  86
624  32
624  42
624  94
625  10
625  51
626  81
626  85
627  28
627  95
628  89
629  21
629  65
629  79
630  40
630  84
631  13
631  93
631  94
632  45
632  86
634  32
634  54
635  91
635  95
636  21
636  49
636  81
637  42
637  72
639  62
639  89
639  94
640  10
640  13
640  70
640  84
642  9
642  86
643  21
643  95
644  32
645  54
645  65
646  80
646  81
647  28
647  61
647  85
647  94
648  18
649  79
650  13
650  45
650  49
650  84
650  89
651  21
651  42
651  95
652  86
653  70
654  40
655  32
655  73
655  94
656  6
656  9
656  81
657  54
658  10
659  21
659  95
660  84
661  13
661  89
661  91
662  86
663  62
663  65
663  94
666  49
666  81
667  21
667  32
667  42
667  70
667  95
668  80
668  85
670  84
671  9
671  45
671  54
671  94
672  86
672  89
673  13
675  28
675  79
675  95
676  21
676  81
677  84
678  94
680  10
680  93
681  32
682  86
682  97
683  70
683  89
683  95
684  65
684  84
684  85
685  42
685  49
685  94
686  13
686  21
686  61
686  81
687  18
687  54
688  9
689  93
690  91
691  84
691  95
692  80
692  86
692  94
692  98
693  90
694  89
695  40
696  32
696  62
696  81
696  85
697  37
698  93
698  95
699  6
699  66
699  73
699  84
700  13
700  14
701  98
702  86
703  58
703  72
703  85
703  90
704  47
705  95
706  42
707  17
707  84
707  88
707  93
708  70
709  65
709  89
710  25
710  85
710  94
710  98
712  9
712  58
712  69
712  95
713  66
713  90
714  30
714  86
714  99
715  37
715  84
716  81
716  93
717  0
718  85
719  47
720  34
720  98
721  58
722  14
723  7
723  90
723  95
724  25
726  84
726  85
726  93
729  70
730  9
730  39
730  66
730  98
731  58
732  30
734  85
734  90
735  99
736  88
740  25
743  85
744  51
744  69
745  95
746  94
753  34
831  94
