16  34
17  45
19  49
19  78
21  1
23  52
24  30
25  32
28  27
28  40
29  8
29  26
29  53
29  71
30  20
32  15
32  36
32  43
32  64
33  46
33  47
34  28
34  51
35  31
35  34
35  48
36  22
36  57
38  39
38  45
39  4
40  59
43  49
44  78
47  33
53  1
53  52
57  34
58  32
62  75
62  81
62  98
67  30
68  25
68  45
68  54
70  40
74  14
76  49
76  65
78  20
80  8
85  36
88  34
88  78
89  51
100  46
102  82
102  98
109  8
110  27
112  83
115  96
117  68
118  36
121  11
127  51
130  5
131  53
132  26
138  98
145  8
149  71
151  15
152  64
156  22
156  57
156  82
161  54
167  36
167  80
167  99
172  15
173  64
179  98
180  22
180  48
180  57
181  19
186  58
187  21
191  14
191  65
196  43
198  15
198  28
199  64
199  81
202  71
204  1
206  99
207  80
210  97
214  22
214  43
214  57
218  28
221  71
222  81
223  25
225  74
234  31
236  43
239  64
241  15
243  28
244  71
245  97
246  81
251  60
254  45
257  80
261  99
264  43
270  47
270  81
272  30
273  71
275  28
276  45
277  39
279  27
279  59
281  33
283  25
283  97
286  30
286  34
286  47
287  1
287  75
292  45
292  90
294  81
295  39
297  27
298  43
298  59
302  30
304  33
304  47
306  71
310  45
314  34
315  1
317  28
317  39
317  75
318  81
319  27
320  30
321  97
322  59
326  47
331  45
335  33
340  43
341  30
341  81
345  39
345  71
347  27
355  34
355  47
356  1
356  45
356  59
357  97
364  81
365  28
370  30
372  75
374  22
374  57
375  15
375  64
379  80
379  99
382  43
382  71
385  14
385  65
386  25
386  81
391  97
393  15
393  22
393  57
393  64
399  74
404  78
404  80
404  99
406  98
408  81
410  8
411  51
412  36
414  15
415  28
415  31
415  58
415  64
416  21
416  22
416  57
417  82
421  14
421  65
422  8
422  98
423  54
424  51
426  36
427  97
430  80
430  99
435  8
438  96
438  98
439  51
439  82
440  15
440  64
441  36
444  5
444  22
444  57
450  8
451  52
451  54
453  48
454  89
454  98
457  51
458  36
458  80
458  99
463  82
464  83
467  8
470  15
471  98
472  64
479  22
479  36
479  51
480  57
486  8
486  80
486  99
488  82
488  98
490  49
491  14
491  19
491  65
497  54
497  81
502  71
504  36
504  43
505  15
505  51
505  98
506  64
507  97
509  8
510  28
513  81
514  80
514  82
514  99
518  22
519  71
520  57
521  25
521  26
522  98
523  43
526  53
529  81
530  97
533  28
535  36
536  8
538  71
539  51
540  98
541  15
541  64
541  80
541  82
541  90
541  99
544  43
544  45
545  81
545  89
546  30
547  27
547  47
549  39
550  33
551  1
551  34
551  59
554  97
555  45
557  60
557  75
558  30
559  28
559  71
560  22
560  47
561  27
561  57
561  81
564  25
564  39
567  33
567  34
567  45
567  58
567  59
568  30
568  43
568  78
568  80
568  99
569  21
570  1
570  26
574  48
574  65
575  14
575  47
576  96
577  27
577  34
577  78
577  81
578  11
578  30
578  97
579  26
580  10
580  45
581  15
581  39
581  52
581  75
582  64
582  71
584  16
586  59
586  74
586  78
587  33
587  48
588  34
589  26
589  30
590  28
592  32
592  47
593  1
593  81
593  96
595  45
596  27
596  43
596  78
599  11
600  26
600  34
601  30
601  39
601  48
603  97
604  31
604  52
607  10
607  78
609  59
609  81
610  71
610  96
612  26
612  45
612  47
614  30
614  34
615  33
615  75
618  16
618  27
618  48
618  78
619  90
624  1
625  26
625  81
626  39
628  30
628  96
628  97
629  34
630  11
630  28
631  43
631  45
631  78
635  47
636  25
638  48
639  26
639  52
640  59
641  81
642  30
642  71
645  27
645  78
646  34
646  96
651  45
652  97
653  33
655  26
655  39
657  81
658  30
660  78
661  47
662  10
662  48
663  40
664  34
664  43
665  96
665  99
666  28
666  80
667  1
667  75
669  22
670  15
670  57
670  64
670  71
672  81
673  26
673  45
674  98
675  27
675  30
675  97
676  78
677  34
677  59
678  8
680  20
680  36
680  49
680  52
680  82
681  51
682  32
683  4
683  40
683  45
683  46
683  99
684  48
684  80
686  49
686  98
687  1
687  34
687  65
687  81
688  14
688  15
688  22
688  53
688  54
688  64
689  57
689  96
690  8
690  20
690  31
690  39
690  45
691  32
692  52
693  36
693  40
693  47
693  49
693  83
694  43
694  46
694  63
695  68
696  1
696  4
696  27
696  51
696  53
697  69
697  82
698  71
698  97
698  98
699  28
700  5
700  31
700  32
700  49
701  20
702  81
702  90
702  99
703  8
703  80
704  40
704  53
706  25
706  46
706  52
707  34
707  49
707  83
707  89
708  1
708  15
708  36
709  64
710  22
710  32
710  57
710  98
711  4
711  54
713  20
713  31
713  51
713  53
713  68
715  49
715  82
716  40
718  8
719  69
720  46
721  1
721  32
722  52
722  53
722  83
722  99
723  49
723  80
723  98
724  63
725  21
725  36
726  20
728  4
728  14
728  31
728  58
730  40
730  65
731  49
732  53
733  15
733  32
733  51
734  82
735  8
735  19
735  64
736  1
736  46
736  68
736  98
737  83
738  22
738  57
739  34
740  45
740  49
740  52
742  20
743  53
743  80
743  99
745  31
745  36
746  40
747  32
747  54
749  98
750  4
750  49
752  1
753  82
753  83
754  8
755  46
755  53
755  69
756  51
757  5
759  89
760  20
760  49
761  15
761  52
762  32
762  98
763  64
763  80
764  99
765  31
765  40
767  36
768  53
769  34
769  57
769  68
770  1
770  22
770  83
771  45
771  49
772  82
774  81
775  8
775  98
778  4
778  45
779  1
779  32
779  34
779  46
780  97
781  20
781  31
782  49
782  51
782  53
783  52
783  71
783  80
784  27
784  43
784  99
785  45
785  78
786  28
786  34
786  81
787  40
787  83
788  1
788  30
788  98
789  15
790  64
791  36
791  82
792  45
792  78
793  26
793  34
793  96
794  47
794  49
795  14
795  27
795  33
795  39
795  48
795  52
796  59
797  1
797  8
797  53
797  65
797  97
798  30
798  32
798  71
798  81
799  22
799  31
799  45
799  57
799  63
799  78
800  34
800  54
801  43
801  75
801  98
803  80
803  83
804  25
804  26
804  28
804  99
805  20
807  1
807  11
807  27
807  34
807  45
807  49
807  78
807  96
808  51
808  52
809  30
809  46
809  48
809  74
810  47
810  81
810  82
811  90
812  40
814  33
814  39
814  59
814  98
815  34
815  45
815  78
815  97
816  16
816  53
816  71
817  26
817  36
818  15
819  64
820  60
821  4
821  30
821  43
822  81
822  89
822  96
824  80
824  99
825  27
827  10
827  48
828  75
828  83
