242  98
245  75
254  93
256  36
266  3
266  29
271  0
282  22
287  85
293  93
304  89
315  36
318  89
325  24
327  38
328  93
332  89
333  85
337  72
338  49
342  29
343  3
346  89
354  0
358  93
359  70
360  89
362  12
363  24
371  38
371  85
373  89
376  36
386  22
386  89
386  93
399  89
404  85
411  72
411  89
411  93
417  3
417  29
418  49
421  71
423  89
425  24
432  36
433  0
433  85
434  93
435  89
442  38
446  89
449  10
452  97
454  75
454  98
456  93
457  89
460  85
461  10
462  84
466  97
468  89
468  98
470  75
471  37
474  10
476  1
477  22
477  93
479  89
480  97
481  15
482  98
483  3
483  29
483  36
484  84
484  85
488  75
489  10
492  89
496  93
497  98
498  97
505  85
506  0
507  84
510  25
510  54
510  75
512  35
512  44
512  98
515  88
515  91
515  93
516  37
521  85
521  97
523  25
523  54
527  35
527  44
527  98
531  84
532  36
532  88
532  91
533  19
533  60
533  93
537  85
538  25
538  54
538  75
542  98
544  3
544  97
545  29
545  35
545  44
549  88
549  89
549  91
550  93
552  1
553  85
555  25
555  54
555  84
557  69
557  98
559  22
561  81
562  4
563  10
566  82
566  97
567  69
567  88
567  91
567  93
568  0
568  35
568  44
568  85
568  95
569  12
571  75
571  98
572  81
573  42
574  89
575  4
575  25
575  54
577  10
577  69
578  36
579  78
579  84
580  64
581  82
583  81
583  85
583  93
585  15
585  88
585  91
585  95
585  98
587  97
588  69
589  4
593  10
595  81
596  89
597  82
598  44
598  85
599  25
599  35
599  54
599  93
599  98
600  69
601  42
603  3
603  29
603  84
603  88
603  91
603  95
605  4
606  60
607  75
607  81
607  97
611  10
612  85
613  69
613  82
613  98
614  19
614  93
616  89
619  81
619  94
620  43
621  4
621  78
621  86
621  88
621  91
622  50
622  76
622  95
623  79
624  36
624  37
625  57
625  90
626  0
626  84
626  85
627  97
627  98
628  25
628  54
628  69
629  64
629  82
629  93
630  10
630  94
631  43
631  81
632  22
632  86
635  50
635  76
635  89
636  79
637  44
637  90
638  4
638  67
639  35
639  88
639  91
640  85
640  98
641  57
641  94
641  95
643  43
643  81
643  86
643  93
644  69
645  75
646  82
646  97
648  84
649  50
650  76
650  90
651  10
652  79
652  94
653  3
653  89
653  98
654  85
655  81
655  86
656  29
656  42
657  43
657  88
657  91
657  93
658  4
661  57
661  95
662  25
662  54
662  69
663  82
663  90
663  94
664  36
664  97
666  50
666  98
667  76
667  81
667  85
667  86
668  89
669  84
670  10
671  79
671  93
672  43
674  94
675  88
675  89
675  91
676  90
676  97
679  10
679  81
679  86
679  98
680  82
680  85
681  4
681  69
681  75
681  95
682  89
683  24
684  0
684  67
685  38
685  93
686  44
688  10
688  72
688  97
689  35
689  49
689  89
690  84
691  81
691  98
692  88
692  91
693  85
695  70
696  82
696  89
697  54
698  10
698  24
698  25
699  93
700  95
700  97
701  22
701  38
701  69
702  3
703  81
703  89
703  98
704  36
705  85
708  29
709  10
709  72
709  88
709  91
710  84
710  89
711  49
712  75
712  82
712  93
712  97
714  1
715  24
715  81
715  98
717  85
717  89
719  95
720  10
721  38
723  97
724  69
724  89
725  71
725  93
726  88
726  91
727  81
727  98
728  70
728  82
729  85
730  84
731  44
731  89
732  10
732  54
734  4
734  94
734  97
735  25
735  86
736  24
737  0
737  35
737  72
737  90
738  81
738  89
738  93
738  95
739  98
741  85
742  37
742  43
742  49
742  91
743  12
743  36
743  88
744  10
744  78
744  82
744  94
745  76
745  86
745  89
745  97
746  38
746  50
746  75
747  69
748  79
748  90
749  57
749  81
749  84
750  93
751  98
752  89
753  15
753  85
754  3
754  94
755  29
755  90
756  4
756  10
756  86
756  97
757  43
757  82
757  95
758  69
758  89
758  91
759  88
760  81
761  90
762  55
762  93
762  98
763  22
763  24
763  41
764  50
764  76
764  89
764  94
765  85
766  7
766  30
767  69
767  82
767  84
767  86
767  90
767  97
768  42
769  10
769  54
770  64
770  79
770  89
771  9
771  25
771  81
772  55
773  57
773  90
773  98
774  41
774  43
774  88
774  91
774  93
774  94
775  95
776  60
776  69
776  85
776  89
777  82
778  86
778  97
779  38
779  90
780  4
780  7
780  36
780  44
780  72
780  75
781  8
781  30
782  10
782  19
782  81
782  89
783  35
784  55
784  94
784  98
785  69
785  84
785  90
786  41
786  50
786  76
786  93
787  82
787  85
788  0
788  89
789  86
789  88
789  91
789  97
791  90
792  9
793  49
793  81
793  95
794  24
794  89
794  94
795  10
795  43
795  69
795  98
796  70
796  79
797  3
797  7
797  55
797  82
797  90
798  30
798  85
798  93
800  41
800  86
800  89
800  97
801  29
803  84
803  90
804  25
804  54
804  57
804  81
804  88
804  91
804  94
805  4
805  69
806  89
806  98
807  82
809  10
809  85
809  90
810  93
810  95
811  55
811  75
811  86
811  97
812  89
813  67
814  50
814  76
814  94
815  81
815  90
816  36
816  41
816  69
817  82
817  98
818  7
818  89
819  38
819  43
819  88
819  91
820  30
820  84
820  85
821  22
821  90
821  97
822  9
822  86
822  93
823  10
824  89
824  94
825  8
825  44
826  35
826  81
827  69
827  82
827  90
827  95
828  55
828  98
830  79
830  89
831  85
831  97
832  24
833  4
833  86
833  90
833  91
