18  34
18  45
21  1
21  78
24  30
24  49
28  27
28  52
29  8
29  71
30  26
30  53
32  15
32  36
32  43
32  64
33  32
33  47
34  28
34  51
35  31
35  48
36  22
36  57
37  40
38  39
39  20
40  59
41  34
41  45
45  46
47  33
50  78
53  1
56  4
57  49
59  98
62  75
62  81
64  54
67  30
69  25
70  34
72  8
72  52
75  14
76  45
76  65
79  36
87  51
88  32
100  82
110  27
110  98
114  68
114  83
118  96
121  11
123  8
139  26
140  36
142  53
146  15
146  64
147  5
149  71
151  22
151  57
154  98
157  51
163  80
163  99
173  15
174  64
179  82
183  22
184  57
187  78
189  58
191  21
198  43
200  28
201  81
204  1
205  14
206  65
206  71
212  15
212  64
214  80
214  97
214  99
219  43
223  28
227  81
229  71
231  25
233  74
240  31
240  45
242  47
243  30
244  34
246  43
247  39
250  59
251  27
253  33
254  28
254  81
255  97
256  45
258  71
259  30
260  47
261  75
263  1
263  60
270  39
273  34
274  27
275  45
275  59
279  30
281  43
281  81
283  33
283  48
284  47
298  45
299  71
300  39
302  30
302  97
303  28
304  1
304  75
305  27
309  34
310  59
311  26
311  78
315  47
318  96
320  48
321  30
325  52
326  26
326  45
326  78
327  10
328  34
328  49
331  33
336  16
339  11
342  30
342  39
343  78
344  26
345  96
346  48
348  27
351  34
355  47
358  45
358  59
363  78
366  26
366  30
369  1
369  52
374  96
378  34
383  48
384  98
385  40
385  75
387  78
392  26
393  30
393  45
396  39
398  27
400  47
404  33
404  96
409  81
410  34
414  10
415  43
415  71
418  59
419  28
419  97
423  25
425  78
426  81
428  30
429  45
433  71
434  43
436  1
441  28
444  81
444  97
445  47
447  27
449  20
450  39
454  71
456  43
458  15
458  22
458  25
458  57
458  64
458  74
459  31
462  81
463  80
463  99
464  45
464  90
465  33
469  14
469  28
469  65
469  75
471  15
471  64
471  97
472  22
472  57
479  71
480  81
484  43
485  80
485  99
486  15
486  64
488  22
488  57
489  8
489  21
490  58
491  36
492  51
493  98
496  65
497  14
497  54
498  81
498  82
499  8
499  97
502  36
503  15
503  64
504  28
504  51
506  22
507  57
508  98
509  80
509  99
510  8
510  59
512  71
513  49
513  83
514  32
515  36
515  46
517  54
518  19
518  40
518  51
519  4
519  5
519  52
519  53
519  82
520  20
522  8
523  15
523  49
523  64
523  98
524  34
525  32
529  22
529  36
529  46
529  57
531  40
531  89
533  52
534  20
534  49
534  51
534  80
534  99
536  4
536  8
537  32
539  34
539  98
542  14
542  65
542  82
544  54
545  36
545  46
546  40
546  49
547  15
547  64
549  52
550  32
551  20
552  8
552  51
555  98
556  22
556  34
556  57
557  4
558  49
560  80
560  99
563  36
563  40
565  32
565  46
566  82
567  52
569  8
571  20
571  98
572  49
574  15
574  51
576  34
576  64
580  78
582  32
584  36
584  40
585  81
586  4
586  80
586  99
588  49
588  98
589  8
589  52
590  22
590  57
591  46
591  54
591  82
592  43
593  97
594  71
597  28
598  21
599  81
600  51
603  25
604  98
606  15
607  89
608  45
608  58
608  64
609  36
610  43
611  8
611  30
612  5
612  47
612  71
612  80
612  99
613  20
613  27
614  81
614  97
615  1
615  39
617  82
618  28
619  33
620  14
620  59
621  30
621  45
622  26
622  65
624  48
624  75
624  96
625  78
626  57
627  47
627  90
628  22
629  27
629  34
629  60
629  81
630  43
631  30
632  39
632  71
633  11
633  26
635  1
636  45
636  97
637  25
637  78
639  48
640  59
640  74
640  80
640  96
640  99
641  33
642  30
643  28
644  16
644  47
644  81
645  26
648  27
648  34
650  31
650  78
651  10
652  39
652  45
652  75
654  30
654  43
656  48
657  96
658  11
658  26
661  1
664  47
665  59
665  78
667  30
668  97
669  34
670  27
670  33
671  45
672  26
675  96
676  48
681  78
717  96
