0 0.566478 0.476179 0.00196185 0s
1 0.570776 0.478273 0.00244958 280.547s
2 0.589793 0.484607 0.00264426 280.488s
3 0.589793 0.486351 0.00195898 280.315s
4 0.589793 0.485524 0.00183777 280.845s
5 0.589793 0.488319 0.00188885 279.911s
6 0.589793 0.487802 0.00212181 280.368s
7 0.589793 0.484932 0.00248336 274.8s
8 0.589793 0.490855 0.00184288 270.606s
9 0.589793 0.487848 0.00157627 270.909s
10 0.614516 0.491562 0.00188152 270.212s
11 0.614516 0.4912 0.00193304 270.801s
12 0.614516 0.488125 0.0018284 270.261s
13 0.614516 0.489835 0.00209528 270.92s
14 0.614516 0.484582 0.00260352 269.931s
15 0.614516 0.487157 0.00274068 270.006s
16 0.614516 0.485824 0.00317475 270.671s
17 0.614516 0.487008 0.00280267 270.177s
18 0.614516 0.482605 0.00277132 271.003s
19 0.614516 0.489726 0.00274167 269.874s
20 0.614516 0.494836 0.00161269 270.731s
21 0.614516 0.487909 0.00227263 270.604s
22 0.614516 0.490612 0.00246873 270.005s
23 0.614516 0.492116 0.0024321 270.25s
24 0.614516 0.487686 0.00275888 269.944s
25 0.654052 0.483624 0.00309463 270.128s
26 0.654052 0.492797 0.00230495 270.053s
27 0.654052 0.493389 0.00292724 270.855s
28 0.654052 0.490726 0.00275232 269.865s
29 0.654052 0.492916 0.00267727 270.016s
30 0.654052 0.492331 0.00242415 270.369s
31 0.654052 0.495605 0.00229101 271.077s
32 0.654052 0.490199 0.00287219 270.218s
33 0.654052 0.489947 0.00214173 270.481s
34 0.654052 0.492374 0.00267415 269.917s
35 0.654052 0.490471 0.00292956 270.027s
36 0.654052 0.49473 0.00253804 270.947s
37 0.704871 0.497281 0.00313234 270.075s
38 0.704871 0.500044 0.00303535 270.075s
39 0.704871 0.49286 0.00363852 269.991s
40 0.704871 0.493057 0.00296178 270.219s
41 0.704871 0.492392 0.00303058 270.135s
42 0.704871 0.498205 0.0027278 270.364s
43 0.704871 0.491193 0.0036478 270.122s
44 0.704871 0.488253 0.00406239 270.285s
45 0.704871 0.491351 0.00384425 271.347s
46 0.704871 0.50021 0.00371909 269.87s
47 0.704871 0.493447 0.00374013 270.206s
48 0.704871 0.488767 0.00351877 270.065s
49 0.704871 0.495113 0.0030104 270.245s
50 0.704871 0.487841 0.00294421 270.647s
51 0.704871 0.483679 0.0038718 270.807s
52 0.704871 0.483531 0.00408026 270.242s
53 0.704871 0.490491 0.00291753 270.587s
54 0.704871 0.482604 0.0048595 270.827s
55 0.704871 0.490942 0.00432658 270.082s
56 0.704871 0.495391 0.00370207 270.131s
57 0.704871 0.48621 0.00386757 269.871s
58 0.704871 0.485363 0.00463611 271.329s
59 0.704871 0.492118 0.00389418 270.261s
60 0.704871 0.492717 0.00389758 270.74s
61 0.704871 0.488445 0.00353003 269.75s
62 0.704871 0.4955 0.00304254 271.257s
63 0.704871 0.501036 0.00312817 270.572s
64 0.704871 0.499095 0.00265556 270.394s
65 0.704871 0.505657 0.00245898 270.505s
66 0.704871 0.498681 0.00278161 270.009s
67 0.704871 0.499407 0.00298627 270.388s
68 0.704871 0.497821 0.0031389 270.309s
69 0.704871 0.498859 0.00300626 270.569s
70 0.704871 0.503078 0.00326129 270.079s
71 0.704871 0.505137 0.00291165 270.372s
72 0.704871 0.492756 0.00277361 270.583s
73 0.704871 0.502101 0.00238919 269.918s
74 0.704871 0.49764 0.00264877 270.182s
75 0.704871 0.501561 0.00263068 271.21s
76 0.704871 0.493397 0.00336534 270.564s
77 0.704871 0.493999 0.0031035 270.1s
78 0.704871 0.505402 0.00299145 271.036s
79 0.704871 0.499343 0.0035529 269.543s
80 0.704871 0.507243 0.0033811 270.526s
81 0.704871 0.496539 0.0027457 270.299s
82 0.704871 0.502386 0.00287623 269.753s
83 0.704871 0.494028 0.00306828 270.717s
84 0.704871 0.496686 0.00351017 270.392s
85 0.704871 0.497049 0.00313876 271.172s
86 0.704871 0.500243 0.00356661 271.016s
87 0.704871 0.50208 0.00375936 271.008s
88 0.704871 0.501792 0.00321084 270.348s
89 0.704871 0.498874 0.00342744 270.326s
90 0.704871 0.501844 0.00311487 270.544s
91 0.704871 0.499107 0.0036022 270.074s
92 0.704871 0.497264 0.00423791 270.703s
93 0.704871 0.495489 0.00311049 270.238s
94 0.704871 0.506917 0.00332656 270.09s
95 0.704871 0.494161 0.00359155 272.186s
96 0.704871 0.496943 0.00342611 271.684s
97 0.704871 0.495488 0.00320598 270.226s
98 0.704871 0.496158 0.00324481 270.534s
99 0.704871 0.506236 0.00347441 270.148s
100 0.704871 0.506827 0.00265812 269.867s
101 0.704871 0.5028 0.00332371 270.126s
102 0.704871 0.505094 0.0033327 271.407s
103 0.704871 0.507634 0.00305504 270.805s
104 0.704871 0.50179 0.00304448 270.289s
105 0.704871 0.505756 0.0031407 270.494s
106 0.704871 0.506027 0.00296075 270.476s
107 0.704871 0.50885 0.00340742 270.971s
108 0.704871 0.5016 0.00316583 270.376s
109 0.704871 0.507975 0.0029954 269.914s
110 0.704871 0.508649 0.00322682 270.28s
111 0.704871 0.502597 0.00319437 270.494s
112 0.704871 0.514298 0.00287034 270.925s
113 0.704871 0.508967 0.00355856 270.291s
114 0.704871 0.510623 0.00321833 271.19s
115 0.704871 0.510644 0.00314546 271.021s
116 0.704871 0.505935 0.00309209 270.922s
117 0.704871 0.498592 0.00375941 270.749s
118 0.704871 0.503515 0.00387822 270.646s
119 0.704871 0.502916 0.00363658 270.948s
120 0.704871 0.50461 0.00294208 270.782s
121 0.704871 0.503956 0.00382809 271.326s
122 0.704871 0.497184 0.004043 270.665s
123 0.704871 0.500037 0.003575 271.368s
124 0.704871 0.502769 0.00355225 271.035s
125 0.704871 0.505893 0.00326758 270.821s
126 0.704871 0.507572 0.00283077 270.231s
127 0.704871 0.499298 0.00328218 270.256s
128 0.704871 0.502857 0.00340027 270.376s
129 0.704871 0.510527 0.00279889 270.283s
130 0.704871 0.504174 0.00301187 270.75s
131 0.704871 0.496299 0.0031353 269.79s
132 0.704871 0.498181 0.00320669 270.799s
133 0.704871 0.503747 0.00324959 269.692s
134 0.704871 0.507519 0.00330803 270.163s
135 0.704871 0.50841 0.00353218 270.547s
136 0.704871 0.504606 0.00299703 269.938s
137 0.704871 0.51292 0.00298387 270.052s
138 0.704871 0.508403 0.00329697 270.204s
139 0.704871 0.506844 0.00297016 270.831s
140 0.704871 0.49806 0.00314941 269.983s
141 0.704871 0.504062 0.00331373 270.497s
142 0.704871 0.508244 0.00329217 271.608s
143 0.704871 0.502071 0.00356322 270.519s
144 0.704871 0.507513 0.00303252 270.475s
145 0.704871 0.506483 0.00347356 270.105s
146 0.704871 0.508757 0.00306597 270.136s
147 0.704871 0.504886 0.00395755 269.605s
148 0.704871 0.507538 0.00327497 270.017s
149 0.704871 0.503637 0.00342689 269.659s
150 0.704871 0.498312 0.00340916 270.509s
151 0.704871 0.50301 0.00340537 270.359s
152 0.704871 0.511108 0.00324834 270.347s
153 0.704871 0.510186 0.00334156 269.575s
154 0.704871 0.505929 0.00339806 269.578s
155 0.704871 0.502861 0.00332422 270.763s
156 0.704871 0.505379 0.00358913 270.541s
157 0.704871 0.503147 0.00326755 270.652s
158 0.704871 0.50581 0.00313756 270.279s
159 0.704871 0.498459 0.00367112 270.894s
160 0.704871 0.508492 0.00286567 270.263s
161 0.704871 0.506023 0.00329417 270.153s
162 0.704871 0.509818 0.00320281 269.647s
163 0.704871 0.503953 0.00338969 270.545s
164 0.704871 0.508422 0.0029728 270.25s
165 0.704871 0.507797 0.00346024 270.235s
166 0.704871 0.506431 0.00366998 269.872s
167 0.704871 0.503892 0.00367077 269.548s
168 0.704871 0.503919 0.00355472 270.46s
169 0.704871 0.506771 0.00298359 270.198s
170 0.704871 0.510378 0.00355967 269.483s
171 0.704871 0.497762 0.00363857 270.432s
172 0.704871 0.502792 0.00288117 269.801s
173 0.704871 0.511304 0.00293184 269.966s
174 0.704871 0.497226 0.00361346 270.208s
175 0.704871 0.496729 0.00314916 270.293s
176 0.704871 0.500588 0.00358314 269.74s
177 0.704871 0.49772 0.00364022 270.63s
178 0.704871 0.498783 0.00360328 272.38s
179 0.704871 0.50614 0.00359467 270.677s
180 0.704871 0.496788 0.00312297 272.146s
181 0.704871 0.496809 0.00308593 269.749s
182 0.704871 0.506895 0.00324042 272.708s
183 0.704871 0.50232 0.00331459 270.634s
184 0.704871 0.497654 0.00320406 270.375s
185 0.704871 0.502422 0.00276019 269.954s
186 0.704871 0.505979 0.0030112 270.631s
187 0.704871 0.501747 0.00334096 269.969s
188 0.704871 0.50621 0.00340305 269.822s
189 0.704871 0.50758 0.00295027 270.521s
190 0.704871 0.507634 0.00322443 269.555s
191 0.704871 0.507198 0.00356286 270.856s
192 0.704871 0.496469 0.00329791 269.645s
193 0.704871 0.504018 0.00321284 270.436s
194 0.704871 0.504279 0.00298005 270.051s
195 0.704871 0.503869 0.00373454 270.512s
196 0.704871 0.50139 0.00279028 271.036s
197 0.704871 0.499877 0.00275546 270.42s
198 0.704871 0.499368 0.00327783 270.958s
199 0.704871 0.500352 0.00352112 270.39s
200 0.704871 0.506311 0.00318316 270.473s
201 0.704871 0.515324 0.00303683 269.663s
202 0.704871 0.504129 0.00365497 270.565s
203 0.704871 0.510783 0.00274804 269.606s
204 0.704871 0.504325 0.00324743 270.147s
205 0.704871 0.504742 0.00365056 270.208s
206 0.704871 0.507931 0.00338551 269.886s
207 0.704871 0.502092 0.00343916 270.266s
208 0.704871 0.505594 0.00348374 270.121s
209 0.704871 0.49505 0.00364286 270.585s
210 0.704871 0.517709 0.0029422 270.852s
211 0.704871 0.498754 0.00432982 270.814s
212 0.704871 0.501892 0.00374449 269.846s
213 0.704871 0.496548 0.00350457 270.486s
214 0.704871 0.50421 0.00388138 269.659s
215 0.704871 0.504851 0.00411851 269.663s
216 0.704871 0.503893 0.00300043 270.522s
217 0.704871 0.498037 0.00390348 269.634s
218 0.704871 0.500708 0.0039808 270.754s
219 0.704871 0.50467 0.00303608 270.049s
220 0.704871 0.504205 0.00341057 270.212s
221 0.704871 0.499356 0.0040076 270.414s
222 0.704871 0.499439 0.00311273 272.01s
223 0.704871 0.502439 0.00289479 270.33s
224 0.704871 0.502442 0.00384115 270.099s
225 0.704871 0.500077 0.00380253 270.577s
226 0.704871 0.504919 0.00368793 270.228s
227 0.704871 0.514108 0.0035809 270.215s
228 0.704871 0.497168 0.00396066 269.633s
229 0.704871 0.505416 0.00317295 270.267s
230 0.704871 0.508564 0.00370537 269.786s
231 0.704871 0.494627 0.00370962 270.615s
232 0.704871 0.500766 0.00362202 270.126s
233 0.704871 0.501989 0.00353295 270.216s
234 0.704871 0.507363 0.00394941 270.307s
235 0.704871 0.496243 0.00423463 269.512s
236 0.704871 0.505848 0.00396906 270.232s
237 0.704871 0.501907 0.00335946 270.377s
238 0.704871 0.505991 0.00364586 270.704s
239 0.704871 0.499981 0.00362115 270.193s
240 0.704871 0.507741 0.00323271 270.74s
241 0.704871 0.508552 0.00289319 269.52s
242 0.704871 0.50997 0.00332162 269.809s
243 0.704871 0.499461 0.00370216 270.111s
244 0.704871 0.50138 0.00384823 270.226s
245 0.704871 0.507543 0.0027835 270.356s
246 0.704871 0.504515 0.00368125 269.809s
247 0.704871 0.511345 0.00439614 270.177s
248 0.704871 0.499781 0.00343752 269.837s
249 0.704871 0.50913 0.003345 270.202s
250 0.704871 0.500238 0.00308852 269.59s
251 0.704871 0.507133 0.00385904 270.073s
252 0.704871 0.503971 0.00383414 270.301s
253 0.704871 0.504665 0.00367378 269.805s
254 0.704871 0.500513 0.00351717 270.518s
255 0.704871 0.505972 0.00363165 269.721s
256 0.704871 0.504613 0.00390527 270.156s
257 0.704871 0.505625 0.00406685 269.747s
258 0.704871 0.505696 0.00317682 270.34s
259 0.704871 0.500445 0.00370083 269.555s
260 0.704871 0.513023 0.00282919 269.639s
261 0.704871 0.512658 0.00273215 269.996s
262 0.704871 0.510265 0.00282827 270.665s
263 0.704871 0.501601 0.00271315 269.87s
264 0.704871 0.505556 0.00283368 270.068s
265 0.704871 0.502284 0.00360302 269.971s
266 0.704871 0.509391 0.00305531 269.597s
267 0.704871 0.509775 0.00307281 270.155s
268 0.704871 0.514487 0.00354174 269.675s
269 0.704871 0.508382 0.00345722 269.459s
270 0.704871 0.507323 0.00292048 270.019s
271 0.704871 0.504514 0.00326567 270.341s
272 0.704871 0.507907 0.00273768 270.432s
273 0.704871 0.504377 0.00325725 270.252s
274 0.704871 0.503352 0.00364841 271.015s
275 0.704871 0.501449 0.00397544 270.24s
276 0.704871 0.50265 0.00315587 270.433s
277 0.704871 0.502723 0.00314873 269.786s
278 0.704871 0.497918 0.00407036 270.304s
279 0.704871 0.493862 0.00365213 270.213s
280 0.704871 0.510619 0.00340531 269.742s
281 0.704871 0.504108 0.00263269 270.084s
282 0.704871 0.507833 0.00331511 269.697s
283 0.704871 0.495042 0.00359691 269.905s
284 0.704871 0.501135 0.00316492 269.84s
285 0.704871 0.513539 0.00255616 270.158s
286 0.704871 0.50441 0.0032152 269.688s
287 0.704871 0.503662 0.00270572 269.866s
288 0.704871 0.499451 0.00327966 270.714s
289 0.704871 0.501112 0.00333123 270.479s
290 0.704871 0.501764 0.00304883 270.733s
291 0.704871 0.502165 0.00368022 270.338s
292 0.704871 0.497954 0.00325054 270.685s
293 0.704871 0.505973 0.00312324 270.507s
294 0.704871 0.503767 0.00325369 270.946s
295 0.704871 0.50545 0.00327446 270.473s
296 0.704871 0.501662 0.00321819 270.139s
297 0.704871 0.497822 0.00373027 269.929s
298 0.704871 0.512246 0.00319972 270.456s
299 0.704871 0.501582 0.00328947 270.473s
300 0.704871 0.502086 0.00310176 270.067s
301 0.704871 0.502175 0.0038438 270.517s
302 0.704871 0.50346 0.00350955 271.638s
303 0.704871 0.500583 0.00349678 270.104s
304 0.704871 0.504826 0.00345216 270.164s
305 0.704871 0.505857 0.00317514 270.296s
306 0.704871 0.505391 0.00313935 270.521s
307 0.704871 0.507382 0.00306603 269.84s
308 0.704871 0.502077 0.00280784 270.45s
309 0.704871 0.496595 0.00403614 270.075s
310 0.704871 0.49788 0.00423516 270.46s
311 0.704871 0.492497 0.00385947 271.374s
312 0.704871 0.493753 0.00308417 270.505s
313 0.704871 0.505401 0.00429983 270.587s
314 0.704871 0.498994 0.00404046 270.8s
315 0.704871 0.492968 0.00316007 270.276s
316 0.704871 0.493597 0.00356531 270.519s
317 0.704871 0.498959 0.00333947 270.974s
318 0.704871 0.500846 0.0042514 270.518s
319 0.704871 0.502347 0.00348768 270.617s
320 0.704871 0.509149 0.00372817 270.559s
321 0.704871 0.496375 0.00418616 270.66s
322 0.704871 0.50457 0.00299978 270.556s
323 0.704871 0.505267 0.00357116 270.218s
324 0.704871 0.500821 0.00360536 271.22s
325 0.704871 0.502871 0.00311531 270.333s
326 0.704871 0.511285 0.00349122 271.103s
327 0.704871 0.503858 0.00308493 270.204s
328 0.704871 0.507158 0.00371831 270.737s
329 0.704871 0.502281 0.0037219 270.4s
330 0.704871 0.5043 0.00337355 270.103s
331 0.704871 0.506539 0.00405739 270.593s
332 0.704871 0.498001 0.00347688 271.244s
333 0.704871 0.504281 0.0038481 270.067s
334 0.704871 0.50367 0.00352589 269.959s
335 0.704871 0.509472 0.00290376 270.674s
336 0.704871 0.508677 0.00276194 270.065s
337 0.704871 0.50519 0.00364807 270.543s
338 0.704871 0.514529 0.00283819 270.58s
339 0.704871 0.510911 0.00377798 269.969s
340 0.704871 0.503789 0.00297432 270.532s
341 0.704871 0.495677 0.00288275 270.142s
342 0.704871 0.508685 0.00333244 271.186s
343 0.704871 0.506491 0.0034889 270.368s
344 0.704871 0.50603 0.00289826 270.002s
345 0.704871 0.50122 0.00302772 270.942s
346 0.704871 0.505138 0.00327019 270.211s
347 0.704871 0.515916 0.00328874 270.337s
348 0.704871 0.500325 0.00367488 270.159s
349 0.704871 0.500503 0.00357443 270.174s
350 0.704871 0.509351 0.0030829 270.208s
351 0.704871 0.506652 0.00312489 271.034s
352 0.704871 0.514059 0.00338596 270.028s
353 0.704871 0.504848 0.00332508 270.511s
354 0.704871 0.507992 0.00366567 269.889s
355 0.704871 0.502797 0.0032352 269.898s
356 0.704871 0.499457 0.00306729 270.359s
357 0.704871 0.501065 0.00390994 271.041s
358 0.704871 0.503449 0.003918 270.21s
359 0.704871 0.506377 0.00341124 270.189s
360 0.704871 0.50347 0.00376352 270.195s
