27  63
30  18
44  37
51  26
55  44
59  5
60  55
62  45
62  76
67  3
75  2
77  7
89  63
100  79
113  29
126  19
126  75
141  36
155  52
158  4
178  70
179  15
191  18
194  74
195  77
215  78
221  8
271  63
287  37
291  45
311  11
322  73
333  3
351  53
372  28
395  2
423  7
429  26
439  63
461  75
495  19
531  70
547  18
555  44
558  6
559  36
562  62
564  78
567  66
569  79
572  8
575  55
579  74
590  11
598  73
614  53
644  76
651  45
652  63
653  3
655  28
657  37
670  2
672  13
673  15
678  7
701  75
704  45
715  3
717  63
718  5
749  26
750  19
788  70
818  18
829  36
834  8
837  78
839  44
857  11
860  73
880  53
914  28
1040  70
1083  8
1100  11
1110  73
1119  53
1149  28
1159  29
1185  52
1221  18
1229  36
1229  79
1230  74
1231  78
1232  6
1234  55
1235  62
1236  44
1240  63
1241  45
1242  66
1243  2
1243  7
1244  3
1244  37
1250  75
1252  19
1253  15
1257  63
1259  26
1260  45
1262  3
1264  2
1268  7
1269  37
1271  70
1278  4
1280  63
1280  75
1284  8
1284  45
1285  15
1290  19
1298  3
1300  5
1301  57
1307  18
1307  69
1308  65
1309  78
1311  36
1314  79
1315  74
1319  6
1319  44
1323  62
1325  66
1325  68
1326  18
1327  11
1333  36
1333  73
1335  78
1336  55
1337  18
1342  50
1342  74
1343  24
1343  79
1344  77
1345  5
1348  18
1348  76
1349  68
1352  6
1354  37
1356  25
1356  55
1359  50
1359  63
1360  5
1360  18
1361  44
1362  12
1363  24
1363  36
1372  78
1373  62
1373  66
1375  31
1379  30
1391  79
1397  74
1417  63
1418  2
1419  45
1421  7
1422  26
1424  76
1426  13
1428  63
1429  3
1429  31
1429  53
1432  75
1435  57
1439  76
1440  63
1441  26
1442  56
1443  44
1447  13
1450  31
1451  19
1454  63
1456  2
1456  76
1457  7
1457  15
1462  45
1466  26
1469  37
1476  3
1486  73
1500  51
1503  28
1514  18
1520  36
1522  8
1526  5
1526  18
1528  78
1529  50
1529  55
1533  6
1535  68
1539  18
1543  24
1544  37
1546  5
1551  79
1553  8
1558  62
1559  74
1570  70
1591  11
1599  63
1600  45
1607  75
1608  76
1612  63
1615  13
1615  31
1616  44
1619  2
1619  26
1621  3
1621  57
1624  7
1627  63
1628  76
1629  19
1636  73
1646  15
1650  56
1689  18
1689  36
1694  78
1695  53
1700  55
1702  5
1702  18
1702  50
1708  66
1709  6
1709  37
1709  68
1713  79
1716  18
1717  24
1721  5
1721  74
1725  25
1725  36
1725  55
1728  50
1728  78
1733  18
1738  62
1739  37
1743  68
1747  8
1780  28
1783  45
1783  63
1790  3
1791  44
1795  73
1795  75
1796  70
1796  76
1797  2
1797  63
1798  26
1798  31
1800  7
1801  13
1806  57
1813  63
1815  45
1817  19
1819  44
1819  76
1827  3
1831  26
1839  11
1840  15
1873  36
1877  18
1881  79
1882  78
1885  53
1886  6
1888  74
1889  5
1891  8
1892  18
1893  55
1896  50
1901  37
1902  66
1903  24
1919  62
1924  78
1927  52
1938  29
1949  63
1954  7
1956  73
1959  2
1960  45
1961  75
1963  31
1964  63
1965  76
1968  28
1969  13
1969  44
1973  3
1974  26
1977  57
1981  63
1988  73
1988  76
1992  19
2004  31
2010  70
2020  18
2029  5
2031  36
2034  18
2034  55
2035  37
2037  8
2038  68
2040  4
2041  50
2043  79
2044  11
2046  5
2046  6
2046  52
2046  74
2047  55
2051  18
2051  33
2054  4
2060  61
2061  37
2064  24
2066  78
2071  18
2071  55
2073  36
2075  5
2076  25
2078  68
2080  66
2092  50
2099  62
2106  63
2108  44
2117  45
2118  26
2120  2
2120  77
2122  3
2122  63
2122  76
2124  7
2125  13
2125  29
2128  75
2132  15
2132  26
2132  44
2132  70
2133  48
2134  77
2137  31
2139  20
2139  57
2141  29
2141  63
2145  76
2146  26
2147  56
2151  77
2163  45
2164  63
2167  69
2168  44
2171  19
2172  13
2174  2
2185  73
2196  18
2207  37
2208  55
2211  4
2212  5
2213  18
2213  52
2214  74
2215  8
2215  79
2219  11
2222  36
2224  55
2225  78
2227  6
2229  4
2230  68
2231  50
2231  52
2234  18
2235  33
2237  24
2238  37
2240  5
2243  55
2254  4
2255  61
2260  52
2261  18
2272  55
2272  79
2273  11
2282  62
2283  66
2285  12
2285  37
2290  53
2297  8
2299  63
2302  36
2305  3
2307  44
2308  7
2310  28
2316  63
2317  76
2319  26
2320  45
2322  70
2322  73
2323  31
2323  75
2326  29
2327  77
2330  57
2331  2
2332  15
2334  26
2337  3
2338  13
2338  63
2341  76
2344  70
2345  48
2346  29
2349  44
2349  77
2353  26
2356  20
2358  19
2359  73
2365  63
2370  31
2373  45
2375  7
2379  76
2392  18
2394  28
2398  44
2403  37
2408  78
2410  18
2411  74
2416  5
2418  6
2420  63
2421  50
2422  37
2426  8
2426  68
2429  79
2430  24
2431  36
2432  53
2434  18
2438  75
2445  3
2445  78
2446  5
2448  37
2449  25
2458  62
2459  74
2464  2
2465  18
2473  63
2476  8
2476  50
2484  66
2491  44
2491  45
2501  18
2507  63
2512  13
2514  44
2516  19
2518  76
2522  26
2522  31
2522  73
2524  15
2525  36
2527  7
2527  57
2528  70
2532  29
2532  77
2539  26
2539  44
2546  63
2549  56
2550  76
2553  48
2556  70
2559  77
2560  26
2561  29
2564  3
2585  18
2585  63
2596  18
2597  63
2600  6
2601  2
2601  44
2603  37
2604  73
2608  18
2609  79
2610  63
2612  78
2613  5
2613  45
2614  13
2615  75
2617  31
2617  68
2621  18
2622  74
2625  55
2625  63
2627  37
2628  50
2629  62
2631  24
2632  11
2637  8
2639  5
2639  7
2639  55
2640  36
2641  4
2641  52
2648  37
2650  18
2652  11
2653  53
2654  33
2657  55
2657  63
2664  78
2665  18
2666  68
2672  76
2674  63
2675  79
2677  28
2678  66
2679  5
2682  18
2682  64
2684  19
2689  4
2691  37
2691  52
2693  3
2693  55
2695  30
2701  11
2708  45
2711  61
2714  8
2715  4
2718  55
2720  52
2725  6
2725  15
2725  50
2731  37
2735  2
2740  36
2744  5
2745  11
2748  18
2748  63
2754  55
2757  24
2758  4
2760  44
2760  76
2763  75
2764  63
2765  18
2772  26
2773  74
2774  57
2780  44
2783  70
2784  73
2785  31
2785  77
2786  13
2787  29
2789  7
2790  26
2794  25
2794  76
2805  78
2807  44
2808  70
2810  3
2810  62
2813  26
2813  77
2814  20
2814  29
2817  45
2819  48
2825  36
2826  79
2830  73
2842  26
2845  44
2856  57
2865  77
2866  31
2868  70
2869  2
2870  56
2880  28
2880  76
2885  29
2886  26
2897  53
2904  19
2909  63
2913  18
2921  63
2922  6
2924  44
2925  18
2927  5
2928  3
2928  13
2930  37
2934  63
2938  18
2939  8
2940  74
2941  50
2941  76
2942  68
2943  78
2944  5
2944  55
2945  15
2946  7
2946  45
2949  63
2950  75
2951  37
2951  66
2953  18
2959  24
2959  52
2962  26
2964  36
2965  77
2966  5
2966  63
2966  79
2968  29
2968  44
2970  18
2974  70
2975  62
2975  73
2978  37
2984  68
2985  8
2985  63
2988  18
2993  31
2996  50
3002  2
3002  74
3007  11
3007  63
3010  5
3011  18
3012  26
3014  76
3014  78
3030  55
3032  44
3033  63
3037  4
3037  18
3038  37
3041  11
3043  52
3046  57
3046  76
3051  33
3051  55
3054  3
3056  45
3061  5
3062  63
3064  13
3064  19
3065  4
3067  18
3069  36
3075  7
3078  37
3078  55
3081  6
3081  61
3083  52
3090  63
3096  75
3099  18
3103  8
3104  73
3105  53
3105  79
3106  24
3109  11
3113  50
3116  4
3119  44
3122  63
3123  76
3124  55
3126  26
3131  18
3131  77
3132  31
3133  37
3133  68
3136  70
3140  5
3143  78
3144  29
3148  15
3148  28
3148  45
3149  66
3156  2
3159  48
3160  63
3161  36
3163  18
3163  25
3163  44
3164  26
3165  3
3169  52
3169  74
3170  20
3170  76
3172  62
3176  33
3178  55
3187  77
3191  37
3192  70
3195  63
3196  18
3202  5
3209  8
3212  11
3213  4
3214  29
3222  13
3222  26
3223  57
3225  44
3227  6
3228  7
3229  63
3233  18
3234  73
3238  76
3243  55
3246  50
3250  79
3259  19
3261  45
3263  31
3264  37
3264  63
3267  18
3269  56
3270  5
3270  75
3283  3
3284  78
3287  68
3289  36
3290  44
3291  26
3299  63
3303  18
3305  24
3306  2
3308  77
3314  70
3317  74
3332  76
3334  63
3335  37
3338  18
3338  52
3342  55
3348  5
3353  11
3354  4
3354  8
3359  62
3366  28
3372  53
3372  66
3379  50
3390  55
3392  78
3413  61
3415  52
3415  79
3418  36
3426  6
3432  11
3447  4
3459  55
3462  68
3472  33
3487  8
3491  74
3502  24
3513  50
3521  5
3523  55
3524  78
3535  52
