30  18
30  63
55  37
55  44
60  26
60  55
62  5
62  76
110  2
135  79
138  3
144  45
149  29
149  52
149  63
165  70
167  11
173  8
187  77
189  4
191  18
192  7
201  73
203  36
240  78
296  75
308  19
384  15
435  28
436  53
591  63
602  18
627  11
627  70
646  8
660  73
720  44
742  76
747  37
754  5
773  55
787  26
798  53
800  28
919  11
920  70
942  8
953  73
999  63
1009  18
1026  36
1027  74
1027  78
1030  6
1030  18
1030  62
1030  79
1034  66
1036  44
1058  52
1061  45
1062  53
1063  3
1064  2
1065  7
1068  28
1071  63
1072  75
1073  19
1074  37
1079  15
1080  45
1082  3
1087  2
1089  26
1093  7
1093  63
1097  29
1105  75
1110  37
1111  45
1113  19
1116  3
1121  65
1123  57
1126  8
1128  69
1132  15
1132  70
1133  63
1139  2
1157  78
1159  36
1162  74
1163  18
1164  11
1165  79
1168  68
1169  6
1169  55
1172  44
1172  62
1175  18
1179  4
1179  5
1179  50
1179  66
1180  36
1182  24
1184  78
1187  18
1190  55
1191  74
1194  5
1194  68
1196  25
1198  37
1199  79
1200  50
1202  18
1206  24
1208  6
1212  5
1215  55
1219  63
1220  18
1220  31
1221  12
1221  36
1225  78
1226  30
1226  44
1231  13
1231  77
1237  62
1263  73
1267  76
1270  63
1273  7
1274  26
1274  45
1275  3
1281  31
1283  76
1284  63
1284  75
1286  13
1286  57
1293  56
1297  2
1297  26
1299  19
1299  44
1300  63
1300  76
1307  31
1317  45
1317  63
1318  7
1319  3
1319  13
1319  15
1325  76
1379  51
1380  53
1381  28
1393  36
1396  74
1396  78
1396  79
1402  70
1407  66
1408  11
1409  6
1414  8
1432  62
1434  36
1445  73
1450  78
1450  79
1459  18
1467  74
1506  44
1532  6
1551  36
1560  66
1562  45
1564  37
1566  3
1566  53
1567  2
1567  18
1568  75
1572  7
1572  28
1574  19
1591  15
1591  45
1597  3
1597  63
1601  70
1603  2
1605  37
1609  63
1613  8
1613  26
1617  73
1618  75
1618  76
1621  31
1622  63
1623  57
1626  13
1627  11
1629  44
1633  7
1637  26
1642  76
1652  45
1656  19
1664  29
1665  56
1685  18
1687  78
1689  55
1690  74
1692  5
1692  79
1694  50
1696  18
1698  62
1698  68
1699  24
1700  36
1706  5
1708  18
1708  37
1708  55
1713  50
1716  6
1717  25
1720  68
1722  5
1722  18
1723  78
1724  8
1730  24
1732  55
1733  66
1739  18
1740  50
1742  74
1743  37
1743  79
1768  39
1777  63
1789  26
1789  63
1790  3
1790  31
1790  76
1791  44
1798  2
1798  13
1798  77
1799  57
1801  26
1803  63
1804  29
1805  76
1807  45
1808  7
1808  75
1809  15
1809  48
1809  73
1811  44
1813  77
1816  20
1816  26
1816  31
1819  63
1820  29
1823  70
1824  3
1827  76
1834  13
1837  57
1839  63
1843  26
1844  69
1844  77
1845  19
1851  44
1854  2
1855  42
1873  4
1874  52
1879  28
1884  18
1889  36
1892  5
1894  8
1896  53
1898  18
1899  78
1901  55
1903  62
1903  68
1905  37
1905  50
1910  5
1910  6
1914  4
1914  18
1914  55
1915  24
1916  52
1916  79
1918  11
1918  33
1921  74
1923  61
1925  36
1930  37
1930  55
1934  5
1935  18
1936  66
1938  68
1938  78
1946  25
1947  50
1949  4
1991  45
1994  63
1999  73
2002  7
2003  3
2006  75
2009  63
2010  31
2011  76
2023  15
2024  44
2027  13
2027  63
2028  2
2028  73
2030  57
2035  19
2037  45
2041  56
2058  70
2064  28
2068  18
2075  8
2079  36
2080  5
2083  55
2085  18
2086  11
2086  37
2086  62
2087  6
2087  79
2090  52
2091  74
2092  78
2093  4
2099  55
2100  50
2101  24
2102  5
2103  18
2104  68
2108  33
2109  52
2115  37
2116  4
2117  55
2129  18
2132  61
2133  66
2135  36
2137  5
2141  79
2144  11
2156  8
2165  53
2169  44
2169  63
2176  3
2178  76
2181  7
2185  31
2185  63
2186  26
2187  45
2188  73
2188  75
2189  2
2192  13
2202  76
2203  63
2207  57
2211  3
2216  15
2219  19
2220  31
2221  44
2222  26
2225  63
2230  73
2240  7
2257  18
2262  78
2264  37
2266  74
2272  6
2275  55
2275  62
2276  18
2276  36
2278  50
2279  5
2283  8
2283  52
2283  68
2284  24
2287  4
2289  11
2293  55
2295  79
2297  18
2299  37
2308  33
2310  5
2312  52
2312  78
2313  25
2321  11
2329  18
2330  55
2332  66
2333  50
2335  70
2346  28
2349  63
2351  44
2351  53
2353  45
2354  8
2360  26
2360  76
2362  2
2362  3
2364  77
2365  29
2366  63
2366  75
2367  70
2370  13
2374  26
2377  48
2378  31
2380  77
2382  29
2382  73
2382  76
2384  20
2384  44
2389  26
2389  63
2392  45
2392  70
2393  7
2393  57
2399  19
2400  77
2403  29
2404  56
2409  26
2410  76
2411  15
2416  3
2416  63
2423  44
2427  2
2441  18
2443  37
2452  36
2452  74
2461  5
2461  55
2464  4
2464  6
2464  18
2467  68
2470  11
2470  52
2470  62
2470  78
2471  79
2478  24
2483  50
2483  55
2485  8
2486  37
2489  18
2491  4
2494  5
2499  36
2502  11
2510  61
2514  37
2520  18
2521  63
2524  55
2524  74
2533  53
2534  44
2535  52
2536  66
2543  45
2543  63
2545  75
2551  76
2552  7
2552  26
2552  31
2552  78
2553  44
2553  73
2554  13
2557  77
2561  70
2562  29
2564  2
2565  3
2570  28
2571  26
2573  63
2574  44
2576  48
2576  57
2576  76
2579  19
2585  79
2586  77
2593  18
2593  63
2596  6
2597  36
2598  73
2602  31
2605  45
2607  15
2610  37
2612  18
2618  62
2625  68
2626  5
2629  37
2632  55
2634  4
2636  50
2637  8
2644  11
2647  33
2650  3
2653  37
2655  5
2655  52
2656  24
2658  55
2662  75
2665  78
2666  7
2667  18
2668  74
2674  4
2677  63
2679  18
2687  37
2688  63
2689  25
2691  68
2692  18
2695  2
2698  8
2700  63
2701  44
2701  79
2703  45
2706  18
2706  36
2712  13
2713  63
2714  50
2720  76
2722  18
2722  31
2726  19
2728  63
2731  44
2741  18
2743  26
2743  63
2743  73
2748  6
2751  66
2752  5
2753  76
2754  70
2755  57
2762  18
2763  44
2763  63
2768  62
2770  3
2773  26
2775  29
2781  77
2782  5
2782  56
2782  70
2783  13
2785  18
2786  28
2786  63
2794  26
2797  74
2798  37
2798  44
2801  7
2801  20
2801  29
2801  78
2802  24
2807  15
2810  48
2812  76
2812  77
2815  36
2816  45
2820  53
2821  26
2825  79
2827  73
2830  75
2831  2
2831  29
2834  70
2845  31
2849  44
2872  26
2878  77
2880  63
2882  18
2895  76
2897  63
2898  5
2899  18
2899  37
2902  55
2908  8
2909  50
2910  11
2912  68
2914  52
2915  4
2916  3
2916  63
2917  44
2918  6
2919  18
2919  55
2920  5
2922  76
2923  78
2924  37
2924  57
2925  19
2930  36
2934  13
2935  45
2937  7
2937  11
2937  63
2939  26
2939  52
2939  55
2940  29
2940  33
2941  18
2942  8
2943  70
2944  74
2945  4
2947  61
2949  2
2952  5
2957  77
2958  24
2958  37
2958  73
2958  79
2959  62
2961  55
2961  66
2962  63
2962  76
2966  31
2967  18
2968  44
2969  12
2969  50
2971  75
2979  28
2979  52
2984  11
2985  30
2985  68
2986  26
2989  53
2991  63
2994  3
2994  4
2995  18
2996  45
2997  40
3002  37
3003  15
3007  36
3010  5
3012  76
3014  55
3018  51
3020  48
3022  78
3023  63
3028  18
3033  25
3039  44
3039  70
3043  29
3044  20
3057  63
3062  18
3071  37
3071  64
3072  6
3075  26
3079  55
3090  5
3091  63
3091  73
3093  13
3096  8
3096  18
3096  74
3096  77
3099  7
3099  31
3101  57
3106  44
3109  19
3111  50
3118  79
3119  2
3142  26
3146  3
3154  75
3162  56
3196  29
3206  77
3209  76
3226  26
3228  45
3233  70
3235  31
3241  44
3243  63
3245  18
3252  36
3252  73
3256  78
3257  37
3257  63
3258  76
3259  5
3259  13
3259  18
3260  62
3262  28
3265  55
3267  11
3268  7
3268  68
3269  4
3269  44
3270  3
3270  52
3270  66
3271  15
3271  24
3272  18
3273  63
3274  2
3274  26
3274  74
3274  79
3275  8
3277  6
3278  37
3278  45
3278  50
3282  5
3282  53
3283  76
3284  29
3285  33
3286  36
3286  57
3287  55
3288  19
3289  70
3289  78
3290  18
3290  63
3296  77
3303  44
3306  75
3308  48
3308  63
3311  18
3311  73
3318  68
3318  69
3324  24
3325  37
3332  41
3333  26
3333  63
3334  18
3335  74
3338  5
3345  62
3347  11
3349  31
3351  8
3353  4
3353  52
3353  55
3357  37
3358  76
3360  18
3361  63
3364  25
3366  50
3367  44
3367  79
3368  36
3371  3
3373  7
3379  5
3381  55
3382  45
3383  13
3383  61
3384  2
3389  11
3392  18
3392  63
3392  70
3394  4
3394  52
3395  66
3396  29
3399  77
3403  76
3404  26
3404  78
3411  37
3412  6
3419  57
3420  44
3425  18
3425  63
3426  17
3428  55
3437  73
3443  5
3451  20
3459  18
3459  63
3464  68
3469  28
3470  4
3471  37
3474  19
3475  8
3475  26
3479  15
3482  76
3486  11
3486  45
3487  31
3488  33
3490  63
3491  18
3491  75
3492  44
3495  3
3497  53
3499  50
3503  36
3504  52
3505  70
3506  55
3506  74
3508  78
3509  29
3515  5
3518  77
3522  63
3522  76
3523  24
3524  2
3524  79
3527  18
3533  7
3533  13
3534  26
