28  18
30  63
47  44
54  55
55  37
60  26
60  76
62  5
74  36
79  78
83  79
92  74
99  11
101  18
101  70
108  73
111  2
117  52
131  8
131  45
135  29
153  77
155  3
155  4
155  6
174  62
183  63
208  28
218  53
488  11
489  70
508  73
520  8
547  18
561  28
568  53
584  63
604  37
605  7
606  45
608  3
609  75
611  19
615  2
615  15
619  63
620  26
669  44
675  36
677  78
680  79
681  18
682  74
685  55
687  66
688  6
690  5
692  62
704  36
706  78
711  18
712  44
714  79
726  76
727  74
750  52
754  24
760  6
772  11
773  73
787  70
793  8
796  3
796  45
800  63
803  7
804  37
807  2
809  75
815  19
823  15
827  45
831  63
833  3
834  28
840  26
844  53
852  7
856  2
858  37
859  29
878  75
891  45
902  63
926  68
941  18
943  36
945  78
951  74
952  62
954  66
954  79
955  44
964  55
967  6
967  18
973  36
980  78
1007  79
1019  18
1022  44
1023  74
1025  62
1040  36
1043  66
1065  11
1074  70
1076  78
1077  73
1081  8
1090  53
1092  28
1163  18
1167  6
1181  36
1185  79
1192  55
1213  3
1213  63
1215  2
1216  7
1216  45
1219  19
1219  37
1223  75
1224  15
1233  26
1234  63
1237  3
1242  45
1243  2
1250  7
1256  37
1259  19
1262  8
1262  70
1269  63
1269  75
1278  3
1279  11
1279  15
1283  45
1290  28
1294  57
1295  5
1295  73
1310  53
1315  78
1317  18
1320  44
1322  74
1327  36
1329  62
1336  66
1337  6
1337  18
1337  79
1342  50
1345  5
1346  55
1348  24
1349  18
1349  68
1354  78
1359  25
1360  37
1360  50
1362  5
1366  74
1368  18
1373  44
1384  76
1385  36
1390  55
1411  52
1416  63
1417  31
1422  26
1423  2
1423  13
1424  76
1425  7
1427  63
1431  3
1434  31
1435  45
1436  57
1439  4
1439  63
1440  76
1442  26
1443  13
1443  56
1444  75
1447  19
1447  44
1452  63
1456  31
1458  12
1458  76
1460  73
1464  15
1466  26
1468  7
1472  2
1478  3
1480  13
1484  51
1488  42
1489  45
1500  77
1531  8
1532  78
1534  79
1535  36
1535  70
1536  62
1538  6
1538  11
1542  53
1546  28
1547  74
1552  66
1565  78
1573  18
1588  36
1589  79
1596  37
1616  19
1617  75
1624  3
1628  45
1639  2
1644  7
1682  15
1689  37
1694  29
1694  63
1716  74
1722  44
1723  18
1723  62
1725  6
1727  78
1731  45
1731  73
1739  3
1741  36
1747  79
1748  66
1749  11
1755  2
1755  70
1758  8
1761  75
1771  18
1771  53
1772  28
1776  7
1776  19
1785  55
1789  63
1803  63
1811  76
1812  26
1815  31
1817  63
1820  73
1822  57
1832  13
1836  3
1842  45
1847  37
1863  44
1866  18
1870  5
1873  50
1874  68
1876  78
1877  18
1878  8
1878  24
1878  55
1878  74
1879  36
1882  6
1883  5
1888  79
1890  18
1891  50
1893  62
1894  25
1895  68
1896  37
1900  5
1903  24
1903  55
1915  8
1918  66
1921  78
1930  63
1936  76
1939  26
1942  31
1943  63
1943  73
1946  44
1950  13
1952  76
1953  57
1954  26
1956  2
1958  63
1958  77
1959  15
1961  3
1961  29
1962  7
1962  75
1963  56
1967  44
1967  48
1968  26
1968  31
1971  76
1975  45
1975  63
1977  70
1978  20
1984  19
1988  57
1990  13
1994  69
2010  18
2019  55
2020  5
2021  4
2022  52
2023  18
2023  37
2023  50
2029  11
2029  36
2030  68
2032  55
2033  33
2034  74
2035  4
2035  5
2038  52
2040  61
2041  18
2044  24
2049  37
2051  50
2052  4
2053  55
2057  5
2058  52
2067  68
2074  33
2074  55
2075  4
2077  18
2078  30
2081  11
2087  52
2093  37
2095  5
2096  18
2100  6
2103  79
2104  39
2104  55
2106  78
2108  50
2109  36
2113  25
2114  62
2115  8
2121  18
2134  53
2134  66
2140  28
2140  63
2149  3
2150  44
2150  45
2153  2
2153  73
2154  7
2154  63
2154  76
2159  26
2162  31
2162  75
2164  77
2165  29
2166  70
2171  63
2172  26
2173  76
2175  13
2175  15
2175  19
2175  44
2180  77
2182  57
2183  29
2186  3
2186  48
2187  2
2188  26
2190  63
2194  45
2196  76
2198  31
2200  77
2202  56
2203  20
2208  26
2208  29
2209  44
2215  70
2216  63
2225  7
2229  73
2249  18
2252  74
2255  36
2256  37
2257  79
2259  78
2261  8
2264  5
2265  11
2266  6
2266  55
2267  18
2270  24
2271  68
2272  4
2275  52
2280  50
2281  62
2285  55
2289  18
2292  5
2293  37
2297  78
2299  4
2302  61
2303  79
2304  74
2306  33
2309  36
2311  11
2311  52
2313  55
2318  18
2321  66
2331  8
2332  24
2335  37
2338  53
2347  63
2350  28
2356  44
2360  3
2360  45
2360  75
2366  63
2366  76
2370  73
2371  26
2372  13
2374  2
2375  70
2376  19
2376  31
2379  77
2380  15
2383  29
2387  57
2388  63
2389  26
2390  7
2391  76
2398  44
2400  70
2401  48
2407  73
2414  3
2415  45
2419  63
2421  44
2427  18
2441  37
2442  6
2450  18
2453  5
2456  36
2458  50
2458  68
2459  37
2460  78
2461  62
2462  55
2464  8
2464  75
2467  2
2468  11
2468  74
2471  79
2476  18
2482  5
2487  37
2497  63
2501  25
2506  68
2507  50
2510  7
2511  18
2512  19
2512  53
2514  63
2516  24
2519  36
2522  18
2524  66
2525  63
2528  78
2531  44
2535  18
2535  45
2541  8
2541  37
2542  63
2546  15
2558  3
2559  6
2562  5
2563  55
2566  4
2570  28
2570  52
2572  11
2574  37
2582  74
2585  55
2588  79
2598  18
2599  63
2604  2
2607  45
2611  18
2612  44
2612  63
2614  62
2614  76
2616  31
2620  13
2624  73
2625  18
2627  63
2632  26
2633  44
2634  57
2636  76
2640  7
2640  75
2642  77
2644  29
2645  70
2647  26
2651  31
2651  36
2655  44
2656  56
2659  3
2659  13
2662  77
2664  26
2664  76
2668  29
2671  70
2672  73
2675  20
2678  48
2679  78
2687  26
2688  44
2692  77
2704  63
2704  74
2705  6
2705  18
2705  19
2705  29
2706  57
2716  79
2717  63
2717  76
2718  5
2719  18
2727  37
2731  50
2733  63
2735  8
2735  18
2739  31
2739  68
2742  45
2744  24
2746  66
2751  36
2751  63
2753  5
2753  18
2756  37
2757  2
2758  55
2760  15
2764  4
2765  52
2766  11
2768  53
2772  63
2774  18
2775  78
2777  55
2778  76
2782  33
2785  13
2785  50
2785  62
2786  7
2787  4
2787  37
2788  3
2789  61
2791  52
2792  11
2793  8
2794  44
2795  5
2796  18
2796  63
2796  73
2796  75
2799  55
2800  28
2816  68
2818  4
2819  76
2820  18
2823  63
2828  52
2829  12
2833  45
2834  37
2836  55
2845  11
2851  36
2853  18
2854  63
2857  25
2862  57
2862  74
2863  31
2868  44
2869  79
2879  55
2885  19
2887  18
2887  63
2888  5
2889  2
2889  6
2889  24
2890  76
2895  37
2901  4
2908  26
2915  50
2916  5
2917  44
2917  63
2917  70
2918  3
2919  33
2919  78
2921  18
2922  77
2924  29
2926  26
2931  13
2931  73
2933  7
2935  8
2944  70
2948  77
2949  26
2950  45
2950  75
2955  29
2955  48
2958  44
2968  28
2974  15
2978  20
2978  26
2986  56
3004  31
3005  77
3018  26
3026  70
3035  76
3046  3
3046  63
3047  18
3047  29
3051  44
3058  36
3061  63
3062  18
3063  53
3064  5
3064  73
3065  2
3066  62
3066  74
3067  37
3070  66
3072  78
3073  79
3074  68
3077  63
3078  18
3080  8
3080  57
3081  19
3082  50
3086  6
3087  44
3088  45
3091  5
3092  24
3093  13
3096  7
3096  63
3097  26
3097  37
3098  18
3099  76
3100  70
3103  55
3105  77
3108  36
3117  31
3119  5
3120  63
3122  18
3123  75
3125  79
3134  68
3135  78
3141  74
3142  44
3143  29
3146  3
3148  63
3149  18
3153  37
3159  26
3161  76
3162  50
3162  55
3164  11
3164  73
3165  52
3168  4
3170  8
3171  2
3173  48
3178  63
3179  18
3179  62
3182  5
3183  55
3187  15
3187  37
3189  45
3190  11
3192  52
3192  76
3198  4
3200  77
3203  44
3207  61
3208  18
3209  36
3210  53
3211  63
3212  26
3212  66
3213  7
3214  55
3217  33
3220  6
3222  13
3223  70
3227  25
3229  52
3234  37
3237  5
3237  28
3240  11
3242  63
3242  76
3243  57
3244  18
3244  24
3250  78
3251  55
3254  29
3255  31
3258  44
3259  19
3260  3
3260  4
3262  75
3267  45
3276  63
3279  18
3279  26
3281  79
3282  73
3290  68
3296  74
3299  8
3308  2
3314  20
3322  36
3322  70
3323  77
3333  44
3341  18
3341  63
3344  37
3348  76
3351  5
3358  56
3359  55
3360  50
3370  11
3371  52
3381  62
3384  4
3396  6
3398  55
3398  78
3434  8
3437  24
3446  66
3448  50
3456  11
3456  79
3462  68
3466  36
3466  55
3469  52
3476  53
3477  74
3479  33
3482  4
3491  5
3499  28
3502  61
3507  78
3532  55
3534  18
