30  18
30  63
55  37
55  44
60  26
60  55
62  5
62  76
110  79
135  2
138  78
144  36
149  18
155  29
155  52
191  63
195  4
195  77
196  74
202  73
223  45
277  11
289  3
296  6
308  62
346  70
362  66
366  18
375  8
405  28
414  44
442  53
470  63
480  7
486  37
486  75
495  19
509  15
565  36
565  78
577  18
578  79
582  55
592  74
632  6
656  44
666  62
686  36
688  18
698  11
702  73
710  78
723  76
727  70
742  66
744  8
758  28
765  53
784  5
797  26
842  63
903  18
905  79
908  74
910  36
916  78
917  44
919  6
930  55
934  62
945  18
949  73
957  79
958  11
978  2
978  3
978  45
984  7
984  63
985  37
989  75
991  52
992  19
995  70
998  15
1000  45
1001  8
1003  3
1004  2
1005  53
1009  63
1013  7
1017  26
1017  28
1018  29
1022  37
1033  75
1035  45
1040  3
1049  57
1051  19
1057  69
1059  63
1060  65
1062  68
1071  2
1091  74
1095  36
1096  18
1098  78
1104  50
1104  66
1105  5
1106  44
1108  24
1108  55
1109  6
1109  18
1122  5
1123  37
1124  18
1124  25
1124  68
1124  79
1126  50
1127  62
1134  36
1135  55
1138  78
1140  18
1141  5
1143  24
1146  63
1149  74
1161  31
1167  50
1214  12
1226  45
1227  7
1230  3
1233  15
1235  73
1236  11
1240  75
1249  70
1250  2
1250  8
1253  53
1257  19
1260  63
1264  28
1265  45
1269  26
1271  3
1292  7
1292  37
1344  63
1352  75
1357  15
1371  45
1372  2
1398  36
1400  44
1400  78
1402  79
1404  6
1408  74
1411  62
1412  66
1416  18
1427  36
1431  18
1434  73
1436  78
1438  79
1440  11
1441  44
1442  8
1442  55
1454  6
1457  76
1464  53
1468  74
1476  36
1477  70
1481  66
1483  13
1494  28
1504  3
1512  7
1512  63
1517  37
1517  45
1520  19
1523  63
1525  26
1528  76
1530  2
1530  31
1532  57
1534  63
1537  75
1538  13
1538  73
1543  76
1544  44
1544  56
1545  26
1546  3
1549  63
1551  15
1551  31
1576  7
1597  18
1605  5
1607  78
1608  18
1609  55
1610  50
1611  68
1612  62
1614  79
1615  24
1617  37
1620  5
1620  18
1621  36
1622  77
1628  74
1629  6
1632  25
1632  50
1632  55
1632  68
1634  18
1639  5
1640  8
1646  24
1647  37
1647  78
1651  18
1664  66
1668  55
1681  79
1694  63
1698  45
1701  76
1705  3
1706  26
1707  31
1707  63
1708  2
1709  44
1710  13
1710  57
1712  19
1716  76
1718  26
1718  29
1720  75
1721  63
1722  77
1726  48
1729  44
1732  7
1733  26
1735  31
1736  76
1737  13
1737  20
1737  29
1739  63
1739  70
1741  45
1742  15
1742  56
1747  4
1747  57
1747  73
1748  2
1758  3
1769  51
1775  69
1780  42
1795  11
1796  53
1798  28
1799  18
1800  36
1809  5
1809  74
1811  62
1811  78
1812  8
1812  18
1814  50
1819  6
1819  37
1820  68
1825  55
1827  18
1828  5
1829  24
1839  79
1841  36
1846  50
1847  18
1853  78
1857  37
1857  68
1862  5
1862  66
1866  25
1882  74
1884  8
1904  63
1905  45
1913  73
1917  19
1917  75
1917  76
1918  63
1920  44
1921  3
1922  7
1922  52
1923  31
1931  13
1933  26
1934  2
1936  63
1937  70
1948  15
1956  45
1961  28
1965  11
1978  53
1985  36
1987  18
1993  62
1996  6
2002  55
2003  18
2003  78
2006  5
2006  79
2007  8
2010  50
2012  37
2020  24
2023  18
2027  68
2041  5
2046  74
2065  44
2066  63
2073  76
2075  73
2077  3
2081  63
2083  31
2084  7
2085  2
2085  26
2085  57
2086  75
2089  13
2089  45
2091  19
2094  76
2096  44
2099  63
2102  70
2106  73
2112  56
2113  29
2113  77
2114  26
2119  3
2124  31
2125  63
2132  15
2152  18
2152  36
2155  37
2157  55
2160  78
2161  11
2162  4
2164  52
2167  5
2168  79
2169  18
2170  6
2170  55
2171  50
2173  33
2173  62
2174  66
2175  8
2177  4
2180  37
2180  52
2180  61
2183  68
2184  55
2187  24
2188  18
2192  5
2194  36
2195  4
2195  74
2202  33
2202  52
2202  55
2206  12
2210  11
2210  78
2214  18
2218  25
2218  50
2220  37
2246  53
2247  44
2247  63
2252  39
2255  76
2257  26
2260  45
2263  63
2263  70
2263  77
2265  7
2265  29
2266  2
2268  13
2269  28
2270  75
2271  26
2272  57
2275  44
2275  48
2276  76
2277  3
2278  31
2279  73
2280  77
2281  19
2282  20
2283  29
2285  63
2287  26
2298  45
2303  76
2303  77
2311  26
2314  63
2316  70
2323  2
2324  44
2324  57
2325  13
2331  3
2331  15
2334  7
2346  18
2349  37
2356  8
2356  79
2357  36
2365  5
2365  6
2365  18
2368  37
2369  78
2372  68
2372  74
2374  62
2377  66
2379  50
2383  75
2384  24
2387  18
2391  37
2391  63
2392  8
2397  5
2401  45
2406  79
2411  19
2418  36
2419  44
2421  63
2431  18
2434  73
2438  31
2440  44
2442  76
2453  78
2458  63
2460  53
2461  74
2469  44
2473  3
2473  13
2475  2
2475  6
2477  18
2477  73
2478  63
2487  28
2488  7
2488  18
2490  63
2492  76
2499  31
2499  56
2500  18
2500  37
2502  62
2511  57
2513  44
2514  45
2515  63
2534  11
2534  36
2537  66
2559  15
2559  75
2568  79
2575  44
2576  26
2577  18
2578  63
2580  76
2589  78
2593  37
2594  55
2596  3
2597  5
2600  8
2600  50
2602  68
2606  4
2606  24
2607  55
2608  52
2610  11
2611  18
2612  19
2616  37
2617  74
2618  5
2622  55
2623  4
2626  52
2627  33
2634  8
2634  61
2635  11
2636  25
2639  55
2641  50
2646  4
2647  36
2647  68
2648  6
2648  53
2652  5
2652  52
2657  55
2668  37
2674  78
2676  11
2678  18
2679  45
2679  63
2683  70
2685  7
2688  2
2690  18
2690  63
2699  79
2701  26
2702  44
2702  73
2703  18
2703  63
2704  62
2705  24
2705  28
2707  29
2707  76
2708  77
2709  5
2710  70
2711  31
2714  13
2715  18
2715  26
2716  37
2717  63
2720  3
2722  48
2724  29
2724  44
2727  77
2728  57
2731  75
2732  20
2732  74
2733  26
2735  76
2736  36
2737  45
2737  70
2738  73
2739  30
2744  66
2748  69
2749  29
2750  2
2752  15
2752  77
2753  44
2756  26
2762  7
2770  31
2775  41
2777  19
2778  13
2782  6
2782  29
2788  26
2788  70
2793  48
2793  76
2794  63
2796  77
2797  44
2803  84
2805  56
2812  18
2815  63
2821  3
2825  18
2828  26
2830  63
2833  78
2834  5
2838  8
2838  51
2839  37
2840  18
2841  50
2845  79
2847  63
2852  68
2856  18
2858  5
2861  73
2863  44
2866  63
2867  62
2868  36
2869  57
2875  18
2876  37
2876  45
2881  76
2882  74
2883  55
2886  31
2887  29
2888  63
2893  4
2893  75
2894  24
2895  52
2895  53
2896  77
2897  18
2898  8
2898  11
2898  50
2899  55
2900  5
2904  37
2905  2
2911  63
2912  76
2914  7
2916  78
2917  4
2918  33
2919  55
2919  68
2924  52
2931  61
2932  36
2933  11
2947  55
2949  66
2956  4
2977  25
