26  63
30  18
43  37
51  26
55  44
59  5
59  45
60  55
62  76
63  3
73  2
74  7
85  63
98  79
110  19
111  29
114  75
133  36
155  52
156  4
156  15
166  70
170  74
189  78
191  18
195  77
202  8
214  73
216  11
263  53
283  63
285  28
306  37
321  45
324  3
439  2
446  7
451  26
455  63
476  75
537  70
543  18
551  44
553  6
553  36
557  11
557  62
558  78
561  66
562  79
565  8
566  73
566  74
568  55
575  18
588  53
602  36
606  28
612  76
636  13
641  3
644  45
649  63
652  37
655  19
661  7
661  15
662  2
683  75
689  45
690  63
699  3
712  5
734  26
740  37
813  70
827  11
835  8
836  73
849  63
851  45
851  53
853  2
854  19
854  28
857  7
866  3
1050  70
1066  11
1078  8
1078  73
1087  28
1088  53
1130  63
1136  45
1137  37
1137  75
1140  3
1144  15
1144  18
1147  2
1151  29
1153  7
1156  78
1157  36
1158  44
1158  74
1158  79
1159  52
1162  6
1162  18
1164  62
1166  55
1167  66
1176  36
1176  78
1179  79
1182  18
1183  44
1183  74
1192  6
1195  12
1208  16
1216  24
1216  63
1218  45
1221  26
1222  19
1225  3
1225  4
1229  2
1229  37
1230  7
1231  75
1232  63
1232  76
1236  15
1238  31
1240  57
1242  13
1243  26
1243  63
1246  45
1246  76
1249  77
1250  44
1253  56
1255  18
1256  31
1256  63
1261  3
1261  76
1263  13
1266  26
1266  57
1270  19
1271  63
1274  2
1277  69
1278  44
1280  31
1282  7
1282  73
1283  76
1285  18
1287  63
1288  75
1289  50
1291  51
1295  37
1307  42
1315  68
1331  36
1332  78
1336  74
1337  62
1338  5
1338  79
1342  66
1343  18
1343  55
1344  6
1350  8
1352  5
1354  50
1355  18
1356  78
1357  24
1358  36
1358  68
1362  25
1362  55
1367  5
1368  17
1369  18
1370  37
1376  50
1377  79
1379  74
1383  62
1384  55
1385  5
1385  18
1385  68
1386  24
1397  66
1402  78
1403  18
1408  6
1408  36
1411  30
1442  28
1444  11
1444  70
1449  53
1451  45
1455  3
1455  63
1464  76
1467  26
1469  63
1471  13
1471  31
1472  2
1472  44
1475  57
1476  15
1479  7
1479  19
1484  75
1484  76
1485  63
1487  73
1491  45
1496  26
1498  3
1499  39
1500  44
1501  13
1501  56
1504  31
1504  63
1516  76
1522  57
1533  2
1577  36
1578  8
1580  18
1580  78
1580  79
1582  74
1589  5
1591  62
1592  55
1593  50
1594  18
1594  37
1602  6
1602  68
1605  24
1607  5
1609  8
1609  18
1615  66
1617  11
1617  78
1618  70
1623  25
1623  55
1624  79
1626  37
1626  50
1630  36
1635  53
1641  28
1650  74
1667  45
1675  3
1680  7
1680  63
1686  73
1687  75
1690  19
1694  63
1696  26
1697  15
1697  76
1699  44
1701  31
1703  2
1708  13
1711  63
1717  45
1721  76
1722  3
1722  57
1731  73
1744  7
1783  18
1785  36
1794  5
1794  62
1794  78
1795  6
1795  8
1797  18
1805  79
1806  55
1815  37
1815  68
1820  66
1821  74
1827  11
1839  53
1840  70
1847  78
1855  45
1856  28
1866  75
1870  2
1870  3
1873  19
1893  15
1898  52
1908  7
1928  36
1933  29
1938  45
1940  44
1951  79
1954  6
1960  62
1961  74
1979  2
1985  3
1989  36
1993  75
2000  78
2007  37
2030  66
2031  19
2033  63
2057  7
2057  45
2060  79
2062  44
2066  18
2068  70
2070  11
2077  18
2082  5
2082  63
2083  8
2084  37
2084  53
2086  50
2086  55
2089  18
2091  28
2092  36
2092  68
2093  24
2097  5
2101  6
2101  74
2101  78
2102  18
2107  8
2108  50
2110  55
2112  37
2113  63
2115  62
2116  25
2118  73
2143  26
2143  63
2146  3
2147  44
2147  76
2149  31
2153  13
2155  73
2157  2
2157  63
2158  57
2161  26
2161  76
2162  15
2168  77
2170  31
2170  56
2171  29
2173  26
2173  63
2174  44
2174  75
2176  70
2178  76
2179  13
2179  48
2182  45
2184  73
2186  77
2189  7
2189  20
2190  3
2192  26
2192  63
2197  57
2201  31
2203  4
2206  44
2211  18
2220  19
2224  69
2225  18
2232  37
2233  5
2233  84
2237  55
2241  68
2242  18
2242  50
2243  52
2245  4
2245  8
2245  11
2245  36
2246  24
2246  79
2250  55
2251  5
2252  33
2252  78
2254  66
2254  74
2259  52
2260  61
2262  4
2262  18
2263  6
2263  37
2265  55
2273  5
2279  24
2279  50
2279  68
2280  12
2281  52
2286  11
2288  18
2290  55
2299  4
2313  62
2313  63
2320  53
2321  44
2324  76
2326  26
2329  63
2330  45
2331  29
2332  77
2333  70
2334  2
2334  13
2341  26
2343  31
2345  76
2350  63
2350  77
2351  29
2352  7
2352  48
2352  75
2353  3
2358  15
2358  26
2363  73
2365  57
2371  29
2372  76
2375  44
2375  77
2376  20
2377  63
2382  26
2389  56
2395  13
2398  45
2401  70
2405  19
2414  2
2414  18
2414  63
2418  37
2422  28
2430  36
2431  5
2432  8
2432  18
2433  78
2434  79
2439  55
2441  74
2443  50
2444  11
2448  52
2450  4
2450  68
2451  37
2455  5
2456  18
2456  55
2457  6
2461  33
2465  24
2466  78
2471  36
2471  66
2472  25
2477  52
2478  4
2478  55
2480  61
2486  79
2487  18
2493  11
2493  62
2496  8
2497  5
2502  37
2510  50
2512  18
2513  63
2524  44
2535  3
2538  63
2538  76
2540  7
2540  73
2541  31
2542  26
2542  53
2543  75
2547  70
2549  45
2551  29
2552  44
2552  77
2558  57
2561  26
2561  76
2562  2
2563  13
2567  63
2573  3
2574  15
2577  70
2578  73
2579  28
2580  48
2583  29
2583  77
2585  31
2586  19
2588  26
2601  44
2606  63
2608  76
2620  18
2622  44
2622  45
2623  63
2629  74
2630  18
2631  36
2635  37
2636  63
2639  7
2641  18
2642  78
2644  6
2651  5
2651  37
2653  55
2653  63
2654  68
2655  8
2655  79
2657  18
2660  62
2662  11
2665  4
2665  52
2666  24
2670  50
2670  63
2671  37
2672  18
2672  66
2673  55
2678  2
2678  5
2678  75
2682  33
2684  74
2686  36
2693  52
2694  78
2695  37
2696  11
2698  4
2698  55
2699  8
2703  3
2706  45
2710  68
2729  64
2730  53
2733  37
2736  55
2737  5
2758  61
2763  50
2770  79
2772  4
2772  11
2773  6
2788  52
2792  25
2794  55
2807  18
2808  36
2827  18
2828  63
2830  24
2832  5
2836  37
2837  44
2839  8
2839  18
2839  63
2839  76
2844  26
2848  19
2848  73
2849  28
2850  13
2850  31
2850  78
2851  7
2852  70
2853  15
2853  44
2853  62
2854  29
2854  77
2855  57
2857  3
2858  63
2859  74
2860  26
2861  76
2863  2
2865  45
2867  75
2871  73
2875  48
2877  20
2878  56
2878  70
2880  77
2881  26
2883  29
2888  31
2890  13
2898  76
2902  26
2908  44
2909  57
2921  18
2921  63
2926  3
2926  77
2927  70
2928  44
2933  18
2934  63
2936  7
2937  5
2938  76
2942  29
2942  37
2943  36
2946  18
2947  66
2948  55
2948  63
2949  26
2953  68
2953  79
2955  51
2957  5
2957  44
2957  45
2957  50
2958  4
2959  2
2960  52
2961  11
2961  18
2964  6
2964  19
2964  63
2966  37
2969  74
2969  76
2969  78
2970  8
2974  55
2975  73
2978  18
2978  31
2978  53
2980  63
2981  33
2983  5
2989  24
2993  40
2994  13
2997  18
2998  15
2999  44
2999  77
3000  4
3001  37
3002  26
3002  63
3003  75
3004  62
3008  41
3008  52
3009  11
3012  36
3012  45
3012  55
3012  76
3014  68
3016  70
3018  18
3019  50
3020  30
3020  78
3026  29
3027  63
3033  5
3035  79
3039  7
3040  28
3044  18
3055  44
3055  63
3057  3
3058  37
3061  55
3063  48
3074  18
3077  8
3077  26
3084  57
3086  63
3089  2
3092  76
3104  4
3106  6
3106  73
3107  18
3114  31
3118  11
3118  66
3119  63
3122  37
3128  74
3133  52
3134  61
3138  55
3140  18
3148  5
3148  44
3148  45
3149  36
3153  19
3153  63
3159  50
3162  76
3162  77
3163  13
3163  26
3166  3
3169  70
3171  75
3172  24
3175  18
3178  68
3183  37
3183  63
3185  29
3186  5
3193  44
3193  78
3194  25
3199  8
3201  15
3202  56
3202  62
3203  55
3203  79
3204  26
3208  7
3209  18
3212  4
3214  20
3215  33
3216  73
3220  11
3220  63
3226  31
3227  53
3228  76
3231  36
3234  77
3236  2
3239  70
3241  37
3243  18
3244  52
3248  44
3250  74
3252  63
3253  5
3261  29
3263  57
3264  6
3264  28
3264  45
3265  26
3271  55
3277  18
3283  50
3289  63
3289  76
3290  78
3294  3
3312  18
3313  37
3315  44
3319  4
3320  13
3324  63
3325  5
3330  8
3338  68
3341  11
3341  19
3341  79
3343  66
3344  24
3345  55
3346  75
3360  52
3364  36
3400  62
3415  55
3420  50
3434  74
3442  4
3447  78
3449  11
3457  6
3466  53
3472  8
3478  55
3485  52
3487  36
3503  5
3504  61
3506  68
3506  79
3511  33
