30  18
30  63
55  37
55  44
60  26
60  55
62  5
62  76
110  2
135  79
138  3
144  45
149  63
155  29
155  52
191  18
195  4
195  77
196  7
202  8
223  36
273  13
277  31
277  70
289  78
290  73
298  75
336  63
349  11
351  76
359  19
369  44
369  57
394  15
406  37
411  26
464  45
471  28
478  53
479  3
508  2
532  63
561  7
612  18
641  75
656  8
665  37
675  45
681  70
687  63
691  3
693  19
700  73
716  5
718  11
734  2
745  15
783  53
783  55
789  28
951  8
967  70
984  73
995  11
1024  18
1041  53
1042  63
1046  7
1046  45
1047  3
1048  28
1051  37
1054  26
1054  75
1055  2
1057  19
1063  63
1070  15
1071  45
1072  3
1082  7
1083  29
1093  36
1094  79
1095  37
1100  2
1101  74
1127  44
1127  78
1133  6
1133  18
1134  62
1137  36
1137  66
1142  79
1143  74
1144  52
1148  78
1152  55
1153  18
1155  44
1161  6
1165  36
1169  62
1169  76
1179  8
1184  73
1187  12
1187  24
1197  63
1203  3
1204  45
1207  75
1211  11
1211  63
1212  26
1216  13
1217  7
1217  31
1218  19
1218  76
1221  57
1224  63
1225  15
1225  77
1231  44
1232  18
1232  56
1235  26
1235  76
1236  2
1237  31
1238  37
1239  63
1240  13
1254  57
1255  45
1257  63
1258  76
1259  3
1263  26
1266  18
1267  44
1269  50
1270  31
1271  75
1288  7
1292  51
1305  42
1307  69
1316  4
1317  70
1327  53
1328  78
1329  28
1332  74
1334  36
1334  79
1335  66
1342  6
1346  68
1351  78
1352  62
1357  55
1361  18
1364  5
1369  74
1371  36
1372  79
1373  18
1378  50
1379  5
1379  55
1383  24
1383  68
1384  8
1387  18
1387  25
1387  37
1387  66
1394  5
1397  78
1401  6
1401  50
1404  18
1405  55
1461  63
1462  45
1467  3
1467  73
1468  2
1469  19
1474  63
1474  76
1479  13
1480  26
1480  44
1481  31
1483  15
1485  75
1486  57
1489  7
1489  63
1493  76
1500  3
1505  45
1506  63
1507  2
1508  56
1509  13
1509  44
1515  26
1519  31
1532  37
1554  11
1566  36
1568  70
1572  53
1573  28
1575  79
1578  18
1579  74
1580  62
1580  78
1584  5
1584  8
1590  18
1594  24
1594  50
1594  68
1596  55
1599  6
1602  36
1604  5
1604  37
1608  66
1609  18
1614  8
1618  78
1627  79
1640  74
1657  73
1665  45
1672  19
1673  3
1675  7
1675  63
1678  75
1685  2
1686  76
1688  63
1688  73
1691  15
1695  57
1696  44
1697  26
1702  31
1716  13
1725  3
1725  45
1735  11
1748  70
1755  36
1766  62
1767  28
1768  53
1775  6
1778  78
1794  79
1807  74
1811  66
1812  36
1843  7
1845  2
1848  37
1850  19
1850  75
1853  45
1867  3
1880  78
1882  15
1888  18
1889  44
1891  29
1895  52
1896  62
1899  79
1912  6
1917  7
1922  36
1934  74
1936  2
1940  45
1945  63
1962  11
1972  37
1976  75
1986  19
1988  3
1998  8
1999  53
1999  70
2012  28
2023  78
2026  18
2026  63
2050  18
2050  55
2054  45
2055  36
2056  5
2059  37
2059  66
2060  44
2060  50
2062  18
2062  68
2063  73
2065  79
2066  24
2066  63
2067  8
2069  5
2069  55
2077  62
2082  6
2082  74
2083  25
2087  18
2093  37
2097  78
2113  7
2118  63
2119  2
2119  26
2120  76
2124  44
2125  3
2126  31
2129  13
2130  57
2130  73
2131  63
2133  76
2136  15
2139  26
2146  56
2146  63
2148  31
2150  75
2151  76
2152  26
2152  77
2155  29
2155  44
2156  13
2158  70
2160  73
2163  63
2165  57
2168  48
2170  76
2174  45
2178  19
2183  3
2188  11
2193  18
2196  20
2199  4
2201  5
2203  37
2203  50
2203  55
2205  8
2207  18
2207  68
2211  24
2211  28
2211  36
2212  52
2213  4
2215  5
2215  55
2219  33
2219  53
2222  11
2222  18
2226  50
2227  61
2228  55
2228  79
2229  52
2229  78
2230  4
2233  30
2235  5
2235  6
2235  37
2236  68
2238  74
2240  18
2245  55
2247  24
2250  52
2250  66
2251  12
2258  36
2260  39
2263  25
2264  33
2266  50
2269  18
2271  62
2273  8
2277  63
2282  44
2284  26
2287  77
2290  76
2291  29
2292  31
2293  63
2297  70
2298  13
2298  26
2302  7
2303  77
2310  29
2313  76
2314  48
2315  44
2323  77
2335  26
2337  29
2351  77
2354  20
2396  29
2406  77
2447  70
2484  48
2516  77
2517  29
3411  63
3434  18
