30  18
30  63
55  37
55  44
60  26
60  55
62  5
62  76
110  2
135  79
138  3
144  45
149  63
155  29
155  52
191  18
195  4
195  77
196  7
202  8
223  36
277  70
289  78
296  75
308  19
346  11
362  15
366  63
375  73
405  53
414  37
442  28
470  18
480  74
486  6
486  44
495  62
509  66
565  3
565  45
577  63
578  2
582  26
592  7
632  75
656  37
666  19
686  45
688  63
698  70
702  8
710  3
723  5
727  11
742  15
744  73
758  53
765  28
784  76
797  55
842  18
903  63
905  2
908  7
910  45
916  3
917  37
919  75
930  26
934  19
945  63
949  8
957  2
958  70
978  36
978  78
978  79
984  18
984  74
985  44
989  6
991  29
992  62
995  11
998  66
1000  36
1001  73
1003  78
1004  79
1005  28
1009  18
1013  74
1017  53
1017  55
1018  52
1022  44
1033  6
1035  36
1040  78
1049  24
1051  62
1057  12
1059  18
1060  16
1062  13
1071  79
1091  7
1095  45
1096  63
1098  3
1104  15
1104  31
1105  76
1106  37
1108  26
1108  57
1109  63
1109  75
1122  76
1123  44
1124  2
1124  13
1124  56
1124  63
1126  31
1127  19
1134  45
1135  26
1138  3
1140  63
1141  76
1143  57
1146  18
1149  7
1161  50
1167  31
1214  69
1226  36
1227  74
1230  78
1233  66
1235  8
1236  70
1240  6
1249  11
1250  73
1250  79
1253  28
1257  62
1260  18
1264  53
1265  36
1269  55
1271  78
1292  44
1292  74
1344  18
1352  6
1357  66
1371  36
1372  79
1398  45
1400  3
1400  37
1402  2
1404  75
1408  7
1411  19
1412  15
1416  63
1427  45
1431  63
1434  8
1436  3
1438  2
1440  70
1441  37
1442  26
1442  73
1454  75
1457  5
1464  28
1468  7
1476  45
1477  11
1481  15
1483  68
1494  53
1504  78
1512  18
1512  74
1517  36
1517  44
1520  62
1523  18
1525  55
1528  5
1530  50
1530  79
1532  24
1534  18
1537  6
1538  8
1538  68
1543  5
1544  25
1544  37
1545  55
1546  78
1549  18
1551  50
1551  66
1576  74
1597  63
1605  76
1607  3
1608  63
1609  26
1610  31
1611  13
1612  19
1614  2
1615  57
1617  44
1620  63
1620  76
1621  45
1622  4
1628  7
1629  75
1632  13
1632  26
1632  31
1632  56
1634  63
1639  76
1640  73
1646  57
1647  3
1647  44
1651  63
1664  15
1668  26
1681  2
1694  18
1698  36
1701  5
1705  78
1706  55
1707  18
1707  50
1708  79
1709  37
1710  24
1710  68
1712  62
1716  5
1718  52
1718  55
1720  6
1721  18
1722  4
1726  33
1729  37
1732  74
1733  55
1735  50
1736  5
1737  52
1737  61
1737  68
1739  11
1739  18
1741  36
1742  25
1742  66
1747  8
1747  24
1747  77
1748  79
1758  78
1769  30
1775  12
1780  39
1795  70
1796  28
1798  53
1799  63
1800  45
1809  7
1809  76
1811  3
1811  19
1812  63
1812  73
1814  31
1819  44
1819  75
1820  13
1825  26
1827  63
1828  76
1829  57
1839  2
1841  45
1846  31
1847  63
1853  3
1857  13
1857  44
1862  15
1862  76
1866  56
1882  7
1884  73
1904  18
1905  36
1913  8
1917  5
1917  6
1917  62
1918  18
1920  37
1921  78
1922  29
1922  74
1923  50
1931  68
1933  55
1934  79
1936  18
1937  11
1948  66
1956  36
1961  53
1965  70
1978  28
1985  45
1987  63
1993  19
1996  75
2002  26
2003  3
2003  63
2006  2
2006  76
2007  73
2010  31
2012  44
2020  57
2023  63
2027  13
2041  76
2046  7
2065  37
2066  18
2073  5
2075  8
2077  78
2081  18
2083  50
2084  74
2085  24
2085  55
2085  79
2086  6
2089  36
2089  68
2091  62
2094  5
2096  37
2099  18
2102  11
2106  8
2112  25
2113  4
2113  52
2114  55
2119  78
2124  50
2125  18
2132  66
2152  45
2152  63
2155  44
2157  26
2160  3
2161  70
2162  77
2164  29
2167  76
2168  2
2169  63
2170  26
2170  75
2171  31
2173  19
2173  48
2174  15
2175  73
2177  77
2180  20
2180  29
2180  44
2183  13
2184  26
2187  57
2188  63
2192  76
2194  45
2195  7
2195  77
2202  26
2202  29
2202  48
2206  69
2210  3
2210  70
2214  63
2218  31
2218  56
2220  44
2246  28
2247  18
2247  37
2252  42
2255  5
2257  55
2260  36
2263  4
2263  11
2263  18
2265  52
2265  74
2266  79
2268  68
2269  53
2270  6
2271  55
2272  24
2275  33
2275  37
2276  5
2277  78
2278  50
2279  8
2280  4
2281  62
2282  61
2283  52
2285  18
2287  55
2298  36
2303  4
2303  5
2311  55
2314  18
2316  11
2323  79
2324  24
2324  37
2325  68
2331  66
2331  78
2334  74
2346  63
2349  44
2356  2
2356  73
2357  45
2365  63
2365  75
2365  76
2368  44
2369  3
2372  7
2372  13
2374  19
2377  15
2379  31
2383  6
2384  57
2387  63
2391  18
2391  44
2392  73
2397  76
2401  36
2406  2
2411  62
2418  45
2419  37
2421  18
2431  63
2434  8
2438  50
2440  37
2442  5
2453  3
2458  18
2460  28
2461  7
2469  37
2473  68
2473  78
2475  75
2475  79
2477  8
2477  63
2478  18
2487  53
2488  63
2488  74
2490  18
2492  5
2499  25
2499  50
2500  44
2500  63
2502  19
2511  24
2513  37
2514  36
2515  18
2534  45
2534  70
2537  15
2559  6
2559  66
2568  2
2575  37
2576  55
2577  63
2578  18
2580  5
2589  3
2593  44
2594  26
2596  78
2597  76
2600  31
2600  73
2602  13
2606  57
2606  77
2607  26
2608  29
2610  70
2611  63
2612  62
2616  44
2617  7
2618  76
2622  26
2623  77
2626  29
2627  48
2634  20
2634  73
2635  70
2636  56
2639  26
2641  31
2646  77
2647  13
2647  45
2648  28
2648  75
2652  29
2652  76
2657  26
2668  44
2674  3
2676  70
2678  63
2679  18
2679  36
2683  11
2685  74
2688  79
2690  18
2690  63
2699  2
2701  55
2702  8
2702  37
2703  18
2703  63
2704  19
2705  53
2705  57
2707  5
2707  52
2708  4
2709  76
2710  11
2711  50
2714  68
2715  55
2715  63
2716  44
2717  18
2720  78
2722  33
2724  37
2724  52
2727  4
2728  24
2731  6
2732  7
2732  61
2733  55
2735  5
2736  45
2737  11
2737  36
2738  8
2739  51
2744  15
2748  12
2749  52
2750  79
2752  4
2752  66
2753  37
2756  55
2762  74
2770  50
2775  40
2777  62
2778  68
2782  52
2782  75
2788  11
2788  55
2793  5
2793  33
2794  18
2796  4
2797  37
2803  97
2805  25
2812  63
2815  18
2821  78
2825  63
2828  55
2830  18
2833  3
2834  76
2838  30
2838  73
2839  44
2840  63
2841  31
2845  2
2847  18
2852  13
2856  63
2858  76
2861  8
2863  37
2866  18
2867  19
2868  45
2869  24
2875  63
2876  36
2876  44
2881  5
2882  7
2883  26
2886  50
2887  52
2888  18
2893  6
2893  77
2894  57
2895  28
2895  29
2896  4
2897  63
2898  31
2898  70
2898  73
2899  26
2900  76
2904  44
2905  79
2911  18
2912  5
2914  74
2916  3
2917  77
2918  48
2919  13
2919  26
2924  29
2931  20
2932  45
2933  70
2947  26
2949  15
2956  77
2977  56
