30  18
30  63
55  37
55  44
60  26
60  55
62  5
62  76
135  2
135  79
149  29
149  52
167  11
167  70
189  4
189  77
191  18
191  63
201  8
201  73
207  36
207  45
277  78
283  3
330  74
344  6
364  62
428  28
428  53
597  63
618  37
620  18
628  70
629  11
630  7
649  75
661  8
661  73
664  5
666  26
675  19
727  44
736  36
738  55
739  78
742  18
742  79
746  76
748  66
748  74
755  6
764  62
778  36
781  53
798  28
830  45
831  3
831  63
835  2
841  24
842  15
848  37
850  7
857  75
861  45
861  63
866  3
870  2
871  19
890  26
891  29
903  70
910  8
922  11
936  73
943  15
958  18
959  78
964  44
968  79
972  36
972  74
979  6
988  66
992  18
995  62
1011  52
1014  55
1030  63
1031  7
1033  45
1037  3
1039  37
1043  53
1046  2
1049  75
1064  63
1066  19
1078  45
1100  3
1115  7
1123  37
1141  28
1144  63
1154  2
1154  26
1171  70
1172  75
1174  15
1176  8
1176  11
1184  45
1198  73
1201  78
1206  36
1207  18
1210  79
1211  44
1213  74
1219  6
1228  62
1229  78
1233  66
1235  18
1235  36
1246  79
1253  44
1256  74
1257  55
1269  53
1282  78
1283  6
1285  18
1292  36
1329  3
1329  63
1333  13
1338  7
1338  19
1342  37
1342  45
1345  2
1347  28
1355  75
1363  63
1367  3
1371  15
1380  70
1388  8
1397  5
1397  45
1403  11
1403  26
1421  7
1428  73
1439  37
1442  2
1442  19
1451  63
1467  3
1500  75
1514  18
1515  53
1516  36
1518  74
1518  78
1519  79
1521  44
1522  62
1528  66
1530  6
1531  45
1540  18
1546  55
1548  76
1548  78
1549  36
1552  79
1566  74
1571  44
1588  28
1588  63
1590  2
1593  7
1598  52
1603  3
1612  37
1618  15
1624  8
1626  70
1630  45
1631  11
1635  19
1637  26
1650  63
1651  29
1657  77
1666  73
1666  75
1691  18
1695  36
1698  4
1702  62
1703  78
1705  6
1713  66
1715  79
1719  74
1724  18
1728  44
1736  18
1738  55
1740  5
1740  50
1740  68
1749  24
1750  53
1760  36
1766  78
1794  8
1794  63
1796  3
1800  31
1801  2
1801  7
1802  45
1802  76
1805  57
1805  63
1806  13
1806  26
1806  37
1809  73
1815  76
1816  31
1817  63
1818  56
1821  44
1825  28
1827  15
1829  26
1830  13
1831  3
1832  19
1832  75
1835  57
1852  11
1854  70
1856  7
1867  18
1870  5
1875  50
1875  55
1876  79
1878  36
1878  68
1879  6
1879  18
1883  62
1884  5
1884  74
1885  24
1886  8
1887  37
1890  25
1891  18
1894  50
1895  66
1895  78
1896  55
1900  5
1900  68
1906  18
1912  24
1928  30
1945  63
1951  76
1956  31
1957  26
1957  63
1958  45
1959  44
1963  77
1965  29
1965  76
1966  2
1966  13
1969  26
1971  63
1973  48
1973  73
1975  57
1977  3
1978  77
1980  20
1980  31
1981  44
1982  29
1983  26
1983  76
1987  63
1995  75
1997  69
1998  70
1999  77
2003  13
2003  56
2006  63
2007  45
2007  76
2008  19
2010  7
2010  15
2014  2
2020  26
2021  51
2023  42
2035  18
2036  37
2044  5
2044  55
2047  79
2048  50
2049  18
2051  4
2051  36
2051  52
2055  68
2055  74
2055  78
2057  55
2058  37
2061  5
2061  33
2063  6
2065  11
2066  4
2066  8
2066  52
2068  61
2073  24
2076  55
2077  50
2085  4
2085  5
2088  25
2088  52
2089  37
2090  12
2097  68
2101  55
2103  33
2109  4
2113  18
2116  5
2120  52
2121  55
2130  18
2130  39
2137  11
2141  50
2142  62
2148  36
2149  66
2154  78
2155  18
2159  53
2161  8
2165  79
2171  63
2172  44
2175  3
2175  28
2176  73
2184  45
2186  31
2186  63
2187  76
2194  2
2195  57
2196  7
2197  13
2198  75
2199  26
2200  3
2201  70
2203  44
2204  19
2204  63
2204  73
2205  29
2208  76
2208  77
2216  26
2219  31
2219  48
2221  15
2223  63
2225  70
2229  45
2244  57
2248  44
2266  28
2269  18
2271  37
2271  74
2273  6
2278  36
2281  53
2284  5
2285  55
2287  11
2287  18
2288  78
2289  8
2291  62
2295  4
2296  79
2297  24
2297  52
2297  68
2303  37
2304  50
2304  55
2307  18
2309  11
2312  66
2313  5
2315  61
2322  36
2325  74
2330  8
2335  18
2341  37
2345  63
2351  78
2358  6
2358  44
2363  63
2368  73
2369  76
2370  7
2371  2
2372  45
2373  3
2376  13
2376  26
2378  75
2380  31
2381  29
2384  77
2385  63
2386  70
2389  19
2392  26
2393  76
2403  29
2405  73
2406  20
2406  56
2411  44
2411  63
2411  77
2414  15
2419  48
2424  57
2435  18
2436  3
2444  37
2455  55
2458  5
2458  18
2462  79
2465  4
2465  36
2466  50
2467  68
2468  11
2468  52
2468  62
2474  55
2477  8
2482  24
2482  33
2483  74
2485  18
2487  5
2488  78
2492  4
2493  53
2497  52
2497  55
2499  11
2501  66
2503  25
2510  37
2519  18
2520  63
2521  6
2534  44
2535  45
2539  7
2543  28
2543  63
2545  2
2546  76
2548  36
2549  26
2551  31
2552  13
2556  75
2557  70
2558  44
2560  29
2563  77
2564  3
2565  26
2566  73
2569  76
2570  19
2572  63
2580  45
2582  70
2586  26
2591  29
2593  77
2599  31
2602  2
2602  57
2605  63
2611  15
2614  26
2614  76
2616  13
2623  48
2625  44
2626  7
2636  18
2638  63
2644  20
2646  18
2647  73
2650  37
2650  63
2650  79
2653  44
2657  18
2657  78
2662  74
2664  5
2664  63
2665  50
2665  62
2666  8
2666  68
2667  37
2673  3
2673  24
2673  55
2679  75
2680  6
2680  36
2683  4
2684  11
2684  18
2684  52
2686  5
2686  37
2690  45
2691  79
2693  55
2701  8
2701  66
2701  78
2706  33
2708  50
2710  68
2711  37
2713  19
2714  4
2715  53
2716  61
2718  55
2719  52
2723  2
2723  5
2725  11
2732  74
2733  7
2746  37
2753  36
2757  55
2772  18
2779  28
2781  4
2789  45
2801  24
2801  37
2807  3
2812  18
2813  5
2816  63
2821  55
2822  11
2822  50
2823  52
2824  18
2827  63
2830  62
2830  76
2831  44
2837  18
2837  26
2839  8
2839  63
2840  25
2841  15
2844  31
2844  70
2845  77
2847  44
2848  29
2850  13
2850  75
2850  78
2851  76
2852  73
2854  26
2858  57
2860  6
2862  79
2871  56
2871  70
2872  2
2872  77
2874  7
2877  26
2877  29
2884  31
2893  76
2900  45
2901  48
2903  3
2903  73
2907  19
2908  26
2918  70
2921  77
2930  63
2934  13
2935  29
2943  44
2961  26
2964  44
2965  76
2972  36
2974  53
2980  57
2980  63
2996  20
2999  31
3006  28
3009  18
3010  63
3015  44
3019  18
3022  63
3023  5
3023  70
3024  37
3026  74
3028  26
3028  75
3028  77
3029  76
3030  18
3032  78
3033  2
3034  55
3035  45
3035  63
3035  66
3035  68
3037  5
3039  36
3040  3
3040  6
3040  62
3041  50
3041  79
3042  8
3042  18
3042  37
3043  4
3043  52
3044  11
3044  24
3045  73
3046  44
3047  7
3048  29
3050  63
3053  55
3054  18
3055  5
3055  74
3056  76
3057  15
3059  33
3062  13
3064  37
3065  4
3067  63
3069  18
3069  19
3069  68
3069  78
3071  52
3078  55
3079  12
3079  30
3079  41
3079  69
3080  45
3081  61
3082  11
3084  64
3085  40
3085  63
3086  18
3087  50
3088  8
3097  5
3098  37
3098  79
3099  36
3100  44
3106  2
3106  18
3107  63
3108  31
3108  55
3109  76
3116  57
3117  26
3128  7
3128  66
3129  18
3130  4
3130  17
3132  24
3134  63
3136  5
3136  77
3139  97
3140  70
3146  37
3147  73
3149  44
3153  26
3155  3
3156  18
3156  29
3162  52
3164  63
3166  53
3169  55
3169  76
3175  11
3179  25
3181  62
3184  48
3184  68
3185  56
3185  75
3186  18
3189  6
3193  63
3195  5
3197  74
3202  78
3207  8
3211  36
3212  50
3213  37
3214  26
3217  44
3218  18
3222  45
3224  13
3228  63
3234  70
3234  77
3235  55
3237  4
3237  31
3237  33
3238  76
3250  79
3251  28
3252  18
3262  5
3263  63
3271  19
3275  37
3276  29
3277  11
3278  3
3280  15
3280  44
3283  18
3288  52
3289  73
3294  63
3297  26
3298  2
3303  55
3303  76
3312  7
3318  18
3323  78
3324  57
3329  4
3331  63
3335  8
3340  37
3340  44
3341  36
3342  50
3344  24
3345  5
3345  77
3351  68
3352  45
3354  18
3355  74
3359  70
3363  26
3364  6
3365  13
3365  63
3366  75
3369  55
3374  62
3374  66
3376  31
3379  76
3383  20
3385  29
3388  18
3392  52
3394  37
3396  11
3397  79
3398  3
3401  63
3406  5
3408  44
3409  73
3423  18
3423  26
3425  53
3428  61
3433  2
3435  63
3437  76
3440  55
3442  7
3443  36
3444  4
3445  45
3447  8
3447  78
3453  77
3458  18
3458  19
3461  44
3467  37
3467  70
3468  48
3468  63
3471  50
3480  5
3489  28
3493  18
3493  57
3494  15
3497  26
3497  29
3498  68
3504  63
3507  55
3508  74
3509  11
3510  31
3514  13
3517  6
3518  24
3519  52
3520  76
3521  3
3528  18
3528  44
3529  37
3530  75
3535  73
