post
1
11
0
2
11
6
17
4
18
6
4
2
1
5
14
3
1
12
14
10
11
13
17
9
18
11
4
9
15
13
14
4
1
8
4
15
11
0
14
7
2
6
13
3
10
6
11
4
5
9
2
12
13
9
1
6
14
9
delay_length
1
1
1
1
1
1
1
1
1
1
1
1
1
1
1
1
1
1
1
1
1
1
1
1
1
1
1
1
1
1
1
1
2
0
2
0
2
0
2
0
-12851
-12851
-12851
-12851
-12851
-12851
-12851
-12851
-12851
-12851
-12851
-12851
-12851
-12851
-12851
-12851
-12851
-12851
delays
[0][0][0]0
[0][0][1]-12851
[0][1][0]1
[0][1][1]-12851
[1][0][0]0
[1][0][1]-12851
[1][1][0]1
[1][1][1]-12851
[2][0][0]0
[2][0][1]-12851
[2][1][0]1
[2][1][1]-12851
[3][0][0]0
[3][0][1]-12851
[3][1][0]1
[3][1][1]-12851
[4][0][0]0
[4][0][1]-12851
[4][1][0]1
[4][1][1]-12851
[5][0][0]0
[5][0][1]-12851
[5][1][0]1
[5][1][1]-12851
[6][0][0]0
[6][0][1]-12851
[6][1][0]1
[6][1][1]-12851
[7][0][0]0
[7][0][1]-12851
[7][1][0]1
[7][1][1]-12851
[8][0][0]0
[8][0][1]-12851
[8][1][0]1
[8][1][1]-12851
[9][0][0]0
[9][0][1]-12851
[9][1][0]1
[9][1][1]-12851
[10][0][0]0
[10][0][1]-12851
[10][1][0]1
[10][1][1]-12851
[11][0][0]0
[11][0][1]-12851
[11][1][0]1
[11][1][1]-12851
[12][0][0]0
[12][0][1]-12851
[12][1][0]1
[12][1][1]-12851
[13][0][0]0
[13][0][1]-12851
[13][1][0]1
[13][1][1]-12851
[14][0][0]0
[14][0][1]-12851
[14][1][0]1
[14][1][1]-12851
[15][0][0]0
[15][0][1]-12851
[15][1][0]1
[15][1][1]-12851
[16][0][0]0
[16][0][1]1
[16][1][0]-12851
[16][1][1]-12851
[17][0][0]0
[17][0][1]1
[17][1][0]-12851
[17][1][1]-12851
[18][0][0]0
[18][0][1]1
[18][1][0]-12851
[18][1][1]-12851
[19][0][0]0
[19][0][1]1
[19][1][0]-12851
[19][1][1]-12851
[20][0][0]-12851
[20][0][1]-12851
[20][1][0]-12851
[20][1][1]-12851
[21][0][0]-12851
[21][0][1]-12851
[21][1][0]-12851
[21][1][1]-12851
[22][0][0]-12851
[22][0][1]-12851
[22][1][0]-12851
[22][1][1]-12851
[23][0][0]-12851
[23][0][1]-12851
[23][1][0]-12851
[23][1][1]-12851
[24][0][0]-12851
[24][0][1]-12851
[24][1][0]-12851
[24][1][1]-12851
[25][0][0]-12851
[25][0][1]-12851
[25][1][0]-12851
[25][1][1]-12851
[26][0][0]-12851
[26][0][1]-12851
[26][1][0]-12851
[26][1][1]-12851
[27][0][0]-12851
[27][0][1]-12851
[27][1][0]-12851
[27][1][1]-12851
[28][0][0]-12851
[28][0][1]-12851
[28][1][0]-12851
[28][1][1]-12851
N_pre
1
3
2
1
4
1
2
0
0
2
1
4
1
2
3
1
0
2
2
0
0
0
0
0
0
0
0
2
2
I_pre
1
-842150451
-842150451
-842150451
-842150451
-842150451
0
6
8
-842150451
-842150451
-842150451
1
5
-842150451
-842150451
-842150451
-842150451
7
-842150451
-842150451
-842150451
-842150451
-842150451
3
5
13
15
-842150451
-842150451
6
-842150451
-842150451
-842150451
-842150451
-842150451
2
4
-842150451
-842150451
-842150451
-842150451
-842150451
-842150451
-842150451
-842150451
-842150451
-842150451
-842150451
-842150451
-842150451
-842150451
-842150451
-842150451
11
13
-842150451
-842150451
-842150451
-842150451
9
-842150451
-842150451
-842150451
-842150451
-842150451
0
2
10
12
-842150451
-842150451
8
-842150451
-842150451
-842150451
-842150451
-842150451
10
14
-842150451
-842150451
-842150451
-842150451
7
9
15
-842150451
-842150451
-842150451
14
-842150451
-842150451
-842150451
-842150451
-842150451
-842150451
-842150451
-842150451
-842150451
-842150451
-842150451
3
11
-842150451
-842150451
-842150451
-842150451
4
12
-842150451
-842150451
-842150451
-842150451
-842150451
-842150451
-842150451
-842150451
-842150451
-842150451
-842150451
-842150451
-842150451
-842150451
-842150451
-842150451
-842150451
-842150451
-842150451
-842150451
-842150451
-842150451
-842150451
-842150451
-842150451
-842150451
-842150451
-842150451
-842150451
-842150451
-842150451
-842150451
-842150451
-842150451
-842150451
-842150451
-842150451
-842150451
-842150451
-842150451
-842150451
-842150451
-842150451
-842150451
-842150451
-842150451
-842150451
-842150451
-842150451
-842150451
-842150451
-842150451
1
6
-842150451
-842150451
-842150451
-842150451
14
9
-842150451
-842150451
-842150451
-842150451
D_pre
0
-842150451
-842150451
-842150451
-842150451
-842150451
0
0
0
-842150451
-842150451
-842150451
1
1
-842150451
-842150451
-842150451
-842150451
1
-842150451
-842150451
-842150451
-842150451
-842150451
1
0
0
1
-842150451
-842150451
1
-842150451
-842150451
-842150451
-842150451
-842150451
1
1
-842150451
-842150451
-842150451
-842150451
-842150451
-842150451
-842150451
-842150451
-842150451
-842150451
-842150451
-842150451
-842150451
-842150451
-842150451
-842150451
1
1
-842150451
-842150451
-842150451
-842150451
1
-842150451
-842150451
-842150451
-842150451
-842150451
1
0
0
1
-842150451
-842150451
1
-842150451
-842150451
-842150451
-842150451
-842150451
1
1
-842150451
-842150451
-842150451
-842150451
0
0
0
-842150451
-842150451
-842150451
0
-842150451
-842150451
-842150451
-842150451
-842150451
-842150451
-842150451
-842150451
-842150451
-842150451
-842150451
0
0
-842150451
-842150451
-842150451
-842150451
0
0
-842150451
-842150451
-842150451
-842150451
-842150451
-842150451
-842150451
-842150451
-842150451
-842150451
-842150451
-842150451
-842150451
-842150451
-842150451
-842150451
-842150451
-842150451
-842150451
-842150451
-842150451
-842150451
-842150451
-842150451
-842150451
-842150451
-842150451
-842150451
-842150451
-842150451
-842150451
-842150451
-842150451
-842150451
-842150451
-842150451
-842150451
-842150451
-842150451
-842150451
-842150451
-842150451
-842150451
-842150451
-842150451
-842150451
-842150451
-842150451
-842150451
-842150451
-842150451
-842150451
0
0
-842150451
-842150451
-842150451
-842150451
0
0
-842150451
-842150451
-842150451
-842150451
a
0.02
0.02
0.02
0.02
0.02
0.02
0.02
0.02
0.02
0.02
0.02
0.02
0.02
0.02
0.02
0.02
0.1
0.1
0.1
0.1
0.1
0.1
0.1
0.1
0.1
0.1
0.1
0.1
0.1
d
8
8
8
8
8
8
8
8
8
8
8
8
8
8
8
8
2
2
2
2
2
2
2
2
2
2
2
2
2
