60
68
7
14
62
25
39
56
43
73
85
39
32
37
95
55
87
21
64
28
41
19
45
90
88
58
32
85
0
26
98
48
55
17
74
27
5
33
29
30
75
70
69
64
52
58
29
49
13
50
6
23
14
54
39
46
47
97
99
62
16
38
8
79
42
25
64
55
80
95
73
87
38
19
31
90
17
16
43
26
89
2
54
95
70
35
94
32
65
97
37
82
63
2
96
32
5
4
74
89
44
79
81
34
42
15
40
83
98
3
79
63
66
28
32
31
87
90
40
21
80
26
7
23
28
65
52
21
74
44
20
22
35
97
10
43
70
59
61
47
19
74
13
94
81
79
93
84
66
52
86
49
95
75
43
34
66
17
26
28
0
47
11
29
20
73
15
40
17
66
9
93
80
24
43
97
91
96
77
26
73
83
28
49
96
65
0
68
37
3
71
93
96
32
72
33
82
39
64
81
91
30
82
78
80
21
42
83
73
53
33
4
51
28
97
7
88
17
31
77
74
97
96
61
23
31
40
46
6
67
39
75
40
76
51
19
57
89
32
84
73
71
80
6
84
29
15
98
12
18
91
93
8
43
12
90
34
76
59
4
37
52
31
67
21
12
75
15
81
4
11
97
29
84
65
4
87
41
14
49
51
20
40
29
98
67
75
95
92
42
50
60
86
70
44
93
4
88
96
9
28
43
94
9
42
50
85
17
19
90
26
86
18
11
64
80
37
63
22
95
83
70
56
62
99
71
76
37
88
36
8
50
6
86
60
32
3
87
34
99
95
52
73
42
65
99
90
74
13
31
97
37
20
25
31
86
92
9
84
34
26
20
30
74
64
3
92
29
99
43
33
29
5
24
93
83
19
15
70
36
16
25
56
81
59
79
29
11
63
8
18
42
43
29
48
46
97
69
49
79
20
32
6
70
24
3
77
17
10
75
77
3
44
76
41
15
30
18
10
4
8
73
49
68
75
10
74
67
79
23
41
53
35
73
55
7
39
22
29
37
61
43
27
40
26
56
17
14
32
55
68
46
51
29
55
76
7
22
20
62
74
14
48
49
40
73
50
72
0
35
76
61
50
51
40
19
13
59
42
47
39
76
55
73
1
68
12
13
11
22
8
32
74
4
6
7
66
33
71
76
96
51
82
72
52
81
65
60
56
1
85
78
1
21
0
39
14
28
48
94
87
93
65
1
55
14
7
45
35
24
0
27
62
61
66
20
23
69
4
1
68
35
38
40
48
0
47
74
36
73
2.08522
7.04049
6.12871
4.95646
0.0640861
2.94979
1.29221
5.37416
8.22598
5.90977
0
3.37835
9.97699
3.47673
5.31115
8.55228
8.12911
9.42281
5.00532
6.14914
8.52353
9.36606
6.60415
9.40015
7.51852
2.18834
9.01368
0.271505
8.61437
0.333622
5.15506
9.01433
0.326655
4.67132
4.13448
7.71108
8.33315
6.20247
9.89533
7.18635
6.69177
0.0867775
1.9809
0.420759
4.67709
4.9607
7.12175
8.26593
6.64488
10
4.19972
6.56209
6.0268
2.31611
0.30769
8.37728
3.31944
5.49595
5.72249
5.09183
5.71712
2.54208
1.72237
6.92462
1.03268
7.84614
2.9177
1.12672
3.60527
5.19771
8.66258
3.81485
5.1364
5.90965
7.99321
2.21379
0.164067
7.33682
4.37258
8.39466
5.52015
2.48101
1.98966
7.91333
4.14784
1.0192
5.77354
2.58335
1.55319
9.43651
6.20465
1.80955
7.25785
2.56389
6.79957
8.93418
7.56793
9.86722
1.25255
9.96037
3.87444
7.23439
0.157644
0
9.92061
0.0469808
6.51112
3.02673
2.94214
2.60563
1.00438
3.53499
4.69832
4.91691
2.04322
1.56833
6.64169
2.11643
1.95239
8.31502
0.713583
2.03448
5.36747
3.68825
6.91314
3.78956
10
10
2.74399
5.79774
3.8493
5.48348
6.52967
7.75985
0.614271
3.96501
6.18175
6.43125
0.0201776
9.9677
2.51417
0.0426749
7.79431
0.0453596
8.77019
1.15075
5.31369
4.52049
4.14966
3.51142
8.69096
4.48576
0.690384
9.73404
7.78665
7.68777
0.00926526
4.36896
2.66554
3.92414
1.65276
1.74252
1.17237
2.97659
2.51713
5.82069
5.75418
5.74564
7.19444
8.90136
0.952593
3.41237
2.34366
8.2259
2.11853
0.194737
0.102739
0.767336
7.43226
7.97059
1.47086
7.31808
0.870235
3.70139
6.52507
2.25065
6.86508
0.0574856
4.46358
0.0446648
4.77895
2.24443
0
0.0522899
8.43957
9.71676
6.46116
2.35333
10
0.543366
0.210875
1.84807
8.50235
4.61005
3.27135
6.07762
6.40096
3.34928
7.84828
2.979
10
6.5212
7.38185
6.26777
5.94593
5.07843
1.45059
5.99909
5.18297
2.17815
5.74071
7.20877
6.26863
4.32288
4.81686
4.3199
6.34843
7.15936
4.38793
9.50886
3.01078
0.858549
9.8816
1.22592
8.1726
4.46306
9.35729
4.3616
6.07776
3.78411
1.81023
9.90473
8.41143
7.33227
5.37404
3.23701
5.31822
5.98459
2.71865
1.70103
3.62055
2.54068
0
7.74162
0
1.65374
8.5334
2.07746
4.5732
9.76608
8.56855
5.06766
5.18389
5.15368
5.44251
4.9452
4.49556
0.700475
5.45387
6.87862
9.83673
4.20932
0.0314988
0.543824
2.34041
6.77938
0.28647
5.77277
7.17179
0.976481
9.41754
5.37519
9.88523
7.18086
9.10562
1.63961
5.01246
2.25283
1.67028
3.52685
5.65996
4.05322
9.98354
4.60038
2.52472
1.38931
3.36119
5.80276
1.17857
5.45904
7.60351
7.99629
1.14659
1.34452
0.0163297
8.22298
1.45734
7.77941
3.58904
7.14278
6.80904
6.7132
3.80582
7.01206
6.09653
2.63218
1.02423
6.16752
2.10144
9.29761
8.48902
3.32895
4.66867
4.14775
1.57333
3.45487
3.82133
7.73207
1.54256
1.04243
1.47641
6.00897
8.63587
2.4556
8.43461
5.36668
4.14482
7.07998
5.34998
6.49314
8.57635
9.76856
0.149112
2.29462
8.67917
5.98033
10
9.41678
1.57331
8.32901
9.99618
5.61495
0.228296
5.8744
7.84965
4.93842
4.22135
0.0120838
9.6912
7.86242
6.58982
9.98278
9.68927
0.842052
2.66556
0.309652
9.83396
0.558436
5.07794
0.402608
0.0292111
1.40928
3.26255
0.0439314
3.38693
5.52943
6.30716
5.20854
0.497671
5.92941
0.171329
5.09991
5.77771
3.39052
1.76101
6.99779
5.00575
4.76144
3.09986
3.15548
7.4781
2.61399
9.45872
8.33699
2.61931
2.10013
4.16017
2.0018
2.32568
5.14554
3.942
4.62459
2.30886
9.35755
1.26215
6.80043
0.900213
6.03201
2.75971
6.16513
3.00748
0.0213622
1.62319
9.3505
5.3107
5.08783
9.95734
4.54952
9.37389
4.73273
7.46825
2.0072
0.354998
8.51104
5.4748
3.64757
0.982785
2.39515
1.22651
0.0503744
7.09677
10
2.29349
5.97538
7.89528
0.234503
0.849643
1.2578
4.44353
9.99504
2.03684
9.12385
8.06772
8.13144
8.34507
8.58305
8.66537
3.65357
0.0451483
0.0836558
0.184384
-0.0623105
-0.775838
0.409765
27.7486
-3.21103
429.219
190
