0 0.583138 0.500191 0.000304707 0s
1 0.583138 0.51359 0.000262697 6.52259s
2 0.585825 0.515814 0.000366106 5.90478s
3 0.619254 0.519593 0.000619327 5.86723s
4 0.657916 0.519537 0.000794913 5.95212s
5 0.657916 0.518749 0.000784644 6.16214s
6 0.664168 0.522037 0.00107987 6.05571s
7 0.664168 0.523884 0.0011942 5.99727s
8 0.664168 0.522461 0.00118869 6.07901s
9 0.674206 0.52889 0.00155498 6.10615s
10 0.674206 0.527347 0.00166893 5.98329s
11 0.679348 0.528883 0.00199737 6.14859s
12 0.679348 0.532694 0.00226185 6.71473s
13 0.679348 0.531394 0.00223707 6.30776s
14 0.679348 0.534869 0.00239493 5.9731s
15 0.679348 0.537501 0.00260701 5.95469s
16 0.679348 0.538466 0.0028192 5.93752s
17 0.679348 0.537913 0.00258285 5.95992s
18 0.679348 0.539314 0.00278884 6.04899s
19 0.679348 0.538811 0.00301753 5.97536s
20 0.679348 0.539244 0.00280199 6.02345s
21 0.679348 0.545401 0.00301977 5.96136s
22 0.679348 0.540884 0.00291625 5.94939s
23 0.679348 0.544864 0.00304234 5.96528s
24 0.692504 0.541421 0.00282137 5.96667s
25 0.695793 0.545265 0.00339037 5.95584s
26 0.695793 0.537551 0.00292448 5.93725s
27 0.695793 0.538214 0.00302895 5.89821s
28 0.695793 0.542056 0.00341496 5.87997s
29 0.71391 0.535947 0.00319529 6.41671s
30 0.71391 0.546123 0.00366154 6.02393s
31 0.71391 0.537435 0.00321609 6.00397s
32 0.71391 0.538315 0.00329304 5.93422s
33 0.71391 0.543513 0.00358009 5.9315s
34 0.71391 0.544535 0.00365759 5.9002s
35 0.71391 0.542873 0.00355389 5.9398s
36 0.71391 0.537404 0.00319757 5.92139s
37 0.71391 0.540244 0.00317772 5.95301s
38 0.71391 0.539937 0.00351609 5.97565s
39 0.71391 0.541354 0.00357049 5.91354s
40 0.71391 0.539792 0.00346822 6.18503s
41 0.747565 0.539449 0.0036754 5.97979s
42 0.747565 0.541684 0.00352989 5.96118s
43 0.747565 0.541875 0.00395799 5.89984s
44 0.747565 0.539221 0.00391368 6.10123s
45 0.747565 0.53695 0.00388122 5.9093s
46 0.75832 0.542604 0.00410368 6.24805s
47 0.75832 0.544343 0.00421126 5.90479s
48 0.75832 0.545367 0.00431076 5.94585s
49 0.75832 0.544708 0.00447177 6.055s
50 0.75832 0.541885 0.00413656 5.90563s
51 0.75832 0.541162 0.00404571 5.94085s
52 0.75832 0.538715 0.00414787 5.86964s
53 0.75832 0.540512 0.0045334 5.9869s
54 0.789261 0.548041 0.00508035 5.92183s
55 0.789261 0.546237 0.00493721 5.98256s
56 0.789261 0.544266 0.00490824 5.90267s
57 0.789261 0.544735 0.00485113 5.9141s
58 0.789261 0.547016 0.00493087 5.87038s
59 0.789261 0.550508 0.00534839 5.94885s
60 0.789261 0.545925 0.00531235 6.23059s
61 0.789261 0.549295 0.00544904 6.05429s
62 0.789261 0.543665 0.0053692 6.27413s
63 0.789261 0.547094 0.00590047 5.95891s
64 0.789261 0.543186 0.00578557 5.94662s
65 0.789261 0.54361 0.00548096 5.93851s
66 0.789261 0.546033 0.00593466 5.91184s
67 0.789261 0.549468 0.00637749 5.9325s
68 0.789261 0.540237 0.00553377 6.0791s
69 0.789261 0.546979 0.00641656 6.01032s
70 0.789261 0.545591 0.00596681 5.97353s
71 0.789261 0.548408 0.00648424 5.97353s
72 0.789261 0.546526 0.00576252 5.93281s
73 0.789261 0.548113 0.00620788 5.92497s
74 0.789261 0.548417 0.00661612 5.92811s
75 0.789261 0.544785 0.00572042 5.95627s
76 0.789261 0.550228 0.00611372 6.28368s
77 0.789261 0.549457 0.00608092 5.98467s
78 0.789261 0.547079 0.00617278 5.98348s
79 0.789261 0.55046 0.00644046 5.95667s
80 0.789261 0.553113 0.0069092 6.01195s
81 0.789261 0.554894 0.0063925 5.90536s
82 0.789261 0.549548 0.00623282 5.96044s
83 0.789261 0.546524 0.00642598 5.98238s
84 0.789261 0.546244 0.00642175 6.2147s
85 0.789261 0.543729 0.00613147 5.95437s
86 0.789261 0.543517 0.00606012 6.05076s
87 0.789261 0.543313 0.00667599 6.02461s
88 0.789261 0.544713 0.00617363 5.93395s
89 0.789261 0.545204 0.00639623 6.19034s
90 0.792798 0.553879 0.00673906 5.93399s
91 0.792798 0.555492 0.00714647 5.97223s
92 0.792798 0.552932 0.00679886 5.89892s
93 0.792798 0.551211 0.00689559 6.12345s
94 0.792798 0.550075 0.00644636 5.93153s
95 0.792798 0.54865 0.00686355 5.93405s
96 0.792798 0.556933 0.00766055 5.96031s
97 0.792798 0.556493 0.0073333 6.2701s
98 0.792798 0.550553 0.00724316 5.99861s
99 0.792798 0.553233 0.00708061 5.91877s
100 0.792798 0.546498 0.00644733 6.00585s
101 0.792798 0.548865 0.00729316 5.97679s
102 0.80768 0.554393 0.00777033 5.97123s
103 0.80768 0.549109 0.00684338 6.01289s
104 0.80768 0.551602 0.00708822 5.93323s
105 0.80768 0.544799 0.00702667 5.87728s
106 0.80768 0.548411 0.0069581 5.90028s
107 0.80768 0.54886 0.00783746 5.88518s
108 0.80768 0.55244 0.00787066 5.91227s
109 0.80768 0.546976 0.00675714 5.9606s
110 0.80768 0.553143 0.0076323 6.06662s
111 0.80768 0.562966 0.00840983 6.01448s
112 0.80768 0.55136 0.00715563 6.03225s
113 0.80768 0.556241 0.00761847 5.99703s
114 0.80768 0.553111 0.00730386 5.95859s
115 0.80768 0.547797 0.00681772 5.96987s
116 0.80768 0.562756 0.00828695 5.95967s
117 0.80768 0.555082 0.00782688 5.97678s
118 0.80768 0.556567 0.00767625 5.95792s
119 0.80768 0.553673 0.00768796 6.00067s
120 0.80768 0.556878 0.00783518 5.96333s
121 0.80768 0.567633 0.00920483 5.92391s
122 0.80768 0.550801 0.00755247 5.94391s
123 0.80768 0.552226 0.00766937 5.89027s
124 0.80768 0.555965 0.00795812 5.90877s
125 0.80768 0.547611 0.00768277 5.99309s
126 0.80768 0.547213 0.00765301 5.91934s
127 0.80768 0.54762 0.00764563 5.99725s
128 0.80768 0.548248 0.00762596 6.0297s
129 0.80768 0.550148 0.00804804 6.21759s
130 0.80768 0.543361 0.00736192 5.94463s
131 0.80768 0.554958 0.00809847 6.04873s
132 0.80768 0.557801 0.00877626 6.14573s
133 0.80768 0.544497 0.00702705 5.98324s
134 0.80768 0.549795 0.00734535 6.15235s
135 0.80768 0.558295 0.00825792 6.19313s
136 0.80768 0.546113 0.00727968 6.14778s
137 0.80768 0.552158 0.00819614 5.93255s
138 0.80768 0.549093 0.00742273 6.29909s
139 0.80768 0.549948 0.00730054 6.40754s
140 0.80768 0.553636 0.00805449 6.44237s
141 0.80768 0.547129 0.0072001 5.95354s
142 0.80768 0.555025 0.00773006 5.93878s
143 0.80768 0.555627 0.00753185 6.51902s
144 0.80768 0.559214 0.008277 5.96087s
145 0.80768 0.562593 0.00798474 5.85722s
146 0.80768 0.554242 0.00832828 5.803s
147 0.80768 0.552726 0.00807076 5.83631s
148 0.80768 0.551942 0.00891101 5.82734s
149 0.80768 0.548106 0.00792194 5.94035s
150 0.80768 0.548983 0.00797536 5.79837s
151 0.80768 0.547985 0.00785694 5.82094s
152 0.80768 0.547261 0.00795537 5.84642s
153 0.80768 0.547323 0.00775298 6.0206s
154 0.80768 0.547781 0.0081685 5.81473s
155 0.80768 0.544923 0.00763747 5.79049s
156 0.80768 0.54793 0.00807661 5.84556s
157 0.80768 0.553513 0.00802105 5.8167s
158 0.80768 0.553626 0.00868639 5.80365s
159 0.80768 0.556665 0.00865222 5.85322s
160 0.80768 0.552971 0.00809429 5.88692s
161 0.80768 0.551162 0.00794545 5.8933s
162 0.81984 0.554335 0.00817735 6.03959s
163 0.81984 0.556335 0.00797367 5.9693s
164 0.81984 0.555654 0.00846636 5.91427s
165 0.81984 0.560902 0.00923058 5.86983s
166 0.81984 0.554717 0.0084031 5.83342s
167 0.81984 0.556465 0.00900222 5.87608s
168 0.81984 0.554916 0.00838731 5.85281s
169 0.81984 0.564837 0.00966124 5.82527s
170 0.81984 0.557684 0.00807217 5.96136s
171 0.81984 0.557551 0.00941484 6.22322s
172 0.81984 0.556338 0.00844132 5.8754s
173 0.81984 0.564989 0.00894949 5.87411s
174 0.81984 0.556244 0.00785051 5.85661s
175 0.81984 0.553163 0.00816023 6.03691s
176 0.81984 0.551449 0.00796397 5.81663s
177 0.81984 0.557247 0.00849796 6.08581s
178 0.81984 0.553484 0.00849143 5.93647s
179 0.81984 0.549815 0.00784631 5.81518s
180 0.81984 0.552836 0.00863451 5.79008s
181 0.81984 0.552391 0.00834133 5.87616s
182 0.81984 0.548834 0.00810601 5.99947s
183 0.81984 0.542707 0.00764838 5.82352s
184 0.81984 0.550642 0.00847824 5.90542s
185 0.81984 0.5545 0.00823526 5.79566s
186 0.81984 0.549973 0.00798161 6.08452s
187 0.81984 0.542958 0.00791016 5.77729s
188 0.81984 0.548758 0.00789793 5.88539s
189 0.81984 0.549289 0.00777818 5.83479s
190 0.81984 0.560174 0.00825985 5.85176s
191 0.81984 0.552678 0.00859121 5.8049s
192 0.81984 0.559364 0.0093764 5.83282s
193 0.81984 0.552531 0.00844626 5.81477s
194 0.81984 0.547076 0.00757651 6.14851s
195 0.81984 0.555147 0.0087598 5.796s
196 0.81984 0.558622 0.00843009 5.85763s
197 0.81984 0.551945 0.00811326 5.83258s
198 0.81984 0.55447 0.00839577 5.82955s
199 0.81984 0.555774 0.00880585 5.89689s
200 0.81984 0.546886 0.00778263 5.91489s
201 0.81984 0.554719 0.00862446 5.86532s
202 0.81984 0.548502 0.00755165 5.90902s
203 0.81984 0.551156 0.00828978 5.91439s
204 0.81984 0.554355 0.00808239 5.86956s
205 0.81984 0.553825 0.00840833 5.921s
206 0.81984 0.550255 0.00835273 5.83516s
207 0.81984 0.555018 0.00776407 5.95345s
208 0.81984 0.548863 0.00759221 5.93577s
209 0.81984 0.554025 0.00818022 5.87655s
210 0.81984 0.557908 0.00862498 5.79971s
211 0.81984 0.553624 0.00806299 5.867s
212 0.81984 0.550814 0.00807047 5.92958s
213 0.81984 0.547898 0.00813197 5.89456s
214 0.81984 0.553182 0.00863991 5.87428s
215 0.81984 0.557237 0.00895633 5.90058s
216 0.81984 0.555181 0.00918659 5.91533s
217 0.81984 0.553085 0.0085211 6.09429s
218 0.81984 0.553049 0.00869626 5.83164s
219 0.81984 0.557807 0.00868715 5.8055s
220 0.81984 0.55214 0.00883508 5.83434s
221 0.81984 0.55257 0.00838031 5.84789s
222 0.81984 0.558924 0.00894067 5.83801s
223 0.81984 0.556168 0.00865134 5.83242s
224 0.81984 0.558698 0.00863632 5.89186s
225 0.81984 0.558066 0.00902921 5.82819s
226 0.81984 0.562093 0.00893443 5.84669s
227 0.81984 0.558046 0.00868709 5.82212s
228 0.81984 0.559946 0.00834927 5.88707s
229 0.81984 0.565812 0.0100261 5.85604s
230 0.81984 0.563243 0.00939326 5.83772s
231 0.81984 0.558895 0.00884093 5.78143s
232 0.81984 0.561994 0.00888603 5.88624s
233 0.81984 0.559241 0.00841535 5.87387s
234 0.81984 0.559402 0.00891038 6.98499s
235 0.81984 0.565482 0.00922274 6.08042s
236 0.81984 0.560315 0.00903762 5.91125s
237 0.81984 0.560196 0.00878231 5.84075s
238 0.81984 0.556602 0.00825329 5.97345s
239 0.81984 0.552827 0.00839425 5.84474s
240 0.81984 0.559085 0.00887624 5.82395s
241 0.81984 0.555759 0.00853976 5.92389s
242 0.81984 0.555104 0.00872593 5.81388s
243 0.81984 0.556339 0.00909381 5.79193s
244 0.81984 0.554574 0.00892427 5.88656s
245 0.81984 0.55273 0.00856322 5.924s
246 0.81984 0.555916 0.00839567 5.90259s
247 0.81984 0.558032 0.00872091 5.83024s
248 0.81984 0.557026 0.00818829 5.77292s
249 0.81984 0.560121 0.00898798 5.81935s
250 0.81984 0.557606 0.00900197 5.81323s
251 0.81984 0.560095 0.00914588 5.80442s
252 0.81984 0.561535 0.00828683 5.8464s
253 0.81984 0.559568 0.00901545 5.81188s
254 0.81984 0.560242 0.00866373 5.82342s
255 0.81984 0.565037 0.0090161 5.84478s
256 0.81984 0.56445 0.00926615 5.88651s
257 0.81984 0.557998 0.00877506 5.83424s
258 0.81984 0.561044 0.00986494 5.91605s
259 0.81984 0.55735 0.00935002 5.79483s
260 0.81984 0.564169 0.0095011 5.8278s
261 0.81984 0.565149 0.0096941 5.82818s
262 0.81984 0.556023 0.00950359 5.93883s
263 0.81984 0.566366 0.0100464 5.90315s
264 0.81984 0.558896 0.00864889 5.75945s
265 0.81984 0.55455 0.00879184 5.86675s
266 0.81984 0.554728 0.00822808 6.10357s
267 0.81984 0.556499 0.00873018 5.81331s
268 0.81984 0.559648 0.0089703 5.83745s
269 0.81984 0.558299 0.00887804 5.83076s
270 0.81984 0.561685 0.00926132 5.89327s
271 0.81984 0.560006 0.0093851 5.83934s
272 0.81984 0.554119 0.008924 5.79358s
273 0.81984 0.550651 0.00865548 5.81077s
274 0.81984 0.558614 0.00952269 6.25504s
275 0.81984 0.559416 0.0094541 5.88216s
276 0.81984 0.555499 0.009145 5.78383s
277 0.81984 0.555086 0.00852691 5.84068s
278 0.832301 0.552798 0.00906983 5.9151s
279 0.832301 0.553362 0.00890405 5.83607s
280 0.832301 0.551064 0.00860713 5.92001s
281 0.832301 0.558414 0.00934664 5.8301s
282 0.832301 0.554105 0.00856765 5.80352s
283 0.832301 0.561399 0.00989456 5.84856s
284 0.832301 0.556593 0.00870387 5.93678s
285 0.832301 0.559442 0.00921534 6.11652s
286 0.832301 0.547884 0.00851201 5.88699s
287 0.832301 0.55719 0.00846386 5.84172s
288 0.832301 0.560524 0.00921014 5.87358s
289 0.832301 0.561811 0.00922355 5.86744s
290 0.832301 0.557561 0.00911803 5.86724s
291 0.832301 0.558403 0.00923456 5.84066s
292 0.832301 0.566777 0.00939712 5.81097s
293 0.832301 0.55708 0.00864473 5.84293s
294 0.832301 0.557375 0.00911383 5.81157s
295 0.832301 0.559506 0.00912982 5.8656s
296 0.832301 0.558089 0.00901736 5.87026s
297 0.832301 0.549839 0.00875358 5.85741s
298 0.832301 0.558585 0.0091365 5.88012s
299 0.832301 0.546403 0.00854867 5.83265s
300 0.832301 0.556476 0.00969993 5.78894s
301 0.832301 0.55475 0.0089616 5.83424s
302 0.832301 0.55897 0.00918311 5.80767s
303 0.832301 0.561905 0.00948601 5.90178s
304 0.832301 0.551765 0.00883506 5.81023s
305 0.832301 0.553145 0.00914578 5.89651s
306 0.832301 0.556607 0.00948036 5.84337s
307 0.832301 0.551947 0.00923375 5.88693s
308 0.832301 0.552726 0.00888044 5.84561s
309 0.832301 0.552288 0.00837098 5.85987s
310 0.832301 0.553759 0.00897716 5.81998s
311 0.832301 0.553981 0.00881668 5.85734s
312 0.832301 0.559198 0.00957422 5.99509s
313 0.832301 0.551709 0.00901599 5.85187s
314 0.832301 0.556643 0.00863849 5.81748s
315 0.832301 0.560423 0.00907486 5.88584s
316 0.832301 0.558239 0.00897375 5.85943s
317 0.832301 0.564894 0.00998216 5.87414s
318 0.832301 0.557465 0.00953407 5.85877s
319 0.832301 0.557118 0.00923065 5.8369s
320 0.832301 0.559234 0.00975445 5.93646s
321 0.832301 0.560324 0.00941581 5.84896s
322 0.832301 0.562125 0.00944671 5.82897s
323 0.832301 0.560309 0.0091374 5.8728s
324 0.832301 0.559272 0.0089587 5.90559s
325 0.832301 0.551845 0.00864801 5.86358s
326 0.832301 0.55667 0.00904747 6.01226s
327 0.832301 0.563811 0.0102684 5.87359s
328 0.832301 0.555473 0.00944811 5.88261s
329 0.832301 0.553914 0.00915843 5.87731s
330 0.832301 0.559664 0.0092882 5.80595s
331 0.832301 0.560605 0.00890356 5.90607s
332 0.832301 0.548826 0.00827506 5.83884s
333 0.832301 0.559987 0.00937709 5.84192s
334 0.832301 0.560682 0.0098724 5.87121s
335 0.832301 0.558845 0.00923029 5.9542s
336 0.832301 0.560245 0.00911334 5.83303s
337 0.832301 0.559688 0.00893833 5.84496s
338 0.832301 0.549751 0.00897175 5.86031s
339 0.832301 0.553838 0.00919299 5.81942s
340 0.832301 0.557164 0.00995279 5.80938s
341 0.832301 0.550418 0.00921752 5.89517s
342 0.832301 0.55027 0.00895162 5.83492s
343 0.832301 0.550091 0.00882054 5.8292s
344 0.832301 0.549615 0.00912563 5.86216s
345 0.832301 0.551664 0.00910749 5.80723s
346 0.832301 0.559265 0.00967656 5.87306s
347 0.832301 0.557075 0.00930662 5.7665s
348 0.832301 0.546149 0.00876572 5.81419s
349 0.832301 0.555125 0.0100102 5.89068s
350 0.832301 0.551604 0.00930374 5.85829s
351 0.832301 0.555387 0.0097325 5.89931s
352 0.832301 0.554765 0.0093434 5.85139s
353 0.832301 0.562291 0.00981175 5.80439s
354 0.832301 0.556216 0.00919414 5.87117s
355 0.832301 0.557241 0.0094206 5.87176s
356 0.832301 0.558509 0.00949314 5.85478s
357 0.832301 0.553361 0.00892156 6.07684s
358 0.832301 0.556457 0.00978793 5.86355s
359 0.832301 0.568149 0.0110453 5.87129s
360 0.8353 0.558922 0.0102445 5.80681s
361 0.8353 0.555982 0.00945997 5.81389s
362 0.8353 0.558235 0.00977444 5.84037s
363 0.8353 0.557447 0.00963707 5.85699s
364 0.8353 0.560516 0.0102999 6.11487s
365 0.8353 0.553302 0.009213 5.92376s
366 0.8353 0.550419 0.00879506 5.86082s
367 0.8353 0.553943 0.00926418 5.85768s
368 0.8353 0.552568 0.00953753 5.8417s
369 0.8353 0.551028 0.00949698 5.89821s
370 0.8353 0.557683 0.0100029 5.83445s
371 0.8353 0.551515 0.00915221 5.80212s
372 0.8353 0.556917 0.00956349 5.87008s
373 0.8353 0.558985 0.00939083 5.84594s
374 0.8353 0.558543 0.00988032 5.82309s
375 0.8353 0.551468 0.00905874 5.81609s
376 0.8353 0.555332 0.0094731 5.9284s
377 0.8353 0.560073 0.0100222 7.27957s
378 0.8353 0.554507 0.00980341 5.91613s
379 0.8353 0.558951 0.00933598 5.8864s
380 0.8353 0.556069 0.00937038 5.91703s
381 0.8353 0.551941 0.0101833 5.82186s
382 0.8353 0.547606 0.00888686 6.05965s
383 0.8353 0.553608 0.00948566 5.87211s
384 0.8353 0.553879 0.00960453 5.86738s
385 0.8353 0.557258 0.00914021 5.87333s
386 0.8353 0.552371 0.00895918 5.87309s
387 0.8353 0.557836 0.00969634 5.82019s
388 0.8353 0.553891 0.0101299 6.1276s
389 0.8353 0.565016 0.0109502 5.91228s
390 0.8353 0.557632 0.0102631 5.85809s
391 0.8353 0.557341 0.0101584 5.78238s
392 0.8353 0.554096 0.0103639 5.86391s
393 0.8353 0.552323 0.00938078 5.8489s
394 0.8353 0.562048 0.0105656 5.84657s
395 0.8353 0.563362 0.011405 5.83484s
396 0.8353 0.552688 0.00967836 5.80097s
397 0.8353 0.552571 0.00955182 5.88103s
398 0.8353 0.553792 0.010317 5.93533s
399 0.8353 0.55907 0.00986897 5.85313s
400 0.8353 0.554248 0.00930015 5.84598s
401 0.8353 0.552316 0.00952323 5.79215s
402 0.8353 0.554375 0.00969615 5.79897s
403 0.8353 0.551598 0.00975371 5.95508s
404 0.8353 0.558783 0.00975198 5.99051s
405 0.8353 0.552795 0.00938397 6.43134s
406 0.8353 0.563684 0.0103725 5.90543s
407 0.8353 0.551844 0.00952481 5.87291s
408 0.8353 0.560074 0.00986155 5.88553s
409 0.8353 0.553648 0.0103909 5.83416s
410 0.8353 0.555166 0.00977298 5.81536s
411 0.8353 0.553712 0.00987138 5.78714s
412 0.8353 0.550971 0.00931215 5.88926s
413 0.8353 0.553791 0.00960206 5.78516s
414 0.8353 0.548482 0.00989461 5.81567s
415 0.8353 0.558061 0.0102918 5.80596s
416 0.8353 0.556874 0.00998017 5.89691s
417 0.8353 0.556842 0.00932852 5.83912s
418 0.8353 0.554997 0.00985865 5.85743s
419 0.8353 0.552223 0.0094705 5.85598s
420 0.8353 0.554259 0.00997527 5.86012s
421 0.8353 0.55069 0.00946699 5.83162s
422 0.8353 0.548243 0.00934724 5.89656s
423 0.8353 0.55265 0.00979716 5.9003s
424 0.8353 0.550684 0.00960426 5.84424s
425 0.8353 0.551081 0.00955588 6.14523s
426 0.8353 0.551378 0.00925012 5.86505s
427 0.8353 0.551251 0.00972226 5.83761s
428 0.8353 0.551067 0.00974789 5.84641s
429 0.8353 0.550651 0.00929445 5.95225s
430 0.8353 0.546685 0.00952685 5.84249s
431 0.8353 0.55767 0.0102505 5.88845s
432 0.8353 0.554178 0.0093538 5.81322s
433 0.8353 0.56109 0.0106172 5.8335s
434 0.8353 0.559502 0.0101088 5.80154s
435 0.8353 0.555969 0.00975742 5.90284s
436 0.8353 0.551894 0.00919441 5.93313s
437 0.8353 0.553045 0.00957333 6.05934s
438 0.8353 0.552973 0.0094496 5.84718s
439 0.8353 0.55896 0.0095037 6.16602s
440 0.8353 0.557398 0.00953813 5.84853s
441 0.8353 0.554031 0.00951645 5.88674s
442 0.8353 0.551847 0.00942234 5.82081s
443 0.8353 0.55825 0.0104311 5.86181s
444 0.8353 0.553915 0.0100306 5.85052s
445 0.8353 0.556527 0.00974758 5.86709s
446 0.8353 0.553231 0.00958265 5.8968s
447 0.8353 0.558974 0.00967341 5.85413s
448 0.8353 0.548798 0.00933831 5.86095s
449 0.8353 0.552174 0.00958523 5.86259s
450 0.8353 0.547317 0.00916072 5.87071s
451 0.8353 0.553054 0.00961414 5.81085s
452 0.8353 0.556341 0.00965769 5.83774s
453 0.8353 0.55575 0.00965648 5.8596s
454 0.8353 0.548822 0.00929328 5.84367s
455 0.8353 0.558421 0.0108817 5.85547s
456 0.8353 0.556848 0.0100867 5.84468s
457 0.8353 0.552453 0.0100879 5.84505s
458 0.8353 0.554867 0.0092703 5.80475s
459 0.8353 0.549025 0.00934496 5.84547s
460 0.8353 0.556195 0.0100915 5.85994s
461 0.8353 0.556211 0.00966523 5.80318s
462 0.8353 0.550677 0.00932215 5.86962s
463 0.8353 0.55083 0.00932686 5.76721s
464 0.8353 0.554501 0.00986319 5.91401s
465 0.8353 0.552266 0.00976826 5.849s
466 0.8353 0.5547 0.0102182 5.89828s
467 0.8353 0.555437 0.00958558 5.95592s
468 0.8353 0.549511 0.00907515 5.8573s
469 0.8353 0.547316 0.0096747 5.88282s
470 0.8353 0.552383 0.00962814 5.84118s
471 0.8353 0.558768 0.0105949 5.86547s
472 0.8353 0.550498 0.00953742 5.8029s
473 0.8353 0.552694 0.00999714 5.85024s
474 0.8353 0.547401 0.00937958 5.84729s
475 0.8353 0.551668 0.00961668 5.82692s
476 0.8353 0.562174 0.0109604 5.81924s
477 0.8353 0.564146 0.0105862 5.81196s
478 0.8353 0.556852 0.00994153 5.85808s
479 0.8353 0.552079 0.00966995 5.87997s
480 0.8353 0.55513 0.0102215 6.3196s
481 0.8353 0.547153 0.0090824 5.83857s
482 0.8353 0.550437 0.00974593 5.82834s
483 0.8353 0.549247 0.0095888 5.84698s
484 0.8353 0.560308 0.0102598 5.87909s
485 0.8353 0.553975 0.00979795 5.83296s
486 0.8353 0.560451 0.0107201 5.87338s
487 0.8353 0.549604 0.00892502 5.85724s
488 0.8353 0.549834 0.00952537 5.99739s
489 0.8353 0.550634 0.00951662 5.9828s
490 0.8353 0.558409 0.00952982 6.02765s
491 0.8353 0.553487 0.00980502 5.87964s
492 0.8353 0.553034 0.0094635 5.87553s
493 0.8353 0.56187 0.010201 5.86793s
494 0.8353 0.552781 0.00934653 5.85539s
495 0.8353 0.554 0.0097946 5.88038s
496 0.8353 0.551658 0.00973215 5.85163s
497 0.8353 0.555716 0.00953175 6.00482s
498 0.8353 0.562191 0.0100316 5.91598s
499 0.8353 0.558358 0.0098073 5.8653s
500 0.8353 0.561414 0.0105273 5.93964s
501 0.8353 0.556332 0.0100895 5.88609s
502 0.8353 0.557643 0.010227 5.81538s
503 0.8353 0.564997 0.0108646 5.88466s
504 0.8353 0.557701 0.00995893 5.89593s
505 0.8353 0.55269 0.00959562 5.87827s
506 0.8353 0.55519 0.00951034 5.86306s
507 0.8353 0.559574 0.0100774 6.10578s
508 0.8353 0.563122 0.0102232 5.86522s
509 0.8353 0.558651 0.0101681 6.00188s
510 0.8353 0.562648 0.0105244 5.84444s
511 0.8353 0.562934 0.0110496 5.91931s
512 0.8353 0.56282 0.0100304 5.86702s
513 0.8353 0.563237 0.0114269 5.82632s
514 0.8353 0.552764 0.00969083 5.81451s
515 0.8353 0.558638 0.0100007 5.85301s
516 0.8353 0.557414 0.0101914 6.01924s
517 0.8353 0.557045 0.00994644 5.86286s
518 0.8353 0.55091 0.00971044 5.84066s
519 0.8353 0.558293 0.00973595 5.87164s
520 0.8353 0.558104 0.00976231 5.83023s
521 0.8353 0.559597 0.00987824 5.85964s
522 0.8353 0.563432 0.0114145 5.89676s
523 0.8353 0.561777 0.0103587 5.87149s
524 0.8353 0.558469 0.0100493 5.86047s
525 0.8353 0.562186 0.0109825 5.82498s
526 0.8353 0.553505 0.00983256 5.8582s
527 0.8353 0.562461 0.0103135 5.8185s
528 0.8353 0.559651 0.0102263 5.8804s
529 0.8353 0.565009 0.0104333 5.8091s
530 0.8353 0.561862 0.0098962 5.89922s
531 0.8353 0.556434 0.0101307 5.93677s
532 0.8353 0.564331 0.0104342 5.89094s
533 0.8353 0.556839 0.00978209 5.9209s
534 0.8353 0.555449 0.00951643 6.16855s
535 0.8353 0.558834 0.00992986 5.88072s
536 0.8353 0.555246 0.00968098 5.85475s
537 0.8353 0.561707 0.0103513 5.90597s
538 0.8353 0.567386 0.011334 6.51432s
539 0.8353 0.564247 0.0109487 6.13485s
540 0.8353 0.561776 0.0098252 5.8289s
541 0.8353 0.559606 0.00920103 5.87189s
542 0.8353 0.55951 0.00970865 6.0229s
543 0.8353 0.555983 0.0100513 5.84134s
544 0.8353 0.556053 0.00981797 5.84958s
545 0.8353 0.552308 0.00951218 5.81254s
546 0.8353 0.555634 0.0098625 5.82628s
547 0.8353 0.555562 0.00970056 5.83817s
548 0.8353 0.560301 0.0102423 5.82711s
549 0.8353 0.559071 0.00987969 6.12565s
550 0.8353 0.555405 0.0100845 5.89306s
551 0.8353 0.557086 0.0100957 5.92685s
552 0.8353 0.56396 0.0103242 5.83718s
553 0.8353 0.556808 0.00980004 5.85885s
554 0.8353 0.558031 0.00993572 5.83759s
555 0.8353 0.558955 0.00979881 5.8262s
556 0.8353 0.556731 0.00981108 5.829s
557 0.8353 0.555346 0.0093291 5.85076s
558 0.8353 0.557361 0.0103376 5.82406s
559 0.8353 0.55212 0.00964321 5.83362s
560 0.8353 0.554347 0.00935758 5.87155s
561 0.8353 0.558717 0.00985664 5.80983s
562 0.8353 0.554958 0.010285 5.80138s
563 0.8353 0.556235 0.0105835 5.85449s
564 0.8353 0.554777 0.00972065 5.84482s
565 0.8353 0.554433 0.0100026 5.85696s
566 0.8353 0.556019 0.010513 5.84843s
567 0.8353 0.555378 0.0101727 5.90727s
568 0.8353 0.553537 0.0102945 5.89085s
569 0.8353 0.554797 0.00964115 5.85421s
570 0.8353 0.561042 0.0103443 5.7768s
571 0.8353 0.549053 0.00980649 5.86388s
572 0.8353 0.549143 0.00949376 5.84825s
573 0.8353 0.555065 0.0103247 5.80751s
574 0.8353 0.550909 0.0096628 5.88644s
575 0.8353 0.559178 0.00978308 5.90522s
576 0.8353 0.561341 0.0103603 5.85056s
577 0.8353 0.562054 0.0096523 6.27155s
578 0.8353 0.565635 0.0104772 5.88015s
579 0.8353 0.557295 0.0096713 5.82169s
580 0.8353 0.557197 0.010214 5.84676s
581 0.8353 0.559118 0.0104716 5.84304s
582 0.8353 0.555776 0.00942971 5.92778s
583 0.8353 0.557125 0.0104968 6.37935s
584 0.8353 0.553395 0.00994217 5.83071s
585 0.8353 0.558563 0.00989079 5.80686s
586 0.8353 0.556039 0.00948623 5.82636s
587 0.8353 0.556253 0.00962284 5.81028s
588 0.8353 0.553731 0.00972066 5.88627s
589 0.8353 0.551234 0.00947717 5.85811s
590 0.8353 0.556378 0.00977344 5.86724s
591 0.8353 0.560651 0.0104959 5.84857s
592 0.8353 0.551027 0.00933942 6.23221s
593 0.8353 0.560069 0.0100922 5.84712s
594 0.8353 0.560691 0.00986419 5.80476s
595 0.8353 0.558556 0.0106745 5.82199s
596 0.8353 0.557294 0.0100499 5.80556s
597 0.8353 0.558337 0.0102672 5.87185s
598 0.8353 0.557348 0.00990115 5.84205s
599 0.8353 0.563296 0.0110065 5.86953s
600 0.8353 0.550964 0.00931734 5.88468s
601 0.8353 0.551252 0.00929932 5.86443s
602 0.8353 0.552548 0.00966594 5.77457s
603 0.8353 0.55521 0.00995593 5.92851s
604 0.8353 0.554017 0.00991044 5.86678s
605 0.8353 0.555742 0.00953632 5.85368s
606 0.8353 0.556691 0.0103577 5.88945s
607 0.8353 0.556119 0.00963988 5.83561s
608 0.8353 0.560181 0.010372 5.83913s
609 0.8353 0.555241 0.0100731 5.84169s
610 0.8353 0.551191 0.0100044 5.8685s
611 0.8353 0.553671 0.0100226 5.83935s
612 0.8353 0.549189 0.00936384 5.82683s
613 0.8353 0.551019 0.00908996 5.89814s
614 0.8353 0.559419 0.0101479 5.91798s
615 0.8353 0.565598 0.0103661 5.84331s
616 0.8353 0.556518 0.00940456 5.85317s
617 0.8353 0.556214 0.00982192 5.83247s
618 0.8353 0.559206 0.00990109 5.82162s
619 0.8353 0.555075 0.0101491 5.87784s
620 0.8353 0.557829 0.0103646 5.81684s
621 0.8353 0.559525 0.0104619 5.83328s
622 0.8353 0.551698 0.0101325 5.85716s
623 0.8353 0.555623 0.00971536 5.82272s
624 0.8353 0.559219 0.00986218 5.82976s
625 0.8353 0.551914 0.0106006 5.87996s
626 0.8353 0.556436 0.00988764 5.88134s
627 0.8353 0.557326 0.0106375 5.76769s
628 0.8353 0.557756 0.00985946 5.84198s
629 0.8353 0.552641 0.00940641 5.79671s
630 0.8353 0.558352 0.0100777 5.91915s
631 0.8353 0.558812 0.0098953 5.85314s
632 0.8353 0.555949 0.010228 5.85361s
633 0.8353 0.556584 0.00918222 6.09536s
634 0.8353 0.554128 0.00974301 6.09035s
635 0.8353 0.555568 0.00955864 5.80624s
636 0.8353 0.551428 0.00948392 6.13036s
637 0.8353 0.556882 0.00960682 5.81868s
638 0.8353 0.559516 0.00975367 5.80551s
639 0.8353 0.567465 0.0100705 5.86936s
640 0.8353 0.559481 0.0090773 5.84413s
641 0.8353 0.563718 0.0102664 5.95003s
642 0.8353 0.557039 0.00959276 5.83115s
643 0.8353 0.560456 0.00970208 5.85415s
644 0.8353 0.567462 0.0106185 5.81829s
645 0.8353 0.559457 0.00958001 5.87141s
646 0.8353 0.556156 0.010423 5.84123s
647 0.8353 0.561031 0.00978735 5.87698s
648 0.8353 0.559324 0.00974613 5.77886s
649 0.8353 0.555763 0.00952258 5.85712s
650 0.8353 0.55655 0.00956554 5.82275s
651 0.8353 0.556277 0.00988358 5.80749s
652 0.8353 0.552331 0.00980062 5.98714s
653 0.8353 0.557514 0.0100991 5.84107s
654 0.8353 0.553657 0.0092526 5.8377s
655 0.8353 0.554156 0.0097034 6.08043s
656 0.8353 0.556456 0.0103618 5.8374s
657 0.8353 0.552729 0.00945095 5.8542s
658 0.8353 0.551236 0.00945515 5.82804s
659 0.8353 0.553801 0.0100496 5.8455s
660 0.8353 0.555471 0.00993181 5.84492s
661 0.8353 0.559015 0.00999929 5.83044s
662 0.8353 0.560186 0.0106608 5.84732s
663 0.8353 0.553725 0.00945673 6.02626s
664 0.8353 0.554585 0.00951983 5.82615s
665 0.8353 0.551114 0.00985609 5.84184s
666 0.8353 0.555874 0.0102721 5.8533s
667 0.8353 0.550182 0.00939137 5.87898s
668 0.8353 0.553612 0.0100433 5.89195s
669 0.8353 0.554227 0.0107859 5.87557s
670 0.8353 0.557689 0.0106086 5.85875s
671 0.8353 0.562554 0.0115949 5.96737s
672 0.8353 0.56011 0.0106929 5.80539s
673 0.8353 0.563293 0.0104188 5.87592s
674 0.8353 0.564807 0.0103572 5.88927s
675 0.8353 0.559814 0.00981296 5.81413s
676 0.8353 0.56235 0.00939828 5.8479s
677 0.8353 0.563883 0.0106081 5.84616s
678 0.8353 0.562047 0.0103088 5.85127s
679 0.8353 0.558141 0.0100255 6.08332s
680 0.8353 0.556191 0.00971939 6.02768s
681 0.8353 0.55648 0.00966856 5.7815s
682 0.8353 0.554497 0.0103799 5.84052s
683 0.8353 0.550967 0.00939037 5.81837s
684 0.8353 0.552952 0.00990262 5.84994s
685 0.8353 0.55872 0.0103516 6.00255s
686 0.8353 0.556373 0.00983529 6.24425s
687 0.8353 0.561192 0.0101976 5.87618s
688 0.8353 0.54883 0.00948275 5.81223s
689 0.8353 0.55453 0.00959824 5.82567s
690 0.8353 0.555522 0.00997902 5.81106s
691 0.8353 0.556179 0.0100961 5.87095s
692 0.8353 0.552111 0.00986594 5.91303s
693 0.8353 0.558813 0.010199 6.01493s
694 0.8353 0.555958 0.00977779 5.93505s
695 0.8353 0.560738 0.0101417 5.82375s
696 0.8353 0.554696 0.00984422 5.93471s
697 0.8353 0.55218 0.00980219 5.84348s
698 0.8353 0.551864 0.0102915 5.79512s
699 0.8353 0.558242 0.0100315 5.89462s
700 0.8353 0.556496 0.0102801 5.82419s
701 0.8353 0.550389 0.00974547 5.8624s
702 0.8353 0.556807 0.0103125 5.87499s
703 0.8353 0.566485 0.0110802 5.82191s
704 0.8353 0.557945 0.00995183 5.87942s
705 0.8353 0.558125 0.0101586 5.76825s
706 0.8353 0.563003 0.0115364 5.81733s
707 0.8353 0.556104 0.0101261 5.82218s
708 0.8353 0.556192 0.0099677 5.96771s
709 0.8353 0.555689 0.00981757 5.80922s
710 0.8353 0.567082 0.0108907 5.85096s
711 0.8353 0.560255 0.0106174 5.88334s
712 0.8353 0.561801 0.00969075 5.88242s
713 0.8353 0.562594 0.0107003 5.83051s
714 0.8353 0.564913 0.0111453 5.866s
715 0.8353 0.561556 0.0104997 5.82406s
716 0.8353 0.56056 0.0100906 5.83544s
717 0.8353 0.556511 0.0100265 5.85509s
718 0.8353 0.556507 0.0104269 5.91137s
719 0.8353 0.558204 0.0103588 5.83585s
720 0.8353 0.561587 0.0102945 5.78825s
721 0.8353 0.559233 0.00981326 5.84566s
722 0.8353 0.560918 0.0101108 5.86134s
723 0.8353 0.558262 0.0101731 5.84489s
724 0.8353 0.555833 0.00999275 5.81752s
725 0.8353 0.550863 0.0098746 5.83038s
726 0.8353 0.560618 0.0105862 5.89307s
727 0.8353 0.556835 0.0101361 5.86118s
728 0.8353 0.550209 0.00980464 5.85675s
729 0.8353 0.554591 0.0103875 5.81962s
730 0.8353 0.558159 0.0102229 5.85024s
731 0.8353 0.557199 0.010361 5.83336s
732 0.8353 0.551805 0.00965309 5.89042s
733 0.8353 0.554768 0.00989452 5.78842s
734 0.8353 0.551311 0.0098492 5.82188s
735 0.8353 0.553451 0.0103205 5.91156s
736 0.8353 0.550565 0.00943712 5.94599s
737 0.8353 0.554784 0.0107054 5.85512s
738 0.8353 0.550424 0.00947679 5.85073s
739 0.8353 0.554154 0.010504 5.8102s
740 0.8353 0.551014 0.00968785 5.90322s
741 0.8353 0.550897 0.00984679 5.90199s
742 0.8353 0.561187 0.0105107 5.88624s
743 0.8353 0.55453 0.00995119 5.8733s
744 0.8353 0.555715 0.00964036 5.87454s
745 0.8353 0.561237 0.00993252 5.87306s
746 0.8353 0.564124 0.0105886 5.85817s
747 0.8353 0.567448 0.0107042 5.88904s
748 0.8353 0.558396 0.0102286 5.83441s
749 0.8353 0.556967 0.00990408 5.86337s
750 0.8353 0.556556 0.0103769 5.84908s
751 0.8353 0.551934 0.00948316 5.8492s
752 0.8353 0.559873 0.0107482 5.83206s
753 0.8353 0.554453 0.00983617 5.8856s
754 0.8353 0.557415 0.010222 5.8944s
755 0.8353 0.554023 0.0101164 5.8045s
756 0.8353 0.555604 0.0102583 5.84944s
757 0.8353 0.554625 0.00980214 5.90667s
758 0.8353 0.55601 0.00993111 5.93171s
759 0.8353 0.553126 0.00954124 5.88716s
760 0.8353 0.549778 0.0104809 5.89503s
761 0.8353 0.55486 0.0104629 5.79934s
762 0.8353 0.558687 0.0111425 5.83251s
763 0.8353 0.559081 0.0113221 5.85633s
764 0.8353 0.553921 0.00974206 5.84396s
765 0.8353 0.558237 0.0107305 5.88608s
766 0.8353 0.558794 0.0105874 5.8366s
767 0.8353 0.557522 0.0102318 5.88976s
768 0.8353 0.556574 0.00959372 5.84728s
769 0.8353 0.552035 0.00972784 5.90838s
770 0.8353 0.554202 0.00971136 5.90935s
771 0.8353 0.554021 0.00996832 5.81857s
772 0.8353 0.55192 0.00964822 5.8591s
773 0.8353 0.554791 0.00956261 5.87047s
774 0.8353 0.552624 0.010165 5.8194s
775 0.8353 0.557935 0.0102572 5.8628s
776 0.8353 0.55548 0.0101 5.83442s
777 0.8353 0.55329 0.0105828 5.84992s
778 0.8353 0.549692 0.0108103 5.80758s
779 0.8353 0.551204 0.00966248 5.83397s
780 0.8353 0.55432 0.0102221 5.86218s
781 0.8353 0.554848 0.0112049 5.8049s
782 0.8353 0.550216 0.0104365 5.8265s
783 0.8353 0.550833 0.00982353 5.83092s
784 0.8353 0.553081 0.0101587 6.0912s
785 0.8353 0.551231 0.009489 5.7981s
786 0.8353 0.557809 0.0104507 5.81126s
787 0.8353 0.55556 0.0102376 5.84573s
788 0.8353 0.559567 0.0104361 5.92951s
789 0.8353 0.555148 0.0102614 6.9664s
790 0.8353 0.555177 0.0102743 5.88544s
791 0.8353 0.559599 0.0101689 5.89052s
792 0.8353 0.555145 0.0101898 5.86858s
793 0.8353 0.552133 0.0100032 5.85683s
794 0.8353 0.55403 0.0100131 6.08618s
795 0.8353 0.558142 0.0103067 5.86347s
796 0.8353 0.55762 0.00969412 5.82596s
797 0.8353 0.55697 0.0107523 5.88212s
798 0.8353 0.552182 0.0096496 5.84704s
799 0.8353 0.556056 0.0103086 5.8347s
800 0.8353 0.551797 0.00995103 5.91187s
801 0.8353 0.547384 0.00939714 5.86919s
802 0.8353 0.549407 0.00934973 5.83986s
803 0.8353 0.549631 0.00984262 5.89332s
804 0.8353 0.561428 0.0107571 5.88733s
805 0.8353 0.552688 0.00965798 5.89632s
806 0.8353 0.550843 0.00968514 5.89054s
807 0.8353 0.553716 0.0102193 5.87887s
808 0.8353 0.554024 0.009803 5.90138s
809 0.8353 0.55415 0.0102294 5.85715s
810 0.8353 0.554289 0.0100813 5.93882s
811 0.8353 0.553876 0.010299 5.89751s
812 0.8353 0.556896 0.0103083 6.39669s
813 0.8353 0.562865 0.0110876 5.84568s
814 0.8353 0.566045 0.0116601 5.85984s
815 0.8353 0.561781 0.0106333 5.88828s
816 0.8353 0.559858 0.0103982 6.02474s
817 0.8353 0.557732 0.0105389 5.85693s
818 0.8353 0.55919 0.0109759 5.86308s
819 0.8353 0.552944 0.00984861 5.80546s
820 0.8353 0.549462 0.00983078 5.86292s
821 0.8353 0.555519 0.0104451 5.8435s
822 0.8353 0.550533 0.00977396 5.85755s
823 0.8353 0.558222 0.0106866 5.85428s
824 0.8353 0.554379 0.00959139 5.86301s
825 0.8353 0.558754 0.0103803 5.89294s
826 0.8353 0.55384 0.00983948 5.88559s
827 0.8353 0.557216 0.0108964 5.8235s
828 0.8353 0.558519 0.0108747 5.7579s
829 0.8353 0.555555 0.0103521 5.8864s
830 0.835665 0.561929 0.0109148 5.80267s
831 0.835665 0.560418 0.0109354 6.09483s
832 0.835665 0.55624 0.0103362 6.06444s
833 0.835665 0.569548 0.011834 6.21674s
834 0.835665 0.56285 0.0106389 6.06181s
835 0.835665 0.56343 0.010536 5.81919s
836 0.835665 0.548914 0.00964353 5.88862s
837 0.835665 0.55731 0.0104603 5.86517s
838 0.835665 0.555802 0.0100647 6.08855s
839 0.835665 0.557888 0.0103513 5.87861s
840 0.835665 0.556729 0.0104823 5.84466s
841 0.835665 0.551938 0.00961705 6.16407s
842 0.836243 0.557868 0.0106629 5.90691s
843 0.836243 0.556122 0.0101045 5.84373s
844 0.836243 0.555589 0.0103992 5.84184s
845 0.836243 0.549528 0.0101517 6.07176s
846 0.836243 0.550886 0.00993559 6.12045s
847 0.836243 0.547543 0.0100446 5.80558s
848 0.836243 0.555189 0.0102793 5.91871s
849 0.836243 0.555473 0.0109681 5.82991s
850 0.836243 0.552155 0.0103922 5.80181s
851 0.836243 0.547344 0.00956935 5.94011s
852 0.836243 0.552791 0.00980237 5.86469s
853 0.836243 0.552076 0.0100763 5.9147s
854 0.836243 0.55845 0.0112063 5.91192s
855 0.836243 0.546983 0.0102051 6.06317s
856 0.836243 0.547649 0.00993652 5.9217s
857 0.836243 0.555894 0.0106978 5.90766s
858 0.836243 0.554519 0.0100237 5.88546s
859 0.836243 0.559377 0.0105956 5.84924s
860 0.836243 0.556942 0.0100519 5.80888s
861 0.836243 0.557068 0.00998886 5.90597s
862 0.836243 0.558423 0.0102157 5.85251s
863 0.836243 0.554302 0.0099161 5.83098s
864 0.836243 0.55304 0.0100807 5.87593s
865 0.836243 0.556755 0.00992491 5.82495s
866 0.836243 0.548965 0.00961622 5.80089s
867 0.836243 0.553732 0.0102696 5.85898s
868 0.836243 0.552183 0.010151 5.80238s
869 0.836243 0.552018 0.00969489 5.83242s
870 0.836243 0.5533 0.0100068 5.91394s
871 0.836243 0.554171 0.0104286 5.85155s
872 0.836243 0.550993 0.0101092 5.836s
873 0.836243 0.551809 0.0101586 5.84594s
874 0.836243 0.550483 0.0100354 5.80205s
875 0.836243 0.550889 0.0099555 5.91652s
876 0.836243 0.556035 0.0110806 5.83946s
877 0.836243 0.557931 0.0108726 5.84647s
878 0.836243 0.565209 0.0117184 5.85237s
879 0.836243 0.563685 0.0111608 5.82162s
880 0.836243 0.551721 0.0104767 5.85152s
881 0.836243 0.555779 0.0105371 5.82109s
882 0.836243 0.556953 0.0108984 5.9139s
883 0.836243 0.557868 0.0105729 5.79494s
884 0.836243 0.555569 0.0110679 5.86709s
885 0.836243 0.553952 0.0101411 5.85536s
886 0.836243 0.556128 0.010258 5.81753s
887 0.836243 0.552755 0.0106705 5.89766s
888 0.836243 0.555391 0.0104526 5.85269s
889 0.836243 0.551801 0.0102642 5.86746s
890 0.836243 0.555222 0.0104253 5.80109s
891 0.836243 0.5516 0.0106892 5.91693s
892 0.836243 0.552891 0.00994181 5.94761s
893 0.836243 0.553413 0.0106768 6.38796s
894 0.836243 0.55376 0.0102165 5.8687s
895 0.836243 0.552658 0.0101537 5.88963s
896 0.836243 0.557768 0.0112462 5.98117s
897 0.836243 0.551042 0.0101275 6.00903s
898 0.836243 0.555994 0.0110846 6.25859s
899 0.836243 0.555634 0.0107903 5.88356s
900 0.836243 0.550921 0.010323 5.91825s
901 0.836243 0.553515 0.0100844 5.82423s
902 0.836243 0.553402 0.0102999 5.86714s
903 0.836243 0.548813 0.0100124 5.83061s
904 0.836243 0.546953 0.0097926 5.89319s
905 0.836243 0.555129 0.0104804 5.87149s
906 0.836243 0.55642 0.0110891 5.8584s
907 0.836243 0.55959 0.010676 5.84311s
908 0.836243 0.552747 0.00988479 5.85095s
909 0.836243 0.552418 0.0101628 5.83467s
910 0.836243 0.553302 0.0105486 5.88423s
911 0.836243 0.551528 0.00964628 5.85154s
912 0.836243 0.553055 0.0101161 5.82121s
913 0.836243 0.551556 0.0100346 5.82103s
914 0.836243 0.556627 0.0105124 5.84874s
915 0.836243 0.55122 0.0100503 5.84203s
916 0.836243 0.561011 0.0108527 6.0046s
917 0.836243 0.558988 0.0111909 5.88107s
918 0.836243 0.555752 0.0102823 5.91965s
919 0.836243 0.555828 0.010304 5.80576s
920 0.836243 0.551427 0.00990701 5.9069s
921 0.836243 0.557897 0.0105124 5.81007s
922 0.836243 0.553747 0.0104654 5.83094s
923 0.836243 0.553654 0.0104003 5.81673s
924 0.836243 0.550407 0.0101392 5.84033s
925 0.836243 0.555305 0.0107891 5.81184s
926 0.836243 0.554865 0.011124 5.8028s
927 0.836413 0.55682 0.0112016 5.8381s
928 0.836413 0.555833 0.0105376 5.87552s
929 0.836413 0.561375 0.0115461 5.8718s
930 0.836413 0.552097 0.0106184 5.86719s
931 0.836413 0.557257 0.0105398 5.78849s
932 0.836413 0.555848 0.0103978 5.83529s
933 0.836413 0.555588 0.0102544 5.80717s
934 0.836413 0.556977 0.0114378 5.83807s
935 0.836413 0.55416 0.010585 5.8515s
936 0.836413 0.557842 0.0111671 5.84027s
937 0.836413 0.551039 0.0106294 5.89962s
938 0.836413 0.551676 0.0107584 5.80793s
939 0.836413 0.553522 0.0104805 5.82015s
940 0.836413 0.552601 0.0101611 5.84293s
941 0.836413 0.555568 0.0106217 5.86929s
942 0.836413 0.551066 0.0104261 5.87388s
943 0.836413 0.553791 0.0107465 5.85377s
944 0.836413 0.548236 0.0101062 5.82052s
945 0.836413 0.547836 0.0102535 5.80943s
946 0.836413 0.552375 0.0105643 5.82128s
947 0.836413 0.556433 0.0105934 5.97395s
948 0.836413 0.546178 0.00987125 5.81581s
949 0.836413 0.55588 0.0106347 5.88118s
950 0.836413 0.550898 0.0100341 5.84271s
951 0.836413 0.554765 0.010362 5.84127s
952 0.836413 0.55672 0.0110349 5.81649s
953 0.836413 0.554679 0.0102115 5.83822s
954 0.836413 0.5525 0.0107406 5.90371s
955 0.836413 0.55318 0.0107944 5.82421s
956 0.836413 0.553163 0.0104078 5.83802s
957 0.836413 0.554145 0.0105448 5.87763s
958 0.836413 0.558982 0.0109918 5.82818s
959 0.836413 0.557845 0.0105618 5.8692s
960 0.836413 0.560812 0.0113319 5.81977s
961 0.836413 0.554292 0.0105789 5.79427s
962 0.836413 0.562301 0.0115201 5.8929s
963 0.836413 0.550812 0.0101882 5.84483s
964 0.836413 0.558188 0.0118362 5.97003s
965 0.836413 0.553612 0.0109666 5.88362s
966 0.836413 0.553131 0.0106343 5.84203s
967 0.836413 0.550613 0.0105125 5.76029s
968 0.836413 0.557989 0.0106118 5.85348s
969 0.836413 0.559782 0.0113551 5.91004s
970 0.836413 0.550049 0.0103178 5.89658s
971 0.836413 0.555072 0.0110931 5.93814s
972 0.836413 0.550335 0.0103642 5.78106s
973 0.836413 0.552163 0.0106156 5.87729s
974 0.836413 0.556418 0.0114802 5.91268s
975 0.836413 0.553713 0.0111527 5.92118s
976 0.836413 0.549923 0.010313 5.80706s
977 0.836413 0.552344 0.0108247 5.83213s
978 0.836413 0.554232 0.0102525 5.83834s
979 0.836413 0.558921 0.0106538 5.99479s
980 0.836413 0.554892 0.0106461 5.86009s
981 0.836413 0.558693 0.0114199 5.8384s
982 0.836413 0.55914 0.0111404 5.84077s
983 0.836413 0.560555 0.0104358 5.84665s
984 0.836413 0.553837 0.0105658 6.0978s
985 0.836413 0.560447 0.0112161 5.88439s
986 0.836413 0.559392 0.0106792 5.83545s
987 0.836413 0.559984 0.0113308 5.80168s
988 0.836413 0.561016 0.0116981 5.86228s
989 0.836413 0.558165 0.0107117 5.81471s
990 0.836622 0.56259 0.0117151 5.82347s
991 0.836622 0.560576 0.0106994 5.95723s
992 0.836622 0.553881 0.010547 5.80676s
993 0.836622 0.558687 0.0109268 5.85641s
994 0.836622 0.551129 0.00998314 5.82764s
995 0.836622 0.54865 0.0101186 5.88639s
996 0.836622 0.552133 0.0101693 5.93694s
997 0.836622 0.55415 0.0111365 6.18066s
998 0.836622 0.557396 0.0111732 5.90498s
999 0.836622 0.55758 0.0110657 5.94532s
1000 0.836622 0.55424 0.0105331 5.89454s
1001 0.836622 0.552754 0.0104355 5.81668s
1002 0.836622 0.556881 0.0113845 5.79771s
1003 0.836627 0.554259 0.0110268 5.77903s
1004 0.836627 0.552086 0.0103643 5.77081s
1005 0.836627 0.556612 0.0110099 5.86893s
1006 0.836627 0.55693 0.0109398 5.88605s
1007 0.836627 0.552312 0.0106362 6.12074s
1008 0.836627 0.559561 0.0116812 5.81096s
1009 0.836627 0.549889 0.0106984 5.84534s
1010 0.836627 0.551314 0.0101717 5.81541s
1011 0.836627 0.557873 0.0104668 5.79651s
1012 0.836627 0.546908 0.00994942 5.84209s
1013 0.836627 0.553164 0.0107803 5.81835s
1014 0.836627 0.548835 0.00995636 5.88506s
1015 0.836627 0.549988 0.0102622 5.84059s
1016 0.836627 0.551854 0.0109226 5.8182s
1017 0.836627 0.551966 0.0109609 5.82248s
1018 0.836627 0.556914 0.0113301 5.83681s
1019 0.836627 0.558032 0.0111839 6.19237s
1020 0.836627 0.550847 0.0102934 5.97599s
1021 0.836627 0.548811 0.00985965 5.89124s
1022 0.836627 0.553357 0.0115462 5.91689s
1023 0.836627 0.550822 0.0101787 5.86474s
1024 0.836627 0.550011 0.0106501 5.82862s
1025 0.836627 0.548909 0.0103886 5.83134s
1026 0.836627 0.566222 0.0117736 5.80953s
1027 0.836627 0.556809 0.0111597 5.91466s
1028 0.83755 0.551933 0.0104618 5.89512s
1029 0.83755 0.555659 0.010809 5.87603s
1030 0.83755 0.550392 0.0102749 5.89029s
1031 0.83755 0.552627 0.0104925 5.83975s
1032 0.83755 0.554697 0.0102578 5.89043s
1033 0.83755 0.565652 0.0110421 5.84236s
1034 0.83755 0.560714 0.0104895 5.79161s
1035 0.83755 0.561233 0.0103412 5.87028s
1036 0.83755 0.561675 0.010296 5.89089s
1037 0.83755 0.560568 0.0100256 5.87468s
1038 0.83755 0.559105 0.0111055 5.84582s
1039 0.83755 0.563913 0.0118309 5.90723s
1040 0.83755 0.5548 0.0102717 5.82908s
1041 0.83755 0.555187 0.0104629 5.78646s
1042 0.83755 0.557589 0.0106126 5.8423s
1043 0.83755 0.552942 0.00995561 5.81569s
1044 0.83755 0.551325 0.0103294 5.88196s
1045 0.83755 0.555126 0.0105072 5.83299s
1046 0.83755 0.558632 0.0104155 5.79609s
1047 0.83755 0.552097 0.010094 5.84724s
1048 0.83755 0.556687 0.0103645 5.83487s
1049 0.83755 0.555938 0.0102936 5.79886s
1050 0.83755 0.560179 0.011078 5.81932s
1051 0.83755 0.560142 0.0107128 5.79976s
1052 0.83755 0.555248 0.0108941 5.88643s
1053 0.83755 0.562239 0.0114746 5.83362s
1054 0.83755 0.554251 0.0109571 5.83925s
1055 0.83755 0.556034 0.0103234 5.84909s
1056 0.83755 0.556418 0.0103978 5.82078s
1057 0.83755 0.551081 0.00999381 5.81419s
1058 0.83755 0.557964 0.0108789 5.8184s
1059 0.83755 0.554802 0.0103209 5.8848s
1060 0.83755 0.55817 0.0109982 5.8384s
1061 0.83755 0.562605 0.0112817 5.87383s
1062 0.83755 0.557687 0.0105086 5.90167s
1063 0.83755 0.554071 0.00997467 5.90621s
1064 0.83755 0.554602 0.0103895 5.78594s
1065 0.83755 0.553062 0.010306 5.87673s
1066 0.83755 0.558206 0.0104554 5.83513s
1067 0.83755 0.552262 0.0100064 5.82123s
1068 0.83755 0.556645 0.0111424 5.85244s
1069 0.83755 0.55439 0.0103592 5.86233s
1070 0.83755 0.557414 0.0102507 6.09771s
1071 0.83755 0.563452 0.0115162 5.85907s
1072 0.83755 0.559368 0.011276 5.86182s
1073 0.83755 0.556496 0.0108171 5.84092s
1074 0.83755 0.563778 0.0109622 5.8504s
1075 0.83755 0.559764 0.010794 6.1094s
1076 0.83755 0.552686 0.0101465 5.82618s
1077 0.83755 0.561587 0.0110545 5.87254s
1078 0.83755 0.554654 0.0103921 5.85482s
1079 0.83755 0.560006 0.0104696 5.89047s
1080 0.83755 0.564302 0.0109533 5.97006s
1081 0.83755 0.561396 0.0101309 6.14102s
1082 0.83755 0.558296 0.0099192 6.11583s
1083 0.83755 0.552596 0.00995169 5.88849s
1084 0.83755 0.561287 0.0105328 5.9352s
1085 0.83755 0.558782 0.0105971 5.86024s
1086 0.83755 0.556012 0.00987081 5.90052s
1087 0.83755 0.556412 0.0103625 6.15833s
1088 0.83755 0.552874 0.00994688 5.87931s
1089 0.83755 0.565238 0.0109264 5.90245s
1090 0.83755 0.557144 0.0100498 5.8851s
1091 0.83755 0.558217 0.0104829 5.89545s
1092 0.83755 0.557501 0.0106327 5.86346s
1093 0.83755 0.557746 0.0102219 5.86273s
1094 0.83755 0.558351 0.0112264 5.807s
1095 0.83755 0.564347 0.0109824 5.9042s
1096 0.83755 0.559393 0.0102865 5.9022s
1097 0.83755 0.56252 0.0106404 5.80325s
1098 0.83755 0.557255 0.0101132 6.09922s
1099 0.83755 0.556947 0.0101168 5.83158s
1100 0.83755 0.555235 0.010293 7.17101s
1101 0.83755 0.555716 0.0103425 5.9007s
1102 0.83755 0.556857 0.0112613 5.86327s
1103 0.83755 0.561201 0.0113459 5.9392s
1104 0.83755 0.556021 0.0101297 5.88458s
1105 0.83755 0.551716 0.0100225 5.86307s
1106 0.83755 0.56047 0.0114341 5.88767s
1107 0.83755 0.553141 0.0105396 5.8584s
1108 0.83755 0.56125 0.0111348 5.89662s
1109 0.83755 0.561244 0.0110279 5.84332s
1110 0.83755 0.556128 0.00984483 5.79137s
1111 0.83755 0.557874 0.0104962 5.83918s
1112 0.83755 0.556115 0.0101243 5.84452s
1113 0.83755 0.560192 0.0105334 5.86034s
1114 0.83755 0.560865 0.0107175 5.85133s
1115 0.83755 0.556016 0.0107765 5.86248s
1116 0.83755 0.568425 0.0109257 5.80877s
1117 0.83755 0.55845 0.0105622 5.96102s
1118 0.83755 0.558523 0.0109125 5.85944s
1119 0.83755 0.555719 0.010548 5.94877s
1120 0.83755 0.557228 0.0100214 5.88739s
1121 0.83755 0.555834 0.0109747 6.07102s
1122 0.83755 0.561213 0.0114275 6.15784s
1123 0.83755 0.556593 0.0103492 5.80109s
1124 0.83755 0.553338 0.0100829 6.06122s
1125 0.83755 0.557343 0.0102964 5.87816s
1126 0.83755 0.557471 0.011059 5.83382s
1127 0.83755 0.561794 0.0109889 6.20997s
1128 0.83755 0.557967 0.010107 5.84196s
1129 0.83755 0.558042 0.0103457 5.85592s
1130 0.83755 0.560894 0.0102137 5.8501s
1131 0.83755 0.556039 0.0101155 5.84019s
1132 0.83755 0.558776 0.0104217 5.85539s
1133 0.83755 0.558382 0.00999122 5.90015s
1134 0.83755 0.5608 0.0108526 5.87214s
1135 0.83755 0.559488 0.0114132 5.88255s
1136 0.83755 0.560985 0.0111712 5.9154s
1137 0.83755 0.553524 0.0103579 5.87859s
1138 0.83755 0.55481 0.0103277 5.89231s
1139 0.83755 0.557496 0.0107312 5.8547s
1140 0.83755 0.554256 0.0101416 5.92491s
1141 0.83755 0.55106 0.0106659 5.92387s
1142 0.83755 0.557689 0.0110247 5.88124s
1143 0.83755 0.555435 0.0104875 5.89549s
1144 0.83755 0.560639 0.0100973 5.90918s
1145 0.83755 0.549896 0.01033 5.87609s
1146 0.83755 0.552456 0.0110203 5.89728s
1147 0.83755 0.5522 0.01064 5.88622s
1148 0.83755 0.556457 0.0116978 5.90476s
1149 0.83755 0.553709 0.0110357 7.04132s
1150 0.83755 0.554709 0.0105395 5.96393s
1151 0.83755 0.555788 0.0108055 5.9395s
1152 0.83755 0.554324 0.010377 5.87168s
1153 0.83755 0.54892 0.0100274 6.15871s
1154 0.83755 0.555975 0.0101727 5.90612s
1155 0.83755 0.552397 0.0104013 5.85094s
1156 0.83755 0.555115 0.0105566 5.81281s
1157 0.83755 0.558941 0.0113002 5.87086s
1158 0.83755 0.5556 0.0107142 5.85776s
1159 0.83755 0.56343 0.011455 5.83391s
1160 0.83755 0.554579 0.0106158 5.8605s
1161 0.83755 0.556628 0.0100203 6.09801s
1162 0.83755 0.553114 0.0103374 5.86503s
1163 0.83755 0.554962 0.0100351 5.83482s
1164 0.83755 0.552369 0.0106082 5.79587s
1165 0.83755 0.54722 0.00980183 5.80002s
1166 0.83755 0.551182 0.010574 5.88722s
1167 0.83755 0.553853 0.010554 5.8597s
1168 0.83755 0.558916 0.0105806 5.82277s
1169 0.83755 0.55981 0.0110151 6.18401s
1170 0.83755 0.551925 0.0102003 5.82933s
1171 0.83755 0.553767 0.0100244 5.85358s
1172 0.83755 0.556036 0.0109255 5.79568s
1173 0.83755 0.562041 0.0114019 5.86223s
1174 0.83755 0.549687 0.00997788 5.83906s
1175 0.83755 0.551051 0.0100573 5.89102s
1176 0.83755 0.557472 0.0102667 5.89368s
1177 0.83755 0.548709 0.00983384 5.84428s
1178 0.83755 0.553115 0.0104534 5.87358s
1179 0.83755 0.556562 0.0101913 5.85705s
1180 0.83755 0.556706 0.0104931 5.8679s
1181 0.83755 0.555949 0.0104512 5.90693s
1182 0.83755 0.557128 0.0110175 6.19705s
1183 0.83755 0.554596 0.0104054 5.89765s
1184 0.83755 0.552486 0.00998844 5.86024s
1185 0.83755 0.552936 0.0106846 5.81476s
1186 0.83755 0.554079 0.0106408 5.84708s
1187 0.83755 0.552517 0.0111346 5.8579s
1188 0.83755 0.550583 0.0103486 5.8226s
1189 0.83755 0.553311 0.0102118 5.8658s
1190 0.83755 0.554945 0.0106032 5.86376s
1191 0.83755 0.550624 0.0101016 5.81706s
1192 0.83755 0.55209 0.0101826 5.88285s
1193 0.83755 0.553156 0.0105806 5.82507s
1194 0.83755 0.561024 0.0115675 5.84143s
1195 0.83755 0.551001 0.0103962 5.8271s
1196 0.83755 0.554911 0.0108724 5.8354s
1197 0.83755 0.558799 0.0113955 5.84471s
1198 0.83755 0.559235 0.0124946 5.8348s
1199 0.83755 0.553519 0.0103246 5.86379s
1200 0.83755 0.560661 0.0110621 6.05849s
1201 0.83755 0.559165 0.0110392 6.12828s
1202 0.83755 0.56205 0.0109299 5.86356s
1203 0.83755 0.565475 0.0111324 6.0663s
1204 0.83755 0.564767 0.0109692 5.92099s
1205 0.83755 0.555314 0.0110769 5.84178s
1206 0.83755 0.557757 0.00993151 5.83314s
1207 0.83755 0.561184 0.0109031 5.90148s
1208 0.83755 0.562127 0.0111911 5.82303s
1209 0.83755 0.556112 0.0104737 5.88059s
1210 0.83755 0.552403 0.00985415 5.88462s
1211 0.83755 0.558662 0.0105663 5.8535s
1212 0.83755 0.554687 0.0108828 5.86192s
1213 0.83755 0.561026 0.0106413 5.82338s
1214 0.83755 0.560035 0.0118231 5.83438s
1215 0.83755 0.555363 0.0109104 5.88352s
1216 0.83755 0.558488 0.0109251 5.83028s
1217 0.837933 0.552876 0.0110446 5.92445s
1218 0.837933 0.551315 0.0104759 5.87277s
1219 0.837933 0.560124 0.0114238 5.86225s
1220 0.837933 0.560007 0.0118606 5.80627s
1221 0.837933 0.560044 0.0112649 5.83182s
1222 0.837933 0.551807 0.0101067 5.85521s
1223 0.837933 0.553158 0.00997331 5.85532s
1224 0.837933 0.554501 0.0104205 5.77547s
1225 0.837933 0.556658 0.0100716 5.91386s
1226 0.837933 0.553157 0.0103316 5.82905s
1227 0.837933 0.549662 0.00994081 5.83253s
1228 0.837933 0.557629 0.0107452 5.88236s
1229 0.837933 0.556281 0.0102284 5.87186s
1230 0.837933 0.559918 0.0111894 5.87896s
1231 0.837933 0.56256 0.0120632 5.86519s
1232 0.837933 0.549421 0.0103033 5.86968s
1233 0.837933 0.553096 0.0106587 5.80674s
1234 0.837933 0.554482 0.0103927 5.79577s
1235 0.837933 0.553256 0.0103655 5.8181s
1236 0.837933 0.547218 0.0099184 5.8416s
1237 0.837933 0.554581 0.0105648 5.87022s
1238 0.837933 0.548807 0.0100415 5.88446s
1239 0.837933 0.552199 0.0103745 5.91467s
1240 0.837933 0.557407 0.0105858 5.88499s
1241 0.837933 0.562369 0.0111032 5.86156s
1242 0.837933 0.562369 0.0103613 5.80883s
1243 0.837933 0.559297 0.0104916 5.90367s
1244 0.837933 0.554514 0.0103834 5.8525s
1245 0.837933 0.557651 0.0103656 5.8945s
1246 0.837933 0.555949 0.00996806 5.85341s
1247 0.837933 0.552746 0.00991724 5.94178s
1248 0.837933 0.560793 0.0108153 5.86743s
1249 0.837933 0.553739 0.00999056 5.85978s
1250 0.837933 0.555722 0.0105947 5.80373s
1251 0.837933 0.55336 0.0103484 6.03447s
1252 0.837933 0.557666 0.0111325 6.13485s
1253 0.837933 0.56186 0.0116932 6.05943s
1254 0.837933 0.558487 0.0108086 5.85702s
1255 0.837933 0.554356 0.0105061 5.85651s
1256 0.837933 0.555015 0.0102806 5.81891s
1257 0.837933 0.55461 0.0103323 5.84151s
1258 0.837933 0.551201 0.00999576 5.78514s
1259 0.837933 0.557054 0.011041 5.84535s
1260 0.837933 0.558216 0.00991005 5.82339s
1261 0.837933 0.551457 0.0102529 5.84592s
1262 0.837933 0.549868 0.00998611 5.8951s
1263 0.837933 0.558843 0.010558 5.85534s
1264 0.837933 0.558026 0.0101645 6.20844s
1265 0.837933 0.558277 0.0111498 5.86049s
1266 0.837933 0.557818 0.0107545 5.87285s
1267 0.837933 0.554682 0.0113266 5.94597s
1268 0.837933 0.556746 0.0106545 5.8269s
1269 0.837933 0.555781 0.0103512 5.84878s
1270 0.837933 0.558854 0.010648 5.86378s
1271 0.837933 0.557634 0.0107128 5.86008s
1272 0.837933 0.560062 0.0106867 5.86169s
1273 0.837933 0.56169 0.011189 5.85255s
1274 0.837933 0.554881 0.0105793 5.84248s
1275 0.837933 0.566862 0.0110635 5.9088s
1276 0.837933 0.560564 0.0112014 5.84801s
1277 0.837933 0.559316 0.0106078 5.85364s
1278 0.837933 0.55526 0.0105958 5.91178s
1279 0.837933 0.560209 0.0112879 5.86807s
1280 0.837933 0.556337 0.0107597 5.81154s
1281 0.837933 0.550836 0.0102999 5.85217s
1282 0.837933 0.559687 0.0112196 5.77486s
1283 0.837933 0.55467 0.0105245 5.92055s
1284 0.837933 0.557709 0.0110126 6.13042s
1285 0.837933 0.556973 0.01139 5.86838s
1286 0.837933 0.55603 0.0103611 5.91773s
1287 0.837933 0.557071 0.0109936 5.84027s
1288 0.837933 0.553625 0.0103023 5.84194s
1289 0.837933 0.560734 0.0121642 5.84206s
1290 0.837933 0.56178 0.0117956 5.81095s
1291 0.837933 0.567515 0.0118471 5.85749s
1292 0.837933 0.562393 0.0112389 5.87661s
1293 0.837933 0.558325 0.0103609 5.86817s
1294 0.837933 0.563425 0.0104061 6.16383s
1295 0.837933 0.556698 0.0100964 5.86921s
1296 0.837933 0.557847 0.0102445 5.86044s
1297 0.837933 0.558184 0.0114583 5.81938s
1298 0.837933 0.555909 0.00984814 5.90178s
1299 0.837933 0.557935 0.0109734 6.00331s
1300 0.837933 0.559064 0.0110756 5.96605s
1301 0.837933 0.553395 0.0103197 5.82495s
1302 0.837933 0.550767 0.0101683 5.90845s
1303 0.837933 0.548456 0.00989524 5.90757s
1304 0.837933 0.547358 0.00986266 6.20884s
1305 0.837933 0.557057 0.0106849 5.89945s
1306 0.837933 0.560417 0.0111839 6.31974s
1307 0.837933 0.559658 0.010932 5.88136s
1308 0.837933 0.557554 0.0105203 5.84531s
1309 0.837933 0.557966 0.0103576 5.88879s
1310 0.837933 0.557295 0.010528 5.85833s
1311 0.837933 0.556583 0.0106799 5.86595s
1312 0.837933 0.557248 0.0108239 5.84742s
1313 0.837933 0.561926 0.0108316 5.818s
1314 0.837933 0.557499 0.010132 5.79856s
1315 0.837933 0.558517 0.0100981 5.88524s
1316 0.837933 0.559776 0.010966 5.82446s
1317 0.837933 0.559381 0.0106306 5.89505s
1318 0.837933 0.555061 0.0106597 5.84904s
1319 0.837933 0.556797 0.0106508 5.85625s
1320 0.837933 0.550896 0.0107691 5.83207s
1321 0.837933 0.5565 0.0114226 6.14069s
1322 0.837933 0.557361 0.0112595 6.0334s
1323 0.837933 0.551131 0.0105814 6.05768s
1324 0.837933 0.552566 0.0104709 6.12229s
1325 0.837933 0.550586 0.0107769 5.89557s
1326 0.837933 0.557588 0.0111363 6.07379s
1327 0.837933 0.563582 0.0114876 5.86337s
1328 0.837933 0.555215 0.0112797 5.84113s
1329 0.837933 0.555445 0.01093 5.84748s
1330 0.837933 0.556998 0.0106456 5.88089s
1331 0.837933 0.550721 0.0101955 5.81981s
1332 0.837933 0.561118 0.0110511 5.83443s
1333 0.837933 0.553361 0.00999587 5.83492s
1334 0.837933 0.559382 0.0110211 5.87366s
1335 0.837933 0.562298 0.0111576 5.86442s
1336 0.837933 0.553819 0.0106678 5.86468s
1337 0.837933 0.555605 0.0108869 5.83978s
1338 0.837933 0.559303 0.0107041 5.82437s
1339 0.837933 0.549361 0.0101301 5.84703s
1340 0.837933 0.555765 0.0107043 5.86295s
1341 0.837933 0.558128 0.01131 5.86297s
1342 0.837933 0.551817 0.0107906 5.82782s
1343 0.837933 0.560707 0.0116128 6.08855s
1344 0.837933 0.563966 0.0108559 5.97407s
1345 0.837933 0.557033 0.0103899 6.04947s
1346 0.837933 0.552174 0.0104417 5.87058s
1347 0.837933 0.559996 0.0115951 5.86206s
1348 0.837933 0.561541 0.0109172 6.05759s
1349 0.837933 0.565183 0.0117124 5.89952s
1350 0.837933 0.566309 0.0118862 5.8881s
1351 0.837933 0.553063 0.0104654 5.90602s
1352 0.837933 0.554626 0.010912 5.8841s
1353 0.837933 0.559692 0.0109309 5.84893s
1354 0.837933 0.555322 0.010514 5.84975s
1355 0.837933 0.550888 0.0101306 6.14784s
1356 0.837933 0.55905 0.0113997 5.87219s
1357 0.837933 0.556968 0.0103324 5.88712s
1358 0.837933 0.561182 0.0107238 6.0915s
1359 0.837933 0.558607 0.0107266 6.04506s
1360 0.837933 0.557789 0.010283 5.90993s
1361 0.837933 0.554989 0.0101539 5.90441s
1362 0.837933 0.555574 0.0100098 5.85437s
1363 0.837933 0.551045 0.0101722 5.85366s
1364 0.837933 0.559072 0.0107867 5.92308s
1365 0.837933 0.557063 0.0104299 5.83984s
1366 0.837933 0.553664 0.0105388 6.08305s
1367 0.837933 0.553287 0.0108724 5.82149s
1368 0.837933 0.556366 0.0113962 5.79931s
1369 0.837933 0.551962 0.0104855 5.80945s
1370 0.837933 0.553907 0.0104944 5.7971s
1371 0.837933 0.559817 0.0114019 5.9068s
1372 0.837933 0.55492 0.0106151 5.87709s
1373 0.837933 0.561369 0.0120997 5.85569s
1374 0.837933 0.553859 0.0108183 5.87026s
1375 0.837933 0.555419 0.0104443 5.86985s
1376 0.837933 0.556878 0.0111154 5.81074s
1377 0.837933 0.557871 0.0107002 5.84142s
1378 0.837933 0.552356 0.0101134 5.83696s
1379 0.837933 0.557968 0.0104579 5.84359s
1380 0.837933 0.555982 0.0107577 5.86817s
1381 0.837933 0.561148 0.0109837 5.90228s
1382 0.837933 0.553682 0.00992188 5.90099s
1383 0.837933 0.549572 0.0102166 5.873s
1384 0.837933 0.553129 0.0106199 5.874s
1385 0.837933 0.552996 0.010682 5.89154s
1386 0.837933 0.56064 0.0108531 5.95167s
1387 0.837933 0.560168 0.0113059 5.81365s
1388 0.837933 0.552985 0.0103764 6.03743s
1389 0.837933 0.556459 0.0105549 5.90879s
1390 0.837933 0.554487 0.0102908 5.83618s
1391 0.837933 0.560653 0.0110566 5.85374s
1392 0.837933 0.554624 0.0105585 5.84362s
1393 0.837933 0.559179 0.0109756 5.8317s
1394 0.837933 0.557344 0.0105082 5.85642s
1395 0.837933 0.559474 0.0108179 5.86418s
1396 0.837933 0.558709 0.0118413 5.82444s
1397 0.837933 0.55771 0.0107408 5.91606s
1398 0.837933 0.554324 0.0104977 5.84429s
1399 0.837933 0.552561 0.0102591 5.86174s
1400 0.837933 0.560325 0.0116925 5.82871s
1401 0.837933 0.552209 0.0103418 5.84285s
1402 0.837933 0.559386 0.0107222 5.85693s
1403 0.837933 0.551989 0.0103546 5.88675s
1404 0.837933 0.554354 0.0103673 5.81424s
1405 0.837933 0.557954 0.0102597 5.85288s
1406 0.837933 0.560695 0.0108165 5.905s
1407 0.837933 0.553635 0.0101012 5.86584s
1408 0.837933 0.559317 0.0110635 6.12791s
1409 0.837933 0.559465 0.0116042 6.25519s
1410 0.837933 0.558551 0.0107566 5.8766s
1411 0.837933 0.560708 0.0113204 5.84249s
1412 0.837933 0.554283 0.0104341 5.79918s
1413 0.837933 0.554393 0.0108501 5.86537s
1414 0.837933 0.555029 0.0107014 5.88776s
1415 0.837933 0.559952 0.0105821 5.84928s
1416 0.837933 0.558475 0.0110506 5.85527s
1417 0.837933 0.557717 0.0114202 5.80234s
1418 0.837933 0.560384 0.0112865 5.80104s
1419 0.837933 0.552975 0.0104677 5.82294s
1420 0.837933 0.549449 0.0101321 5.87783s
1421 0.837933 0.561529 0.0116731 5.81168s
1422 0.837933 0.557495 0.0104494 5.88608s
1423 0.837933 0.553695 0.0104623 6.23678s
1424 0.837933 0.561682 0.0110973 5.84448s
1425 0.837933 0.553569 0.0100116 5.88114s
1426 0.837933 0.559656 0.0108712 5.90678s
1427 0.837933 0.550571 0.0103636 5.82442s
1428 0.837933 0.556258 0.0105766 5.87291s
1429 0.837933 0.545621 0.00996803 5.79766s
1430 0.837933 0.553494 0.0105879 5.87596s
1431 0.837933 0.547439 0.0102426 6.03497s
1432 0.837933 0.558192 0.0111877 5.89149s
1433 0.837933 0.556059 0.0108679 5.77609s
1434 0.837933 0.563598 0.0113992 5.85057s
1435 0.837933 0.555607 0.00983393 5.82463s
1436 0.837933 0.55637 0.0114412 5.85199s
1437 0.837933 0.555924 0.0109157 5.84674s
1438 0.837933 0.553343 0.0103324 5.86361s
1439 0.837933 0.552657 0.0101958 5.83343s
1440 0.837933 0.561247 0.0116036 5.85561s
1441 0.837933 0.556815 0.0110052 5.83895s
1442 0.837933 0.553714 0.0105019 5.81723s
1443 0.837933 0.55732 0.0117016 5.89835s
1444 0.837933 0.5538 0.0110048 5.89512s
1445 0.837933 0.552528 0.0100945 5.85475s
1446 0.837933 0.564932 0.011863 5.8674s
1447 0.837933 0.557538 0.0108558 5.87657s
1448 0.837933 0.559334 0.0104274 5.91418s
1449 0.837933 0.554897 0.0105883 5.8111s
1450 0.837933 0.556109 0.011209 5.83648s
1451 0.837933 0.562012 0.0113315 5.86476s
1452 0.837933 0.557341 0.0102071 5.87618s
1453 0.837933 0.554913 0.00990844 5.86844s
1454 0.837933 0.557438 0.0109436 5.90071s
1455 0.837933 0.556678 0.0105632 5.81183s
1456 0.837933 0.555274 0.0110965 5.89865s
1457 0.837933 0.556146 0.0111761 6.10829s
1458 0.837933 0.55287 0.0102978 5.86303s
1459 0.837933 0.55674 0.0106248 5.88592s
1460 0.837933 0.555614 0.0107593 5.98179s
1461 0.837933 0.563903 0.0116541 5.84432s
1462 0.837933 0.565696 0.0109429 5.82545s
1463 0.837933 0.550506 0.0102085 5.86285s
1464 0.837933 0.550732 0.0101626 5.85898s
1465 0.837933 0.553024 0.010418 5.85551s
1466 0.837933 0.554822 0.0107207 6.065s
1467 0.837933 0.550918 0.0101178 5.91991s
1468 0.837933 0.556776 0.0100427 5.83498s
1469 0.837933 0.556265 0.0103036 5.88935s
1470 0.837933 0.555888 0.0105739 5.92708s
1471 0.837933 0.548256 0.0100549 5.85601s
1472 0.837933 0.552517 0.0105071 5.81355s
1473 0.837933 0.55548 0.0105509 5.81325s
1474 0.837933 0.556685 0.0118132 5.83539s
1475 0.837933 0.559369 0.0106945 5.81048s
1476 0.837933 0.556818 0.0102858 5.82587s
1477 0.837933 0.561863 0.0113219 5.80155s
1478 0.837933 0.559695 0.0124377 5.86559s
1479 0.837933 0.55591 0.0108033 5.78752s
1480 0.837933 0.55127 0.010754 5.82109s
1481 0.837933 0.557235 0.0109407 5.85732s
1482 0.837933 0.559152 0.0110543 5.85944s
1483 0.837933 0.561374 0.0101175 5.81688s
1484 0.837933 0.555146 0.0105467 5.89601s
1485 0.837933 0.552555 0.00988954 5.78875s
1486 0.837933 0.559251 0.0106134 5.99248s
1487 0.837933 0.555666 0.0102567 5.85601s
1488 0.837933 0.560076 0.0108345 5.84979s
1489 0.837933 0.552976 0.0108434 5.83669s
1490 0.837933 0.555244 0.0108252 5.79063s
1491 0.837933 0.553042 0.0103841 5.83008s
1492 0.837933 0.553105 0.0101373 5.85883s
1493 0.837933 0.558818 0.0109359 5.86747s
1494 0.837933 0.55251 0.00978526 5.89019s
1495 0.837933 0.549652 0.0100907 5.88047s
1496 0.837933 0.558924 0.0113526 5.84474s
1497 0.837933 0.551983 0.0104926 6.14939s
1498 0.837933 0.558046 0.0109278 5.80392s
1499 0.837933 0.553514 0.0101615 5.88658s
1500 0.837933 0.555382 0.0111948 5.88826s
1501 0.837933 0.556308 0.0106549 5.83687s
1502 0.837933 0.557041 0.0109099 5.87999s
1503 0.837933 0.559386 0.0107621 5.86248s
1504 0.837933 0.556011 0.0107012 5.85313s
1505 0.837933 0.555954 0.0112663 5.86648s
1506 0.837933 0.558207 0.0108954 5.84283s
1507 0.837933 0.551205 0.0103359 5.90547s
1508 0.837933 0.553057 0.0105157 6.07892s
1509 0.837933 0.551067 0.0102032 5.83157s
1510 0.837933 0.551163 0.00996171 5.94298s
1511 0.837933 0.564122 0.0112995 5.94762s
1512 0.837933 0.547643 0.00993117 6.29712s
1513 0.837933 0.550122 0.0105888 5.85504s
1514 0.837933 0.559969 0.0113795 5.83605s
1515 0.837933 0.55574 0.0107841 5.8284s
1516 0.837933 0.556359 0.0111678 5.86881s
1517 0.837933 0.552395 0.0105085 5.87855s
1518 0.837933 0.553898 0.0103212 5.81473s
1519 0.837933 0.555323 0.0108758 5.89661s
1520 0.837933 0.556447 0.0103833 5.8547s
1521 0.837933 0.553873 0.0103621 5.81357s
1522 0.837933 0.554843 0.0102211 5.84466s
1523 0.837933 0.555667 0.0105278 5.85499s
1524 0.837933 0.559316 0.0102439 5.89224s
1525 0.837933 0.556741 0.0104519 5.8385s
1526 0.837933 0.556907 0.0107629 5.81841s
1527 0.837933 0.553147 0.010172 5.86201s
1528 0.837933 0.559029 0.0111338 5.84773s
1529 0.837933 0.558323 0.0110552 5.82953s
1530 0.837933 0.55917 0.0117969 5.81349s
1531 0.837933 0.563417 0.0113318 5.80193s
1532 0.837933 0.564468 0.0113341 5.8546s
1533 0.837933 0.558465 0.0107573 5.92583s
1534 0.837933 0.558703 0.0106304 5.86104s
1535 0.837933 0.560688 0.0118483 5.8512s
1536 0.837933 0.562603 0.0118734 5.83585s
1537 0.837933 0.562523 0.0111268 5.81246s
1538 0.837933 0.560659 0.0114343 5.8124s
1539 0.837933 0.555078 0.0112425 5.84445s
1540 0.837933 0.55025 0.0106886 5.9301s
1541 0.837933 0.556206 0.011323 5.82141s
1542 0.837933 0.560281 0.011535 5.86059s
1543 0.837933 0.566675 0.0128744 5.90612s
1544 0.837933 0.558757 0.0107534 5.86717s
1545 0.837933 0.554495 0.0104537 5.84396s
1546 0.837933 0.552489 0.0101903 5.86556s
1547 0.837933 0.557515 0.0110815 5.82752s
1548 0.837933 0.55097 0.0106583 6.13113s
1549 0.837933 0.554539 0.0106152 5.861s
1550 0.837933 0.560323 0.0118491 5.90696s
1551 0.837933 0.551657 0.0105201 5.85702s
1552 0.837933 0.558643 0.0106497 5.83722s
1553 0.837933 0.559912 0.0104329 5.85335s
1554 0.837933 0.554789 0.0103401 5.824s
1555 0.837933 0.561278 0.0105294 5.8648s
1556 0.837933 0.560774 0.0112746 5.85074s
1557 0.837933 0.559411 0.0104843 5.83661s
1558 0.837933 0.561108 0.0101632 5.86723s
1559 0.837933 0.557224 0.0101965 5.85955s
1560 0.837933 0.560314 0.0111973 5.93615s
1561 0.837933 0.553152 0.00998471 5.96293s
1562 0.837933 0.552364 0.0105105 5.79181s
1563 0.837933 0.550126 0.0102414 5.83329s
1564 0.837933 0.552407 0.0103345 5.82043s
1565 0.837933 0.555065 0.0109251 5.80313s
1566 0.837933 0.545379 0.00997534 5.83437s
1567 0.837933 0.554356 0.0107229 5.80854s
1568 0.837933 0.554633 0.0103828 5.87161s
1569 0.837933 0.554264 0.0101028 5.89926s
1570 0.837933 0.548504 0.0102901 5.93131s
1571 0.837933 0.553045 0.0102449 5.79817s
1572 0.837933 0.551735 0.0101607 5.87169s
1573 0.837933 0.555307 0.0106136 5.87168s
1574 0.837933 0.549468 0.0102024 5.87892s
1575 0.837933 0.562459 0.0112785 5.91518s
1576 0.837933 0.556436 0.0106475 5.83279s
1577 0.837933 0.564981 0.011194 5.78296s
1578 0.837933 0.561418 0.0102477 5.98588s
1579 0.837933 0.558926 0.0111275 5.88382s
1580 0.837933 0.562773 0.0114397 5.86281s
1581 0.837933 0.557665 0.010369 5.88211s
1582 0.837933 0.55935 0.0106223 5.95297s
1583 0.837933 0.55957 0.011027 5.84394s
1584 0.837933 0.551514 0.0102277 5.85096s
1585 0.837933 0.562523 0.0112689 5.83196s
1586 0.837933 0.561684 0.0109016 5.80168s
1587 0.837933 0.561043 0.0111707 5.87068s
1588 0.837933 0.558236 0.0104966 5.85305s
1589 0.837933 0.560323 0.0105144 5.85772s
1590 0.837933 0.552582 0.0101494 6.09777s
1591 0.837933 0.560981 0.01046 5.83654s
1592 0.837933 0.564566 0.0111938 5.87474s
1593 0.837933 0.558694 0.010917 5.83534s
1594 0.837933 0.558011 0.0115839 5.86715s
1595 0.837933 0.55428 0.0105392 5.80667s
1596 0.837933 0.554082 0.0110293 5.80756s
1597 0.837933 0.558008 0.0108192 5.81937s
1598 0.837933 0.554742 0.0107694 5.85799s
1599 0.837933 0.555198 0.0106759 5.87252s
1600 0.837933 0.551312 0.0100385 5.86362s
1601 0.837933 0.553034 0.0102965 6.00887s
1602 0.837933 0.55462 0.0103271 5.79468s
1603 0.837933 0.552133 0.0100348 6.07772s
1604 0.837933 0.555489 0.0104714 6.08726s
1605 0.837933 0.554207 0.010495 5.80594s
1606 0.837933 0.554212 0.0101471 5.83712s
1607 0.837933 0.54877 0.0102834 5.87761s
1608 0.837933 0.564017 0.0129293 5.89036s
1609 0.837933 0.550352 0.0106873 5.85514s
1610 0.837933 0.556662 0.0114022 5.91328s
1611 0.837933 0.553195 0.0101643 6.0642s
1612 0.837933 0.551872 0.0101071 5.85113s
1613 0.837933 0.553375 0.0104803 5.912s
1614 0.837933 0.555684 0.010836 5.92942s
1615 0.837933 0.5508 0.0102217 6.39133s
1616 0.837933 0.554775 0.0105812 5.86698s
1617 0.837933 0.55392 0.0100791 5.79608s
1618 0.837933 0.558225 0.0103584 5.90592s
1619 0.837933 0.557994 0.0101134 5.92587s
1620 0.837933 0.555107 0.0106313 6.05444s
1621 0.837933 0.562985 0.010993 5.81629s
1622 0.837933 0.557607 0.0104726 5.77538s
1623 0.837933 0.57178 0.0125295 5.86799s
1624 0.837933 0.559612 0.010449 5.79931s
1625 0.837933 0.557967 0.0105805 5.82169s
1626 0.837933 0.554774 0.0109907 5.97457s
1627 0.837933 0.553706 0.0102846 5.82886s
1628 0.837933 0.55882 0.0109414 5.84936s
1629 0.837933 0.557969 0.0106642 5.8001s
1630 0.837933 0.56493 0.0120033 5.98473s
1631 0.837933 0.566197 0.0122624 5.94673s
1632 0.837933 0.555435 0.0101867 6.00845s
1633 0.837933 0.557042 0.0110451 5.89466s
1634 0.837933 0.554277 0.010468 5.78773s
1635 0.837933 0.546369 0.0100097 5.86602s
1636 0.837933 0.554802 0.0110479 6.12862s
1637 0.837933 0.55831 0.0110356 5.80137s
1638 0.837933 0.552462 0.010135 5.80078s
1639 0.837933 0.555539 0.0101623 5.84647s
1640 0.837933 0.557431 0.0108811 5.86479s
1641 0.837933 0.556512 0.00978959 5.78935s
1642 0.837933 0.552371 0.0104547 5.90509s
1643 0.837933 0.549654 0.0102831 5.82441s
1644 0.837933 0.553133 0.0105098 5.86263s
1645 0.837933 0.553492 0.0107077 5.87757s
1646 0.837933 0.557535 0.0118005 5.80761s
1647 0.837933 0.550577 0.0101952 5.86711s
1648 0.837933 0.560098 0.0111019 5.85231s
1649 0.837933 0.560972 0.0107275 5.83843s
1650 0.837933 0.558901 0.0101805 5.85401s
1651 0.837933 0.567224 0.010816 5.88321s
1652 0.837933 0.55369 0.00991761 5.84437s
1653 0.837933 0.558588 0.010673 5.81809s
1654 0.837933 0.559157 0.0111095 5.86766s
1655 0.837933 0.564075 0.0117755 5.8446s
1656 0.837933 0.562581 0.0116901 5.8617s
1657 0.837933 0.562115 0.0112434 5.82205s
1658 0.837933 0.563215 0.0112709 5.92825s
1659 0.837933 0.55458 0.0115056 5.86839s
1660 0.837933 0.554634 0.0106829 5.78607s
1661 0.837933 0.552297 0.0101791 5.92258s
1662 0.837933 0.553476 0.0103974 5.8777s
1663 0.837933 0.553735 0.0103416 6.01361s
1664 0.837933 0.551793 0.0110035 5.80859s
1665 0.837933 0.553266 0.0104407 5.87086s
1666 0.837933 0.551535 0.0100693 5.78432s
1667 0.837933 0.551777 0.0114117 5.79365s
1668 0.837933 0.551627 0.010579 5.8781s
1669 0.837933 0.549797 0.0102342 6.089s
1670 0.837933 0.555794 0.0116574 5.87789s
1671 0.837933 0.554179 0.0103159 5.88093s
1672 0.837933 0.55059 0.0104374 5.87804s
1673 0.837933 0.553691 0.010732 5.85873s
1674 0.837933 0.553966 0.0103844 5.92032s
1675 0.837933 0.556562 0.0106244 5.81539s
1676 0.837933 0.554845 0.00996205 5.82744s
1677 0.837933 0.554757 0.0100477 6.29383s
1678 0.837933 0.563229 0.0116375 5.98518s
1679 0.837933 0.556407 0.0109274 5.93407s
1680 0.837933 0.553318 0.0107708 5.86395s
1681 0.837933 0.555573 0.0101248 5.91751s
1682 0.837933 0.554557 0.0110388 5.78566s
1683 0.837933 0.55369 0.010947 5.88772s
1684 0.837933 0.550577 0.0101782 5.87894s
1685 0.837933 0.55457 0.010668 5.84571s
1686 0.837933 0.552192 0.0101761 5.90085s
1687 0.837933 0.55999 0.0109526 5.77915s
1688 0.837933 0.556668 0.0112976 5.84896s
1689 0.837933 0.556126 0.0112138 5.82868s
1690 0.837933 0.558793 0.0114673 6.04639s
1691 0.837933 0.554911 0.0104304 5.86467s
1692 0.837933 0.555686 0.0114751 5.91643s
1693 0.837933 0.552922 0.0104058 5.90815s
1694 0.837933 0.559005 0.0103744 5.83883s
1695 0.837933 0.563053 0.0112763 5.85517s
1696 0.837933 0.55831 0.0110506 5.90448s
1697 0.837933 0.567297 0.010992 5.80926s
1698 0.837933 0.560184 0.0112663 5.85495s
1699 0.837933 0.55386 0.0107489 5.81628s
1700 0.837933 0.552016 0.0107171 5.85778s
1701 0.837933 0.552198 0.0101066 6.082s
1702 0.837933 0.556327 0.01142 5.91446s
1703 0.837933 0.554998 0.0106127 5.81778s
1704 0.837933 0.556601 0.0108302 5.90645s
1705 0.837933 0.560137 0.0110997 5.87521s
1706 0.837933 0.556281 0.0108991 5.84481s
1707 0.837933 0.556968 0.0105002 5.87969s
1708 0.837933 0.560428 0.0109443 5.89331s
1709 0.837933 0.556544 0.0104468 5.87188s
1710 0.837933 0.558663 0.0104973 5.98644s
1711 0.837933 0.554445 0.0105595 5.87194s
1712 0.837933 0.553509 0.0102053 5.8895s
1713 0.837933 0.553189 0.0099528 5.93313s
1714 0.837933 0.562186 0.0110576 6.0834s
1715 0.837933 0.554691 0.0105117 5.90953s
1716 0.837933 0.554574 0.0101989 5.95988s
1717 0.837933 0.556697 0.0106854 5.85991s
1718 0.837933 0.559306 0.0102191 6.91109s
1719 0.837933 0.558979 0.0111968 5.86799s
1720 0.837933 0.557203 0.0100589 5.86195s
1721 0.837933 0.552832 0.00994024 5.87479s
1722 0.837933 0.553979 0.0105438 5.8298s
1723 0.837933 0.558843 0.011595 5.81837s
1724 0.837933 0.552983 0.0105312 5.81044s
1725 0.837933 0.563913 0.0120227 5.86881s
1726 0.837933 0.556009 0.0107845 5.8468s
1727 0.837933 0.563014 0.0118522 5.82141s
1728 0.837933 0.555496 0.0106185 5.96095s
1729 0.837933 0.557078 0.0101209 6.20951s
1730 0.837933 0.560738 0.0105459 5.83416s
1731 0.837933 0.561671 0.011094 5.84685s
1732 0.837933 0.563785 0.0107859 5.88034s
1733 0.837933 0.564655 0.0113848 5.99161s
1734 0.837933 0.558541 0.0103571 5.87267s
1735 0.837933 0.560956 0.010645 5.86072s
1736 0.837933 0.566458 0.0118021 5.90734s
1737 0.837933 0.562752 0.0110745 5.80186s
1738 0.837933 0.562101 0.0111528 5.93595s
1739 0.837933 0.555174 0.0104111 5.83724s
1740 0.837933 0.559019 0.0110435 5.87811s
1741 0.837933 0.552076 0.0111351 5.83448s
1742 0.837933 0.548176 0.0103014 5.85659s
1743 0.837933 0.54619 0.00998832 5.8441s
1744 0.837933 0.547455 0.010264 5.87433s
1745 0.837933 0.552354 0.0100924 5.79841s
1746 0.837933 0.555337 0.0105643 5.83913s
1747 0.837933 0.548874 0.0101935 5.82698s
1748 0.837933 0.553278 0.0104558 5.85637s
1749 0.837933 0.554487 0.0109791 5.91691s
1750 0.837933 0.558382 0.0110103 5.84244s
1751 0.837933 0.553492 0.0113002 5.8719s
1752 0.837933 0.552082 0.0102762 5.8457s
1753 0.837933 0.557141 0.0111899 5.91818s
1754 0.837933 0.552681 0.0108425 5.87116s
1755 0.837933 0.550996 0.0107178 5.88024s
1756 0.837933 0.551867 0.0103238 5.93654s
1757 0.837933 0.559691 0.0116442 5.93437s
1758 0.837933 0.553218 0.0106495 5.85588s
1759 0.837933 0.553598 0.0109679 5.87688s
1760 0.837933 0.554427 0.011095 5.90253s
1761 0.837933 0.556793 0.0116293 5.91668s
1762 0.837933 0.55701 0.0106931 5.87578s
1763 0.837933 0.552139 0.009974 5.99436s
1764 0.837933 0.553002 0.0102329 5.86853s
1765 0.837933 0.54973 0.010107 5.8694s
1766 0.837933 0.555855 0.0108788 5.83303s
1767 0.837933 0.558503 0.0109707 5.90779s
1768 0.837933 0.560417 0.011712 5.92019s
1769 0.837933 0.555043 0.0108212 6.02299s
1770 0.837933 0.557949 0.0109911 5.93958s
1771 0.837933 0.556983 0.0109447 5.89893s
1772 0.837933 0.562704 0.0111564 6.05834s
1773 0.837933 0.556978 0.0115468 5.94339s
1774 0.837933 0.558215 0.0110831 5.89507s
1775 0.837933 0.557284 0.011037 5.92658s
1776 0.837933 0.555359 0.0106433 5.82692s
1777 0.837933 0.548712 0.0101266 5.85449s
1778 0.837933 0.557017 0.0118409 5.96322s
1779 0.837933 0.550438 0.0103967 5.96034s
1780 0.837933 0.551036 0.0106662 5.89956s
1781 0.837933 0.556006 0.0105792 5.86002s
1782 0.837933 0.550709 0.0104415 5.87191s
1783 0.837933 0.563196 0.01131 5.90197s
1784 0.837933 0.555543 0.0107361 5.86081s
1785 0.837933 0.557241 0.0108456 5.8567s
1786 0.837933 0.565841 0.0114728 5.83893s
1787 0.837933 0.560444 0.0107069 5.86314s
1788 0.837933 0.555339 0.00986018 5.90796s
1789 0.837933 0.55731 0.0110118 5.87758s
1790 0.837933 0.55861 0.0116241 5.83791s
1791 0.837933 0.562803 0.0122912 5.83045s
1792 0.837933 0.560656 0.0110414 6.06121s
1793 0.837933 0.555379 0.0104572 5.8254s
1794 0.837933 0.555412 0.011262 6.09051s
1795 0.837933 0.55246 0.0106743 5.84953s
1796 0.837933 0.552527 0.0102918 5.85249s
1797 0.837933 0.556225 0.0108809 5.85506s
1798 0.837933 0.564267 0.0111984 5.92087s
1799 0.837933 0.555874 0.010876 5.80876s
1800 0.837933 0.551225 0.0102514 5.96215s
1801 0.837933 0.555717 0.0108617 5.83639s
1802 0.837933 0.558383 0.0110804 5.82827s
1803 0.837933 0.561484 0.0115377 5.85748s
1804 0.837933 0.558521 0.0112542 5.851s
1805 0.837933 0.555723 0.0107019 5.93759s
1806 0.837933 0.554533 0.0105149 5.828s
1807 0.837933 0.550654 0.0101634 5.923s
1808 0.837933 0.56471 0.0113484 5.89063s
1809 0.837933 0.555022 0.0112432 5.87681s
1810 0.837933 0.553706 0.0106045 5.79506s
1811 0.837933 0.552556 0.0102962 5.799s
1812 0.837933 0.56081 0.0118283 5.85347s
1813 0.837933 0.55822 0.0111213 5.87135s
1814 0.837933 0.556971 0.0105236 6.04875s
1815 0.837933 0.561518 0.0119096 6.05677s
1816 0.837933 0.560739 0.011853 6.11201s
1817 0.837933 0.562352 0.0118265 5.83249s
1818 0.837933 0.559547 0.011138 5.83106s
1819 0.837933 0.557342 0.0113611 5.83043s
1820 0.837933 0.558256 0.0109044 5.92714s
1821 0.837933 0.552749 0.0105433 6.8871s
1822 0.837933 0.560407 0.0104849 5.84868s
1823 0.837933 0.558162 0.0101681 5.82903s
1824 0.837933 0.5595 0.0103374 5.84152s
1825 0.837933 0.55689 0.0108737 5.80849s
1826 0.837933 0.558269 0.0105921 5.82635s
1827 0.837933 0.558615 0.0114409 6.06931s
1828 0.837933 0.555778 0.0112047 5.86341s
1829 0.837933 0.556898 0.0101205 5.80346s
1830 0.837933 0.557991 0.0112265 5.85126s
1831 0.837933 0.559349 0.0115176 5.91889s
1832 0.837933 0.5509 0.010477 5.87395s
1833 0.837933 0.558754 0.0112665 5.8094s
1834 0.837933 0.552944 0.0106106 5.84856s
1835 0.837933 0.553632 0.0102944 5.80696s
1836 0.837933 0.556843 0.0111162 5.85964s
1837 0.837933 0.558294 0.0107985 5.88233s
1838 0.837933 0.554582 0.0108792 5.78119s
1839 0.837933 0.552615 0.0102273 5.83505s
1840 0.837933 0.55389 0.0103512 5.9469s
1841 0.837933 0.552077 0.010175 5.84292s
1842 0.837933 0.564962 0.0120034 5.86014s
1843 0.837933 0.560166 0.0113283 5.99167s
1844 0.837933 0.563465 0.0108752 5.88115s
1845 0.837933 0.555879 0.0102181 5.8638s
1846 0.837933 0.551782 0.0101645 5.85313s
1847 0.837933 0.559187 0.0108696 5.86725s
1848 0.837933 0.552805 0.0105608 5.85523s
1849 0.837933 0.567676 0.0116012 5.93939s
1850 0.837933 0.558024 0.0109163 5.79911s
1851 0.837933 0.558936 0.0111575 5.87904s
1852 0.837933 0.550834 0.0101033 5.80113s
1853 0.837933 0.553626 0.0112918 5.86452s
1854 0.837933 0.555483 0.0103956 5.83175s
1855 0.837933 0.558812 0.0111599 5.83444s
1856 0.837933 0.551382 0.0106537 5.85239s
1857 0.837933 0.561877 0.0115063 5.80954s
1858 0.837933 0.556742 0.0107834 5.85351s
1859 0.837933 0.566824 0.0125861 5.90847s
1860 0.837933 0.55296 0.00994739 5.85282s
1861 0.837933 0.554829 0.0101521 5.82507s
1862 0.837933 0.55357 0.0106469 5.88217s
1863 0.837933 0.551381 0.0101306 5.83675s
1864 0.837933 0.552622 0.0106466 5.85196s
1865 0.837933 0.556227 0.0113906 5.89543s
1866 0.837933 0.556948 0.0107588 5.80362s
1867 0.837933 0.561807 0.0114228 5.89539s
1868 0.837933 0.555674 0.0106535 5.81972s
1869 0.837933 0.549627 0.0100098 5.82448s
1870 0.837933 0.548968 0.00992496 5.80846s
1871 0.837933 0.553404 0.00998027 5.86314s
1872 0.837933 0.563007 0.0112932 5.86437s
1873 0.837933 0.561339 0.0103586 6.0347s
1874 0.837933 0.555854 0.0104959 5.79569s
1875 0.837933 0.55916 0.0110922 5.90471s
1876 0.837933 0.564485 0.0115583 5.87907s
1877 0.837933 0.555804 0.0104374 5.82986s
1878 0.837933 0.559894 0.0111814 5.80343s
1879 0.837933 0.555885 0.0103498 5.86155s
1880 0.837933 0.551622 0.010441 5.91533s
1881 0.837933 0.553246 0.0106965 5.8492s
1882 0.837933 0.555888 0.0105565 5.86337s
1883 0.837933 0.557561 0.0110725 5.88129s
1884 0.837933 0.558599 0.0114778 5.84236s
1885 0.837933 0.554612 0.0109074 5.94157s
1886 0.837933 0.548616 0.0104782 5.86517s
1887 0.837933 0.555387 0.0105364 5.85192s
1888 0.837933 0.55785 0.0116087 5.83475s
1889 0.837933 0.555361 0.0112102 5.86611s
1890 0.837933 0.561458 0.0109665 5.85045s
1891 0.837933 0.556742 0.0107905 5.84836s
1892 0.837933 0.55445 0.0105364 5.87194s
1893 0.837933 0.557851 0.0101948 5.83315s
1894 0.837933 0.559202 0.0110883 5.84963s
1895 0.837933 0.553732 0.0101619 5.8501s
1896 0.837933 0.549222 0.0105357 5.86002s
1897 0.837933 0.553337 0.0108243 5.79885s
1898 0.837933 0.554808 0.010725 5.83556s
1899 0.837933 0.553412 0.0111629 5.8454s
1900 0.837933 0.551741 0.0101304 5.84552s
1901 0.837933 0.559497 0.0115007 5.86308s
1902 0.837933 0.556356 0.011351 5.82863s
1903 0.837933 0.551851 0.0101937 5.83777s
1904 0.837933 0.554452 0.0106411 5.8281s
1905 0.837933 0.553644 0.0109862 6.10542s
1906 0.837933 0.553816 0.0108606 5.83964s
1907 0.837933 0.553372 0.0104866 5.82761s
1908 0.837933 0.560087 0.0103521 5.87328s
1909 0.837933 0.555499 0.0110151 5.90643s
1910 0.837933 0.550081 0.0101653 6.17073s
1911 0.837933 0.556009 0.0108736 5.82325s
1912 0.837933 0.560105 0.0115239 5.92863s
1913 0.837933 0.552769 0.0103856 5.87294s
1914 0.837933 0.55196 0.0101869 5.81446s
1915 0.837933 0.552745 0.0107998 5.88147s
1916 0.837933 0.562709 0.011641 6.25464s
1917 0.837933 0.563301 0.0119838 5.90445s
1918 0.837933 0.561257 0.0109344 6.11524s
1919 0.837933 0.557282 0.0112451 5.85666s
1920 0.837933 0.553704 0.0108405 6.08239s
1921 0.837933 0.553829 0.0100504 5.8767s
1922 0.837933 0.548996 0.0101791 5.81247s
1923 0.837933 0.557219 0.0108133 5.95947s
1924 0.837933 0.557214 0.0108963 6.18933s
1925 0.837933 0.557877 0.0102942 5.87926s
1926 0.837933 0.554923 0.0102144 5.91145s
1927 0.837933 0.556024 0.0105104 5.87178s
1928 0.837933 0.557247 0.0106718 6.06061s
1929 0.837933 0.552849 0.00989271 6.13992s
1930 0.837933 0.552071 0.0104245 5.82194s
1931 0.837933 0.55448 0.0102909 5.87249s
1932 0.837933 0.552612 0.0103757 5.87583s
1933 0.837933 0.560367 0.0109108 5.87846s
1934 0.837933 0.559285 0.0103668 5.83211s
1935 0.837933 0.553651 0.00999627 5.87208s
1936 0.837933 0.554438 0.0101963 5.838s
1937 0.837933 0.565107 0.0119935 5.84748s
1938 0.837933 0.554972 0.0108137 5.84359s
1939 0.837933 0.556466 0.0107963 5.83694s
1940 0.837933 0.559418 0.011414 5.83974s
1941 0.837933 0.552276 0.0100542 6.08921s
1942 0.837933 0.560098 0.0105212 5.84473s
1943 0.837933 0.55585 0.0103868 5.83893s
1944 0.837933 0.559569 0.0114993 5.89072s
1945 0.837933 0.552887 0.0106234 5.83444s
1946 0.837933 0.552574 0.0100917 5.83397s
1947 0.837933 0.555416 0.0108034 5.89095s
1948 0.837933 0.556118 0.0107878 6.08183s
1949 0.837933 0.556061 0.0106894 5.83334s
1950 0.837933 0.556994 0.0111749 5.84686s
1951 0.837933 0.557397 0.0109026 5.94417s
1952 0.837933 0.559236 0.0106987 5.87834s
1953 0.837933 0.55778 0.0105774 6.16217s
1954 0.837933 0.562403 0.0117915 5.82211s
1955 0.837933 0.559903 0.0113142 5.80741s
1956 0.837933 0.554676 0.0103391 5.88463s
1957 0.837933 0.558521 0.0112823 6.10427s
1958 0.837933 0.553375 0.0105637 5.84992s
1959 0.837933 0.552339 0.0104453 5.81984s
1960 0.837933 0.554152 0.0108563 5.81484s
1961 0.837933 0.553946 0.011376 5.79492s
1962 0.837933 0.554702 0.0106134 5.8389s
1963 0.837933 0.564567 0.011732 5.82891s
1964 0.837933 0.561022 0.0109776 5.88195s
1965 0.837933 0.554672 0.0109688 5.90014s
1966 0.837933 0.559193 0.0112974 5.92906s
1967 0.837933 0.561141 0.0111577 5.89337s
1968 0.837933 0.553559 0.0107864 5.84703s
1969 0.837933 0.555821 0.0107288 5.84576s
1970 0.837933 0.557787 0.0106652 5.79728s
1971 0.837933 0.560144 0.0121795 5.81716s
1972 0.837933 0.557253 0.0112098 5.82337s
1973 0.837933 0.557971 0.0107777 5.85386s
1974 0.837933 0.554652 0.0106457 5.81576s
1975 0.837933 0.554076 0.0105641 5.85231s
1976 0.837933 0.55922 0.011123 5.84628s
1977 0.837933 0.557381 0.0109611 5.85888s
1978 0.837933 0.560737 0.0103406 5.87787s
1979 0.837933 0.561309 0.0110559 5.81777s
1980 0.837933 0.556674 0.0109484 5.85533s
1981 0.837933 0.549598 0.0100542 5.80974s
1982 0.837933 0.548711 0.00984243 5.84094s
1983 0.837933 0.556992 0.0104804 5.93849s
1984 0.837933 0.559931 0.0106869 5.87474s
1985 0.837933 0.552049 0.0102276 5.82878s
1986 0.837933 0.559655 0.0114698 5.84192s
1987 0.837933 0.552263 0.0102403 5.821s
1988 0.837933 0.556898 0.0106991 5.81004s
1989 0.837933 0.569661 0.0122887 5.78296s
1990 0.837933 0.563718 0.0113045 5.82602s
1991 0.837933 0.558984 0.0109499 5.85459s
1992 0.837933 0.558125 0.0106132 5.77399s
1993 0.837933 0.56452 0.0112599 5.95037s
1994 0.837933 0.558323 0.0118985 5.97608s
1995 0.837933 0.560015 0.0110848 5.85068s
1996 0.837933 0.557613 0.0117981 5.9086s
1997 0.837933 0.55514 0.010598 5.82345s
1998 0.837933 0.556205 0.0108583 5.94581s
1999 0.837933 0.55598 0.0111427 5.87483s
2000 0.837933 0.550576 0.0102611 6.03781s
