84
0
37
41
69
93
74
57
83
28
59
55
18
75
84
9
48
12
43
14
13
73
90
70
45
61
28
26
10
25
45
32
4
67
55
92
53
81
48
96
71
1
41
75
93
18
79
68
14
58
31
79
41
6
72
97
16
2
38
56
64
18
8
17
78
15
29
55
85
91
90
30
73
18
34
78
12
92
99
22
39
30
74
92
97
45
14
56
41
42
71
62
33
74
41
49
37
11
99
95
4
72
30
44
28
32
83
19
53
89
64
0
53
52
54
95
22
4
96
50
19
37
88
10
85
51
42
24
48
16
96
21
56
70
8
17
47
55
7
92
71
32
3
85
52
91
53
30
12
5
5
68
82
88
53
70
52
28
22
78
54
3
89
60
67
79
15
46
45
38
99
39
68
57
84
49
45
36
92
20
96
92
61
68
47
51
9
72
98
99
15
18
80
87
47
93
46
84
22
16
66
37
38
51
44
80
68
6
94
60
74
30
35
32
91
83
58
44
80
86
97
4
91
71
81
54
38
53
93
89
69
81
24
13
49
41
68
53
26
65
21
36
68
32
1
35
5
78
57
79
11
19
38
66
34
69
99
22
55
9
29
60
7
91
47
49
59
42
95
36
9
95
84
91
17
35
86
60
56
45
77
93
13
61
40
54
67
39
82
66
93
5
14
52
50
84
13
98
65
51
38
25
17
39
9
3
65
56
47
93
37
49
88
66
16
93
89
40
83
65
44
91
94
14
71
85
20
1
48
61
38
10
25
84
64
14
27
44
86
46
6
97
25
79
41
35
81
80
98
53
89
26
44
25
6
86
94
28
2
11
13
94
25
27
39
11
43
72
85
3
40
93
33
45
36
35
13
14
55
42
21
67
2
1
68
45
71
41
50
5
89
27
94
48
10
67
57
54
80
58
54
28
41
30
16
38
33
65
4
78
42
49
1
59
50
68
11
61
24
44
60
54
5
42
44
76
47
57
12
9
13
21
60
19
37
27
76
44
73
48
78
76
45
6
0
15
79
9
17
5
57
18
54
52
67
71
30
29
4
48
9
70
36
60
73
66
7
64
26
15
20
15
3
11
58
54
6
46
55
40
20
24
7
77
65
59
57
12
53
73
14
38
52
32
56
63
75
59
46
39
73
77
90
47
20
48
30
96
56
84
10
75
97
72
23
24
28
76
62
91
80
54
57
34
21
63
4
39
36
84
20
14
68
93
45
16
34
38
42
51
31
47
48
73
71
0
14
5
8
28
7.19021
7.87174
1.11089
9.20597
6.76957
13.7926
0.0723115
6.25968
9.10535
6.39424
4.58747
15.1687
13.9186
3.09259
6.28101
2.85585
0.0345017
4.36287
3.07073
13.9044
10.5507
9.45859
19.1021
9.96029
19.1937
15.3433
10.0431
4.6845
0.460329
1.24609
11.9831
19.5181
19.7982
12.8913
18.453
7.05085
1.61036
20
19.0614
4.79476
3.84212
7.01724
10.7169
16.4502
12.5905
2.40034
12.5497
14.4707
5.65285
15.737
2.32758
17.8421
14.655
14.4813
18.5125
13.3248
0
3.85349
18.8427
16.883
11.2798
14.7605
4.89333
13.4227
9.73365
10.9904
18.0724
10.2762
11.8611
14.3368
3.8059
4.82287
7.37846
0.751969
1.88054
8.19411
0.200141
16.1039
1.70111
0
16.9855
17.618
11.419
13.9981
6.35046
18.7311
3.27021
0.31826
1.47702
0.542191
13.8311
0.630283
18.9764
10.0612
19.1254
14.0642
16.0066
1.86095
3.29017
0.668005
9.67722
10.6081
7.86306
14.8577
8.52403
8.23362
15.8583
4.51785
5.87334
17.2307
10.3816
7.59812
4.55082
18.973
2.54412
13.429
4.28405
8.47046
3.49727
7.62211
10.1711
19.1084
1.65918
11.2114
12.6596
18.6296
10.5363
7.82374
9.01998
12.2789
2.17232
19.456
0.358124
11.4321
11.7146
19.7087
10.8892
11.6077
10.7679
10.4931
9.95411
10.1803
15.919
14.5304
18.4184
13.4346
8.39824
13.2876
6.12394
9.99164
4.80777
0.945169
6.38963
7.33123
4.05713
2.41706
0.646659
3.83864
0.0968356
17.9679
2.79977
15.1269
10.7078
0
9.74861
7.10425
3.98875
5.61067
17.3191
8.11921
12.3933
19.0518
10.0104
19.2995
10.3155
10.8004
11.8216
9.14862
11.6846
18.7894
17.5028
19.2787
9.54008
14.9609
10.1422
12.9671
17.0723
11.7607
9.12345
9.73004
13.6907
6.34415
0
4.49031
18.9113
0.652603
17.4723
5.58911
7.47698
1.0865
13.8477
4.44175
7.55715
19.4137
17.3309
3.03725
17.0735
6.93119
8.46369
17.4273
19.6781
19.4386
15.8187
15.7214
14.5543
14.8252
13.9338
18.7581
6.7676
2.20309
6.62431
19.1409
8.62588
6.5559
6.87479
7.28483
2.27302
15.0226
0.648492
20
10.2704
3.27419
2.81127
8.34392
13.1001
11.5089
10.3896
12.3666
15.9591
20
5.17594
13.1711
17.5588
9.78656
2.00336
3.63813
6.19098
14.1058
10.2221
18.1811
6.52325
12.2068
15.1514
16.9202
1.04738
18.2411
10.5822
11.3549
0.846451
10.2789
3.27743
12.5758
5.65872
18.992
3.83091
11.564
14.9979
8.41868
0.0901109
5.47793
6.20891
11.6368
3.60757
4.70642
7.4321
16.6171
13.6276
15.8555
2.04808
17.9649
16.9033
6.36774
3.27636
3.76533
2.95228
12.9258
8.12266
11.8153
1.97455
7.96982
0.023543
8.15303
5.3092
1.75518
2.78336
14.6456
17.6479
17.869
5.03777
15.3422
18.6536
16.0845
1.06488
1.51105
6.84577
16.7468
5.27542
4.1466
17.7482
5.28904
18.1142
5.43441
19.9076
13.6596
11.3585
7.41851
4.20435
1.80539
19.1814
13.643
16.276
19.176
17.4235
12.1698
13.4938
3.57545
8.8982
9.29675
19.6602
0.753141
4.56482
4.73518
4.57537
9.95909
14.3717
14.9926
8.86508
14.6807
13.4849
10.4379
18.4039
16.4244
3.96487
1.54979
6.36822
8.25556
11.4727
5.32162
0.582375
5.50219
7.41309
1.85775
2.8745
12.6493
15.5489
6.03287
11.6403
9.70841
9.75672
12.506
9.1981
2.14012
9.87768
7.37
4.68648
5.10506
4.19562
11.4166
5.378
10.3425
11.3413
16.8247
1.59821
17.309
2.8669
14.0595
12.1497
15.066
2.11919
1.21721
19.8903
1.15162
10.8572
15.6801
0.88968
5.07727
5.78945
10.5643
13.2783
2.83502
17.9876
6.77069
17.7754
19.1052
15.7285
4.82525
4.30085
0.749006
10.2494
13.4827
11.3653
13.1248
3.90499
5.75359
7.34361
9.93167
10.4362
4.07542
10.0918
18.7326
14.1213
2.33367
0.788053
5.43093
12.7827
7.54521
1.21228
6.31147
1.11118
10.0514
15.6507
4.01793
19.2976
19.9645
12.8736
3.49222
12.056
16.5485
7.25612
4.16409
15.6802
19.2431
15.8611
9.8399
19.0359
17.0885
11.1279
17.4391
7.97521
13.0139
6.87713
8.68479
20
15.8311
19.5583
3.05519
12.6788
19.3149
6.97652
2.49349
1.061e-313
3.81959e-313
1.10344e-312
1.50662e-312
-53.4487
-2.17928
232.631
170
