0 0.632818 0.499122 0.000604053 0s
1 0.644262 0.504952 0.00105183 5.9324s
2 0.644262 0.508932 0.0012385 5.93659s
3 0.644262 0.510749 0.00145803 5.91131s
4 0.644464 0.513444 0.00178772 5.95956s
5 0.644464 0.516789 0.00190249 6.01503s
6 0.644464 0.521628 0.00249873 6.00382s
7 0.649124 0.52136 0.00262192 5.95612s
8 0.652591 0.517902 0.00308812 6.48772s
9 0.655282 0.521652 0.00328066 6.00363s
10 0.671653 0.525205 0.00351358 6.23861s
11 0.685761 0.528661 0.00362672 6.19639s
12 0.685761 0.525391 0.00361764 7.70105s
13 0.686077 0.531046 0.00425069 6.03447s
14 0.704336 0.529726 0.00484175 5.94432s
15 0.704336 0.528173 0.00503804 6.03093s
16 0.704336 0.530909 0.00584963 6.17278s
17 0.704336 0.534615 0.00577226 6.09261s
18 0.710529 0.541795 0.00588777 6.00424s
19 0.710529 0.544838 0.00583837 5.94986s
20 0.710529 0.549679 0.00629583 5.97869s
21 0.711969 0.53939 0.0063163 6.01044s
22 0.711969 0.539693 0.0061804 6.20427s
23 0.711969 0.545887 0.00581869 6.01457s
24 0.718058 0.545643 0.00669736 5.93541s
25 0.718058 0.539708 0.00632417 5.98338s
26 0.718058 0.537547 0.00715383 5.97777s
27 0.71855 0.541494 0.00700005 6.15161s
28 0.71855 0.538997 0.00656591 5.97375s
29 0.71855 0.542795 0.00678541 6.05225s
30 0.729311 0.543709 0.00693605 6.18449s
31 0.729311 0.538704 0.00726363 5.97285s
32 0.729311 0.540864 0.00701828 6.12833s
33 0.730379 0.54267 0.00785992 6.00298s
34 0.730379 0.53986 0.007882 6.02762s
35 0.730379 0.542005 0.00732291 6.1112s
36 0.730379 0.548968 0.00771312 6.27275s
37 0.730379 0.550408 0.00751072 6.00251s
38 0.730379 0.558166 0.00754665 6.20323s
39 0.730379 0.556368 0.0073981 6.06432s
40 0.730379 0.551374 0.00749205 6.04398s
41 0.730379 0.550283 0.00766351 5.9947s
42 0.730379 0.550474 0.00811708 6.0179s
43 0.730379 0.54703 0.0082708 6.46727s
44 0.735139 0.552091 0.00822108 5.98496s
45 0.735139 0.553981 0.00761085 6.01346s
46 0.735139 0.550101 0.00767199 6.09171s
47 0.735155 0.553608 0.00826893 6.04843s
48 0.735155 0.561252 0.00772081 6.02398s
49 0.735155 0.564291 0.00781574 6.18483s
50 0.735155 0.556553 0.00887842 6.19866s
51 0.735155 0.556984 0.00801566 6.04811s
52 0.740276 0.550412 0.007797 6.0231s
53 0.740276 0.553286 0.00829726 6.31962s
54 0.740276 0.561209 0.00766902 6.15748s
55 0.740276 0.558244 0.00863079 5.82135s
56 0.740276 0.562429 0.00852813 5.85192s
57 0.740276 0.568043 0.00793422 6.15216s
58 0.740276 0.556811 0.00816581 5.95573s
59 0.740276 0.559048 0.00825822 5.8937s
60 0.740276 0.558345 0.00863612 6.02787s
61 0.740276 0.557513 0.00789097 5.85985s
62 0.740276 0.552932 0.00814024 5.87641s
63 0.740276 0.549256 0.00887923 5.8824s
64 0.740276 0.544941 0.0083188 5.82307s
65 0.741067 0.544323 0.00794551 5.88892s
66 0.741067 0.547459 0.00820549 5.9727s
67 0.741067 0.550303 0.00764829 5.85639s
68 0.751194 0.553182 0.00851487 6.0722s
69 0.751194 0.549183 0.00859106 5.89561s
70 0.751194 0.552622 0.00900046 5.85375s
71 0.751194 0.567665 0.00909732 6.01782s
72 0.751194 0.557615 0.0087713 5.83047s
73 0.751194 0.551982 0.00860525 5.81661s
74 0.751194 0.548889 0.00969088 5.87009s
75 0.751194 0.54778 0.00909417 5.86443s
76 0.751194 0.546758 0.0090987 5.85785s
77 0.751194 0.551311 0.00927401 5.95225s
78 0.751194 0.561 0.0101687 5.9148s
79 0.751194 0.560099 0.00925959 5.87669s
80 0.751194 0.552141 0.00929157 5.8492s
81 0.751194 0.551118 0.00989443 5.93478s
82 0.751194 0.54015 0.00956842 5.90543s
83 0.751194 0.549662 0.00989733 6.16533s
84 0.751194 0.54766 0.00915878 5.87836s
85 0.751194 0.55039 0.00948189 5.83788s
86 0.751194 0.556766 0.00949015 5.83234s
87 0.751194 0.548427 0.00918238 5.8221s
88 0.751194 0.563221 0.00985621 5.80246s
89 0.751194 0.561253 0.0103346 5.80716s
90 0.751194 0.562813 0.0099455 6.09584s
91 0.751194 0.555383 0.00923432 5.85478s
92 0.751194 0.557919 0.00954746 5.84781s
93 0.751194 0.548066 0.00990444 5.85853s
94 0.751194 0.547531 0.0094518 5.85513s
95 0.751194 0.554932 0.00879096 5.88005s
96 0.751194 0.556156 0.0093883 5.83789s
97 0.751194 0.550009 0.0096628 5.92216s
98 0.751194 0.54814 0.00906786 5.85736s
99 0.752728 0.555741 0.00906519 5.85655s
100 0.752728 0.561901 0.00948186 5.84274s
101 0.752728 0.559341 0.0086818 5.86216s
102 0.752728 0.558646 0.00928464 5.83461s
103 0.752728 0.558144 0.00906592 5.85028s
104 0.752728 0.556158 0.00944236 5.86906s
105 0.752728 0.556038 0.00887953 5.96228s
106 0.752728 0.550216 0.009527 5.95794s
107 0.752728 0.548557 0.0100842 5.87467s
108 0.752728 0.549773 0.009503 5.85362s
109 0.752728 0.552747 0.0102859 5.83499s
110 0.752728 0.558286 0.00933351 5.8732s
111 0.752728 0.55823 0.00975111 5.83775s
112 0.758383 0.554566 0.00959308 5.89812s
113 0.758383 0.557823 0.00974691 5.84869s
114 0.76187 0.557613 0.0101145 5.85326s
115 0.76187 0.558368 0.0105538 5.88903s
116 0.76187 0.556706 0.0118811 5.85369s
117 0.76187 0.549345 0.0111687 5.97753s
118 0.76187 0.562492 0.011368 5.90973s
119 0.76187 0.567791 0.0110621 5.89822s
120 0.76187 0.558116 0.010582 5.8465s
121 0.76187 0.557461 0.0106111 5.90147s
122 0.76187 0.550718 0.0106625 5.85848s
123 0.76187 0.55495 0.0105553 5.85386s
124 0.76187 0.559459 0.0117992 6.12433s
125 0.76187 0.556826 0.0111345 5.89958s
126 0.764279 0.564042 0.011611 5.90298s
127 0.765736 0.565128 0.0116922 5.90353s
128 0.766374 0.561548 0.0115594 5.86697s
129 0.773218 0.561813 0.0120155 5.85604s
130 0.773218 0.557941 0.0117907 5.85894s
131 0.773218 0.560265 0.0112737 6.1239s
132 0.773218 0.564108 0.0112087 5.82824s
133 0.773218 0.562881 0.0112921 5.8683s
134 0.77454 0.561436 0.0117154 5.89379s
135 0.77454 0.557876 0.010908 5.80665s
136 0.77454 0.553894 0.0113305 5.8502s
137 0.77454 0.55521 0.0117737 5.85752s
138 0.77454 0.55705 0.0124689 5.86772s
139 0.77454 0.557623 0.0125633 5.86789s
140 0.77454 0.557936 0.0118002 5.84242s
141 0.77454 0.548276 0.0108537 5.89694s
142 0.77454 0.553673 0.0117786 5.88817s
143 0.77454 0.556825 0.0114055 5.88067s
144 0.77454 0.555992 0.0109541 5.90522s
145 0.77454 0.557861 0.0112369 6.29194s
146 0.774735 0.555823 0.0109742 5.84748s
147 0.774735 0.552169 0.0119448 5.91478s
148 0.774735 0.554704 0.0120335 5.83035s
149 0.774998 0.562699 0.0111783 5.85659s
150 0.774998 0.55702 0.0110035 5.91725s
151 0.774998 0.55813 0.0110086 5.95174s
152 0.774998 0.548639 0.0105176 5.85514s
153 0.774998 0.552055 0.0112172 5.86549s
154 0.774998 0.553876 0.0112343 5.89995s
155 0.774998 0.551431 0.0114352 5.87529s
156 0.774998 0.556715 0.01202 5.87862s
157 0.774998 0.558107 0.0112981 5.88626s
158 0.778936 0.554146 0.0113343 5.8672s
159 0.778936 0.556682 0.0112502 5.90786s
160 0.778936 0.556926 0.0113418 5.86492s
161 0.778936 0.55888 0.0130158 5.89669s
162 0.778936 0.564078 0.0112206 5.86112s
163 0.778936 0.564789 0.0113033 5.88755s
164 0.779182 0.566534 0.0121816 6.0935s
165 0.779182 0.56195 0.0117998 5.81403s
166 0.779182 0.565857 0.0110856 5.88138s
167 0.779182 0.568101 0.0119599 5.83612s
168 0.779182 0.566331 0.0136861 5.83956s
169 0.779182 0.575462 0.0127325 5.87904s
170 0.779182 0.566734 0.0123266 5.88346s
171 0.779182 0.5719 0.0116943 5.85426s
172 0.779182 0.566926 0.0122214 5.82473s
173 0.779182 0.56455 0.012093 5.86018s
174 0.779613 0.56032 0.0115561 5.85752s
175 0.779744 0.554845 0.0114182 5.9265s
176 0.779744 0.561753 0.0115302 5.86167s
177 0.78475 0.558523 0.011665 5.90731s
178 0.78475 0.554604 0.0109264 5.94601s
179 0.78475 0.563009 0.0114184 5.86035s
180 0.78475 0.558509 0.0115598 5.83097s
181 0.78475 0.560826 0.011954 5.8774s
182 0.78475 0.55169 0.0111934 5.87635s
183 0.78475 0.558696 0.012922 5.84472s
184 0.78475 0.561904 0.0123026 5.85726s
185 0.78475 0.561144 0.012522 5.86939s
186 0.78475 0.561513 0.0129607 5.89154s
187 0.78475 0.561503 0.0118581 5.93324s
188 0.78475 0.554792 0.0126398 5.88196s
189 0.78475 0.552633 0.012813 5.89393s
190 0.78475 0.560778 0.0126402 5.86452s
191 0.78475 0.556419 0.011714 5.89329s
192 0.78475 0.565248 0.0131033 5.85187s
193 0.78475 0.568079 0.0126214 5.92246s
194 0.78475 0.565042 0.0122586 5.94696s
195 0.78475 0.566384 0.0128808 5.92278s
196 0.78475 0.558958 0.0124829 5.87993s
197 0.78475 0.566231 0.0120392 5.87012s
198 0.78475 0.566748 0.012192 5.86561s
199 0.78475 0.565261 0.0120149 5.87292s
200 0.784861 0.568614 0.0118537 5.85188s
201 0.784861 0.569718 0.0121889 5.89265s
202 0.784861 0.565232 0.0114941 5.88659s
203 0.784861 0.558934 0.0117029 5.85631s
204 0.78631 0.558732 0.0118218 5.93441s
205 0.78631 0.565509 0.0124317 5.87052s
206 0.78631 0.561935 0.0124237 5.94674s
207 0.788182 0.564966 0.0124607 5.86388s
208 0.788182 0.553162 0.0118926 6.02938s
209 0.788182 0.555604 0.0124775 5.89151s
210 0.788182 0.551366 0.0114131 5.91353s
211 0.788544 0.551351 0.0117197 5.85474s
212 0.788544 0.551959 0.0112032 5.88213s
213 0.788544 0.550898 0.0118004 5.87193s
214 0.788544 0.547331 0.0114161 5.86678s
215 0.788544 0.549676 0.0113176 5.97704s
216 0.788544 0.552449 0.0117515 5.83766s
217 0.788544 0.565579 0.0125399 5.86892s
218 0.788544 0.562405 0.0131465 5.96412s
219 0.788544 0.558865 0.012844 5.88735s
220 0.788544 0.553434 0.0112799 5.86425s
221 0.788544 0.551439 0.011382 5.95472s
222 0.788544 0.551887 0.0122564 5.87525s
223 0.788544 0.559679 0.0124672 6.11864s
224 0.788544 0.559378 0.0129077 5.847s
225 0.788544 0.557156 0.0125773 5.91383s
226 0.788544 0.553543 0.0120101 5.84229s
227 0.788544 0.557371 0.012145 5.93089s
228 0.788544 0.565234 0.0124402 5.84651s
229 0.788544 0.565236 0.0117097 5.85232s
230 0.789 0.564723 0.0119799 6.10657s
231 0.789 0.56316 0.0115461 5.84337s
232 0.793973 0.564132 0.0129331 5.88344s
233 0.793973 0.573578 0.0128056 5.85136s
234 0.793973 0.579229 0.0136678 5.83786s
235 0.793973 0.572705 0.0125162 5.87436s
236 0.793973 0.572337 0.0125485 5.8437s
237 0.793973 0.578515 0.0124338 5.89223s
238 0.793973 0.570051 0.0132511 5.81817s
239 0.793973 0.557171 0.0123791 5.9211s
240 0.793973 0.565219 0.0128077 5.88874s
241 0.793973 0.561528 0.0115764 5.88543s
242 0.793973 0.552555 0.0119868 5.83787s
243 0.793973 0.556778 0.0117632 5.90036s
244 0.793973 0.55821 0.0118292 5.84943s
245 0.793973 0.558447 0.0126964 5.88125s
246 0.793973 0.559675 0.0125976 5.90538s
247 0.793973 0.557029 0.0119225 6.29565s
248 0.793973 0.558737 0.0128175 6.50099s
249 0.793973 0.573318 0.0144489 5.88108s
250 0.793973 0.579929 0.0136401 5.88143s
251 0.793973 0.569233 0.0127722 5.87293s
252 0.793973 0.569941 0.0138596 5.89495s
253 0.794143 0.577088 0.0127389 5.87908s
254 0.794143 0.570671 0.0126018 5.89237s
255 0.794143 0.569616 0.0126326 5.90285s
256 0.794143 0.573059 0.0131686 5.83328s
257 0.794143 0.565985 0.0122565 5.85244s
258 0.794143 0.563734 0.0122318 5.8968s
259 0.794143 0.573322 0.013215 5.92652s
260 0.794143 0.560387 0.0124985 5.87632s
261 0.794143 0.564187 0.0129938 5.89055s
262 0.794143 0.57032 0.0140536 5.8822s
263 0.794143 0.571512 0.0135808 5.91878s
264 0.794143 0.56366 0.0125509 5.84902s
265 0.794143 0.568013 0.0121895 5.89098s
266 0.795006 0.56536 0.0123108 5.86595s
267 0.795006 0.5678 0.0143741 5.88556s
268 0.795006 0.558183 0.0132385 5.91007s
269 0.799795 0.561323 0.0125754 5.921s
270 0.799795 0.574555 0.0122906 5.90439s
271 0.799795 0.572039 0.0129345 5.88319s
272 0.799795 0.570006 0.0131989 5.86047s
273 0.799795 0.568976 0.0125162 5.86079s
274 0.799795 0.566381 0.0133477 5.89448s
275 0.799795 0.557772 0.0124335 5.91266s
276 0.799795 0.553852 0.0132599 5.8629s
277 0.799795 0.55525 0.0135801 5.87235s
278 0.800299 0.562191 0.0129322 5.98765s
279 0.800299 0.562168 0.0142629 6.10623s
280 0.800299 0.561455 0.0124201 5.88246s
281 0.800299 0.569021 0.0136641 5.89501s
282 0.800299 0.567783 0.0133543 5.87152s
283 0.800299 0.568743 0.0125935 5.84473s
284 0.800299 0.564398 0.0123236 5.90197s
285 0.800299 0.560973 0.012728 5.85023s
286 0.800299 0.568621 0.0125122 5.81063s
287 0.800299 0.572995 0.0125788 5.90201s
288 0.800299 0.574176 0.0124393 5.9303s
289 0.800299 0.573492 0.0127919 5.84102s
290 0.800299 0.561637 0.0123732 5.90628s
291 0.800299 0.572205 0.0129236 5.99799s
292 0.800299 0.57008 0.0132718 5.83748s
293 0.800299 0.572959 0.0136552 5.89626s
294 0.800299 0.568653 0.0124298 5.9086s
295 0.800299 0.563773 0.0125495 5.87055s
296 0.800299 0.568217 0.0123176 5.83833s
297 0.800299 0.564926 0.0122534 5.82312s
298 0.800299 0.560993 0.012436 5.82835s
299 0.800299 0.573873 0.0133711 5.87354s
300 0.800299 0.571666 0.0127495 5.89843s
301 0.800299 0.567064 0.0123039 5.87883s
302 0.800299 0.569679 0.0117754 5.88643s
303 0.800299 0.560216 0.0113446 5.83699s
304 0.800688 0.559365 0.0127429 5.89578s
305 0.800688 0.562808 0.0124218 5.97436s
306 0.800688 0.567829 0.0128528 5.87117s
307 0.800688 0.564927 0.0130209 5.89028s
308 0.800688 0.564058 0.013804 5.89139s
309 0.800688 0.576114 0.0152932 5.90294s
310 0.800688 0.561126 0.0135463 5.85308s
311 0.800688 0.561848 0.0132855 5.86396s
312 0.800688 0.562226 0.0122491 6.19498s
313 0.800688 0.55967 0.0142308 5.85698s
314 0.800688 0.56357 0.0145341 5.85839s
315 0.800688 0.558543 0.0152817 5.82759s
316 0.800688 0.549359 0.0144092 5.83502s
317 0.800688 0.562543 0.0137657 5.86129s
318 0.800688 0.562668 0.0138051 5.91342s
319 0.800688 0.565564 0.0143772 5.90898s
320 0.801003 0.559181 0.013691 5.83506s
321 0.801003 0.558276 0.0134508 5.8858s
322 0.801003 0.558244 0.0122464 5.86765s
323 0.801003 0.567149 0.0140499 5.88711s
324 0.801003 0.565844 0.0145242 5.87552s
325 0.801003 0.562863 0.0142826 5.86455s
326 0.801003 0.56359 0.0133465 5.89459s
327 0.801003 0.558129 0.012915 5.88196s
328 0.801003 0.558911 0.012619 5.85971s
329 0.801003 0.565201 0.0137445 5.88665s
330 0.801003 0.561983 0.0133314 5.89509s
331 0.801003 0.570682 0.0134744 5.86533s
332 0.801003 0.565912 0.013643 5.87068s
333 0.801003 0.562791 0.0133129 5.90492s
334 0.801003 0.557278 0.0122787 5.86677s
335 0.801003 0.558852 0.0119619 5.86277s
336 0.801003 0.562575 0.0134849 5.87243s
337 0.801003 0.559686 0.0126042 5.85655s
338 0.801003 0.566386 0.0125621 5.85168s
339 0.801003 0.571442 0.0122829 5.92956s
340 0.801003 0.580175 0.0131903 5.83713s
341 0.801003 0.565548 0.0112378 5.8396s
342 0.801003 0.565058 0.0116669 5.91892s
343 0.801003 0.563419 0.0128789 5.83318s
344 0.801003 0.567637 0.0130552 5.8576s
345 0.801003 0.563169 0.0137456 5.89383s
346 0.801003 0.563642 0.013731 5.91655s
347 0.801058 0.560794 0.0127673 5.87628s
348 0.801058 0.562647 0.013104 5.85738s
349 0.801058 0.566115 0.0131257 5.88978s
350 0.801058 0.567437 0.013103 5.93836s
351 0.801058 0.565629 0.014598 6.33267s
352 0.801058 0.567178 0.0138366 5.88316s
353 0.801058 0.564687 0.0138263 5.88243s
354 0.801058 0.563408 0.0129536 5.89884s
355 0.801058 0.555985 0.0134845 5.94517s
356 0.80489 0.568513 0.0133746 5.88082s
357 0.80489 0.565955 0.0136844 5.87601s
358 0.80489 0.564692 0.0124402 5.83225s
359 0.805819 0.557821 0.0134242 5.84118s
360 0.807706 0.567723 0.0129913 5.94997s
361 0.807706 0.566272 0.0129647 5.8737s
362 0.807706 0.568108 0.0128455 5.92417s
363 0.807706 0.568622 0.0142192 5.85733s
364 0.807706 0.564337 0.0123673 6.0694s
365 0.807706 0.557727 0.0129285 5.85134s
366 0.807706 0.557323 0.0123853 5.8407s
367 0.807706 0.558746 0.0136446 5.88113s
368 0.807706 0.548003 0.0127612 5.83341s
369 0.807706 0.559919 0.0136925 5.8642s
370 0.807706 0.561406 0.0131678 6.14672s
371 0.807706 0.555676 0.0138516 5.88091s
372 0.807706 0.564173 0.01473 5.87054s
373 0.807706 0.572724 0.0130674 5.91748s
374 0.807706 0.570107 0.0141248 5.87383s
375 0.807706 0.574389 0.0142884 5.85798s
376 0.807706 0.577347 0.0139821 5.90276s
377 0.807706 0.574731 0.0143767 5.85901s
378 0.807706 0.572517 0.0123122 5.85683s
379 0.807706 0.575443 0.0132684 5.90416s
380 0.807706 0.575533 0.0143732 5.8618s
381 0.807706 0.572966 0.0142644 5.87471s
382 0.807706 0.572367 0.0136046 5.8918s
383 0.807706 0.577635 0.0147606 5.87546s
384 0.807706 0.56682 0.0140421 5.88355s
385 0.807706 0.561268 0.0131861 5.86354s
386 0.807706 0.565515 0.0145276 5.84381s
387 0.807706 0.56573 0.0143616 5.91385s
388 0.807706 0.561985 0.0141779 5.86249s
389 0.807706 0.574854 0.0139053 5.86602s
390 0.807706 0.572647 0.013056 5.85322s
391 0.807706 0.566981 0.0132731 5.86567s
392 0.807706 0.562275 0.0130998 5.86436s
393 0.807706 0.559551 0.0129704 5.87848s
394 0.807706 0.554747 0.0131734 5.87339s
395 0.807706 0.555916 0.0127189 5.86736s
396 0.807706 0.560162 0.0144331 5.86466s
397 0.807706 0.56028 0.013225 5.87892s
398 0.807706 0.561406 0.0136769 5.91263s
399 0.807706 0.55629 0.0132046 5.90305s
400 0.807706 0.557006 0.0130755 5.85538s
401 0.807706 0.550216 0.0119569 5.87001s
402 0.807706 0.565411 0.0117908 6.05437s
403 0.807706 0.567409 0.0120044 5.89853s
404 0.807706 0.565372 0.0120639 5.8668s
405 0.807706 0.56054 0.0127195 5.87089s
406 0.807706 0.562253 0.01425 5.8627s
407 0.807706 0.558327 0.0126477 5.86178s
408 0.807706 0.567027 0.0134132 5.87356s
409 0.807706 0.569592 0.0143273 5.91162s
410 0.807706 0.571146 0.014234 5.92447s
411 0.807706 0.572848 0.0135456 5.86172s
412 0.807706 0.564613 0.0132243 5.83876s
413 0.807706 0.561318 0.0134704 5.89119s
414 0.807706 0.564092 0.0144506 5.84658s
415 0.807706 0.56446 0.0131398 5.89431s
416 0.807706 0.558743 0.0131786 5.89769s
417 0.807706 0.566261 0.0136146 5.86651s
418 0.807706 0.567119 0.0136982 5.84773s
419 0.807706 0.562997 0.013569 5.92214s
420 0.807706 0.563342 0.0135189 5.86248s
421 0.807706 0.559888 0.0129307 5.91455s
422 0.807706 0.555445 0.0126093 5.90131s
423 0.807706 0.555095 0.0132987 5.8911s
424 0.807706 0.553214 0.0127858 5.86795s
425 0.807706 0.554031 0.0125528 5.85826s
426 0.807706 0.563455 0.0134564 5.92628s
427 0.807706 0.558403 0.0129862 5.8311s
428 0.807706 0.568874 0.0136718 5.91515s
429 0.807706 0.564224 0.0124367 5.87785s
430 0.807706 0.566171 0.0130594 5.92278s
431 0.807706 0.574932 0.0137997 5.92291s
432 0.807706 0.574138 0.0135756 5.89233s
433 0.807706 0.561408 0.0136897 5.88214s
434 0.807706 0.557365 0.0120565 5.88141s
435 0.807706 0.567559 0.0141411 5.81726s
436 0.807706 0.562665 0.0125648 5.8851s
437 0.807706 0.560196 0.0129165 5.90454s
438 0.807706 0.552975 0.0132433 5.8742s
439 0.807706 0.559578 0.0139594 5.88921s
440 0.807706 0.561466 0.0140712 5.89987s
441 0.807706 0.565017 0.0139485 5.84616s
442 0.807706 0.563008 0.013203 6.17878s
443 0.807706 0.563232 0.0131416 5.90079s
444 0.807706 0.55988 0.0138045 5.86619s
445 0.807706 0.560835 0.0147243 6.0667s
446 0.807706 0.563144 0.0144036 6.1s
447 0.807706 0.566002 0.0141226 5.87329s
448 0.807706 0.562354 0.0157575 5.85489s
449 0.807706 0.562352 0.0143431 5.9382s
450 0.807706 0.560053 0.0146676 5.97322s
451 0.807706 0.559996 0.0146246 5.86441s
452 0.807706 0.565974 0.013337 5.90917s
453 0.807706 0.561286 0.0133845 5.87615s
454 0.807706 0.571742 0.0128947 5.99906s
455 0.807706 0.578689 0.013143 6.01433s
456 0.807706 0.573411 0.0131106 5.9763s
457 0.807706 0.57605 0.0136136 5.90666s
458 0.807706 0.57361 0.0126709 5.87823s
459 0.807706 0.560186 0.013254 5.86224s
460 0.807706 0.563617 0.013907 5.90841s
461 0.807706 0.558496 0.0145586 5.92667s
462 0.807706 0.557853 0.013341 5.94514s
463 0.807706 0.55149 0.0124719 5.88681s
464 0.807706 0.560255 0.0142693 5.88158s
465 0.807706 0.562101 0.0130274 5.92693s
466 0.807706 0.569433 0.0123655 5.96337s
467 0.807706 0.569779 0.0129907 5.85794s
468 0.807706 0.56522 0.0140613 6.11107s
469 0.807706 0.558871 0.0129037 5.86788s
470 0.807706 0.5598 0.0137018 5.88775s
471 0.807706 0.561392 0.012374 5.93258s
472 0.807706 0.562926 0.0126455 5.87446s
473 0.807706 0.560429 0.0135922 5.8834s
474 0.807706 0.555019 0.0130809 5.8641s
475 0.807706 0.563324 0.0135359 5.85761s
476 0.807706 0.563786 0.0135531 5.86053s
477 0.807706 0.559538 0.0144084 5.87926s
478 0.807706 0.56741 0.0135521 5.8594s
479 0.807706 0.565621 0.0139814 5.85148s
480 0.807706 0.552574 0.0128919 6.11492s
481 0.807706 0.55777 0.0137565 6.11958s
482 0.807706 0.5604 0.0136378 5.85336s
483 0.807706 0.569474 0.0140287 5.93396s
484 0.807706 0.558497 0.0131233 5.84066s
485 0.807706 0.563251 0.0143887 5.91903s
486 0.807706 0.568786 0.0137096 5.90887s
487 0.807706 0.561439 0.0126864 5.94802s
488 0.807706 0.566298 0.0125193 5.90597s
489 0.807706 0.567844 0.0131352 5.85207s
490 0.807706 0.568923 0.0146066 5.92126s
491 0.807706 0.575665 0.0154596 6.09652s
492 0.807706 0.571451 0.0158922 5.92814s
493 0.807706 0.564164 0.0141146 5.90639s
494 0.807706 0.570885 0.0141887 6.17214s
495 0.807706 0.564684 0.0138967 5.9018s
496 0.807706 0.56265 0.012733 5.91646s
497 0.807706 0.558616 0.0126735 5.85744s
498 0.807706 0.558498 0.0131783 5.84093s
499 0.807706 0.564163 0.0138409 5.86831s
500 0.807706 0.559203 0.0120979 5.88643s
501 0.807706 0.560221 0.0130005 5.93798s
502 0.807706 0.567319 0.0132931 5.86895s
503 0.807706 0.559497 0.0137299 5.85702s
504 0.807706 0.56415 0.0134165 5.86647s
505 0.807706 0.563611 0.0135439 5.86891s
506 0.807706 0.563104 0.0147243 6.02433s
507 0.807706 0.565508 0.0131464 5.94627s
508 0.807706 0.558653 0.013975 5.87194s
509 0.807706 0.55876 0.0124088 5.92262s
510 0.808149 0.562136 0.0127341 5.87596s
511 0.808149 0.562609 0.012651 5.85188s
512 0.808149 0.55679 0.0115229 5.87862s
513 0.808149 0.565192 0.0122234 5.87448s
514 0.808149 0.562032 0.0117677 5.91555s
515 0.80875 0.562932 0.0131363 6.18411s
516 0.80875 0.55997 0.0126765 6.11762s
517 0.80875 0.564999 0.0136002 5.91409s
518 0.80875 0.570679 0.0136419 5.91592s
519 0.80875 0.566146 0.013208 5.86923s
520 0.80875 0.569643 0.0148341 5.85839s
521 0.80875 0.556229 0.0139915 5.8977s
522 0.80875 0.561867 0.0143449 5.83103s
523 0.80875 0.564891 0.0138926 5.88417s
524 0.80875 0.560223 0.0138076 5.86553s
525 0.80875 0.562599 0.0150715 5.85867s
526 0.809029 0.569885 0.0137814 5.83525s
527 0.809029 0.567904 0.0149506 5.86203s
528 0.809029 0.55729 0.0143356 5.90952s
529 0.809029 0.564782 0.0134961 5.85153s
530 0.809029 0.566641 0.01299 5.88267s
531 0.809029 0.5611 0.0132 5.89427s
532 0.809029 0.564043 0.013483 5.87264s
533 0.809029 0.563392 0.0139563 5.85569s
534 0.809029 0.56068 0.0129982 5.89978s
535 0.809029 0.569134 0.0138749 5.89472s
536 0.809029 0.565418 0.0131762 5.8793s
537 0.809029 0.573528 0.0144343 5.8727s
538 0.809029 0.580874 0.0154266 5.91817s
539 0.809029 0.575028 0.0144532 5.88444s
540 0.809029 0.563925 0.0139445 5.83315s
541 0.809029 0.57114 0.0146653 5.93703s
542 0.809029 0.57475 0.0151419 5.85168s
543 0.809029 0.563381 0.0150229 6.17204s
544 0.809029 0.56904 0.0143021 5.84125s
545 0.809139 0.57156 0.014608 5.86847s
546 0.809139 0.564118 0.0142329 5.88404s
547 0.809139 0.568449 0.0146509 5.86618s
548 0.809139 0.566763 0.0143663 5.88234s
549 0.809139 0.567739 0.0130199 5.89196s
550 0.809254 0.563718 0.0140222 6.21075s
551 0.809254 0.559267 0.0132694 5.88883s
552 0.809254 0.552391 0.0132632 5.84946s
553 0.809254 0.553238 0.0125075 5.86023s
554 0.809254 0.547915 0.0134186 5.95997s
555 0.809254 0.551197 0.0137564 5.98728s
556 0.809254 0.560512 0.0131546 5.94554s
557 0.809254 0.559913 0.0127384 6.3034s
558 0.809254 0.567858 0.0128771 5.86754s
559 0.809254 0.562718 0.0136903 5.86338s
560 0.809254 0.556283 0.0126834 5.84108s
561 0.809254 0.558069 0.0135491 5.86121s
562 0.809254 0.564208 0.013717 5.846s
563 0.809254 0.563163 0.0143717 5.90643s
564 0.809254 0.566136 0.0140089 5.87761s
565 0.809254 0.567617 0.0125112 5.87851s
566 0.809254 0.56078 0.0134128 5.89781s
567 0.809254 0.55785 0.0123751 5.86869s
568 0.809254 0.561495 0.0121755 5.84334s
569 0.809254 0.560149 0.0142215 5.85347s
570 0.809254 0.559806 0.0134525 5.83027s
571 0.809254 0.569788 0.0132976 5.86687s
572 0.809254 0.566093 0.0138188 5.90113s
573 0.809254 0.568648 0.0142377 6.0275s
574 0.809254 0.569592 0.0138234 5.86492s
575 0.809254 0.55816 0.0128527 5.82964s
576 0.809254 0.561166 0.0126094 5.82229s
577 0.809254 0.565133 0.0146553 5.86869s
578 0.809254 0.567916 0.0144118 5.86394s
579 0.809254 0.575089 0.0141537 5.87288s
580 0.809254 0.573446 0.0141053 5.87413s
581 0.809254 0.571438 0.0136656 5.83012s
582 0.809254 0.574244 0.0148065 5.89282s
583 0.809254 0.571737 0.0137707 5.91878s
584 0.809254 0.563313 0.0130797 5.851s
585 0.809254 0.572626 0.0139662 5.87852s
586 0.809254 0.566471 0.0134259 6.08536s
587 0.809254 0.566737 0.0134357 5.89631s
588 0.809254 0.567885 0.0137717 5.88955s
589 0.809254 0.56783 0.0127955 5.92268s
590 0.809254 0.557383 0.0137513 5.88788s
591 0.809254 0.558788 0.0141513 5.88582s
592 0.809254 0.55093 0.0124829 5.85007s
593 0.809254 0.55832 0.0137343 5.88417s
594 0.809254 0.562922 0.0130383 6.01246s
595 0.809254 0.566771 0.0135977 5.87258s
596 0.809254 0.556651 0.0129116 5.88676s
597 0.809254 0.564922 0.0128532 5.86597s
598 0.809254 0.57157 0.013765 5.8802s
599 0.809364 0.559363 0.0132065 5.97638s
600 0.809364 0.570681 0.0130437 5.82704s
601 0.809364 0.558736 0.0126271 6.13961s
602 0.809364 0.565685 0.0133256 5.91583s
603 0.809364 0.567739 0.0140937 5.84916s
604 0.809364 0.565628 0.0135513 5.83362s
605 0.809364 0.564467 0.0123171 5.87074s
606 0.809364 0.562198 0.0127522 5.82585s
607 0.809364 0.564212 0.0124259 5.89269s
608 0.809364 0.566612 0.0132007 5.82528s
609 0.809364 0.563991 0.0133535 5.96203s
610 0.809364 0.568021 0.0146409 5.93107s
611 0.809364 0.567131 0.0131705 5.85288s
612 0.809364 0.561099 0.0127739 5.84589s
613 0.809364 0.563961 0.0140313 5.8416s
614 0.809364 0.561511 0.0134065 5.9405s
615 0.809364 0.566606 0.0145333 5.90132s
616 0.809364 0.557073 0.0136284 5.87655s
617 0.809364 0.556727 0.0128692 5.86253s
618 0.809364 0.552737 0.0127647 5.91996s
619 0.809364 0.555757 0.0128766 5.89385s
620 0.809364 0.550457 0.012047 5.86221s
621 0.809364 0.553644 0.0135019 5.85901s
622 0.809364 0.558861 0.0146863 5.84445s
623 0.809364 0.555531 0.013257 5.8725s
624 0.809364 0.556705 0.0131471 5.87426s
625 0.809364 0.553483 0.0121037 5.84551s
626 0.809364 0.555657 0.012933 5.95748s
627 0.809364 0.556688 0.0128882 6.07477s
628 0.809364 0.555533 0.0137994 5.83328s
629 0.809364 0.556866 0.0133189 5.83644s
630 0.809364 0.561827 0.0127792 5.8461s
631 0.809364 0.564384 0.0135005 5.84526s
632 0.809364 0.560027 0.0130325 5.92371s
633 0.809364 0.559148 0.014223 5.86828s
634 0.809364 0.554647 0.0129263 5.86372s
635 0.809364 0.558193 0.0125273 5.89811s
636 0.809364 0.555791 0.0123163 5.89039s
637 0.809965 0.552711 0.0123713 5.88499s
638 0.809965 0.55608 0.013148 6.16647s
639 0.809965 0.557042 0.0125383 5.868s
640 0.809965 0.55125 0.012888 5.89083s
641 0.809965 0.563162 0.0136912 5.85854s
642 0.809965 0.570679 0.0139481 5.86078s
643 0.809965 0.56786 0.0136958 5.92309s
644 0.809965 0.565061 0.0133581 5.88911s
645 0.809965 0.568959 0.0131599 5.91513s
646 0.809965 0.570782 0.0137236 5.90568s
647 0.809965 0.570972 0.0130795 5.9251s
648 0.809965 0.559467 0.0124556 5.9067s
649 0.809965 0.558231 0.0131925 5.87404s
650 0.809965 0.557451 0.0137826 5.958s
651 0.809965 0.552682 0.0131786 5.91541s
652 0.809965 0.552895 0.0131669 5.90503s
653 0.809965 0.548966 0.0132412 5.89043s
654 0.809965 0.550995 0.011915 5.93131s
655 0.809965 0.549777 0.0131795 5.89616s
656 0.809965 0.560836 0.0123828 5.85182s
657 0.809965 0.563065 0.0134359 5.8924s
658 0.809965 0.572656 0.013924 5.94934s
659 0.809965 0.560701 0.0136453 5.92886s
660 0.809965 0.562083 0.0135117 5.89234s
661 0.809965 0.558017 0.0132211 5.98505s
662 0.809965 0.566066 0.01402 5.92444s
663 0.809965 0.564305 0.0127316 6.08767s
664 0.810166 0.569641 0.0122693 5.84546s
665 0.810166 0.569602 0.012532 5.95506s
666 0.810166 0.569658 0.0140917 5.92994s
667 0.810166 0.565796 0.0135221 5.86039s
668 0.810166 0.565583 0.0146917 5.86276s
669 0.810166 0.565347 0.0141849 5.87822s
670 0.810166 0.562935 0.0141228 5.89144s
671 0.810166 0.568431 0.0136005 5.86323s
672 0.810166 0.566417 0.0138904 5.91483s
673 0.810166 0.564777 0.0117972 5.93659s
674 0.810166 0.566234 0.0129098 5.88812s
675 0.810166 0.560811 0.0120602 5.92236s
676 0.810166 0.568212 0.0128979 5.87366s
677 0.810166 0.571399 0.0129632 5.92306s
678 0.810166 0.563587 0.0128973 5.91048s
679 0.810166 0.567704 0.0128444 5.91076s
680 0.810166 0.564264 0.0137498 5.88622s
681 0.810166 0.558474 0.0141723 5.88037s
682 0.810166 0.555357 0.0127431 6.00265s
683 0.810166 0.5628 0.0151175 5.86083s
684 0.810166 0.565426 0.0152092 5.92461s
685 0.810166 0.570707 0.0135837 5.86997s
686 0.810166 0.56486 0.013102 6.11158s
687 0.810166 0.561487 0.0134272 5.8651s
688 0.810166 0.564342 0.0126399 6.121s
689 0.810166 0.568162 0.0130489 5.90499s
690 0.810166 0.564878 0.0119893 5.9467s
691 0.810166 0.570425 0.0128372 5.90895s
692 0.810166 0.564819 0.0124998 6.10844s
693 0.810166 0.562218 0.0135521 5.96642s
694 0.810166 0.564196 0.0135638 5.91638s
695 0.810166 0.560946 0.0134828 5.90971s
696 0.810166 0.55983 0.0131182 5.8913s
697 0.810166 0.562562 0.0134916 5.88567s
698 0.810166 0.55976 0.0131352 5.91967s
699 0.810166 0.566225 0.0134157 5.87632s
700 0.810166 0.563332 0.0142309 5.89916s
701 0.810166 0.560577 0.0134411 5.86384s
702 0.810166 0.55889 0.0130629 5.88478s
703 0.810166 0.561565 0.0137666 5.87802s
704 0.810166 0.5673 0.0149803 6.06111s
705 0.810166 0.571933 0.0145924 5.84473s
706 0.810166 0.572984 0.0142196 5.86374s
707 0.810166 0.575115 0.0141179 5.88881s
708 0.810166 0.567446 0.0140627 5.88088s
709 0.810166 0.5645 0.0136664 5.85779s
710 0.810166 0.560371 0.0136896 5.90588s
711 0.810166 0.560636 0.0140836 5.85392s
712 0.810166 0.565022 0.0143644 5.89445s
713 0.810166 0.569507 0.014664 5.91187s
714 0.810166 0.567959 0.0138507 6.13298s
715 0.810166 0.560271 0.0135283 5.87037s
716 0.810166 0.558211 0.0123025 5.89465s
717 0.810166 0.560067 0.0135976 5.8489s
718 0.810166 0.553586 0.0139074 5.88257s
719 0.810166 0.554546 0.0138913 5.92179s
720 0.810166 0.56085 0.0138846 5.84723s
721 0.810166 0.563384 0.0145094 5.87593s
722 0.810166 0.566011 0.0149871 5.85248s
723 0.810166 0.563705 0.0142971 5.85256s
724 0.810166 0.579917 0.0159659 5.85673s
725 0.810166 0.571689 0.0139901 5.86542s
726 0.810166 0.564155 0.0134055 5.89567s
727 0.810166 0.567494 0.0129289 5.86395s
728 0.810166 0.566292 0.0125241 5.85945s
729 0.810166 0.563609 0.0131821 5.88341s
730 0.810166 0.569956 0.014329 5.84679s
731 0.810166 0.561325 0.0133758 5.89521s
732 0.810166 0.575695 0.0137744 5.88165s
733 0.810166 0.567971 0.0137396 5.83872s
734 0.810166 0.563814 0.0137476 5.87199s
735 0.810166 0.565967 0.0137437 5.88179s
736 0.810166 0.563946 0.0129454 5.88778s
737 0.810166 0.570766 0.0138113 5.82618s
738 0.810166 0.573636 0.0142033 5.9233s
739 0.810166 0.575037 0.0141068 5.86412s
740 0.810166 0.569382 0.0150354 5.82979s
741 0.810166 0.569516 0.0133013 5.8488s
742 0.810166 0.57798 0.0138916 5.86791s
743 0.810166 0.57153 0.0136899 5.85182s
744 0.810166 0.56722 0.013232 5.83931s
745 0.810166 0.568424 0.0120303 5.83865s
746 0.810166 0.564886 0.0119805 5.86817s
747 0.810166 0.562881 0.0126638 5.93371s
748 0.810166 0.567678 0.0132907 5.84573s
749 0.810166 0.564081 0.012179 5.82696s
750 0.810166 0.564984 0.0122312 5.83316s
751 0.810166 0.565882 0.0121823 5.86477s
752 0.810166 0.560358 0.0120469 5.83809s
753 0.810166 0.563853 0.0128577 5.8829s
754 0.810166 0.566933 0.0145329 5.89751s
755 0.810166 0.570694 0.0143279 5.89148s
756 0.810166 0.578348 0.0152949 5.90541s
757 0.810166 0.574073 0.0139284 5.85673s
758 0.810166 0.565244 0.0141924 5.87068s
759 0.810166 0.572048 0.0134206 5.91322s
760 0.810166 0.565525 0.0123973 5.85816s
761 0.810166 0.573789 0.0122784 6.15748s
762 0.810748 0.572054 0.0135422 5.92101s
763 0.810748 0.557943 0.01298 5.94097s
764 0.810748 0.567701 0.0143244 6.36482s
765 0.810748 0.566743 0.0151154 5.91618s
766 0.810748 0.575016 0.0151486 5.93287s
767 0.810748 0.566585 0.0124941 5.8948s
768 0.810748 0.568665 0.0132933 5.82649s
769 0.810748 0.564689 0.0131428 5.89407s
770 0.810748 0.565118 0.012889 5.8774s
771 0.810748 0.563891 0.0138773 5.87787s
772 0.810748 0.560926 0.0131179 5.86296s
773 0.810748 0.566306 0.0139314 5.87927s
774 0.810748 0.567105 0.014356 5.9772s
775 0.810748 0.562393 0.0137892 5.86432s
776 0.810748 0.571175 0.0134877 5.92634s
777 0.810748 0.57007 0.0134188 5.89993s
778 0.810748 0.564433 0.0133744 5.9068s
779 0.810748 0.561437 0.0146839 5.8538s
780 0.810748 0.565496 0.0136003 5.92576s
781 0.810748 0.55857 0.0130805 5.94313s
782 0.810748 0.558201 0.0127944 5.87164s
783 0.810748 0.558425 0.0142021 5.8952s
784 0.810748 0.556368 0.0129189 5.84154s
785 0.810748 0.560842 0.0136426 5.88307s
786 0.810748 0.557986 0.0124901 5.89102s
787 0.810748 0.563275 0.0126941 5.85496s
788 0.810748 0.557069 0.0132278 5.82856s
789 0.810748 0.565778 0.0131099 5.84322s
790 0.810748 0.559173 0.0138833 5.94074s
791 0.810748 0.557192 0.0139828 5.88444s
792 0.810748 0.551682 0.0142742 5.86277s
793 0.810748 0.552108 0.0127755 5.90862s
794 0.810748 0.551196 0.0115536 5.80633s
795 0.810748 0.549054 0.0121157 5.83439s
796 0.810748 0.557886 0.0147927 5.85619s
797 0.810748 0.563723 0.0140362 5.84199s
798 0.810748 0.566131 0.0136264 5.91007s
799 0.810748 0.563456 0.0149624 5.85432s
800 0.810748 0.559175 0.0143316 5.87733s
801 0.810748 0.559224 0.0143557 5.83746s
802 0.810748 0.558855 0.0136228 5.89608s
803 0.810748 0.55702 0.0129266 5.87086s
804 0.810748 0.567318 0.0132756 5.8768s
805 0.810748 0.569624 0.0134815 5.94459s
806 0.810748 0.569666 0.0138234 5.89556s
807 0.810748 0.5683 0.0129039 5.89867s
808 0.810748 0.569596 0.0139741 5.98986s
809 0.810968 0.565776 0.0138958 5.93581s
810 0.810968 0.560822 0.0144526 5.84137s
811 0.810968 0.557824 0.0141286 5.82565s
812 0.810968 0.559497 0.013936 5.86894s
813 0.810968 0.56939 0.0140257 5.89925s
814 0.810968 0.566784 0.0139574 5.87439s
815 0.810968 0.566621 0.0139232 5.9235s
816 0.810968 0.560393 0.0131187 5.91094s
817 0.810968 0.56296 0.0133491 5.83765s
818 0.810968 0.565453 0.0131922 5.87068s
819 0.810968 0.565812 0.0125926 5.83914s
820 0.810968 0.564151 0.0138018 5.86218s
821 0.810968 0.5659 0.0139683 5.93095s
822 0.810968 0.5561 0.0132282 5.88685s
823 0.810968 0.562798 0.0131701 5.84578s
824 0.810968 0.570128 0.0150779 6.11218s
825 0.810968 0.568985 0.0129192 5.89739s
826 0.810968 0.570107 0.0128893 5.94224s
827 0.810968 0.568677 0.0126798 5.85309s
828 0.810968 0.5697 0.0141337 5.85145s
829 0.810968 0.560871 0.0136097 6.18055s
830 0.810968 0.557481 0.0135708 5.86208s
831 0.810968 0.560614 0.0136843 5.89942s
832 0.810968 0.551783 0.0119649 5.87643s
833 0.810968 0.560777 0.01276 6.15273s
834 0.810968 0.548647 0.0126482 5.8941s
835 0.810968 0.556351 0.0132661 5.86053s
836 0.810968 0.555557 0.0140178 5.81016s
837 0.810968 0.554177 0.0134752 5.83322s
838 0.810968 0.566825 0.0143335 5.86447s
839 0.810968 0.572412 0.0135546 5.86677s
840 0.810968 0.568051 0.013261 5.84019s
841 0.810968 0.564271 0.0137989 5.84565s
842 0.810968 0.565606 0.0146372 5.86987s
843 0.810968 0.560252 0.013119 5.92191s
844 0.810968 0.562387 0.0132534 5.86757s
845 0.810968 0.564498 0.0132755 5.88981s
846 0.810968 0.562992 0.0140459 5.89597s
847 0.810968 0.571224 0.0137901 5.91194s
848 0.810968 0.570856 0.0137762 5.88965s
849 0.810968 0.559735 0.01361 5.81074s
850 0.810968 0.567361 0.0139958 5.91294s
851 0.810968 0.565836 0.0135792 5.86211s
852 0.810968 0.567397 0.0138067 5.86876s
853 0.810968 0.568267 0.0131264 5.88474s
854 0.810968 0.574963 0.0129155 5.86619s
855 0.810968 0.57517 0.012208 5.86753s
856 0.810968 0.578082 0.0151894 5.88137s
857 0.810968 0.584362 0.0145175 5.86966s
858 0.810968 0.582816 0.0139464 5.954s
859 0.811046 0.570513 0.0138954 5.8882s
860 0.811046 0.562148 0.0131901 5.88774s
861 0.811046 0.556996 0.0130866 5.91595s
862 0.811046 0.554283 0.0132103 5.90066s
863 0.811046 0.557254 0.0129738 5.87087s
864 0.811046 0.56396 0.0122229 5.89006s
865 0.811046 0.565251 0.0132604 5.8925s
866 0.811046 0.560964 0.0124663 6.00611s
867 0.811046 0.563967 0.0128231 5.95774s
868 0.811046 0.568465 0.0134883 5.88271s
869 0.811046 0.570314 0.0127504 6.1204s
870 0.811046 0.569324 0.012427 5.96023s
871 0.811046 0.570618 0.0132409 5.92318s
872 0.811046 0.573757 0.0139236 5.87446s
873 0.811046 0.564766 0.0126668 5.84088s
874 0.811046 0.563158 0.013502 5.86222s
875 0.811046 0.569905 0.013457 5.90734s
876 0.811046 0.5673 0.0140962 5.87474s
877 0.811046 0.572921 0.0148282 5.91676s
878 0.811046 0.566289 0.0145742 5.8686s
879 0.811046 0.569863 0.0137231 5.88079s
880 0.811046 0.57437 0.0143711 5.85008s
881 0.811046 0.583752 0.0141685 5.86327s
882 0.811046 0.570855 0.0136953 5.93348s
883 0.811046 0.561701 0.0134274 5.85156s
884 0.811046 0.562886 0.0140876 5.88258s
885 0.811046 0.566115 0.0145913 5.89093s
886 0.811046 0.572935 0.0150514 5.86756s
887 0.811046 0.561372 0.0138756 5.91874s
888 0.811046 0.561093 0.0132641 5.8639s
889 0.811046 0.563245 0.0137179 5.9512s
890 0.811046 0.567592 0.0138327 5.85404s
891 0.811046 0.559417 0.014056 5.91406s
892 0.811046 0.564062 0.0133723 5.86005s
893 0.811046 0.568485 0.0135732 6.11865s
894 0.811046 0.56718 0.014335 5.91799s
895 0.811046 0.572175 0.0138526 5.89091s
896 0.811046 0.579004 0.0143325 5.85329s
897 0.811046 0.572769 0.0137194 5.91146s
898 0.811046 0.567686 0.0137126 5.90988s
899 0.811046 0.565965 0.0144027 5.88497s
900 0.811046 0.572584 0.0144242 5.85331s
901 0.811046 0.567569 0.0133153 5.88318s
902 0.811046 0.571547 0.0137897 5.84056s
903 0.811046 0.565758 0.0134565 5.92276s
904 0.811046 0.55621 0.0133687 5.87661s
905 0.811046 0.559788 0.0145045 5.87679s
906 0.811046 0.565396 0.0141237 5.9027s
907 0.811046 0.564965 0.014051 5.85613s
908 0.811046 0.561601 0.0142901 5.91598s
909 0.811046 0.555694 0.0135001 5.88238s
910 0.811046 0.557123 0.0134295 5.86984s
911 0.811046 0.561982 0.0144639 5.93341s
912 0.811046 0.553625 0.0134164 5.82703s
913 0.811046 0.563636 0.0140511 5.87889s
914 0.811046 0.56913 0.014143 5.85938s
915 0.811046 0.572295 0.0137503 6.09655s
916 0.811046 0.568087 0.0132788 6.14307s
917 0.811046 0.562071 0.0123894 5.86746s
918 0.811046 0.567797 0.0121454 5.86122s
919 0.811046 0.566845 0.0131052 5.88333s
920 0.811046 0.563724 0.0128382 5.83756s
921 0.811046 0.56753 0.0134226 5.92551s
922 0.811046 0.57279 0.0136788 6.07086s
923 0.811046 0.577597 0.0141395 5.8845s
924 0.811046 0.573625 0.0135059 5.94794s
925 0.811046 0.582206 0.0145847 5.98444s
926 0.811046 0.570892 0.0135484 5.92063s
927 0.811046 0.561026 0.0129332 5.91446s
928 0.811046 0.560255 0.0123879 5.94008s
929 0.811046 0.560698 0.0125945 5.94217s
930 0.811046 0.559727 0.013356 5.94919s
931 0.811046 0.564185 0.013524 5.92597s
932 0.811046 0.563683 0.013073 5.86779s
933 0.811046 0.564069 0.0139489 6.14307s
934 0.811046 0.563411 0.0129341 5.86584s
935 0.811046 0.576834 0.0136592 5.93661s
936 0.811046 0.575197 0.013691 5.94964s
937 0.811046 0.578667 0.0155255 5.93976s
938 0.811046 0.580166 0.0138053 5.92445s
939 0.811046 0.566821 0.0116591 5.90063s
940 0.811046 0.566909 0.012357 5.86136s
941 0.811046 0.569094 0.0123211 5.86959s
942 0.811046 0.561863 0.012808 5.95237s
943 0.811046 0.561605 0.0129063 5.9177s
944 0.811046 0.571448 0.0130827 5.87074s
945 0.811046 0.567294 0.013384 5.88821s
946 0.811046 0.562868 0.0134544 6.0946s
947 0.811046 0.571127 0.0133629 5.8954s
948 0.811046 0.566428 0.0131999 5.86488s
949 0.811046 0.566613 0.0128221 5.89547s
950 0.811046 0.565141 0.0137132 5.89445s
951 0.811046 0.563283 0.0135912 5.90178s
952 0.811046 0.565006 0.0123525 5.86619s
953 0.811046 0.5701 0.014478 5.89009s
954 0.811046 0.57029 0.0137913 5.95806s
955 0.811046 0.576201 0.0140748 6.15447s
956 0.811046 0.571211 0.0143028 5.86451s
957 0.811046 0.559747 0.0135071 5.91638s
958 0.811046 0.555136 0.0142952 5.85098s
959 0.811046 0.558797 0.0139307 5.89652s
960 0.811046 0.550669 0.0127494 5.89331s
961 0.811046 0.558681 0.014778 5.82885s
962 0.811046 0.561902 0.0142454 5.92274s
963 0.811046 0.573346 0.0142308 5.9517s
964 0.811046 0.568465 0.0137097 5.87903s
965 0.811046 0.571246 0.0142288 5.88987s
966 0.811046 0.561963 0.0133678 5.88712s
967 0.811046 0.559482 0.0134401 5.86416s
968 0.811046 0.559804 0.0144644 5.86953s
969 0.811046 0.551715 0.0130691 5.94323s
970 0.811046 0.552905 0.0134366 6.21995s
971 0.811046 0.556038 0.0123252 6.13085s
972 0.811046 0.566181 0.0138013 5.87694s
973 0.811046 0.566358 0.0132399 5.92173s
974 0.811046 0.570371 0.0133755 5.90108s
975 0.811046 0.562976 0.0127576 5.82366s
976 0.811046 0.561455 0.0135754 5.81861s
977 0.811046 0.567057 0.0147035 5.86535s
978 0.811046 0.565843 0.0146961 5.86509s
979 0.811046 0.562665 0.014705 5.90628s
980 0.811046 0.556634 0.0134513 5.92396s
981 0.811046 0.545158 0.0138309 5.90059s
982 0.811046 0.554267 0.0138224 5.86931s
983 0.811046 0.557781 0.0131436 5.88005s
984 0.811046 0.568215 0.0144508 5.8694s
985 0.811046 0.563841 0.0125445 5.87078s
986 0.811046 0.570142 0.0137639 5.95141s
987 0.811046 0.565167 0.012609 5.89697s
988 0.811046 0.563461 0.0124176 5.85905s
989 0.811046 0.569997 0.012837 5.94147s
990 0.811046 0.568054 0.0125899 5.89442s
991 0.811046 0.563398 0.0132497 5.84439s
992 0.811046 0.559763 0.0133837 5.88518s
993 0.811046 0.560877 0.0134352 5.84731s
994 0.811046 0.557491 0.0126057 5.90043s
995 0.811046 0.557771 0.0129812 5.90254s
996 0.811046 0.548599 0.0126827 5.86524s
997 0.811046 0.557557 0.012745 5.89972s
998 0.811046 0.555531 0.0125038 5.90011s
999 0.811046 0.55802 0.013505 5.88476s
1000 0.811046 0.561126 0.0138626 5.86224s
1001 0.811046 0.564119 0.0134989 5.91144s
1002 0.811046 0.564719 0.0135125 6.17644s
1003 0.811046 0.574766 0.0144064 5.8799s
1004 0.811046 0.573594 0.0140842 5.89737s
1005 0.811046 0.578371 0.0130762 5.90669s
1006 0.811046 0.565907 0.011849 5.86601s
1007 0.811046 0.573986 0.0137176 5.98761s
1008 0.811046 0.577536 0.0145528 5.88467s
1009 0.811046 0.57274 0.0126801 5.83926s
1010 0.811046 0.572571 0.0144401 6.04094s
1011 0.811046 0.575573 0.0153948 5.94181s
1012 0.811046 0.572327 0.0137135 5.83811s
1013 0.811046 0.571468 0.0130001 5.90856s
1014 0.811046 0.562934 0.0140445 5.91591s
1015 0.811046 0.56168 0.0131236 5.88157s
1016 0.811046 0.553625 0.0125857 5.86809s
1017 0.811046 0.559622 0.012554 5.86478s
1018 0.811046 0.561176 0.0127351 5.91183s
1019 0.811046 0.55938 0.0138147 5.88256s
1020 0.811046 0.560327 0.0131747 5.87985s
1021 0.811046 0.560493 0.013637 5.87729s
1022 0.811046 0.570402 0.0131089 5.90257s
1023 0.811046 0.567446 0.0142611 5.86424s
1024 0.811046 0.560804 0.0151975 5.83195s
1025 0.811046 0.56296 0.0129583 5.86775s
1026 0.811046 0.563331 0.0137532 5.88172s
1027 0.811046 0.559563 0.0140011 6.17308s
1028 0.811046 0.562967 0.0124564 5.82704s
1029 0.811046 0.576041 0.0146315 5.87693s
1030 0.811046 0.572209 0.0134385 5.89368s
1031 0.811046 0.583451 0.0136765 5.86313s
1032 0.811046 0.568807 0.0135149 5.91104s
1033 0.811046 0.56512 0.0133113 5.94877s
1034 0.811046 0.558973 0.0135395 5.91768s
1035 0.811046 0.563429 0.0142787 5.85946s
1036 0.811046 0.568936 0.0146291 5.93819s
1037 0.811046 0.563162 0.0144313 5.98145s
1038 0.811046 0.563334 0.0151678 5.85202s
1039 0.811046 0.566018 0.0147234 5.86617s
1040 0.811046 0.566452 0.0147134 5.86614s
1041 0.811046 0.565451 0.0146741 5.90335s
1042 0.811046 0.561802 0.0130695 5.82611s
1043 0.811046 0.564035 0.0146605 5.86861s
1044 0.811046 0.55798 0.0130331 5.87864s
1045 0.811046 0.561908 0.0143064 6.00124s
1046 0.811046 0.568306 0.0138359 5.87198s
1047 0.811046 0.561962 0.0133741 5.92705s
1048 0.811046 0.570213 0.0133517 5.84399s
1049 0.811046 0.555632 0.0118331 5.87041s
1050 0.811046 0.565746 0.0122616 5.90067s
1051 0.811046 0.565095 0.0133994 6.06052s
1052 0.811046 0.564715 0.0144288 5.8932s
1053 0.811046 0.569346 0.013233 5.89594s
1054 0.811046 0.559531 0.0128091 5.90902s
1055 0.811046 0.560675 0.0129116 5.85004s
1056 0.811046 0.556091 0.0126032 5.94948s
1057 0.811046 0.558069 0.0132955 5.89144s
1058 0.811046 0.561883 0.0129937 5.8968s
1059 0.811046 0.572613 0.0143344 5.88798s
1060 0.811046 0.585183 0.013831 5.85482s
1061 0.811046 0.58282 0.0151393 5.94604s
1062 0.811046 0.576768 0.0143473 5.86397s
1063 0.811046 0.571715 0.0145405 5.87235s
1064 0.811046 0.571484 0.0144104 5.83659s
1065 0.811046 0.570769 0.0122435 5.86303s
1066 0.811046 0.561954 0.0122166 5.85609s
1067 0.811046 0.567364 0.0131572 5.91581s
1068 0.811046 0.561024 0.013059 5.88109s
1069 0.811046 0.563591 0.0129868 5.8823s
1070 0.811046 0.558455 0.0120148 5.9073s
1071 0.811046 0.562166 0.0119088 5.91092s
1072 0.811046 0.568446 0.0127398 5.82667s
1073 0.811046 0.559945 0.0120553 5.93793s
1074 0.811046 0.571756 0.0131205 6.24459s
1075 0.811046 0.563824 0.0144085 6.16861s
1076 0.811046 0.573978 0.0144572 5.83695s
1077 0.811046 0.572514 0.0155539 5.84502s
1078 0.811046 0.567888 0.0133472 5.91873s
1079 0.811046 0.567244 0.013233 5.90696s
1080 0.811046 0.563398 0.0141979 6.15445s
1081 0.811046 0.567624 0.0135575 5.87333s
1082 0.811046 0.567282 0.0133316 5.89233s
1083 0.811046 0.562912 0.0128411 5.87736s
1084 0.811046 0.564072 0.0145384 5.89315s
1085 0.811046 0.566863 0.0134758 5.90516s
1086 0.811046 0.571248 0.0136408 5.87909s
1087 0.811046 0.567116 0.0141777 5.92234s
1088 0.811046 0.568413 0.0144678 5.86298s
1089 0.811046 0.561077 0.0119889 5.87379s
1090 0.811046 0.568084 0.0124961 5.89992s
1091 0.811046 0.574056 0.0130574 5.91309s
1092 0.811046 0.566704 0.0127566 5.91108s
1093 0.811046 0.561195 0.0128107 5.87415s
1094 0.811046 0.562971 0.0131615 5.87136s
1095 0.811046 0.563509 0.0134735 5.86456s
1096 0.811046 0.560718 0.0123704 6.158s
1097 0.811046 0.564032 0.0137103 5.87292s
1098 0.811046 0.563868 0.0147501 5.84523s
1099 0.811046 0.559754 0.012913 5.89083s
1100 0.811046 0.550824 0.0128544 5.89466s
1101 0.811046 0.555363 0.0135265 5.8943s
1102 0.811046 0.554461 0.0142339 5.92037s
1103 0.811046 0.557527 0.014184 5.92312s
1104 0.811046 0.565226 0.0142276 5.91004s
1105 0.811046 0.564115 0.0123664 5.86276s
1106 0.811046 0.561506 0.0129987 5.87332s
1107 0.811046 0.56183 0.0127986 5.86201s
1108 0.811046 0.56186 0.0132414 5.91418s
1109 0.811046 0.556623 0.012972 5.87495s
1110 0.811046 0.56256 0.0140664 5.88608s
1111 0.811046 0.568067 0.0148932 5.8993s
1112 0.811046 0.573087 0.0153624 5.85356s
1113 0.811046 0.56882 0.0145864 5.88815s
1114 0.811046 0.562639 0.0132979 5.93204s
1115 0.811046 0.571849 0.0136438 5.89004s
1116 0.811046 0.565983 0.0129258 5.87528s
1117 0.811046 0.564217 0.0126714 5.89058s
1118 0.811046 0.562116 0.013944 6.15276s
1119 0.811046 0.551527 0.0142583 5.94209s
1120 0.811046 0.561408 0.014229 5.86423s
1121 0.811046 0.56303 0.0140161 5.88566s
1122 0.811046 0.565102 0.0137391 5.88243s
1123 0.811046 0.572604 0.0125739 5.86252s
1124 0.811046 0.571661 0.012526 5.95742s
1125 0.811046 0.56435 0.0130047 6.12696s
1126 0.811046 0.566206 0.0129149 5.91345s
1127 0.811046 0.568032 0.0123439 5.90804s
1128 0.811046 0.56999 0.0130186 5.86013s
1129 0.811046 0.571678 0.0140197 5.85388s
1130 0.811046 0.560577 0.0135528 5.90046s
1131 0.811046 0.56567 0.0130034 5.85758s
1132 0.811046 0.566975 0.0143815 5.92411s
1133 0.811046 0.565855 0.0137778 5.89454s
1134 0.811046 0.569813 0.0138914 5.92859s
1135 0.811046 0.576795 0.0131879 5.91123s
1136 0.821867 0.583076 0.0137151 5.83301s
1137 0.821867 0.570461 0.0142951 5.95032s
1138 0.821867 0.566808 0.0132008 6.13053s
1139 0.821867 0.553653 0.0119269 5.91643s
1140 0.821867 0.559315 0.0131743 5.91675s
1141 0.821867 0.55883 0.012469 5.93016s
1142 0.821867 0.560131 0.0131104 5.8985s
1143 0.821867 0.556882 0.0140303 5.85585s
1144 0.821867 0.551253 0.0135726 6.12792s
1145 0.821867 0.555948 0.0139209 5.91414s
1146 0.821867 0.560532 0.0138068 5.85923s
1147 0.821867 0.562447 0.0133465 5.94766s
1148 0.821867 0.569051 0.0126356 5.90869s
1149 0.821867 0.567161 0.0133405 5.84751s
1150 0.821867 0.56683 0.012882 5.89162s
1151 0.821867 0.563936 0.0131661 5.84814s
1152 0.821867 0.56901 0.0130721 5.89747s
1153 0.821867 0.564075 0.0149372 5.9017s
1154 0.821867 0.567298 0.0148716 5.80909s
1155 0.821867 0.559716 0.0125403 5.89285s
1156 0.821867 0.564014 0.0149408 5.88595s
1157 0.839329 0.567691 0.0146325 5.854s
1158 0.839329 0.565949 0.014161 5.8793s
1159 0.839329 0.566876 0.0132778 6.11743s
1160 0.839329 0.562338 0.0134537 5.85356s
1161 0.839329 0.568975 0.0136744 5.84538s
1162 0.839329 0.574901 0.0140019 5.85458s
1163 0.839329 0.579622 0.0138081 5.88969s
1164 0.839329 0.578183 0.0147649 5.87947s
1165 0.839329 0.572971 0.014071 5.88558s
1166 0.839329 0.580219 0.0134635 5.8925s
1167 0.839329 0.56742 0.0138224 5.88014s
1168 0.839329 0.570874 0.0127888 5.82885s
1169 0.839329 0.573001 0.0130068 5.89032s
1170 0.839931 0.574841 0.0145696 5.88092s
1171 0.839931 0.572767 0.0143339 5.88499s
1172 0.839931 0.563573 0.0144518 5.8669s
1173 0.839931 0.569235 0.0151934 5.92144s
1174 0.839931 0.561228 0.0135845 5.87833s
1175 0.839931 0.569802 0.0157612 5.93378s
1176 0.839931 0.576031 0.0151296 6.02006s
1177 0.839931 0.566397 0.0141262 5.98527s
1178 0.839931 0.566936 0.0134315 5.97705s
1179 0.839931 0.565607 0.0133102 5.88027s
1180 0.839931 0.572183 0.0153938 5.98515s
1181 0.839931 0.568284 0.0158993 5.92889s
1182 0.84052 0.566588 0.0145149 5.85795s
1183 0.84052 0.566662 0.0151439 5.83916s
1184 0.84052 0.563319 0.0151728 5.89615s
1185 0.84052 0.567671 0.0147066 5.85538s
1186 0.84052 0.572184 0.0165607 5.92093s
1187 0.84052 0.567122 0.0163138 5.91124s
1188 0.84052 0.562663 0.0157628 5.94352s
1189 0.841102 0.568166 0.0164539 6.046s
1190 0.841102 0.570528 0.0166844 5.85777s
1191 0.841102 0.573596 0.0167975 5.9295s
1192 0.841102 0.572159 0.0162164 5.90689s
1193 0.841102 0.573286 0.0174007 6.05068s
1194 0.841102 0.573057 0.0160463 6.0662s
1195 0.841102 0.566545 0.0168702 5.8752s
1196 0.841102 0.574763 0.0167308 5.85438s
1197 0.841739 0.586074 0.0178321 5.87963s
1198 0.847192 0.584286 0.0188571 5.8956s
1199 0.847192 0.584224 0.0189204 5.89614s
1200 0.847192 0.575761 0.0173825 5.987s
1201 0.847192 0.565699 0.0153838 5.98373s
1202 0.847192 0.575432 0.0175749 6.0767s
1203 0.850784 0.576235 0.0177717 5.90231s
1204 0.850784 0.574973 0.0174737 5.85942s
1205 0.850784 0.582313 0.0184585 5.89421s
1206 0.850784 0.5863 0.0179879 5.83645s
1207 0.850784 0.576368 0.0171928 5.88314s
1208 0.850784 0.589021 0.0197752 5.84273s
1209 0.850784 0.577967 0.0182261 5.86076s
1210 0.850784 0.580071 0.0185956 5.92158s
1211 0.857141 0.574876 0.0195412 6.10575s
1212 0.857141 0.578398 0.0189514 5.85563s
1213 0.857141 0.583971 0.0192386 5.9361s
1214 0.857141 0.569385 0.0173693 5.89863s
1215 0.857141 0.568818 0.0176161 5.86096s
1216 0.857141 0.567268 0.0182556 5.87701s
1217 0.857141 0.571915 0.0171331 5.91136s
1218 0.857141 0.578189 0.0194299 5.88212s
1219 0.857361 0.578735 0.019251 5.84309s
1220 0.857361 0.578774 0.0179162 5.87525s
1221 0.857361 0.575595 0.017179 5.95227s
1222 0.857361 0.591542 0.0193854 5.86639s
1223 0.857361 0.583456 0.0189135 5.8379s
1224 0.861654 0.571842 0.0178703 5.86976s
1225 0.861654 0.580774 0.0175505 5.88797s
1226 0.861654 0.571712 0.017178 5.92475s
1227 0.862929 0.570135 0.0190291 5.88107s
1228 0.862929 0.57428 0.0192839 5.87972s
1229 0.862929 0.579706 0.0192716 5.87279s
1230 0.862929 0.573022 0.0200878 5.89425s
1231 0.862929 0.576623 0.0193929 5.83395s
1232 0.862929 0.578907 0.0202195 5.8396s
1233 0.862929 0.581317 0.0180333 5.86746s
1234 0.862929 0.57711 0.0174906 5.86731s
1235 0.862929 0.579394 0.0173631 5.90794s
1236 0.862929 0.583482 0.0184285 5.84253s
1237 0.864125 0.58691 0.0197557 5.92566s
1238 0.864125 0.585001 0.0195707 5.87986s
1239 0.864125 0.57266 0.0191005 5.8899s
1240 0.864836 0.574281 0.0184456 5.84903s
1241 0.864836 0.5698 0.0176324 5.85128s
1242 0.864836 0.572982 0.0177034 5.87802s
1243 0.864836 0.565061 0.01837 5.83316s
1244 0.864836 0.568492 0.0186856 5.90529s
1245 0.864836 0.576447 0.0194941 5.90431s
1246 0.864836 0.584111 0.0209022 5.89315s
1247 0.864836 0.586088 0.0203342 5.8828s
1248 0.864836 0.584613 0.0195205 5.95712s
1249 0.864836 0.579639 0.0192553 5.91638s
1250 0.864836 0.590323 0.0215718 5.862s
1251 0.864836 0.571744 0.0189899 5.90339s
1252 0.864857 0.578249 0.0184905 5.89528s
1253 0.864857 0.575077 0.0186887 5.93583s
1254 0.867289 0.585796 0.0205177 5.89115s
1255 0.867289 0.584137 0.0213557 5.91823s
1256 0.867289 0.581218 0.0210694 5.84718s
1257 0.867289 0.580168 0.0197959 5.86315s
1258 0.867289 0.580277 0.0199035 5.91421s
1259 0.867289 0.587126 0.0213252 5.921s
1260 0.867289 0.594772 0.0196947 5.90654s
1261 0.867289 0.598004 0.0209687 5.88982s
1262 0.867289 0.599377 0.0199375 5.89553s
1263 0.867289 0.590387 0.0185453 5.93477s
1264 0.867289 0.590871 0.0194339 5.93208s
1265 0.867289 0.579541 0.0195628 5.84504s
1266 0.867289 0.579284 0.0189517 5.88875s
1267 0.869201 0.579154 0.0200444 5.90304s
1268 0.869201 0.572638 0.0197609 5.87194s
1269 0.869201 0.564772 0.018521 5.85905s
1270 0.869201 0.55724 0.0179899 5.91573s
1271 0.869201 0.566444 0.0193786 5.92692s
1272 0.869201 0.565478 0.0201536 5.89744s
1273 0.869201 0.576427 0.0192794 5.86721s
1274 0.869201 0.581411 0.0203356 5.86533s
1275 0.869201 0.576219 0.0191599 5.9074s
1276 0.869201 0.576729 0.0192746 5.83534s
1277 0.869201 0.574402 0.0193156 5.85882s
1278 0.869201 0.573365 0.0185746 5.85622s
1279 0.869201 0.576741 0.0191994 5.85958s
1280 0.869587 0.581547 0.0198807 6.58814s
1281 0.869587 0.578208 0.0196626 5.89903s
1282 0.869587 0.586653 0.0218087 5.84885s
1283 0.869587 0.582345 0.0211096 5.85778s
1284 0.869587 0.572592 0.02055 5.86662s
1285 0.869587 0.570542 0.0213608 5.87147s
1286 0.869587 0.578007 0.022244 5.92772s
1287 0.869587 0.573088 0.0209175 5.91169s
1288 0.869587 0.581054 0.0195062 5.87631s
1289 0.869587 0.585532 0.0214234 5.83156s
1290 0.870987 0.588461 0.0195756 5.83357s
1291 0.870987 0.581598 0.0204968 5.89651s
1292 0.870987 0.576491 0.0222075 5.8646s
1293 0.870987 0.582705 0.0204179 5.92807s
1294 0.870987 0.592795 0.0202451 5.86617s
1295 0.870987 0.590534 0.0207822 5.88584s
1296 0.870987 0.593779 0.0203764 5.85208s
1297 0.870987 0.592613 0.0196898 5.87406s
1298 0.870987 0.591606 0.0204241 6.08485s
1299 0.870987 0.582136 0.0186399 5.79613s
1300 0.870987 0.578089 0.0183192 6.06421s
1301 0.870987 0.583786 0.0201078 5.86543s
1302 0.870987 0.583365 0.0200478 5.89585s
1303 0.870987 0.578013 0.0209679 5.85594s
1304 0.870987 0.568629 0.0206394 5.8527s
1305 0.870987 0.577376 0.0203492 5.86371s
1306 0.870987 0.574134 0.0197598 5.83257s
1307 0.870987 0.577206 0.020397 5.86813s
1308 0.870987 0.572102 0.0173864 5.8145s
1309 0.870987 0.572458 0.0182243 5.87077s
1310 0.870987 0.578322 0.0177354 5.86439s
1311 0.870987 0.576756 0.0183301 5.84541s
1312 0.870987 0.588385 0.0204105 5.85541s
1313 0.870987 0.581977 0.0196518 5.86647s
1314 0.870987 0.583284 0.0193758 5.85311s
1315 0.870987 0.576209 0.0192563 5.8514s
1316 0.870987 0.571923 0.0178728 5.85833s
1317 0.870987 0.581688 0.0194569 5.94856s
1318 0.870987 0.584728 0.0206049 5.88912s
1319 0.870987 0.577278 0.0194081 5.88067s
1320 0.870987 0.570047 0.0175663 5.82588s
1321 0.879392 0.57862 0.0180068 5.87173s
1322 0.879392 0.572687 0.0169251 5.95288s
1323 0.879392 0.572638 0.0183579 6.10557s
1324 0.879392 0.568925 0.0173556 5.91733s
1325 0.879392 0.578687 0.0196299 5.88094s
1326 0.879392 0.57141 0.018274 5.89765s
1327 0.879392 0.567863 0.0182185 5.87374s
1328 0.879719 0.576777 0.0204415 5.91019s
1329 0.879719 0.581619 0.022073 5.89448s
1330 0.879719 0.58867 0.023111 5.95282s
1331 0.879719 0.604774 0.0236916 5.91968s
1332 0.879719 0.588716 0.0210571 5.86949s
1333 0.879719 0.592157 0.0226204 5.88613s
1334 0.879719 0.576531 0.0200923 5.89175s
1335 0.879719 0.577541 0.0207831 6.13356s
1336 0.879719 0.576039 0.0196579 5.85785s
1337 0.879719 0.568369 0.0189795 5.85944s
1338 0.879719 0.580368 0.0203562 5.86476s
1339 0.879719 0.592154 0.0213121 6.10727s
1340 0.879719 0.584937 0.0213196 5.88961s
1341 0.879719 0.580171 0.0206667 5.83568s
1342 0.879719 0.581404 0.0196499 5.8193s
1343 0.879719 0.577798 0.0201539 5.88867s
1344 0.880521 0.576023 0.0202503 5.91491s
1345 0.880521 0.575866 0.0206993 5.85465s
1346 0.880521 0.579124 0.0211077 5.87774s
1347 0.880521 0.571653 0.0206343 5.83851s
1348 0.880521 0.575086 0.0206134 5.88886s
1349 0.880521 0.588125 0.0215747 6.12803s
1350 0.880521 0.587094 0.020863 5.92312s
1351 0.880521 0.584166 0.0198096 5.91209s
1352 0.880521 0.575566 0.0197131 5.85332s
1353 0.880521 0.575544 0.0189741 5.85174s
1354 0.881855 0.582195 0.0211214 5.98243s
1355 0.881855 0.572539 0.0196577 5.86752s
1356 0.881855 0.578172 0.0208072 5.84627s
1357 0.881855 0.57513 0.0209921 5.84215s
1358 0.881855 0.566386 0.0196017 5.87696s
1359 0.881855 0.567695 0.019815 6.1255s
1360 0.881855 0.585125 0.0199358 5.84386s
1361 0.881855 0.580837 0.0194906 5.90774s
1362 0.881855 0.580149 0.0185464 5.85843s
1363 0.881855 0.581647 0.0198755 5.85677s
1364 0.881855 0.583479 0.0192297 6.08956s
1365 0.881855 0.574506 0.0181365 5.86285s
1366 0.882162 0.579174 0.0191947 5.85692s
1367 0.882162 0.571809 0.018977 5.90226s
1368 0.882162 0.581064 0.0208489 5.81625s
1369 0.882162 0.586991 0.0218746 5.82861s
1370 0.882272 0.583978 0.0218448 5.91506s
1371 0.882272 0.586087 0.0214208 6.09058s
1372 0.882874 0.586758 0.021073 5.86905s
1373 0.882874 0.576338 0.0187066 5.84371s
1374 0.882874 0.576904 0.0193927 5.87105s
1375 0.882874 0.577765 0.0192063 5.84881s
1376 0.882874 0.565287 0.0172916 5.88069s
1377 0.882874 0.564571 0.0195926 5.89347s
1378 0.882874 0.566058 0.0200799 5.84964s
1379 0.882874 0.577394 0.0213321 5.86912s
1380 0.882874 0.587989 0.0207925 5.91175s
1381 0.882874 0.581388 0.020503 5.85866s
1382 0.882874 0.581883 0.0233554 5.93225s
1383 0.882874 0.574274 0.0196855 6.25475s
1384 0.882874 0.579663 0.019408 5.90209s
1385 0.882874 0.575994 0.0193437 5.84862s
1386 0.882874 0.569399 0.0195007 5.91509s
1387 0.882874 0.581779 0.0223666 5.94751s
1388 0.882874 0.574848 0.0222781 5.94489s
1389 0.882874 0.585293 0.0215004 5.87741s
1390 0.882874 0.585029 0.0203229 5.9157s
1391 0.882874 0.585387 0.0213847 5.88299s
1392 0.882874 0.580464 0.0217181 5.8491s
1393 0.882874 0.576009 0.0203429 5.89857s
1394 0.882874 0.574927 0.0210306 6.08095s
1395 0.882874 0.570472 0.0213517 5.8464s
1396 0.882874 0.578443 0.0233888 5.83933s
1397 0.882874 0.58545 0.021823 5.84373s
1398 0.882874 0.572235 0.0200635 5.94369s
1399 0.883348 0.576617 0.0198765 6.08036s
1400 0.883348 0.58547 0.0210692 5.92842s
1401 0.883348 0.574347 0.0203534 5.91587s
1402 0.883348 0.578009 0.0206075 5.86115s
1403 0.883348 0.57584 0.0206777 5.89872s
1404 0.883348 0.571811 0.0204067 5.85891s
1405 0.883348 0.570765 0.0206509 5.88861s
1406 0.883348 0.570728 0.0208715 5.88797s
1407 0.883348 0.574089 0.0215281 5.85582s
1408 0.883348 0.575843 0.0214164 5.90942s
1409 0.883348 0.579027 0.021744 5.84312s
1410 0.883348 0.579222 0.0224688 5.87374s
1411 0.883348 0.575561 0.0209776 5.96666s
1412 0.883348 0.581342 0.0208085 5.85498s
1413 0.883348 0.571188 0.0206138 5.91674s
1414 0.883348 0.573391 0.0211917 5.89122s
1415 0.883348 0.572127 0.020776 5.91195s
1416 0.883348 0.571384 0.0199891 5.841s
1417 0.883348 0.576023 0.0214482 6.17106s
1418 0.883348 0.577372 0.0201779 5.87727s
1419 0.883348 0.580705 0.0212667 5.85348s
1420 0.883348 0.586075 0.0208372 6.16137s
1421 0.883348 0.589603 0.021325 5.86413s
1422 0.883348 0.584989 0.0214589 5.86912s
1423 0.883348 0.593225 0.0217191 5.85302s
1424 0.883348 0.584854 0.0212902 5.93056s
1425 0.883348 0.579142 0.0202109 6.08293s
1426 0.883348 0.577649 0.0212523 5.90244s
1427 0.883348 0.57751 0.0198801 5.91653s
1428 0.883348 0.57893 0.0193863 5.88783s
1429 0.883348 0.575177 0.0201864 5.89234s
1430 0.883348 0.583254 0.0192585 5.84901s
1431 0.883348 0.575727 0.0201592 5.85372s
1432 0.883348 0.583751 0.0198361 5.88202s
1433 0.883348 0.586285 0.0204953 5.84085s
1434 0.883348 0.574427 0.0208028 5.97279s
1435 0.883348 0.562432 0.0189266 5.85149s
1436 0.883348 0.572569 0.0196834 5.89242s
1437 0.883348 0.569698 0.0201646 5.95954s
1438 0.883548 0.57202 0.018658 5.90706s
1439 0.883548 0.581993 0.0220233 5.88072s
1440 0.883548 0.582722 0.0212194 5.89114s
1441 0.883548 0.579088 0.0197863 5.88667s
1442 0.883548 0.583062 0.0204775 5.84729s
1443 0.883548 0.566787 0.0191352 5.88154s
1444 0.883548 0.575436 0.0193373 5.88393s
1445 0.883548 0.576611 0.0192923 5.9091s
1446 0.883548 0.578024 0.0196879 5.86654s
1447 0.883548 0.586983 0.0208902 5.86016s
1448 0.883548 0.58726 0.019988 5.87344s
1449 0.883548 0.579757 0.0196677 5.85294s
1450 0.883548 0.58298 0.0195019 5.89067s
1451 0.883548 0.575219 0.0176476 5.83324s
1452 0.883548 0.575666 0.0200782 5.91476s
1453 0.883548 0.572533 0.0198039 5.84768s
1454 0.883548 0.578919 0.0209741 5.89242s
1455 0.883548 0.588847 0.0206259 5.91243s
1456 0.883548 0.582066 0.0214176 5.87214s
1457 0.883548 0.581551 0.021115 5.813s
1458 0.883548 0.577496 0.0204199 5.85395s
1459 0.883548 0.580326 0.0204901 5.87538s
1460 0.883548 0.584794 0.0219897 5.82368s
1461 0.883548 0.57726 0.0198466 5.86474s
1462 0.883548 0.585783 0.0215159 5.84904s
1463 0.883548 0.602711 0.0226398 5.91708s
1464 0.883548 0.59454 0.0217053 5.8728s
1465 0.883548 0.598277 0.022091 5.86829s
1466 0.883548 0.582653 0.0222217 5.88834s
1467 0.883548 0.593372 0.0228599 5.8856s
1468 0.883548 0.584793 0.0212452 5.84008s
1469 0.883548 0.58725 0.0227804 5.88418s
1470 0.883548 0.576193 0.0216306 5.98295s
1471 0.883548 0.573795 0.0196743 5.86842s
1472 0.883548 0.578399 0.02045 5.90108s
1473 0.883548 0.567436 0.0198865 5.87471s
1474 0.883548 0.574808 0.020257 5.95283s
1475 0.883548 0.570463 0.0193227 5.89382s
1476 0.883548 0.572276 0.0189262 5.88299s
1477 0.883548 0.572717 0.0205829 5.84429s
1478 0.883548 0.563537 0.0191268 5.88317s
1479 0.883548 0.568427 0.019444 5.88573s
1480 0.883548 0.574482 0.0191986 5.82635s
1481 0.883548 0.571942 0.0177774 5.83842s
1482 0.883548 0.580133 0.0201948 5.82288s
1483 0.883548 0.573702 0.0185884 5.91214s
1484 0.883548 0.571712 0.0192963 5.85458s
1485 0.883548 0.58449 0.020246 5.8837s
1486 0.883548 0.588812 0.0230749 5.95955s
1487 0.883548 0.590197 0.0207282 5.88117s
1488 0.883548 0.58865 0.0206434 6.09319s
1489 0.883548 0.577463 0.0207502 5.81288s
1490 0.883548 0.574234 0.0205107 5.91636s
1491 0.883548 0.569688 0.0199897 5.91047s
1492 0.883548 0.57416 0.0179685 5.89734s
1493 0.883548 0.579769 0.019903 5.8635s
1494 0.883548 0.576264 0.0214705 6.10666s
1495 0.883749 0.585806 0.0217624 5.86472s
1496 0.883749 0.588507 0.021283 5.84452s
1497 0.883749 0.584117 0.0198897 5.83432s
1498 0.883749 0.577947 0.0210806 5.88837s
1499 0.883749 0.578414 0.0197003 5.8642s
1500 0.883749 0.578801 0.0203125 5.89828s
1501 0.883749 0.582162 0.0218243 6.10108s
1502 0.883749 0.585775 0.0195026 5.85223s
1503 0.883749 0.591472 0.0207631 5.9008s
1504 0.883749 0.594787 0.0228002 5.88461s
1505 0.883749 0.595245 0.0228547 5.84819s
1506 0.883749 0.591496 0.0212258 5.86361s
1507 0.883749 0.600005 0.0219964 5.90108s
1508 0.883749 0.598159 0.0208446 6.10823s
1509 0.883749 0.590151 0.019514 5.9062s
1510 0.883749 0.593601 0.0202423 5.92973s
1511 0.883749 0.587818 0.0181168 5.91513s
1512 0.883749 0.593405 0.0208045 5.87748s
1513 0.883749 0.59022 0.0211352 5.90178s
1514 0.883749 0.603786 0.0209791 5.96224s
1515 0.883749 0.594503 0.020807 5.85701s
1516 0.883749 0.582585 0.019493 6.19289s
1517 0.883749 0.583559 0.0203808 5.97706s
1518 0.883749 0.589116 0.0213457 5.86572s
1519 0.883749 0.594266 0.0218724 5.91378s
1520 0.883749 0.583247 0.0205918 5.84767s
1521 0.883749 0.583087 0.0187991 5.81784s
1522 0.883749 0.579983 0.0182299 5.87382s
1523 0.883749 0.58803 0.0196307 5.87391s
1524 0.883749 0.591458 0.0211199 5.912s
1525 0.883749 0.587089 0.0203245 5.98314s
1526 0.883749 0.590155 0.0199823 5.85029s
1527 0.883749 0.586541 0.0212787 5.84428s
1528 0.883749 0.587259 0.0220822 5.83608s
1529 0.883749 0.593085 0.0224055 5.85555s
1530 0.883749 0.591955 0.019357 5.90801s
1531 0.883749 0.581399 0.0192473 5.85697s
1532 0.883749 0.577261 0.0187151 5.86719s
1533 0.88395 0.590941 0.0206607 5.8257s
1534 0.88395 0.569283 0.0188266 5.94611s
1535 0.88395 0.576343 0.0206298 5.83151s
1536 0.88395 0.575394 0.0208704 5.83447s
1537 0.88395 0.568122 0.0190546 5.8622s
1538 0.88395 0.568294 0.0193935 5.86849s
1539 0.88395 0.577198 0.0203728 5.84217s
1540 0.88395 0.57344 0.0205382 5.84611s
1541 0.88395 0.570749 0.0219638 5.83368s
1542 0.88395 0.573962 0.0216123 5.91036s
1543 0.88395 0.582365 0.0209974 5.85775s
1544 0.88395 0.578397 0.0204103 5.84481s
1545 0.88395 0.58087 0.0232562 6.13987s
1546 0.88395 0.579287 0.021465 5.85251s
1547 0.88395 0.581741 0.0223705 5.83351s
1548 0.88395 0.583684 0.0237552 5.85792s
1549 0.88395 0.589573 0.0229688 5.81403s
1550 0.88415 0.58632 0.0217358 5.84047s
1551 0.88415 0.582654 0.0196879 5.86061s
1552 0.88415 0.581261 0.0218576 5.85042s
1553 0.88415 0.595454 0.0224396 5.81582s
1554 0.88415 0.583506 0.0219617 5.87153s
1555 0.88415 0.572783 0.0202705 5.81971s
1556 0.88415 0.574657 0.0212036 5.927s
1557 0.88415 0.564316 0.018547 5.82765s
1558 0.88415 0.566936 0.0198828 5.90012s
1559 0.88415 0.570202 0.0180711 5.85317s
1560 0.88415 0.582667 0.0203717 5.84137s
1561 0.88415 0.571109 0.0203207 5.83351s
1562 0.88415 0.575459 0.0214541 5.84236s
1563 0.88415 0.569998 0.0209583 5.88613s
1564 0.88415 0.574 0.0210463 5.88318s
1565 0.88415 0.568826 0.0204849 5.83297s
1566 0.88415 0.580961 0.0204529 5.88604s
1567 0.88415 0.587014 0.0221915 5.89292s
1568 0.88415 0.578159 0.0217957 5.85236s
1569 0.88415 0.594819 0.0222279 5.85827s
1570 0.88415 0.593442 0.023008 5.87944s
1571 0.88415 0.589334 0.0224845 5.85138s
1572 0.88415 0.582825 0.0212218 5.85221s
1573 0.88415 0.580721 0.0204928 6.08648s
1574 0.88415 0.575408 0.0207692 5.83073s
1575 0.88415 0.57873 0.0226158 5.82909s
1576 0.88415 0.579466 0.0202167 5.84181s
1577 0.88415 0.579515 0.020417 6.07343s
1578 0.88415 0.57928 0.0197635 5.87394s
1579 0.88415 0.586133 0.021966 5.88873s
1580 0.88415 0.589237 0.0237258 5.84927s
1581 0.88415 0.582461 0.0215839 5.89861s
1582 0.88415 0.580181 0.0213472 5.84159s
1583 0.88415 0.580125 0.0220058 5.93061s
1584 0.88415 0.577408 0.0208234 5.85313s
1585 0.88415 0.566737 0.0193273 5.8682s
1586 0.88415 0.569124 0.0195377 5.87489s
1587 0.88415 0.580298 0.0207477 5.82747s
1588 0.88415 0.590313 0.0222293 5.85442s
1589 0.88415 0.571338 0.0202088 5.85137s
1590 0.88415 0.575215 0.0206642 5.87279s
1591 0.88415 0.565299 0.0212994 6.38386s
1592 0.88415 0.569549 0.0214752 5.97245s
1593 0.88415 0.5699 0.0202798 5.88357s
1594 0.88415 0.576573 0.0197807 5.87541s
1595 0.88415 0.579691 0.0197399 5.8407s
1596 0.88415 0.571223 0.019525 5.86088s
1597 0.88415 0.578818 0.0195678 5.89595s
1598 0.88415 0.573905 0.0193908 5.82875s
1599 0.88415 0.578053 0.0189845 5.86555s
1600 0.88415 0.590307 0.0197137 5.86625s
1601 0.88415 0.587482 0.0192347 5.8189s
1602 0.88415 0.589182 0.0210428 5.83792s
1603 0.88415 0.593793 0.0221386 5.87372s
1604 0.88415 0.597976 0.0230617 5.83511s
1605 0.88415 0.589609 0.0213468 5.92621s
1606 0.88415 0.585939 0.0205702 5.85935s
1607 0.88415 0.587482 0.0192332 5.82897s
1608 0.88415 0.582341 0.0199876 5.88116s
1609 0.88415 0.591132 0.0232523 5.89608s
1610 0.88415 0.584536 0.022389 5.85403s
1611 0.88415 0.585214 0.0210775 5.86852s
1612 0.88415 0.577607 0.0206839 5.88469s
1613 0.88415 0.570183 0.020441 5.88754s
1614 0.88415 0.566787 0.0190754 6.10339s
1615 0.88415 0.567903 0.018795 5.89008s
1616 0.88415 0.573799 0.0184208 5.85529s
1617 0.88415 0.585565 0.0195319 5.87633s
1618 0.88415 0.575475 0.0185977 5.89824s
1619 0.88415 0.590709 0.0217067 5.93424s
1620 0.88415 0.57638 0.0200387 5.88396s
1621 0.88415 0.594967 0.022752 5.95294s
1622 0.88415 0.58841 0.0230963 5.89067s
1623 0.88415 0.593071 0.0220652 5.87408s
1624 0.88415 0.592021 0.0225681 5.85399s
1625 0.88415 0.592977 0.022032 5.93229s
1626 0.88415 0.589638 0.0217398 6.13941s
1627 0.88415 0.583524 0.0182047 6.23306s
1628 0.88415 0.580038 0.0203024 5.85421s
1629 0.88415 0.574719 0.019405 5.94377s
1630 0.88415 0.575892 0.0196165 5.87767s
1631 0.88415 0.571313 0.0190938 5.85069s
1632 0.88415 0.578317 0.0204906 5.87065s
1633 0.88415 0.571367 0.0201412 5.87919s
1634 0.88415 0.57667 0.0201743 5.87695s
1635 0.88415 0.573574 0.0183329 5.88937s
1636 0.88415 0.578095 0.0196222 5.9238s
1637 0.88415 0.573939 0.0189684 5.83431s
1638 0.88415 0.573938 0.0195448 5.96158s
1639 0.88415 0.5729 0.0183178 5.88409s
1640 0.88415 0.583977 0.0207049 5.95008s
1641 0.88415 0.574522 0.0191791 5.91567s
1642 0.88415 0.574926 0.0178994 5.88048s
1643 0.88415 0.576525 0.0182142 5.93317s
1644 0.88415 0.584552 0.0199462 5.89534s
1645 0.88415 0.58582 0.0198473 5.87327s
1646 0.88415 0.577171 0.0207242 5.90151s
1647 0.88415 0.576085 0.0195487 5.91112s
1648 0.88415 0.560055 0.018507 5.87546s
1649 0.88415 0.563192 0.0195525 5.89076s
1650 0.88415 0.563036 0.0183783 5.86876s
1651 0.88415 0.578106 0.0186001 5.90687s
1652 0.88415 0.586325 0.0193243 5.83886s
1653 0.88415 0.586257 0.0183568 5.89635s
1654 0.88415 0.58384 0.0200648 5.86051s
1655 0.88415 0.58199 0.0195955 5.89155s
1656 0.88415 0.577452 0.0201537 5.80244s
1657 0.88415 0.578794 0.01999 5.82056s
1658 0.88415 0.581146 0.0199691 5.84602s
1659 0.88415 0.571673 0.0195174 5.89304s
1660 0.88415 0.570601 0.0190588 5.92768s
1661 0.88415 0.574862 0.0201566 5.87519s
1662 0.88415 0.574359 0.019537 5.86818s
1663 0.887516 0.566813 0.0178326 5.84417s
1664 0.887516 0.56667 0.0186504 5.83722s
1665 0.887532 0.572547 0.0197059 5.85986s
1666 0.887673 0.579798 0.0204635 5.80919s
1667 0.887673 0.583666 0.0200046 5.91088s
1668 0.887673 0.590313 0.0221358 5.866s
1669 0.887673 0.584829 0.0208074 6.11221s
1670 0.887673 0.587768 0.0208994 5.89121s
1671 0.887673 0.572742 0.0194013 5.87694s
1672 0.887673 0.567496 0.0192475 5.91241s
1673 0.887673 0.583404 0.0199902 5.94053s
1674 0.887673 0.575711 0.0196189 5.93304s
1675 0.887673 0.577017 0.0203418 5.88532s
1676 0.888259 0.58388 0.0208011 5.92685s
1677 0.888259 0.583409 0.0212345 5.87217s
1678 0.888259 0.579944 0.0194266 5.9861s
1679 0.888259 0.592842 0.0225471 5.91184s
1680 0.888259 0.594201 0.0220283 5.84921s
1681 0.888259 0.588913 0.0210388 5.85567s
1682 0.888275 0.58793 0.0210221 5.89621s
1683 0.888275 0.588572 0.0222647 5.9029s
1684 0.888275 0.577836 0.0208078 5.87533s
1685 0.888475 0.583398 0.0224272 5.86081s
1686 0.888475 0.57541 0.0209368 5.88007s
1687 0.888475 0.581306 0.0231431 5.899s
1688 0.888475 0.589319 0.0225965 5.84664s
1689 0.888475 0.594561 0.0237805 5.88838s
1690 0.888475 0.596471 0.0238804 5.89522s
1691 0.888475 0.596923 0.0245351 5.94816s
1692 0.888876 0.583658 0.0216768 5.8851s
1693 0.888876 0.590825 0.022891 5.9695s
1694 0.888876 0.593066 0.0241466 6.35843s
1695 0.888876 0.582323 0.0246604 5.86983s
1696 0.888876 0.590705 0.0234835 5.89092s
1697 0.888876 0.58771 0.0216893 5.89124s
1698 0.888876 0.580941 0.0222284 6.1336s
1699 0.888876 0.588043 0.0226274 5.84724s
1700 0.888876 0.589582 0.0213153 5.86389s
1701 0.888876 0.581229 0.0209343 5.83456s
1702 0.888876 0.586633 0.022107 5.89634s
1703 0.888876 0.596833 0.022472 5.89858s
1704 0.888876 0.590017 0.0233235 5.87695s
1705 0.88908 0.58779 0.0221579 5.91476s
1706 0.88908 0.59081 0.0238273 5.87363s
1707 0.88908 0.582113 0.0213953 5.82601s
1708 0.88908 0.592306 0.0237871 5.90035s
1709 0.88908 0.586154 0.0197251 5.83986s
1710 0.88919 0.583676 0.0209093 5.87588s
1711 0.88919 0.583642 0.0195748 6.17772s
1712 0.88919 0.583449 0.020342 5.87962s
1713 0.889391 0.600277 0.0237425 5.89883s
1714 0.889391 0.594231 0.0228987 5.86076s
1715 0.889391 0.582909 0.0218653 5.89101s
1716 0.889391 0.582313 0.021043 5.83604s
1717 0.889391 0.588313 0.0210137 5.93241s
1718 0.889391 0.59161 0.0210769 5.87598s
1719 0.889391 0.600283 0.0226286 5.89835s
1720 0.889391 0.595321 0.0219966 5.87829s
1721 0.889391 0.601622 0.0226058 5.89641s
1722 0.889391 0.591815 0.0210865 5.8911s
1723 0.889391 0.596331 0.0207758 5.84849s
1724 0.889391 0.588842 0.0215034 5.92389s
1725 0.889391 0.592229 0.0221943 5.8873s
1726 0.889391 0.583043 0.0223265 5.8588s
1727 0.889391 0.587093 0.0230444 5.88283s
1728 0.889391 0.598126 0.0261386 5.82562s
1729 0.889391 0.598345 0.0234638 5.8798s
1730 0.891739 0.598257 0.0232886 5.8493s
1731 0.89204 0.602011 0.0238223 5.93645s
1732 0.89204 0.605013 0.0245451 5.87811s
1733 0.892237 0.604747 0.0238934 5.89562s
1734 0.892237 0.602218 0.0231892 6.07533s
1735 0.892237 0.598196 0.0236172 6.10171s
1736 0.892237 0.594219 0.0226471 5.88169s
1737 0.892237 0.581611 0.0200669 5.88949s
1738 0.892237 0.585995 0.0212954 5.99926s
1739 0.892237 0.597299 0.0214229 6.08918s
1740 0.892237 0.598299 0.0225065 5.85238s
1741 0.892344 0.581633 0.0226131 5.91197s
1742 0.892344 0.573465 0.0211048 5.87262s
1743 0.892344 0.575208 0.0219265 6.10428s
1744 0.892344 0.568863 0.0224908 5.88851s
1745 0.892344 0.572794 0.0208067 5.86422s
1746 0.892344 0.577553 0.0219458 5.90544s
1747 0.892454 0.57327 0.0210809 5.91136s
1748 0.892454 0.572212 0.0213115 6.12567s
1749 0.892454 0.57432 0.0213502 5.83306s
1750 0.892454 0.576153 0.0206884 5.8849s
1751 0.892514 0.577478 0.0248288 5.87149s
1752 0.892523 0.593163 0.0240787 5.90546s
1753 0.892523 0.595193 0.0238633 6.14065s
1754 0.892523 0.58594 0.0230533 5.82818s
1755 0.892523 0.599978 0.0243601 5.92846s
1756 0.892523 0.599229 0.0233201 5.85314s
1757 0.892523 0.593652 0.0228172 5.87257s
1758 0.892523 0.59037 0.0220429 5.8932s
1759 0.892523 0.594501 0.0220783 5.90258s
1760 0.892523 0.584851 0.0209049 5.9301s
1761 0.892523 0.581075 0.0200247 6.14744s
1762 0.892523 0.584286 0.020394 5.86422s
1763 0.892523 0.581042 0.0196716 5.93316s
1764 0.892523 0.584396 0.0217956 5.91263s
1765 0.892523 0.588748 0.0224317 5.89104s
1766 0.892523 0.592689 0.0215852 5.91926s
1767 0.892523 0.590663 0.0217111 5.82338s
1768 0.892523 0.58494 0.0215162 5.86643s
1769 0.892523 0.580489 0.023954 5.9378s
1770 0.892595 0.566442 0.0220544 5.82724s
1771 0.892595 0.578129 0.0226875 5.92939s
1772 0.892595 0.583914 0.0215314 5.87197s
1773 0.892595 0.583425 0.0234859 5.9294s
1774 0.892595 0.583559 0.0234727 5.8894s
1775 0.893143 0.591483 0.0243944 5.86891s
1776 0.893143 0.59994 0.0239831 5.89903s
1777 0.893143 0.585287 0.0232599 5.84521s
1778 0.893143 0.589642 0.024752 5.97878s
1779 0.893143 0.581188 0.021762 5.88822s
1780 0.893143 0.57811 0.0206371 5.88614s
1781 0.893143 0.577617 0.0205234 5.9144s
1782 0.893143 0.587054 0.0223882 5.84823s
1783 0.893143 0.589551 0.0220518 5.84329s
1784 0.893143 0.593237 0.0223451 5.91305s
1785 0.893143 0.589779 0.0224955 5.86342s
1786 0.893143 0.581684 0.0205889 5.85652s
1787 0.893143 0.581395 0.0202167 5.86634s
1788 0.893203 0.574006 0.0208442 5.88673s
1789 0.893338 0.57923 0.0220093 5.87902s
1790 0.893338 0.582039 0.0208424 6.11124s
1791 0.893338 0.581629 0.0208852 5.89693s
1792 0.893338 0.592109 0.0224882 5.82736s
1793 0.893338 0.587522 0.0215574 5.86002s
1794 0.893338 0.586795 0.0223904 5.89437s
1795 0.893338 0.584208 0.0222777 5.95009s
1796 0.893338 0.577571 0.021555 6.47973s
1797 0.893338 0.581485 0.0220729 5.84283s
1798 0.893338 0.585535 0.022554 5.8705s
1799 0.893338 0.591785 0.0223306 5.8713s
1800 0.893338 0.595116 0.0237245 5.8659s
1801 0.893338 0.586774 0.021542 5.84508s
1802 0.893338 0.59328 0.0234651 5.83845s
1803 0.893338 0.588212 0.0238565 5.85934s
1804 0.893338 0.593993 0.0241026 5.80243s
1805 0.893338 0.58803 0.0226119 5.89209s
1806 0.893338 0.582991 0.0222999 5.88012s
1807 0.893685 0.587861 0.0235526 5.86959s
1808 0.893685 0.597845 0.0229237 5.86007s
1809 0.893685 0.599765 0.0243819 5.90501s
1810 0.893685 0.611531 0.0260929 5.81613s
1811 0.893685 0.587695 0.022411 5.83572s
1812 0.893685 0.589205 0.0232636 5.90979s
1813 0.893685 0.58913 0.0234577 5.82557s
1814 0.893685 0.587232 0.0239386 5.8527s
1815 0.893685 0.58528 0.0222315 5.87528s
1816 0.893685 0.595673 0.0228164 5.88262s
1817 0.893685 0.590686 0.0221258 5.86613s
1818 0.893685 0.591052 0.0232073 5.90521s
1819 0.893685 0.574549 0.0209025 5.88824s
1820 0.893685 0.582947 0.0231361 5.87522s
1821 0.893685 0.585133 0.0228047 5.85109s
1822 0.893685 0.590963 0.0254593 5.90871s
1823 0.893685 0.582303 0.0216179 5.87546s
1824 0.893685 0.581432 0.0221432 5.84901s
1825 0.893685 0.580902 0.0217233 5.88665s
1826 0.893685 0.567569 0.0204888 5.85492s
1827 0.893685 0.569187 0.0219719 5.89266s
1828 0.893685 0.563389 0.0192014 5.88568s
1829 0.893685 0.574715 0.0216242 5.8489s
1830 0.893685 0.585301 0.0219705 5.88679s
1831 0.893685 0.581474 0.0214731 5.91525s
1832 0.893685 0.579811 0.0212075 5.83114s
1833 0.893685 0.568796 0.020503 5.91557s
1834 0.893685 0.571441 0.0213093 5.91967s
1835 0.893685 0.577874 0.0229888 5.91144s
1836 0.893685 0.57884 0.0227541 5.88951s
1837 0.893685 0.581701 0.0217058 5.87683s
1838 0.893685 0.569059 0.0212191 5.88093s
1839 0.893685 0.582735 0.0218561 5.87722s
1840 0.893685 0.588957 0.0224908 5.87515s
1841 0.893685 0.578308 0.0208112 5.8543s
1842 0.893685 0.572673 0.0210741 6.06408s
1843 0.893685 0.575865 0.0236763 5.86034s
1844 0.893685 0.580614 0.0239277 5.83473s
1845 0.893685 0.574997 0.0234068 5.8438s
1846 0.893685 0.575691 0.0230186 5.92606s
1847 0.893685 0.574138 0.0237414 5.89475s
1848 0.893685 0.57102 0.0238001 5.83898s
1849 0.893685 0.573442 0.0206787 5.84554s
1850 0.893685 0.577554 0.021415 6.06382s
1851 0.893685 0.575097 0.0223331 5.89817s
1852 0.893685 0.580628 0.0211047 5.90731s
1853 0.893685 0.571773 0.0207701 5.87549s
1854 0.893685 0.571798 0.0210487 5.89354s
1855 0.893685 0.567353 0.02061 5.86896s
1856 0.893685 0.568549 0.0211279 5.90115s
1857 0.893685 0.577976 0.0214916 5.84706s
1858 0.893685 0.56706 0.0206204 5.91842s
1859 0.893685 0.580442 0.0207962 5.87538s
1860 0.893685 0.588256 0.0205702 6.09126s
1861 0.893685 0.593933 0.0224803 5.86244s
1862 0.893685 0.592192 0.0241264 5.87712s
1863 0.893685 0.5941 0.0249975 5.92374s
1864 0.893685 0.596771 0.0232685 5.85911s
1865 0.893685 0.583357 0.024707 5.86769s
1866 0.893685 0.584159 0.0218397 5.93109s
1867 0.893685 0.581916 0.0209594 5.86923s
1868 0.893685 0.571064 0.0192585 5.83241s
1869 0.893685 0.581194 0.0215952 5.8171s
1870 0.893685 0.572443 0.0203869 5.8707s
1871 0.893685 0.584578 0.0218001 5.89924s
1872 0.893685 0.572295 0.0214677 5.8817s
1873 0.893685 0.5734 0.0204513 5.89208s
1874 0.893685 0.579418 0.0209706 5.90606s
1875 0.893685 0.571459 0.0208416 5.87685s
1876 0.893685 0.574888 0.0225363 5.85959s
1877 0.893685 0.571234 0.0205141 5.91508s
1878 0.893685 0.572395 0.0203173 5.88262s
1879 0.893685 0.572186 0.0208463 5.84228s
1880 0.893685 0.58751 0.0243288 5.88112s
1881 0.893685 0.586734 0.0224225 5.91048s
1882 0.893685 0.583024 0.0209525 6.09614s
1883 0.893685 0.582364 0.0203717 5.87955s
1884 0.893685 0.586467 0.0224202 5.84636s
1885 0.893685 0.586713 0.0224491 5.85359s
1886 0.893685 0.580323 0.0223067 5.89572s
1887 0.893685 0.593161 0.0211556 5.84606s
1888 0.893685 0.584559 0.02141 5.86221s
1889 0.893685 0.579294 0.0216052 5.88693s
1890 0.893685 0.573593 0.0220781 5.85852s
1891 0.893685 0.573337 0.0227952 5.87915s
1892 0.893826 0.586918 0.0214188 5.89378s
1893 0.893826 0.581233 0.0223015 5.86567s
1894 0.893826 0.580652 0.0233044 5.86688s
1895 0.893826 0.576042 0.02202 5.90636s
1896 0.893826 0.579698 0.0231317 5.86235s
1897 0.893886 0.591634 0.0230593 5.87513s
1898 0.893886 0.593741 0.0238478 5.94245s
1899 0.893886 0.590941 0.0234698 6.24495s
1900 0.893886 0.58483 0.0237207 5.86274s
1901 0.893886 0.580539 0.0211193 5.89084s
1902 0.893886 0.576664 0.0224506 5.8442s
1903 0.893886 0.582444 0.0232852 5.94723s
1904 0.893886 0.575344 0.0232686 5.8791s
1905 0.893886 0.573639 0.0232621 5.88656s
1906 0.893886 0.574635 0.0222585 5.83713s
1907 0.893886 0.583352 0.0233268 5.90122s
1908 0.893886 0.589129 0.02314 5.88946s
1909 0.893886 0.572707 0.0220546 5.85529s
1910 0.893886 0.574679 0.0223953 5.85658s
1911 0.893886 0.580587 0.0205534 5.85573s
1912 0.893886 0.581297 0.0224906 5.85343s
1913 0.893886 0.577959 0.0218168 5.84651s
1914 0.893886 0.572666 0.0216987 5.88061s
1915 0.893886 0.585125 0.0216334 5.83444s
1916 0.893886 0.590553 0.0225884 6.04097s
1917 0.893886 0.591844 0.0254002 5.90338s
1918 0.893886 0.575059 0.0237378 5.87503s
1919 0.893886 0.574201 0.0216452 5.84362s
1920 0.893886 0.582299 0.0229855 5.83594s
1921 0.893886 0.589107 0.0248565 5.84811s
1922 0.893886 0.600314 0.0260667 6.08615s
1923 0.893886 0.600853 0.024572 5.86061s
1924 0.893886 0.586736 0.0245262 5.87433s
1925 0.893886 0.592338 0.0254886 5.86747s
1926 0.893886 0.592743 0.0250892 5.88115s
1927 0.893886 0.58542 0.0229068 5.87924s
1928 0.893886 0.594918 0.0238035 5.84731s
1929 0.893886 0.580263 0.0196749 5.83408s
1930 0.893886 0.595974 0.0231307 5.85905s
1931 0.893886 0.585371 0.0233603 5.85382s
1932 0.893886 0.576478 0.0205282 5.82841s
1933 0.893886 0.584602 0.022147 5.8443s
1934 0.893886 0.579573 0.0226614 5.89378s
1935 0.893886 0.590368 0.0232041 5.847s
1936 0.893886 0.592381 0.0223803 5.87491s
1937 0.893886 0.592078 0.0227374 5.84659s
1938 0.893886 0.598671 0.0221637 5.9352s
1939 0.893886 0.600559 0.0244525 5.87494s
1940 0.893886 0.583273 0.0220711 5.87535s
1941 0.893886 0.588574 0.0246447 5.89569s
1942 0.893886 0.588272 0.0227371 6.07077s
1943 0.893886 0.583532 0.0211964 5.87683s
1944 0.893886 0.577737 0.0204447 5.87667s
1945 0.893886 0.582182 0.0214009 5.8467s
1946 0.893886 0.590411 0.0243423 5.89632s
1947 0.893886 0.585094 0.0223717 5.94s
1948 0.893886 0.592528 0.0209106 6.09355s
1949 0.893886 0.585902 0.0229004 5.88925s
1950 0.893886 0.585031 0.0216108 5.89901s
1951 0.893886 0.578232 0.0193168 5.88336s
1952 0.893886 0.577353 0.0192801 5.92171s
1953 0.893886 0.585182 0.0207295 5.86865s
1954 0.893886 0.583955 0.0234168 5.88553s
1955 0.893886 0.590805 0.0240457 5.8522s
1956 0.893886 0.579646 0.0221373 5.90026s
1957 0.893886 0.58407 0.0230799 5.84639s
1958 0.893886 0.577183 0.0214933 5.88894s
1959 0.893886 0.575069 0.0199474 5.848s
1960 0.893886 0.581539 0.0217244 5.94718s
1961 0.893886 0.583958 0.0219411 5.86889s
1962 0.893886 0.583677 0.0236784 5.83487s
1963 0.893886 0.587938 0.0227433 5.89406s
1964 0.893886 0.571703 0.0226163 5.90572s
1965 0.893886 0.56803 0.0217798 5.85785s
1966 0.893886 0.577683 0.02235 5.91573s
1967 0.893886 0.572964 0.0219714 5.91193s
1968 0.893886 0.570291 0.0211106 5.86704s
1969 0.893886 0.565952 0.0205659 5.8551s
1970 0.893886 0.57071 0.0210197 5.88094s
1971 0.893886 0.582299 0.0235093 5.89783s
1972 0.893886 0.591217 0.0217733 5.90416s
1973 0.893886 0.583288 0.0218112 5.98804s
1974 0.893886 0.586066 0.0231411 5.89842s
1975 0.893886 0.582299 0.022413 5.83766s
1976 0.893886 0.587791 0.0244098 5.88198s
1977 0.893886 0.587335 0.0251861 5.86735s
1978 0.893886 0.593127 0.0238861 6.08154s
1979 0.893886 0.591602 0.0232318 5.86269s
1980 0.893886 0.59011 0.0232773 6.01443s
1981 0.893886 0.584136 0.0231108 5.91615s
1982 0.893886 0.584134 0.020826 5.84506s
1983 0.893886 0.582278 0.0208749 5.97608s
1984 0.893886 0.574271 0.0207614 5.86554s
1985 0.893886 0.579262 0.0210825 5.84381s
1986 0.893886 0.585997 0.0231492 5.86575s
1987 0.893996 0.577188 0.0212272 5.845s
1988 0.893996 0.580513 0.0211764 5.88773s
1989 0.893996 0.576015 0.0210322 5.83227s
1990 0.893996 0.585999 0.022512 5.88259s
1991 0.893996 0.580213 0.0215028 5.89559s
1992 0.893996 0.586338 0.0237793 5.86162s
1993 0.893996 0.585376 0.0235505 5.86892s
1994 0.893996 0.59077 0.0230621 5.85884s
1995 0.893996 0.575103 0.0217924 5.94177s
1996 0.893996 0.58893 0.0230677 5.83743s
1997 0.893996 0.588897 0.0245688 5.8671s
1998 0.893996 0.587002 0.0224793 5.85165s
1999 0.893996 0.580697 0.0203789 5.85003s
2000 0.893996 0.584073 0.0215566 5.864s
