60
3
28
39
97
79
16
50
9
46
8
31
27
47
53
15
79
65
3
30
56
0
39
13
18
46
33
7
30
42
87
25
66
54
77
65
19
40
92
96
53
22
32
84
36
37
0
76
50
19
17
60
82
21
3
99
8
52
85
44
97
11
45
70
1
50
43
61
77
64
46
42
49
13
50
69
93
26
24
76
84
31
64
58
74
39
93
48
10
16
57
44
99
82
21
6
73
56
62
93
29
17
75
50
28
73
93
41
77
99
63
73
46
78
49
29
98
55
50
77
3
44
64
39
85
15
93
9
76
25
23
27
77
28
68
32
82
55
14
75
36
74
41
85
55
94
8
88
26
70
46
9
70
24
65
90
69
68
25
64
14
31
11
10
67
0
81
49
40
44
68
25
41
54
74
60
73
1
65
77
31
83
8
11
73
35
3
34
95
89
31
21
3
71
18
44
88
41
2
90
53
28
59
99
31
5
33
62
84
45
87
15
58
17
4
5
54
94
70
30
4
2
7
27
15
35
96
76
64
70
82
54
99
45
24
38
6
63
18
70
0
91
44
34
71
96
5
6
66
74
40
55
63
60
75
15
51
10
43
25
56
47
18
49
91
72
83
93
73
36
52
5
13
50
73
22
20
95
67
19
9
67
60
12
23
15
50
16
7
96
41
12
69
73
77
61
91
52
25
45
7
76
8
78
66
75
54
57
6
87
99
74
7
88
77
43
5
63
29
4
10
7
46
87
81
61
63
86
82
38
72
48
57
13
31
79
66
28
16
53
55
2
40
50
5
15
67
23
49
24
12
49
60
71
86
89
8
96
7
2
43
19
51
79
32
87
8
74
54
70
21
82
39
76
75
67
96
10
23
16
69
1
7
96
99
97
21
82
72
50
75
41
23
98
85
12
97
36
17
9
31
47
29
46
73
25
79
45
15
30
10
28
47
77
24
32
18
78
60
74
56
74
1
23
25
38
31
53
40
39
75
61
56
18
51
9
6
77
58
7
42
72
58
13
45
55
20
52
53
27
74
37
18
43
17
72
58
3
69
42
44
64
73
2
35
75
43
7
31
77
12
46
4
39
75
78
3
21
57
22
60
1
11
16
45
41
47
5
27
65
75
55
41
40
60
34
71
62
44
25
76
95
36
46
41
25
6
87
40
91
8
25
16
70
41
32
76
51
58
63
44
75
48
21
42
62
69
71
98
37
14
5
90
66
91
25
9
79
70
31
31
11
8
62
73
0
17
64
49
78
3.58525
2.59123
11.4748
0.769887
1.22564
0.810112
1.15307
10.1922
7.27832
12.7534
14.6243
10.7393
6.66231
19.9419
1.35786
1.13803
2.05743
3.74406
15.3704
16.2029
9.99279
14.9297
3.68672
2.51936
0.741648
2.21648
19.6604
7.99693
9.47935
18.3184
14.8908
10.3281
10.9723
9.42516
14.6975
6.52063
3.05145
5.98136
7.47176
6.37925
1.05629
10.1304
13.9751
3.11733
0.55396
12.1946
20
11.1309
16.9926
2.44794
8.48038
1.72541
15.3464
3.25791
13.4029
13.1321
13.5903
5.79618
1.93873
0.106087
11.4935
19.7743
17.1373
9.04332
0
0.135054
2.06126
10.2721
3.90277
12.5137
8.05768
8.8161
4.00173
15.9794
16.2898
1.65986
9.10325
8.61391
10.4681
7.83871
13.7594
9.79736
3.77732
8.83608
12.9728
5.13961
3.96007
14.3379
19.9361
19.9121
9.18104
7.24006
16.7373
19.9408
2.92515
0
10.7504
13.9294
16.1956
15.1447
19.5071
9.42135
1.46457
17.0075
7.97897
0.967628
13.025
15.6874
1.28743
15.1606
2.51757
1.40001
5.99481
0.27716
0
2.19623
9.11119
16.4666
4.22532
2.53831
6.41851
12.9002
13.3408
4.94206
18.4787
1.86893
6.74938
0.887884
1.21296
16.9408
15.339
12.367
12.7064
0.0133071
9.24744
9.65973
0.220784
0.585777
1.21507
1.897
4.81468
0.554331
7.24832
19.8219
4.59728
17.3765
2.79188
0.00252302
13.7748
4.11358
4.84597
6.69526
5.61977
4.65328
2.44823
0
6.81506
12.2677
0.635157
7.13042
16.2259
5.27616
19.8389
0.0982197
2.62955
5.23364
0.391079
8.08796
0.417706
17.3203
5.12906
0.0112145
20
6.34995
16.9467
8.21433
6.7378
7.27282
12.1108
8.3604
6.10773
9.68328
7.65291
12.6403
2.33089
11.1153
11.4902
4.94014
9.96979
16.2675
11.6457
14.2245
12.8796
19.9249
12.7511
4.48047
18.1377
13.3648
13.7792
12.9456
12.6376
14.0306
16.4929
8.80203
8.23242
3.04369
18.7249
12.7906
5.89221
15.4922
1.30706
19.2672
12.5586
19.807
10.1489
12.0416
10.0145
8.55068
9.87409
17.5796
19.2684
16.837
1.9363
0.750828
4.01909
9.43153
13.5582
1.75321
1.6873
6.46445
16.657
5.48599
1.4603
20
6.14661
19.6701
17.0722
17.2885
5.87348
14.2293
0
18.493
10.7232
15.3608
14.691
17.9312
3.13105
4.13836
8.70998
1.8027
1.70331
2.92181
18.3481
5.25213
15.3681
1.86841
19.9993
15.6694
0.000427346
14.8425
10.661
0.0379161
3.81516
19.3913
7.78041
19.947
13.4195
13.3774
1.84321
7.41872
18.3217
15.1046
13.1421
15.4895
9.74958
15.8229
20
19.9994
11.7026
0.340803
11.9397
7.1358
8.82353
15.5744
19.7434
17.3307
9.81848
14.3337
9.14973
3.64378
2.88215
11.6429
12.0736
14.2974
18.8771
19.9997
0
0.164806
14.4969
12.2853
2.18773
19.9999
8.52666
12.4984
10.742
15.4884
13.2418
10.6136
10.3203
2.1337
0.17592
8.58622
6.77887
7.27402
3.22263
12.8528
19.606
6.68554
12.2453
4.96167
11.7869
0.995249
9.50556
18.0338
18.0694
11.9204
15.2637
7.67647
15.9734
0.000539642
18.4407
14.9397
7.18108
8.23125
7.6163
11.2714
12.4325
1.54694
15.0398
4.17119
4.33881
19.9979
0.329659
17.4871
6.33561
3.73188
10.0459
19.9995
2.05578
15.5822
12.0041
14.231
6.63864
0.00222045
19.7454
18.3338
16.1554
1.08136
13.6002
17.8296
14.4547
12.6797
10.746
4.89187
0.240844
18.3111
1.08655
6.52991
3.30649
20
19.0324
19.9978
19.4277
4.9709
9.74663
16.9623
19.9994
19.8503
16.3709
19.9699
0.429464
18.0892
14.4241
13.8673
12.8654
1.07314
15.9841
17.9616
14.5151
5.4579
7.81199
17.4129
3.5322
17.434
9.87865
3.64345
0.0768255
10.33
17.2221
6.13707
0.291279
11.5864
14.4789
8.4947
17.287
14.2173
7.13931
13.0236
0.194434
10.3187
6.8885
13.8532
17.163
7.22253
1.90692
6.80434
6.77324
4.74295
16.1147
0.68595
15.0729
16.1887
17.4339
15.3628
15.9849
6.05154
16.4787
11.0312
7.31848
13.6387
19.795
1.2908
3.78689
17.39
0.7785
6.81272
1.72964
13.5078
10.2988
4.4387
6.97544
0.233202
7.30014
5.62374
4.4366
15.4611
19.8411
2.0932
10.7776
5.19017
5.72939e-313
7.85138e-313
9.12458e-313
1.52784e-312
95.6551
-3.48661
478.765
250
