41
94
9
76
21
15
36
66
25
30
15
60
16
88
13
68
63
9
39
62
71
54
82
45
90
81
36
64
86
55
98
12
26
36
30
21
6
67
45
77
36
77
8
33
1
75
60
10
92
26
62
8
61
14
34
60
7
48
88
20
64
33
80
55
20
61
39
68
81
40
0
93
55
76
74
18
58
45
37
72
23
56
7
24
9
17
28
0
72
33
31
60
29
73
55
2
49
80
98
16
77
49
76
90
92
68
98
85
57
79
86
31
75
7
62
80
42
46
95
2
61
89
87
72
42
96
46
69
45
32
8
98
33
32
21
89
71
11
28
31
38
90
63
34
19
62
56
6
55
94
45
43
97
93
51
27
9
44
50
20
38
87
55
23
57
92
76
96
94
71
41
29
73
24
6
34
11
19
2
37
41
73
0
68
76
88
3
93
57
21
92
17
48
86
57
59
13
65
96
5
97
9
48
62
89
34
54
74
16
32
13
61
50
71
75
94
44
30
58
86
55
81
67
54
35
5
79
74
60
72
74
59
8
28
80
49
26
11
91
60
37
97
77
93
62
11
81
15
83
36
43
4
58
41
47
20
40
98
12
48
73
20
82
98
78
91
61
57
89
69
24
76
35
21
42
12
94
17
6
32
49
16
92
13
7
60
71
56
3
96
21
76
96
66
47
68
83
28
95
56
19
20
39
52
85
57
92
3
64
41
53
39
71
76
70
92
63
8
65
85
25
12
1
35
4
27
15
46
9
86
82
22
59
60
70
86
98
19
27
30
36
57
47
78
93
83
49
56
13
53
74
32
95
23
99
56
38
80
27
0
89
78
94
57
80
6
82
98
0
23
28
0
80
43
91
67
11
84
48
50
65
40
7
1
85
68
9
77
28
31
17
13
77
5
55
21
75
91
70
42
35
8
24
13
64
65
15
68
55
12
68
54
53
47
46
1
52
57
19
62
51
0
47
43
24
30
2
49
42
71
75
70
8
55
42
58
78
20
74
16
18
41
52
23
31
78
73
1
48
47
70
5
59
4
28
22
56
17
30
49
14
28
66
49
25
23
24
47
32
44
2
5
65
44
57
51
1
75
35
77
23
43
56
5
51
78
70
17
12
75
18
25
43
32
19
47
8
49
28
9
51
89
33
22
94
95
83
48
71
26
76
52
74
44
28
25
7
87
83
47
0
63
73
78
4
86
55
7
74
25
45
73
94
31
13
36
77
52
47
27
25
45
19
11
48
0
51
72
5
47
9.72115
7.64173
1.04521
17.8471
8.32559
0.256706
19.0648
14.4508
3.61181
14.1201
8.64435
1.00595
5.83181
5.65098
19.1697
0.937051
14.7786
8.63168
8.17246
19.7949
18.7356
2.9011
12.1354
14.4143
6.44995
13.2404
2.3592
10.3705
9.26108
19.3099
5.81206
8.39935
8.26132
11.6073
3.14736
19.5908
9.78355
10.1452
4.09212
4.49069
16.7515
19.2308
18.4294
0.205525
15.3198
13.5017
18.1728
1.89535
3.07466
17.1466
7.90066
6.70995
19.9412
14.3016
9.7525
2.18744
14.5173
0.551723
4.77384
5.19392
18.1977
18.4474
0.357546
4.55173
19.4565
8.41901
16.5468
11.193
13.7437
9.14817
15.2558
1.75648
3.79069
10.1351
14.0606
11.3404
19.9067
0.0271606
8.72238
5.32191
9.58812
16.4031
10.6218
16.7346
13.9687
11.5949
15.2175
6.11979
15.4168
10.6857
10.3004
11.5386
1.3505
16.5134
6.69431
19.9952
5.03097
3.85981
11.3095
8.54513
14.6767
0.85968
5.62709
10.6656
16.5064
6.91315
4.87315
0.0622835
18.0553
14.5402
6.58868
3.47952
7.21705
6.616
1.91984
2.05004
11.9334
11.361
17.4532
16.1801
10.0026
8.28732
5.50101
1.92054
15.6092
4.34877
12.3829
13.911
19.9071
16.6672
19.2599
6.82769
7.16747
15.7438
12.3108
3.53787
19.5483
15.0418
18.0963
11.4873
15.3133
4.56587
16.3502
9.93805
8.18354
17.4177
14.7922
13.9685
11.6806
17.8934
18.351
6.70496
19.9744
16.1904
12.9695
9.03895
1.39222
19.2562
17.2117
15.5991
17.4133
3.64913
7.96315
6.28829
9.27007
18.7022
11.2525
12.7163
16.8795
1.76578
1.49279
0.707635
18.761
0.00661663
14.7769
4.29873
5.00261
11.3765
13.1036
3.30763
17.9719
5.26116
11.8297
0
1.42416
1.72968
15.6642
5.18769
17.1238
15.4031
2.59755
14.9616
12.8774
12.658
5.71072
0.882415
19.9961
7.70418
16.5626
10.2147
12.6133
17.1587
19.9687
19.6224
12.2266
1.50049
6.61572
2.18322
1.34638
5.65992
10.507
1.57167
8.47892
1.19571
12.509
16.9711
2.77414
9.56962
13.8258
10.5427
18.6375
9.11626
15.9659
3.90994
19.6493
19.8105
3.57136
3.8021
8.47877
1.83517
0.00911065
16.8524
12.816
11.6646
11.4728
13.8927
0.371799
15.4234
0.211611
8.28162
4.4384
7.44889
6.8645
9.46071
12.108
10.8408
2.01898
3.35787
18.8896
11.5816
3.0626
0.152684
16.2569
10.098
12.7143
4.24413
11.0189
5.72851
10.6138
17.6447
2.58538
15.4075
14.4297
2.66284
1.01357
6.72554
11.7374
13.2453
18.0314
16.9744
4.67682
9.46702
18.9797
12.0454
2.71174
15.5706
8.42584
9.60339
11.7423
2.80037
5.86557
9.55963
13.3376
1.20878
6.9548
9.92053
2.41626
1.50837
19.6869
11.684
4.75103
8.34359
16.9043
18.3741
15.3765
7.05808
11.2702
3.9907
19.2017
10.6053
12.3982
0.694582
5.91486
5.84744
12.0721
9.28844
8.02685
12.8974
7.0573
5.72173
0.626238
1.24858
12.2754
16.4572
0.167956
18.3879
3.45738
9.81237
8.90446
12.287
6.72884
11.4878
2.58916
3.62565
1.74098
10.0841
1.23916
5.10885
11.025
2.04649
0.472962
6.81824
3.06698
4.3169
6.15763
17.3102
6.39284
9.76342
4.61274
17.5271
9.13368
17.7715
0
18.8887
12.4442
14.7916
17.445
11.3887
6.65194
18.4704
9.11963
3.53944
17.8343
11.9784
13.7757
9.69332
2.85085
10.3087
15.6709
12.4474
13.8898
7.29308
17.4072
19.3449
0.978142
8.50396
3.63374
1.73898
19.0262
2.08856
18.0568
18.4952
6.62807
17.3937
1.29477
18.4989
13.0668
4.02573
9.14255
4.55545
1.07106
6.80208
0
12.8532
7.31708
5.49419
5.84135
5.24324
5.59056
12.3989
19.4656
13.3675
10.41
17.5604
19.3063
11.0884
0.847594
12.8037
19.4988
11.6634
2.41717
1.53989
18.3934
15.5431
18.925
10.582
4.27077
11.4729
15.0233
6.38907
0.37102
10.2768
9.27095
0.872335
7.93594
0.695422
1.95728
1.59595
15.3862
8.53939
3.38645
14.4159
12.7327
4.05072
12.8398
12.5466
15.3045
13.6826
17.6918
13.249
17.33
10.6883
19.8452
16.6977
6.67804
19.9828
1.95014
8.78252
0.924814
10.1192
6.96825
6.16952
16.2894
18.1403
14.8
7.28115
4.63792
13.9984
10.5003
19.9727
-0.903296
0.568948
0.401543
0.612597
-90.3296
-2.43105
350.685
210
