0 0.515023 0.499829 1.8792e-05 0s
1 0.515023 0.500254 2.43036e-06 2.6502s
2 0.547048 0.501169 2.63614e-05 2.72985s
3 0.547048 0.502955 5.72556e-05 2.79485s
4 0.547048 0.504824 7.95729e-05 2.64841s
5 0.547048 0.506616 0.000107392 2.73052s
6 0.561327 0.508655 0.0001552 2.69388s
7 0.576497 0.510951 0.000211468 2.72699s
8 0.576497 0.513438 0.000258058 2.68914s
9 0.607963 0.515025 0.000376229 2.7206s
10 0.607963 0.515476 0.000416715 2.69638s
11 0.608598 0.51663 0.000493632 2.77675s
12 0.608598 0.518029 0.000575744 2.65065s
13 0.608598 0.520384 0.000612939 2.78731s
14 0.608598 0.521396 0.000656864 2.69397s
15 0.63021 0.52154 0.000745443 2.71258s
16 0.63021 0.522802 0.000773743 2.7123s
17 0.63021 0.523683 0.000913256 2.72092s
18 0.63021 0.524112 0.000958403 2.67571s
19 0.63021 0.524136 0.000975429 2.7042s
20 0.63021 0.524401 0.00105269 2.66026s
21 0.63021 0.525592 0.00107045 2.75825s
22 0.63021 0.527365 0.00114352 2.74888s
23 0.63021 0.529292 0.0012693 2.73281s
24 0.63021 0.528876 0.00130685 2.68944s
25 0.63021 0.529289 0.00134257 2.70774s
26 0.638521 0.529849 0.00140014 3.64683s
27 0.638521 0.530475 0.00145359 2.70754s
28 0.638521 0.532605 0.00153132 2.65583s
29 0.638521 0.531336 0.00158933 2.73039s
30 0.638521 0.532747 0.00163881 2.67909s
31 0.638521 0.532591 0.00165149 2.69095s
32 0.638521 0.532942 0.00170353 2.74104s
33 0.638521 0.533778 0.00171299 2.73197s
34 0.638521 0.5303 0.00171007 2.63906s
35 0.638521 0.534326 0.00175224 2.75776s
36 0.638521 0.532536 0.00173538 2.68272s
37 0.638521 0.532097 0.00180917 2.6799s
38 0.638521 0.533184 0.00183697 2.64904s
39 0.638521 0.533041 0.00186692 2.65114s
40 0.638521 0.534126 0.00189738 2.71804s
41 0.638521 0.534095 0.00193071 2.73104s
42 0.638521 0.534212 0.00192441 2.67626s
43 0.638521 0.534434 0.00192088 2.76531s
44 0.638521 0.536963 0.00193517 2.71151s
45 0.638521 0.535909 0.00204735 2.69355s
46 0.638521 0.533348 0.00202104 2.67541s
47 0.638521 0.534105 0.00203044 2.69887s
48 0.638521 0.533903 0.00201572 2.6668s
49 0.638521 0.534618 0.00193597 2.73707s
50 0.638521 0.533632 0.0020421 2.7102s
51 0.638521 0.536289 0.00207383 2.71974s
52 0.638521 0.536479 0.00212847 2.65293s
53 0.638521 0.535959 0.00209663 2.68469s
54 0.666471 0.535437 0.00221221 2.73694s
55 0.666471 0.537292 0.00216009 2.66827s
56 0.666471 0.534963 0.00213987 2.68913s
57 0.666471 0.534624 0.0021051 2.64052s
58 0.666471 0.535724 0.00216669 2.78142s
59 0.666471 0.53762 0.00219501 2.68792s
60 0.666471 0.535749 0.00219893 2.68734s
61 0.666471 0.535987 0.00215269 2.70736s
62 0.666471 0.536742 0.00222155 2.71966s
63 0.666471 0.536666 0.00224759 2.6892s
64 0.666471 0.536846 0.00224582 2.66419s
65 0.666471 0.53845 0.00222042 2.72965s
66 0.666471 0.539184 0.00227298 2.67405s
67 0.666471 0.539707 0.00228655 2.71602s
68 0.666471 0.537651 0.00236214 2.72354s
69 0.666471 0.535711 0.0022811 2.69043s
70 0.666471 0.53549 0.00228241 2.67769s
71 0.666471 0.535398 0.00226682 2.71749s
72 0.666471 0.537569 0.00226184 2.72401s
73 0.666471 0.537123 0.00230846 2.6526s
74 0.666471 0.53916 0.00231544 2.7004s
75 0.666471 0.53779 0.00232562 2.69274s
76 0.666471 0.539818 0.00230517 2.69221s
77 0.666471 0.538436 0.00240823 2.7465s
78 0.666471 0.539149 0.00241005 2.71206s
79 0.666471 0.539746 0.00240562 2.69294s
80 0.666471 0.540095 0.00241807 2.67593s
81 0.666471 0.539004 0.00255121 2.72385s
82 0.666471 0.538838 0.00248818 2.6848s
83 0.666471 0.539874 0.00259165 2.68039s
84 0.666471 0.538663 0.00252197 2.72825s
85 0.666471 0.537984 0.00247612 2.71156s
86 0.666471 0.538524 0.00246168 2.7036s
87 0.666471 0.538882 0.00253209 2.6764s
88 0.666471 0.5381 0.00247595 2.75423s
89 0.666471 0.537661 0.00246974 2.67677s
90 0.666471 0.539083 0.00249355 2.73609s
91 0.666471 0.538488 0.00258495 2.70596s
92 0.666471 0.536971 0.00248315 2.72982s
93 0.666471 0.5369 0.00248867 2.74895s
94 0.666471 0.539966 0.00251147 2.65044s
95 0.666471 0.538059 0.0026107 2.6471s
96 0.666471 0.539633 0.00261392 2.63971s
97 0.666471 0.539808 0.00270074 2.72567s
98 0.666471 0.539353 0.00272013 2.64802s
99 0.666471 0.541206 0.00275124 2.72096s
100 0.666471 0.541291 0.00271534 2.64823s
101 0.666471 0.540057 0.00283062 2.74203s
102 0.666471 0.538248 0.00278939 2.69216s
103 0.666471 0.54202 0.00281509 2.73151s
104 0.666471 0.543542 0.00294012 2.65975s
105 0.666471 0.543173 0.00300819 2.69792s
106 0.666471 0.541468 0.00302409 2.66774s
107 0.666471 0.542276 0.00298229 2.73475s
108 0.666471 0.542645 0.00301666 2.67306s
109 0.666471 0.544851 0.00312807 2.70331s
110 0.666471 0.544739 0.00304006 2.6818s
111 0.666471 0.544584 0.00312838 2.74045s
112 0.666471 0.542164 0.00319105 2.70149s
113 0.666471 0.542125 0.00312876 2.67255s
114 0.666471 0.542001 0.00308194 2.70631s
115 0.666471 0.542197 0.00301447 2.71053s
116 0.666471 0.543628 0.00308846 2.66737s
117 0.666471 0.541345 0.00312428 2.7466s
118 0.666471 0.540421 0.00307405 2.74573s
119 0.666471 0.54255 0.00306423 2.69869s
120 0.666471 0.541869 0.00310357 2.71094s
121 0.666471 0.543617 0.00299924 2.66014s
122 0.666471 0.543573 0.00300733 2.77974s
123 0.666471 0.542397 0.00295535 2.74291s
124 0.666471 0.541366 0.00308357 2.71986s
125 0.666471 0.541135 0.00304765 2.70164s
126 0.666471 0.541771 0.00306279 2.6606s
127 0.666471 0.542652 0.00310809 2.69839s
128 0.666471 0.542324 0.00307277 2.65414s
129 0.666471 0.543326 0.00321819 2.76652s
130 0.666471 0.544293 0.00327114 2.67316s
131 0.666471 0.548628 0.00315367 2.66715s
132 0.666471 0.546953 0.00322825 2.75132s
133 0.666471 0.544904 0.0032775 2.65324s
134 0.666471 0.542135 0.00324399 2.69368s
135 0.666471 0.54331 0.0032457 2.65909s
136 0.666471 0.543161 0.00324291 2.73765s
137 0.666471 0.542948 0.00330514 2.71353s
138 0.666471 0.542112 0.00330445 2.70546s
139 0.666471 0.542268 0.00322481 2.74848s
140 0.666471 0.542564 0.00324637 2.68104s
141 0.666471 0.541739 0.00315945 2.74578s
142 0.666471 0.541571 0.00324314 2.70267s
143 0.666471 0.542379 0.00328359 2.63573s
144 0.666471 0.542426 0.00321479 2.69606s
145 0.666471 0.541908 0.0032203 2.74816s
146 0.666471 0.54265 0.00328479 2.69484s
147 0.666471 0.544247 0.00326579 2.70688s
148 0.666471 0.543055 0.00325173 2.66699s
149 0.666471 0.54328 0.0032491 2.7265s
150 0.666471 0.543189 0.00328928 2.72466s
151 0.666471 0.543524 0.00327035 2.69238s
152 0.666471 0.545419 0.00324945 2.66689s
153 0.666471 0.544201 0.00324733 2.72103s
154 0.666471 0.54499 0.00328196 2.70122s
155 0.666471 0.544959 0.00338206 2.76838s
156 0.666471 0.544261 0.00344668 2.65021s
157 0.666471 0.544424 0.00337927 2.76592s
158 0.666471 0.543924 0.00340195 2.6651s
159 0.666471 0.543583 0.00340721 2.67671s
160 0.666471 0.544432 0.00338246 2.73097s
161 0.666471 0.546883 0.0034566 2.6792s
162 0.666471 0.545047 0.00345441 2.65188s
163 0.666471 0.54655 0.00356951 2.73339s
164 0.666471 0.545966 0.00363938 2.65416s
165 0.666471 0.545574 0.00359049 2.66524s
166 0.666471 0.546406 0.00354596 2.75155s
167 0.666471 0.544962 0.00362742 2.69034s
168 0.666471 0.546981 0.00364875 2.67312s
169 0.666471 0.546007 0.00367293 2.69974s
170 0.666471 0.545034 0.0036139 2.67675s
171 0.666471 0.54313 0.00366518 2.73599s
172 0.666471 0.542931 0.00362723 2.67908s
173 0.666471 0.543983 0.00349769 2.71228s
174 0.666471 0.543781 0.00344354 2.70837s
175 0.666471 0.542693 0.00343082 2.66698s
176 0.666471 0.542729 0.00348222 2.66032s
177 0.666471 0.543228 0.0035723 2.72213s
178 0.666471 0.544431 0.00347421 2.67185s
179 0.666471 0.54648 0.00348814 2.76334s
180 0.66688 0.545384 0.00363557 2.7452s
181 0.667935 0.548256 0.00363129 2.73232s
182 0.667935 0.545637 0.00379135 2.6759s
183 0.667935 0.545787 0.00379458 2.71579s
184 0.667935 0.544653 0.00367464 2.7089s
185 0.667935 0.547695 0.00379677 2.65855s
186 0.667935 0.545365 0.00368867 2.71929s
187 0.667935 0.545353 0.00375654 2.6785s
188 0.667935 0.545079 0.00366943 2.68665s
189 0.667935 0.543763 0.00373624 2.71512s
190 0.667935 0.54418 0.00378116 2.68939s
191 0.667935 0.544914 0.00370418 2.68354s
192 0.667935 0.54458 0.00384933 2.67976s
193 0.667935 0.545285 0.00384191 2.65914s
194 0.667935 0.544912 0.00386723 2.69323s
195 0.676167 0.547222 0.00391378 2.67922s
196 0.676167 0.546437 0.00400459 2.68393s
197 0.676167 0.548645 0.00396095 2.66396s
198 0.676167 0.548947 0.00393275 2.70432s
199 0.676167 0.545922 0.00388152 2.75312s
200 0.676167 0.546652 0.00392663 2.68758s
201 0.676167 0.546454 0.00376126 2.74562s
202 0.676167 0.545709 0.00385538 2.75657s
203 0.676167 0.544301 0.00370496 2.68172s
204 0.676167 0.545326 0.00374441 2.73948s
205 0.676167 0.545273 0.00379058 2.67827s
206 0.676167 0.546223 0.00391964 2.6896s
207 0.676167 0.545091 0.00398055 2.77906s
208 0.676167 0.545993 0.00402741 2.65727s
209 0.676167 0.546245 0.00394503 2.74828s
210 0.676167 0.547907 0.00401123 2.75402s
211 0.676167 0.548465 0.00394997 2.70345s
212 0.676167 0.547278 0.00392669 2.6792s
213 0.676167 0.549099 0.00401777 2.76998s
214 0.676167 0.547143 0.00409744 2.69481s
215 0.676167 0.548272 0.00401182 2.74291s
216 0.676167 0.545894 0.00418016 2.65258s
217 0.676167 0.546012 0.00402659 2.68424s
218 0.676167 0.54574 0.00397141 2.7024s
219 0.676167 0.543903 0.00393319 2.67676s
220 0.676167 0.544819 0.00394237 2.74991s
221 0.676167 0.545265 0.00408558 2.64661s
222 0.676167 0.547328 0.00400054 2.7275s
223 0.676167 0.546819 0.0039512 2.7247s
224 0.676167 0.545035 0.00387836 2.72894s
225 0.676167 0.544617 0.00384129 2.71776s
226 0.676167 0.545624 0.00395713 2.72318s
227 0.676167 0.546115 0.00397869 2.76603s
228 0.676167 0.546869 0.00395164 2.68315s
229 0.676167 0.545779 0.00395041 2.79494s
230 0.676167 0.546342 0.00389178 2.68225s
231 0.676167 0.544947 0.0037991 2.70853s
232 0.676167 0.548321 0.00388664 2.75727s
233 0.676167 0.546689 0.0039443 2.85123s
234 0.676167 0.546705 0.00382323 2.67772s
235 0.676167 0.546171 0.00386587 2.78758s
236 0.676167 0.546382 0.00397465 2.69303s
237 0.676167 0.546371 0.00395601 2.71811s
238 0.676167 0.548268 0.00395113 2.66815s
239 0.676167 0.54472 0.00393018 2.73167s
240 0.676167 0.543937 0.00391992 2.68187s
241 0.676167 0.544839 0.00394323 2.69382s
242 0.676167 0.54681 0.00398239 2.68113s
243 0.676167 0.545394 0.00400457 2.73394s
244 0.676167 0.545502 0.00393148 2.69766s
245 0.676167 0.545287 0.00390244 2.74206s
246 0.676167 0.546108 0.00394799 2.71638s
247 0.676167 0.544627 0.00388607 2.76485s
248 0.676167 0.545144 0.00385946 2.67365s
249 0.676167 0.54451 0.00390392 3.70739s
250 0.676167 0.545485 0.0038492 2.73462s
251 0.676167 0.544869 0.00393998 2.66481s
252 0.676167 0.5449 0.00393992 2.72626s
253 0.676167 0.545111 0.00383437 2.6918s
254 0.676167 0.545368 0.00383715 2.73508s
255 0.676167 0.544184 0.00382939 2.6838s
256 0.676167 0.545262 0.00369411 2.7196s
257 0.676167 0.544715 0.00368869 2.70158s
258 0.676167 0.546733 0.00366768 2.70326s
259 0.676167 0.545581 0.0037704 2.66366s
260 0.676167 0.546984 0.00385711 2.76782s
261 0.676167 0.545957 0.00386947 2.70303s
262 0.676167 0.545475 0.00390008 2.70133s
263 0.676167 0.547466 0.00385702 2.66335s
264 0.676167 0.547051 0.00399889 2.71802s
265 0.676167 0.54671 0.00397568 2.75355s
266 0.676167 0.546549 0.00397025 2.66319s
267 0.676167 0.547657 0.00394156 2.73756s
268 0.676167 0.544144 0.00397518 2.63823s
269 0.676167 0.544401 0.0039844 2.77123s
270 0.676167 0.543655 0.00389829 2.73467s
271 0.676167 0.545901 0.00383966 2.76251s
272 0.676167 0.543255 0.00386078 2.712s
273 0.676167 0.546339 0.00376972 2.68777s
274 0.676167 0.544889 0.00379771 2.67229s
275 0.676167 0.543618 0.00380413 2.69711s
276 0.676167 0.543911 0.00372657 2.7274s
277 0.676167 0.544571 0.00370983 2.72579s
278 0.676167 0.545101 0.00371719 2.71412s
279 0.676167 0.544628 0.00392955 2.65334s
280 0.676167 0.543914 0.00389515 2.7204s
281 0.676167 0.544787 0.00381486 2.67161s
282 0.676167 0.546031 0.00375765 2.75453s
283 0.676167 0.544253 0.00387143 2.73799s
284 0.676391 0.546967 0.00385294 2.66673s
285 0.676391 0.545131 0.00391446 2.80442s
286 0.676391 0.545127 0.00388144 2.72779s
287 0.676391 0.545187 0.00376847 2.72556s
288 0.676391 0.545007 0.00373425 2.70682s
289 0.676391 0.544531 0.00386299 2.7142s
290 0.676391 0.544181 0.00387907 2.69699s
291 0.676391 0.546488 0.00381908 2.71864s
292 0.676391 0.545059 0.00382723 2.6703s
293 0.676391 0.54481 0.00379026 2.73341s
294 0.676391 0.544874 0.00391988 2.68654s
295 0.676391 0.542755 0.00396396 2.75836s
296 0.676391 0.54493 0.00389724 2.66088s
297 0.676391 0.546368 0.00386756 2.79779s
298 0.676391 0.545708 0.00396125 2.70946s
299 0.676391 0.545714 0.00406723 2.7105s
300 0.676391 0.547712 0.00409785 2.7066s
301 0.676391 0.547501 0.0040354 2.66134s
302 0.676391 0.545834 0.00400285 2.74022s
303 0.676391 0.546181 0.00399973 2.7347s
304 0.676391 0.544998 0.0040242 2.72497s
305 0.676391 0.544395 0.00402273 2.68757s
306 0.676391 0.544045 0.00388491 2.73125s
307 0.676391 0.543822 0.0039132 2.76236s
308 0.676391 0.543832 0.0038923 2.66794s
309 0.676391 0.545318 0.00387433 2.70148s
310 0.676391 0.544834 0.00391491 2.69714s
311 0.676391 0.547169 0.00402925 2.66068s
312 0.676391 0.547348 0.00395844 2.75405s
313 0.676391 0.547787 0.00406342 2.6886s
314 0.676391 0.546795 0.00423391 2.67908s
315 0.676391 0.546191 0.00418314 2.65345s
316 0.676391 0.545377 0.00416613 2.74214s
317 0.676391 0.546271 0.00409371 2.72745s
318 0.676391 0.545483 0.00409629 2.69895s
319 0.676391 0.544832 0.00400348 2.71785s
320 0.676391 0.545614 0.00397928 2.70763s
321 0.676391 0.546444 0.00399971 2.71853s
322 0.676391 0.544641 0.00395995 2.67005s
323 0.676391 0.545514 0.00399786 2.74822s
324 0.676391 0.544795 0.00403755 2.65471s
325 0.676391 0.54521 0.00402396 2.73762s
326 0.676391 0.545423 0.00402746 2.72951s
327 0.676391 0.546941 0.00394699 2.68662s
328 0.676391 0.545482 0.00397231 2.75043s
329 0.676391 0.547723 0.0040348 2.72722s
330 0.676391 0.548568 0.0040966 2.71757s
331 0.676391 0.546631 0.00418928 2.66275s
332 0.676391 0.547532 0.00411522 2.68861s
333 0.676391 0.549032 0.00409237 2.7167s
334 0.676391 0.547509 0.00418868 2.77342s
335 0.676391 0.547463 0.00417118 2.69009s
336 0.676391 0.547333 0.00416661 2.74777s
337 0.676391 0.54853 0.0042196 2.74543s
338 0.676391 0.548543 0.00431063 2.66811s
339 0.676391 0.547531 0.00418622 2.69595s
340 0.676391 0.548077 0.00420884 2.70596s
341 0.676391 0.545137 0.00408002 2.67054s
342 0.676391 0.544031 0.00417443 2.68978s
343 0.676391 0.547067 0.00411175 2.72678s
344 0.676391 0.546061 0.00408421 2.70893s
345 0.676391 0.546186 0.00424038 2.71478s
346 0.676391 0.548026 0.00422372 2.66696s
347 0.676391 0.546952 0.00432714 2.7178s
348 0.676391 0.545601 0.00428432 2.76632s
349 0.676391 0.547478 0.00430912 2.67567s
350 0.676391 0.550432 0.00437768 2.72417s
351 0.676391 0.547969 0.00449258 2.71577s
352 0.676391 0.546928 0.00439288 2.74623s
353 0.676391 0.545934 0.0044124 2.64872s
354 0.676391 0.545458 0.00432135 2.73548s
355 0.676391 0.546318 0.00427711 2.71256s
356 0.676391 0.546994 0.00424834 2.73403s
357 0.676391 0.54641 0.00425594 2.77084s
358 0.676391 0.547816 0.00416069 2.66519s
359 0.676391 0.546629 0.00427441 2.75652s
360 0.676391 0.545659 0.00425665 2.69283s
361 0.676391 0.545695 0.00430192 2.74217s
362 0.676391 0.547347 0.00435367 2.69673s
363 0.676391 0.545928 0.00435058 2.73314s
364 0.676391 0.548408 0.00425803 2.71848s
365 0.676391 0.548432 0.0042169 2.74197s
366 0.676391 0.549626 0.00429782 2.68974s
367 0.676391 0.54742 0.00436846 2.71779s
368 0.676391 0.547821 0.00425987 2.68059s
369 0.676391 0.547209 0.00430824 2.6841s
370 0.676391 0.547679 0.00431334 2.75784s
371 0.676391 0.547131 0.00437345 2.70064s
372 0.676391 0.550426 0.00438329 2.67631s
373 0.676391 0.547463 0.00437117 2.79352s
374 0.676391 0.548763 0.00431425 2.71013s
375 0.676391 0.548338 0.00436369 2.72927s
376 0.676391 0.545777 0.00426314 2.69294s
377 0.676391 0.545642 0.00427447 2.73312s
378 0.676391 0.546676 0.00430192 2.7188s
379 0.676391 0.547319 0.00430018 2.69099s
380 0.676391 0.54778 0.00425777 2.72609s
381 0.676391 0.546304 0.00427876 2.69872s
382 0.676391 0.545732 0.00417879 2.69576s
383 0.676391 0.545445 0.00417444 2.65937s
384 0.676391 0.545109 0.00416476 2.72029s
385 0.676391 0.544353 0.00412055 2.66157s
386 0.676391 0.545176 0.00414329 2.74162s
387 0.676391 0.545819 0.00420772 2.70861s
388 0.676391 0.543822 0.00411629 2.71805s
389 0.676391 0.545049 0.00400198 2.72483s
390 0.676391 0.544579 0.00402326 2.74039s
391 0.676391 0.543841 0.00397923 2.67119s
392 0.676391 0.546045 0.00394575 2.67583s
393 0.676391 0.545143 0.00396481 2.70056s
394 0.677562 0.547064 0.0042311 2.68606s
395 0.677562 0.547317 0.00428931 2.79545s
396 0.677562 0.547486 0.00421915 2.74446s
397 0.677562 0.548813 0.00425071 2.68997s
398 0.677562 0.548093 0.00422171 2.74399s
399 0.677562 0.547167 0.00429688 2.7183s
400 0.677562 0.547268 0.00425967 2.72238s
401 0.677562 0.547141 0.00421085 2.74973s
402 0.677562 0.545896 0.00430399 2.64898s
403 0.677562 0.54627 0.00419394 2.73718s
404 0.677562 0.546662 0.00402749 2.74887s
405 0.677562 0.544786 0.0041895 2.69839s
406 0.677562 0.546589 0.00412922 2.73669s
407 0.677562 0.545894 0.00405378 2.67305s
408 0.677562 0.543951 0.00407508 2.70073s
409 0.677562 0.544199 0.00401983 2.75506s
410 0.677562 0.546167 0.00394262 2.69089s
411 0.677562 0.546516 0.00412058 2.7078s
412 0.677562 0.544904 0.00404238 2.66847s
413 0.677562 0.545469 0.00411987 2.71141s
414 0.677562 0.54585 0.00399343 2.74059s
415 0.677562 0.545116 0.00403057 2.68904s
416 0.677562 0.547253 0.00411239 2.66107s
417 0.677562 0.543206 0.00410318 2.67443s
418 0.677562 0.543158 0.00392842 2.70684s
419 0.677562 0.54388 0.00386403 2.73414s
420 0.677562 0.542516 0.00394724 2.7053s
421 0.677562 0.546017 0.004003 2.71504s
422 0.677562 0.546928 0.00404001 2.65643s
423 0.677562 0.547557 0.00420309 2.76221s
424 0.677562 0.547831 0.00417712 2.68592s
425 0.677562 0.547319 0.00421203 2.7037s
426 0.677562 0.547757 0.0042681 2.79131s
427 0.677562 0.546313 0.00416998 2.68116s
428 0.677562 0.545965 0.00411944 2.74786s
429 0.677562 0.545348 0.00424564 3.34713s
430 0.677562 0.546209 0.00417543 2.71881s
431 0.677562 0.546884 0.00422931 2.67316s
432 0.677562 0.544251 0.00414286 2.74654s
433 0.677562 0.546021 0.00408668 2.68016s
434 0.677562 0.545104 0.00412428 2.69218s
435 0.677562 0.547889 0.00408722 2.7993s
436 0.677562 0.545965 0.00416678 2.74698s
437 0.677562 0.546095 0.00413577 2.65209s
438 0.677562 0.543732 0.00403786 2.76331s
439 0.677562 0.543284 0.0039664 2.68279s
440 0.677562 0.544919 0.00394859 2.77194s
441 0.677562 0.542342 0.00405895 2.70153s
442 0.677562 0.543942 0.00400433 2.71735s
443 0.677562 0.54778 0.00388052 2.74461s
444 0.677562 0.545903 0.00398257 2.72762s
445 0.677562 0.546415 0.00397867 2.70818s
446 0.677562 0.547064 0.00394962 2.74704s
447 0.677562 0.545632 0.00401752 2.66935s
448 0.677562 0.546873 0.00399708 2.75179s
449 0.677562 0.545939 0.00398548 2.69065s
450 0.677562 0.545404 0.00409532 2.75699s
451 0.677562 0.54578 0.0040717 2.66814s
452 0.677562 0.545421 0.00396353 2.70758s
453 0.677562 0.545916 0.00394772 2.7258s
454 0.677562 0.545194 0.00393578 2.6745s
455 0.692656 0.543872 0.00406298 2.76058s
456 0.692656 0.545129 0.00406196 2.69967s
457 0.692656 0.547478 0.00412544 2.69388s
458 0.692656 0.547686 0.0042062 2.77542s
459 0.692656 0.547377 0.00416462 2.68579s
460 0.692656 0.546793 0.00407871 2.7404s
461 0.692656 0.548429 0.00409198 2.72345s
462 0.692656 0.546061 0.00404201 2.68578s
463 0.692656 0.545957 0.00408051 2.70352s
464 0.692656 0.547548 0.00409971 2.71882s
465 0.692656 0.549232 0.00405266 2.69461s
466 0.692656 0.548102 0.00422973 2.69279s
467 0.692656 0.549898 0.00412883 2.69992s
468 0.692656 0.547056 0.0041609 2.73965s
469 0.692656 0.547597 0.00426579 2.67544s
470 0.692656 0.546454 0.00423328 2.68094s
471 0.692656 0.546499 0.00420268 3.65333s
472 0.692656 0.546817 0.00409729 2.70954s
473 0.692656 0.545519 0.00420523 2.71499s
474 0.692656 0.546038 0.00426003 2.69273s
475 0.692656 0.54825 0.00416858 2.73229s
476 0.692656 0.547186 0.0041432 2.70263s
477 0.692656 0.547484 0.00429437 2.7408s
478 0.692656 0.548932 0.00439117 2.69085s
479 0.692656 0.549262 0.00438282 2.7494s
480 0.692656 0.55016 0.00442138 2.65144s
481 0.692656 0.548372 0.00438784 2.6862s
482 0.692656 0.54645 0.00435925 2.75615s
483 0.692656 0.546827 0.00435798 2.73576s
484 0.692656 0.547259 0.00436879 2.6756s
485 0.692656 0.546856 0.00435877 2.77449s
486 0.692656 0.549059 0.00429654 2.69955s
487 0.692656 0.547036 0.00440644 2.69512s
488 0.692656 0.546629 0.00430797 2.68428s
489 0.692656 0.544351 0.00418838 2.71753s
490 0.692656 0.54591 0.00413365 2.72622s
491 0.692656 0.545052 0.00407972 2.64939s
492 0.692656 0.546531 0.00404813 2.7222s
493 0.692656 0.545236 0.00411417 2.76893s
494 0.692656 0.544444 0.00411262 2.76775s
495 0.692656 0.546649 0.00414464 2.68439s
496 0.692656 0.546643 0.00414864 2.74302s
497 0.692656 0.546503 0.00415186 2.72959s
498 0.692656 0.546244 0.00410015 2.70597s
499 0.692656 0.547069 0.00395869 2.7108s
500 0.692656 0.545395 0.00409311 2.65588s
501 0.692656 0.545282 0.00408397 2.79372s
502 0.692656 0.545561 0.00415089 2.72533s
503 0.692656 0.546345 0.00418654 2.72255s
504 0.692656 0.546292 0.00418258 2.80185s
505 0.692656 0.545152 0.00421551 2.73227s
506 0.692656 0.545071 0.00416033 2.69485s
507 0.692656 0.547802 0.00410056 2.76256s
508 0.692656 0.546195 0.00408636 2.68175s
509 0.692656 0.548119 0.00406194 2.74285s
510 0.692656 0.547241 0.00413517 2.67374s
511 0.692656 0.544065 0.00416792 2.66648s
512 0.692656 0.545017 0.00405899 2.7331s
513 0.692656 0.544721 0.00397118 2.74226s
514 0.692656 0.546719 0.00386122 2.65934s
515 0.692656 0.547288 0.0039633 2.73343s
516 0.692656 0.546499 0.00391975 2.67503s
517 0.692656 0.544406 0.00398819 2.71911s
518 0.692656 0.547345 0.00389744 2.69383s
519 0.692656 0.544557 0.0039102 2.71174s
520 0.692656 0.547402 0.00382534 2.77208s
521 0.692656 0.545626 0.00393701 2.77534s
522 0.692656 0.545051 0.00398536 2.67508s
523 0.692656 0.54621 0.00388752 2.74559s
524 0.692656 0.545927 0.00391477 2.71373s
525 0.692656 0.545842 0.00388222 2.71278s
526 0.692656 0.545279 0.0039942 2.66479s
527 0.692656 0.545456 0.00399732 2.72996s
528 0.692656 0.5459 0.00399384 2.71827s
529 0.692656 0.54647 0.0039203 2.77115s
530 0.692656 0.543947 0.00395325 2.64995s
531 0.692656 0.544464 0.00394995 2.71129s
532 0.692656 0.545644 0.00393516 2.66958s
533 0.692656 0.544596 0.0039767 2.70943s
534 0.692656 0.545127 0.00393742 2.72948s
535 0.692656 0.546197 0.0038957 2.76019s
536 0.692656 0.545935 0.00402297 2.66804s
537 0.692656 0.54552 0.00403114 2.66529s
538 0.692656 0.546344 0.00400855 2.73832s
539 0.692656 0.545654 0.0040317 2.68378s
540 0.692656 0.544328 0.00393603 2.73108s
541 0.692656 0.545242 0.00385725 2.75154s
542 0.692656 0.544571 0.00393476 2.68416s
543 0.692656 0.544858 0.00406592 2.67255s
544 0.692656 0.544177 0.00396968 2.74356s
545 0.692656 0.543642 0.00392437 2.72243s
546 0.692656 0.542881 0.00394192 2.73065s
547 0.692656 0.544076 0.00380615 2.73707s
548 0.692656 0.543967 0.00380055 2.71913s
549 0.692656 0.545098 0.00393717 2.70984s
550 0.692656 0.54522 0.00388325 2.71279s
551 0.692656 0.544402 0.00392599 2.68145s
552 0.692656 0.544301 0.00389254 2.75511s
553 0.692656 0.544812 0.00385302 2.73854s
554 0.692656 0.545135 0.00398925 2.71403s
555 0.692656 0.544284 0.00402297 2.68292s
556 0.692656 0.546269 0.00392344 2.70357s
557 0.692656 0.545841 0.0040816 2.67719s
558 0.692656 0.54803 0.00393091 2.74163s
559 0.692656 0.545748 0.00408306 2.72495s
560 0.692656 0.545982 0.00410908 2.71307s
561 0.692656 0.545258 0.00416991 2.69596s
562 0.692656 0.544555 0.00404646 2.67988s
563 0.692656 0.545804 0.00403796 2.74032s
564 0.692656 0.546003 0.0040083 2.67178s
565 0.692656 0.546198 0.00396176 2.68621s
566 0.692656 0.546032 0.00395383 2.75896s
567 0.692656 0.546596 0.00410436 2.7327s
568 0.692656 0.547188 0.00395721 2.74144s
569 0.692656 0.546619 0.00392638 2.72473s
570 0.692656 0.547015 0.00407724 2.72085s
571 0.692656 0.547278 0.00412797 2.7291s
572 0.692656 0.547223 0.00404583 2.71933s
573 0.692656 0.54602 0.00405901 2.76169s
574 0.692656 0.545391 0.00390504 2.70759s
575 0.692656 0.545535 0.00389176 2.7227s
576 0.692656 0.546439 0.00390319 2.72049s
577 0.692656 0.547062 0.00393526 2.73281s
578 0.692656 0.54402 0.00406706 2.68762s
579 0.692656 0.545179 0.00403387 2.65861s
580 0.692656 0.543802 0.00395936 2.6661s
581 0.692656 0.545646 0.00390659 2.76078s
582 0.692656 0.546732 0.00403933 2.67364s
583 0.692656 0.546986 0.00405044 2.68561s
584 0.692656 0.547839 0.00409212 2.7799s
585 0.692656 0.546743 0.00405827 2.7408s
586 0.692656 0.548482 0.00411481 2.74353s
587 0.692656 0.548053 0.00414903 2.68902s
588 0.692656 0.546521 0.00418741 2.73942s
589 0.692656 0.545574 0.00430287 2.6518s
590 0.692656 0.547196 0.00421452 2.69156s
591 0.692656 0.547848 0.00421654 2.70837s
592 0.692656 0.548297 0.00425074 2.73935s
593 0.692656 0.547014 0.00428021 2.68909s
594 0.692656 0.544916 0.00430435 2.73229s
595 0.692656 0.548689 0.00440825 2.67029s
596 0.692656 0.54868 0.00448902 2.69521s
597 0.692656 0.547976 0.00438993 2.72102s
598 0.692656 0.547371 0.00438761 2.67701s
599 0.692656 0.545652 0.00428686 2.69842s
600 0.692656 0.546414 0.00412013 2.67433s
601 0.692656 0.546332 0.00417391 2.7723s
602 0.692656 0.545351 0.00418494 2.71021s
603 0.692656 0.54576 0.00419454 2.70427s
604 0.692656 0.54546 0.00413561 2.71275s
605 0.692656 0.545919 0.00411591 2.7814s
606 0.692656 0.547197 0.00416969 2.69175s
607 0.692656 0.547964 0.00436234 2.71162s
608 0.692656 0.546304 0.00435667 2.69221s
609 0.692656 0.546054 0.00426447 2.73291s
610 0.692656 0.546419 0.00417489 2.70629s
611 0.692656 0.547092 0.00431547 2.76509s
612 0.692656 0.545227 0.0042839 2.68354s
613 0.692656 0.546199 0.00424398 2.71949s
614 0.692656 0.546297 0.00432524 2.73823s
615 0.692656 0.550207 0.00429249 2.80048s
616 0.692656 0.548083 0.00432815 2.70641s
617 0.692656 0.547189 0.00436375 2.67928s
618 0.692656 0.547414 0.00419196 2.72279s
619 0.692656 0.54597 0.0042774 2.67634s
620 0.695513 0.551068 0.00430872 2.77749s
621 0.695513 0.549706 0.00449459 2.76745s
622 0.695513 0.549715 0.00446145 2.68185s
623 0.695513 0.546986 0.00454123 2.7106s
624 0.695513 0.548588 0.00448692 2.75018s
625 0.695513 0.548244 0.00446357 2.6763s
626 0.695513 0.548354 0.00450662 2.73616s
627 0.695513 0.548125 0.00444204 2.6768s
628 0.695513 0.547092 0.00444547 2.74859s
629 0.695513 0.546502 0.00445787 2.71254s
630 0.695513 0.546954 0.00439077 2.70963s
631 0.695513 0.549568 0.00447913 2.77479s
632 0.695513 0.549507 0.00455875 2.72657s
633 0.695513 0.549069 0.00453979 2.73314s
634 0.695513 0.549338 0.00449689 2.71885s
635 0.695513 0.547855 0.00447871 2.68782s
636 0.695513 0.546658 0.004541 2.74946s
637 0.695513 0.547195 0.00457124 2.67065s
638 0.695513 0.548651 0.0044917 2.7842s
639 0.695513 0.547043 0.00457889 2.71429s
640 0.695513 0.547783 0.00445395 2.7065s
641 0.695513 0.546606 0.00450022 2.7333s
642 0.695513 0.547876 0.00445019 2.67207s
643 0.695513 0.548463 0.00459724 2.75616s
644 0.695513 0.548377 0.00466332 2.72298s
645 0.695513 0.549864 0.00443556 2.7158s
646 0.695513 0.54906 0.00458256 2.71489s
647 0.695513 0.548338 0.00465776 2.70143s
648 0.695513 0.548564 0.00459348 2.73928s
649 0.695513 0.550228 0.00458554 2.75618s
650 0.695513 0.55242 0.00471295 2.74919s
651 0.695513 0.550895 0.00478123 2.69159s
652 0.695513 0.549576 0.00466837 2.69512s
653 0.695513 0.551402 0.00474863 2.72547s
654 0.695513 0.550038 0.00464777 2.70251s
655 0.695513 0.549435 0.00474935 2.75925s
656 0.695513 0.548817 0.00476111 2.71767s
657 0.695513 0.551952 0.0047501 2.66312s
658 0.695513 0.550743 0.00470249 2.72753s
659 0.695513 0.548058 0.00467492 2.66505s
660 0.695513 0.548597 0.00458023 2.66995s
661 0.695513 0.547615 0.00448971 2.67167s
662 0.695513 0.545421 0.00444529 2.72285s
663 0.695513 0.547555 0.00439182 2.67766s
664 0.695513 0.54808 0.00434619 2.64356s
665 0.695513 0.546631 0.00448213 2.77493s
666 0.695513 0.549676 0.00455112 2.7124s
667 0.695513 0.549233 0.00461395 2.66905s
668 0.695513 0.548621 0.00448125 2.72451s
669 0.695513 0.548437 0.00447506 2.74385s
670 0.695513 0.548614 0.00458694 2.65014s
671 0.695513 0.550447 0.00465803 2.76871s
672 0.695513 0.549896 0.00465062 2.70192s
673 0.695513 0.550557 0.004783 2.72703s
674 0.695513 0.552075 0.00469268 2.73887s
675 0.695513 0.548855 0.0047176 2.68014s
676 0.695513 0.549356 0.00469851 2.71341s
677 0.695513 0.550064 0.00466339 2.71866s
678 0.695513 0.550239 0.00473282 2.69901s
679 0.695513 0.550472 0.00468272 2.7245s
680 0.695513 0.550256 0.00485246 2.71816s
681 0.695513 0.549943 0.00482147 2.68741s
682 0.695513 0.550017 0.00471922 2.69264s
683 0.695513 0.548671 0.00478735 2.72429s
684 0.695513 0.550021 0.00475989 2.65772s
685 0.695513 0.548307 0.0048391 2.74559s
686 0.695513 0.549885 0.00473473 2.69292s
687 0.695513 0.54993 0.00467599 2.66599s
688 0.695513 0.54648 0.00471999 2.77214s
689 0.695513 0.54864 0.00466564 2.73824s
690 0.695513 0.546985 0.0046433 2.64037s
691 0.695513 0.550694 0.00472781 2.73816s
692 0.695513 0.548924 0.00475865 2.72223s
693 0.695513 0.55083 0.00472295 3.66665s
694 0.695513 0.548951 0.00468335 2.75774s
695 0.695513 0.549856 0.00473333 2.667s
696 0.695513 0.551595 0.00479969 2.77923s
697 0.695513 0.548778 0.00473472 2.7413s
698 0.695513 0.54949 0.00467332 2.68564s
699 0.695513 0.547757 0.00459723 2.6861s
700 0.695513 0.547754 0.00461929 2.65676s
701 0.695513 0.546405 0.00457346 2.77803s
702 0.695513 0.548615 0.00462288 2.74648s
703 0.695513 0.549271 0.00471859 2.68838s
704 0.695513 0.546849 0.00466587 2.67442s
705 0.695513 0.548699 0.00474113 2.73298s
706 0.695513 0.548782 0.00468053 2.65281s
707 0.695513 0.549191 0.00461292 2.74282s
708 0.695513 0.548868 0.00455662 2.70272s
709 0.695513 0.548701 0.00459583 2.67301s
710 0.695513 0.548499 0.00455154 2.7153s
711 0.695513 0.550491 0.00454167 2.75624s
712 0.695513 0.550329 0.00456428 2.69625s
713 0.695513 0.550675 0.00456404 2.72464s
714 0.695513 0.546938 0.00467817 2.6782s
715 0.695513 0.548686 0.00454942 2.71043s
716 0.695513 0.547619 0.00458946 2.70424s
717 0.695513 0.548374 0.004544 2.71522s
718 0.695513 0.550432 0.00453956 2.68521s
719 0.695513 0.547458 0.00469296 2.67164s
720 0.695513 0.548889 0.00469513 2.71736s
721 0.695513 0.549691 0.00455803 2.68412s
722 0.695513 0.547206 0.00454539 2.67104s
723 0.695513 0.548166 0.00453179 2.71517s
724 0.695513 0.549206 0.00444514 2.68079s
725 0.695513 0.550516 0.00461171 2.76685s
726 0.695513 0.549231 0.00462544 2.72618s
727 0.695513 0.549292 0.00454493 2.64916s
728 0.695513 0.547783 0.00457175 2.7198s
729 0.695513 0.55044 0.00442614 2.70357s
730 0.695513 0.549597 0.00448812 2.68625s
731 0.695513 0.549157 0.0045509 2.72307s
732 0.695513 0.548472 0.0045027 2.69108s
733 0.695513 0.547435 0.00454104 2.7301s
734 0.695513 0.549948 0.00451907 2.74723s
735 0.701475 0.550838 0.0047314 2.72327s
736 0.701475 0.551714 0.0047707 2.70833s
737 0.701475 0.551851 0.00466127 2.73033s
738 0.701475 0.549876 0.00467786 2.75867s
739 0.701475 0.548629 0.00475736 2.68687s
740 0.701475 0.54878 0.00472765 2.69294s
741 0.701475 0.548189 0.00470504 2.71196s
742 0.701475 0.549251 0.00463178 2.69739s
743 0.701475 0.54988 0.00488566 2.76133s
744 0.701475 0.550262 0.0046784 2.71521s
745 0.701475 0.551459 0.00479379 2.70295s
746 0.701475 0.550725 0.00487351 2.68964s
747 0.701475 0.552908 0.00476393 2.76024s
748 0.701475 0.54915 0.00475815 2.68703s
749 0.701475 0.547643 0.00483014 2.68385s
750 0.701475 0.549012 0.00468958 2.82132s
751 0.701475 0.546633 0.00470378 2.68012s
752 0.701475 0.548964 0.00450852 2.72287s
753 0.701475 0.548962 0.0046411 2.69099s
754 0.701475 0.548455 0.00463625 2.76179s
755 0.701475 0.54812 0.0046038 2.69442s
756 0.701475 0.54882 0.00456586 2.72291s
757 0.701475 0.549871 0.00456087 2.66917s
758 0.701475 0.548253 0.00462585 2.74129s
759 0.701475 0.548106 0.00459943 2.70928s
760 0.701475 0.549581 0.0045587 2.70179s
761 0.701475 0.548363 0.00466952 2.73938s
762 0.701475 0.548998 0.00458123 2.66995s
763 0.701475 0.547072 0.00462976 2.72254s
764 0.701475 0.549013 0.00454543 2.7132s
765 0.701475 0.550802 0.00453088 2.74101s
766 0.701475 0.551881 0.00461555 2.7442s
767 0.701475 0.551956 0.00454622 2.66329s
768 0.701475 0.552572 0.00464346 2.73054s
769 0.701475 0.554172 0.00474083 2.69506s
770 0.701475 0.55219 0.00480884 2.73773s
771 0.701475 0.550311 0.00484241 2.67612s
772 0.701475 0.551034 0.00474375 2.75238s
773 0.701475 0.551118 0.00472484 2.72207s
774 0.701475 0.549708 0.00460695 2.75629s
775 0.701475 0.548966 0.00461917 2.69737s
776 0.701475 0.548797 0.00476968 2.69325s
777 0.701475 0.549359 0.0048064 2.74163s
778 0.701475 0.54833 0.00481526 2.67705s
779 0.701475 0.54955 0.0047844 2.72642s
780 0.701475 0.547797 0.00473489 2.72304s
781 0.701475 0.547765 0.00473553 2.72242s
782 0.701475 0.547449 0.00472012 2.71747s
783 0.701475 0.545325 0.00463471 2.6629s
784 0.701475 0.547925 0.00465445 2.72848s
785 0.701475 0.54907 0.00463916 2.72484s
786 0.701475 0.547967 0.00459317 2.69426s
787 0.701475 0.549656 0.00463616 2.68398s
788 0.701475 0.549987 0.00476654 2.74108s
789 0.701475 0.54807 0.00470308 2.71538s
790 0.701475 0.547502 0.0045457 2.67387s
791 0.701475 0.548047 0.00446232 2.77113s
792 0.701475 0.548971 0.00456803 2.76153s
793 0.701475 0.548606 0.0046817 2.67047s
794 0.701475 0.551954 0.00459529 2.75965s
795 0.701475 0.548847 0.00473808 2.67156s
796 0.701475 0.549268 0.00464668 2.67458s
797 0.701475 0.54917 0.00468115 2.69032s
798 0.701475 0.547406 0.00472066 2.69644s
799 0.701475 0.550198 0.00462864 2.70792s
800 0.701475 0.549764 0.00465663 2.71567s
801 0.701475 0.548614 0.00484532 2.76512s
802 0.701475 0.549262 0.00480224 2.71954s
803 0.701475 0.548106 0.00464517 2.6936s
804 0.701475 0.549432 0.00460637 2.6581s
805 0.701475 0.547868 0.00474962 2.74026s
806 0.701475 0.549507 0.00478615 2.66619s
807 0.701475 0.549138 0.00489272 2.7646s
808 0.701475 0.548519 0.00489552 2.66178s
809 0.701475 0.548096 0.0048493 2.65212s
810 0.701475 0.549743 0.00491376 2.68477s
811 0.701475 0.549765 0.00493201 2.72207s
812 0.701475 0.551735 0.00480854 2.74597s
813 0.701475 0.549256 0.00474997 2.69379s
814 0.701475 0.550608 0.00478136 2.72645s
815 0.701475 0.549785 0.00474959 2.68361s
816 0.701475 0.549728 0.00470266 2.704s
817 0.701475 0.548682 0.00477837 2.68552s
818 0.701475 0.549138 0.00498447 2.67441s
819 0.701475 0.550536 0.00493192 2.66686s
820 0.701475 0.550507 0.00488312 2.67866s
821 0.701475 0.55039 0.00487018 2.6668s
822 0.701475 0.549357 0.00492382 2.72653s
823 0.701475 0.551047 0.00475438 2.70245s
824 0.701475 0.550231 0.00481562 2.67102s
825 0.701475 0.549802 0.00482786 2.66712s
826 0.701475 0.551751 0.00495007 2.70427s
827 0.701475 0.552367 0.00495459 2.6827s
828 0.701475 0.551117 0.00500881 2.67287s
829 0.701475 0.549276 0.00496696 2.72211s
830 0.701475 0.550139 0.00495334 2.71202s
831 0.701475 0.54994 0.00497819 2.70224s
832 0.701475 0.55043 0.00494385 2.68395s
833 0.701475 0.549261 0.00494458 2.69075s
834 0.701475 0.552471 0.00489713 2.71478s
835 0.701475 0.54968 0.00505307 2.71961s
836 0.701475 0.550669 0.00503733 2.65224s
837 0.701475 0.550282 0.00490071 2.75818s
838 0.701475 0.550409 0.00477886 2.66284s
839 0.701475 0.549725 0.00496913 2.72284s
840 0.701475 0.551725 0.00482299 2.70088s
841 0.701475 0.553206 0.00493418 2.72471s
842 0.701475 0.551201 0.00487629 2.68733s
843 0.701475 0.550612 0.00487027 2.72242s
844 0.701475 0.549821 0.00476456 2.65817s
845 0.701475 0.550212 0.0048239 2.75024s
846 0.701475 0.549284 0.00482143 2.65642s
847 0.701475 0.551407 0.0048248 2.67833s
848 0.701475 0.550149 0.00484628 2.70435s
849 0.701475 0.550982 0.00483315 2.6798s
850 0.701475 0.550782 0.00482757 2.74524s
851 0.701475 0.550395 0.00494703 2.6568s
852 0.701475 0.550696 0.00485026 2.75319s
853 0.701475 0.550231 0.00489536 2.68576s
854 0.701475 0.54945 0.00483563 2.7032s
855 0.701475 0.549152 0.00488834 2.74116s
856 0.701475 0.548543 0.00471521 2.67369s
857 0.701475 0.550658 0.00468158 2.69628s
858 0.701475 0.551015 0.00465783 2.72885s
859 0.701475 0.550288 0.00473935 2.64443s
860 0.701475 0.548589 0.00475949 2.70865s
861 0.701475 0.5503 0.00471069 2.67008s
862 0.701475 0.548782 0.00469785 2.67478s
863 0.701475 0.547399 0.00474236 2.69812s
864 0.701475 0.548065 0.00462571 2.71146s
865 0.701475 0.548829 0.0046178 2.86892s
866 0.701475 0.55003 0.00463474 2.65416s
867 0.701475 0.547615 0.00474406 2.76947s
868 0.701475 0.548166 0.00467035 2.6682s
869 0.701475 0.545509 0.00465817 2.74591s
870 0.701475 0.547467 0.00452249 2.65113s
871 0.701475 0.547111 0.00455947 2.6966s
872 0.701475 0.546424 0.0046353 2.70265s
873 0.701475 0.546172 0.00461119 2.6983s
874 0.701475 0.549981 0.00461235 2.74674s
875 0.701475 0.550417 0.00455726 2.68038s
876 0.701475 0.546666 0.00475498 2.68487s
877 0.701475 0.547359 0.00473726 2.74893s
878 0.701475 0.546519 0.00459456 2.70693s
879 0.701475 0.547464 0.00455539 2.7583s
880 0.701475 0.547568 0.0046115 2.66139s
881 0.701475 0.547594 0.00471205 2.7442s
882 0.701475 0.548412 0.0046743 2.68484s
883 0.701475 0.548611 0.00457237 2.67322s
884 0.701475 0.548065 0.00465183 2.73532s
885 0.701475 0.545812 0.00462234 2.66052s
886 0.701475 0.547671 0.00453449 2.77159s
887 0.701475 0.547988 0.00452406 2.73659s
888 0.701475 0.550335 0.00465193 2.70371s
889 0.701475 0.552683 0.00477463 2.74646s
890 0.701475 0.549067 0.00480369 2.66741s
891 0.701475 0.548926 0.00481479 2.7391s
892 0.701475 0.550065 0.00475681 2.74358s
893 0.701475 0.547669 0.00467398 2.82486s
894 0.701475 0.547554 0.00463185 2.7013s
895 0.701475 0.549493 0.0048028 2.67585s
896 0.701475 0.549248 0.00475359 2.67125s
897 0.701475 0.548136 0.00481267 2.71652s
898 0.701475 0.548194 0.00487833 2.74652s
899 0.701475 0.54822 0.00476285 2.68917s
900 0.701475 0.548291 0.00485484 2.71883s
901 0.701475 0.550895 0.00492688 2.73472s
902 0.701475 0.550157 0.0049908 2.72619s
903 0.701475 0.549787 0.0048843 2.69258s
904 0.701475 0.549928 0.00483495 2.67299s
905 0.701475 0.548646 0.00491077 2.69981s
906 0.701475 0.548385 0.00488086 2.63261s
907 0.701475 0.550303 0.00484517 2.67101s
908 0.701475 0.54861 0.00484475 2.665s
909 0.701475 0.548318 0.00489326 2.66824s
910 0.701475 0.550419 0.00486701 2.71541s
911 0.701475 0.54992 0.0048095 2.70771s
912 0.701475 0.55141 0.00488254 2.68925s
913 0.701475 0.551166 0.00481948 2.75901s
914 0.701475 0.549858 0.00489245 2.65791s
915 0.701475 0.550215 0.00502619 2.75557s
916 0.701475 0.552155 0.00504665 2.73589s
917 0.701475 0.551357 0.0049601 3.61518s
918 0.701475 0.553055 0.00495348 2.7175s
919 0.701475 0.553418 0.00498504 2.68685s
920 0.701475 0.549606 0.00515731 2.73552s
921 0.701475 0.552335 0.00505651 2.70249s
922 0.701475 0.550651 0.0051716 2.71916s
923 0.701475 0.550107 0.00507474 2.75316s
924 0.701475 0.551173 0.00503271 2.72216s
925 0.701475 0.55398 0.0050647 2.74424s
926 0.701475 0.554873 0.00521733 2.72041s
927 0.701475 0.553749 0.00524744 2.76936s
928 0.701475 0.552022 0.00520994 2.70633s
929 0.701475 0.551966 0.00521457 2.74805s
930 0.701475 0.553945 0.00503003 2.68874s
931 0.701475 0.552132 0.00516681 2.68492s
932 0.701475 0.550778 0.0051455 2.64366s
933 0.701475 0.552685 0.00517764 2.72752s
934 0.701475 0.552176 0.00524573 2.68895s
935 0.701475 0.553633 0.0052148 2.74097s
936 0.701475 0.554583 0.00524228 2.66213s
937 0.701475 0.554468 0.00526243 2.68466s
938 0.701475 0.55438 0.00538829 2.69476s
939 0.701475 0.55584 0.00525377 2.74501s
940 0.701475 0.553467 0.00524966 2.67085s
941 0.701475 0.552903 0.00527073 2.73817s
942 0.701475 0.549372 0.00529197 2.69375s
943 0.701475 0.549544 0.00504284 2.69928s
944 0.701475 0.550643 0.00507246 2.70278s
945 0.701475 0.551302 0.00512189 2.65244s
946 0.701475 0.551994 0.005136 2.67915s
947 0.701475 0.55073 0.005095 2.7783s
948 0.701475 0.548867 0.00512608 2.68616s
949 0.701475 0.549008 0.00506272 2.66567s
950 0.701475 0.54879 0.00494318 2.77179s
951 0.701475 0.548836 0.00498014 2.71391s
952 0.701475 0.548146 0.00494029 2.73834s
953 0.701475 0.549318 0.00501803 2.74141s
954 0.701475 0.54942 0.00504774 2.73236s
955 0.701475 0.551368 0.00503534 2.68395s
956 0.701475 0.548752 0.00502317 2.66642s
957 0.701475 0.550166 0.00498844 2.65131s
958 0.701475 0.551579 0.00493404 2.71833s
959 0.701475 0.550894 0.00494907 2.66544s
960 0.701475 0.549716 0.00497745 2.71409s
961 0.701475 0.548687 0.0050646 2.68535s
962 0.701475 0.549224 0.00498474 2.66047s
963 0.701475 0.548785 0.00485857 2.65575s
964 0.701475 0.548777 0.00486923 2.71559s
965 0.701475 0.548628 0.00499312 2.71614s
966 0.701475 0.549105 0.00487316 2.70732s
967 0.701475 0.547982 0.00477588 2.63801s
968 0.701475 0.546896 0.00478302 2.6626s
969 0.701475 0.547436 0.00474066 2.70186s
970 0.701475 0.547429 0.00471777 2.77613s
971 0.701475 0.551089 0.00476934 2.67564s
972 0.701475 0.548697 0.00487349 2.71695s
973 0.701475 0.548569 0.00476518 2.70137s
974 0.701475 0.548779 0.00489869 2.7234s
975 0.701475 0.550561 0.00478843 2.66154s
976 0.701475 0.549163 0.00489577 2.6666s
977 0.701475 0.547859 0.00481977 2.70334s
978 0.701475 0.54713 0.00479114 2.69942s
979 0.701475 0.549188 0.00472725 2.72031s
980 0.701475 0.548109 0.00477449 2.67561s
981 0.701475 0.547698 0.00491133 2.64135s
982 0.701475 0.548266 0.00470847 2.76205s
983 0.701475 0.547859 0.0047655 2.68072s
984 0.701475 0.548887 0.00476455 2.71729s
985 0.701475 0.547314 0.00486873 2.69622s
986 0.701475 0.548637 0.00469872 2.70565s
987 0.701475 0.549751 0.00470909 2.69377s
988 0.701475 0.550002 0.00473896 2.69887s
989 0.701475 0.548237 0.00472214 2.7147s
990 0.701475 0.547783 0.00479112 2.65574s
991 0.701475 0.550505 0.00480617 2.72794s
992 0.701475 0.55017 0.00484696 2.669s
993 0.701475 0.549085 0.00488933 2.69099s
994 0.701475 0.550948 0.00480657 2.77015s
995 0.701475 0.550868 0.00484803 2.64312s
996 0.701475 0.551276 0.00485652 2.71888s
997 0.701475 0.551343 0.00491463 2.67017s
998 0.701475 0.55028 0.00483648 2.72348s
999 0.701475 0.550685 0.00489029 2.68568s
1000 0.701475 0.549388 0.00494584 2.69169s
1001 0.701475 0.548976 0.004962 2.72089s
1002 0.701475 0.549885 0.00495929 2.67366s
1003 0.701475 0.549134 0.00485991 2.68984s
1004 0.701475 0.548992 0.0048845 2.72754s
1005 0.701475 0.549873 0.00480973 2.68622s
1006 0.701475 0.549523 0.00484779 2.73257s
1007 0.701475 0.54965 0.00472204 2.71165s
1008 0.701475 0.54899 0.00471338 2.66443s
1009 0.701475 0.550119 0.0047797 2.75016s
1010 0.701475 0.549252 0.00483974 2.71645s
1011 0.701475 0.552137 0.0049437 2.70886s
1012 0.701475 0.55083 0.00502705 2.69908s
1013 0.701475 0.550214 0.00504299 2.71293s
1014 0.701475 0.552202 0.00513119 2.66742s
1015 0.701475 0.554323 0.00512394 2.75872s
1016 0.701475 0.552534 0.0052439 2.71502s
1017 0.701475 0.553647 0.00519784 2.74466s
1018 0.701475 0.555806 0.00552302 2.70823s
1019 0.701475 0.552392 0.00550578 2.66285s
1020 0.701475 0.552063 0.00551368 2.74449s
1021 0.701475 0.554014 0.00532096 2.72596s
1022 0.701475 0.550858 0.00544553 2.71375s
1023 0.701475 0.552249 0.00518147 2.69804s
1024 0.701475 0.555734 0.00546039 2.72609s
1025 0.701475 0.554177 0.00551117 2.70201s
1026 0.701475 0.553702 0.00531344 2.67093s
1027 0.701475 0.5511 0.00542347 2.70342s
1028 0.701475 0.551173 0.00539526 2.716s
1029 0.701475 0.552415 0.00542964 2.68629s
1030 0.701475 0.553565 0.00544819 2.71659s
1031 0.701475 0.553241 0.00551637 2.76051s
1032 0.701475 0.551338 0.00553311 2.71159s
1033 0.701475 0.552007 0.00540261 2.73765s
1034 0.701475 0.549898 0.00546228 2.7046s
1035 0.701475 0.549837 0.0052809 2.72548s
1036 0.701475 0.551511 0.00532815 2.68308s
1037 0.701475 0.552595 0.00531769 2.72027s
1038 0.701475 0.551313 0.00537942 2.7182s
1039 0.701475 0.552513 0.00538883 2.67559s
1040 0.701475 0.550558 0.00532099 2.70271s
1041 0.701475 0.551226 0.00539814 2.69752s
1042 0.701475 0.553844 0.00545732 2.68899s
1043 0.701475 0.553601 0.00543842 2.6735s
1044 0.701475 0.550926 0.00538884 2.74991s
1045 0.701475 0.553117 0.00542358 2.6555s
1046 0.701475 0.553325 0.00560808 2.73156s
1047 0.701475 0.554823 0.00569302 2.70248s
1048 0.701475 0.55572 0.00561522 2.68925s
1049 0.701475 0.555254 0.00542027 2.67253s
1050 0.701475 0.553255 0.00571162 2.67833s
1051 0.701475 0.553372 0.00564777 2.71335s
1052 0.701475 0.555236 0.00566163 2.65256s
1053 0.701475 0.554205 0.00577002 2.67678s
1054 0.701475 0.553935 0.00567966 2.75946s
1055 0.701475 0.554074 0.00562701 2.69505s
1056 0.701475 0.554148 0.00533519 2.70296s
1057 0.701475 0.551322 0.00553358 2.66639s
1058 0.701475 0.551951 0.00543036 2.74596s
1059 0.701475 0.550515 0.00537263 2.66899s
1060 0.701475 0.549868 0.00538524 2.71751s
1061 0.701475 0.552149 0.00543527 2.73057s
1062 0.701475 0.552888 0.00545341 2.67941s
1063 0.701475 0.552007 0.0055185 2.67583s
1064 0.701475 0.550899 0.00555853 2.73941s
1065 0.701475 0.553079 0.00562352 2.74132s
1066 0.701475 0.550739 0.00558329 2.67487s
1067 0.701475 0.550968 0.00541083 2.69345s
1068 0.701475 0.550395 0.00530474 2.69864s
1069 0.701475 0.550021 0.00534453 2.71516s
1070 0.701475 0.547641 0.00542049 2.64645s
1071 0.701475 0.548506 0.00523122 2.72571s
1072 0.701475 0.548141 0.00530544 2.69518s
1073 0.701475 0.549226 0.00524779 2.68783s
1074 0.701475 0.550622 0.00520905 2.71943s
1075 0.701475 0.550729 0.00518905 2.6637s
1076 0.701475 0.551868 0.00523412 2.77897s
1077 0.701475 0.550877 0.00533541 2.64011s
1078 0.701475 0.551699 0.00521086 2.68346s
1079 0.701475 0.555147 0.00527981 2.67185s
1080 0.701475 0.552368 0.00518282 2.69646s
1081 0.701475 0.549904 0.00525561 2.71708s
1082 0.701475 0.552917 0.00523368 2.67171s
1083 0.701475 0.550035 0.00516128 2.76248s
1084 0.701475 0.550434 0.00509707 2.69017s
1085 0.701475 0.552833 0.00512568 2.7166s
1086 0.701475 0.5509 0.00516883 2.7927s
1087 0.701475 0.553844 0.00513909 2.6899s
1088 0.701475 0.552216 0.00523542 2.74994s
1089 0.701475 0.551481 0.00519263 2.69054s
1090 0.701475 0.553857 0.00532686 2.67582s
1091 0.701475 0.553366 0.00529729 2.74404s
1092 0.701475 0.552678 0.0053846 2.68281s
1093 0.701475 0.551092 0.00535637 2.68689s
1094 0.701475 0.551817 0.00528077 2.67455s
1095 0.701475 0.55052 0.00533752 2.72393s
1096 0.701475 0.551709 0.00523788 2.66827s
1097 0.701475 0.551156 0.00525462 2.73244s
1098 0.701475 0.551562 0.00519272 2.73425s
1099 0.701475 0.555072 0.00527779 2.71917s
1100 0.701475 0.552511 0.00537606 2.74583s
1101 0.701475 0.553427 0.00536345 2.7008s
1102 0.701475 0.551978 0.00544962 2.67332s
1103 0.701475 0.551165 0.00538394 2.69943s
1104 0.701475 0.550868 0.0053372 2.70469s
1105 0.701475 0.549908 0.0054249 2.73338s
1106 0.701475 0.549965 0.00539499 2.70354s
1107 0.701475 0.550095 0.0053648 2.67032s
1108 0.701475 0.550495 0.00526957 2.72032s
1109 0.701475 0.552472 0.00520837 2.7113s
1110 0.701475 0.550302 0.00522653 2.70472s
1111 0.701475 0.549529 0.00525676 2.65664s
1112 0.701475 0.551824 0.0052748 2.7338s
1113 0.701475 0.55206 0.005269 2.66577s
1114 0.701475 0.550794 0.00540538 2.90407s
1115 0.701475 0.551235 0.00545645 2.67357s
1116 0.701475 0.551268 0.0054524 2.70619s
1117 0.701475 0.554972 0.00545118 2.73786s
1118 0.701475 0.554345 0.00568572 2.6734s
1119 0.701475 0.552673 0.00553128 2.70048s
1120 0.701475 0.551886 0.00544726 2.69033s
1121 0.701475 0.553436 0.00554588 2.75078s
1122 0.701475 0.553666 0.00553145 2.69951s
1123 0.701475 0.551156 0.00566188 2.69892s
1124 0.701475 0.553703 0.00548194 2.66972s
1125 0.701475 0.555739 0.00539928 2.80215s
1126 0.701475 0.553885 0.00526491 2.71143s
1127 0.701475 0.551147 0.0053122 2.68542s
1128 0.701475 0.551852 0.00537776 2.71922s
1129 0.701475 0.552734 0.00548427 2.75135s
1130 0.701475 0.553819 0.00534739 2.70109s
1131 0.701475 0.553613 0.0053674 2.72318s
1132 0.701475 0.554242 0.00535865 2.73527s
1133 0.701475 0.553305 0.00546328 2.69335s
1134 0.701475 0.553831 0.00556764 2.66459s
1135 0.701475 0.553057 0.00558893 2.68271s
1136 0.701475 0.552605 0.00546657 2.66032s
1137 0.701475 0.552864 0.00548539 2.73244s
1138 0.701475 0.554054 0.00541728 2.69023s
1139 0.701475 0.553818 0.00549398 2.67178s
1140 0.701475 0.553365 0.00548301 3.62894s
1141 0.701475 0.553283 0.00548154 2.70978s
1142 0.701475 0.551813 0.00550913 2.70448s
1143 0.701475 0.554226 0.00552322 2.667s
1144 0.701475 0.552803 0.00549135 2.73911s
1145 0.701475 0.555473 0.00547852 2.68106s
1146 0.701475 0.55452 0.00557955 2.66558s
1147 0.701475 0.554154 0.005558 2.64024s
1148 0.701475 0.554631 0.00544449 2.68767s
1149 0.701475 0.55336 0.0054206 2.68077s
1150 0.701475 0.551861 0.00548953 2.66407s
1151 0.701475 0.553026 0.00527232 2.72823s
1152 0.701475 0.548965 0.00521368 2.67658s
1153 0.701475 0.549096 0.00511142 2.68608s
1154 0.701475 0.550957 0.00507771 2.71777s
1155 0.701475 0.552585 0.00507981 2.69717s
1156 0.701475 0.551944 0.00514305 2.71053s
1157 0.701475 0.550096 0.00514575 2.64115s
1158 0.701475 0.549367 0.00507854 2.73337s
1159 0.701475 0.549339 0.00506805 2.65894s
1160 0.701475 0.54857 0.00489061 2.74382s
1161 0.701475 0.551374 0.00498045 2.72788s
1162 0.701475 0.549879 0.00515925 2.68699s
1163 0.701475 0.550727 0.00518552 2.67103s
1164 0.701475 0.553696 0.00514057 2.74634s
1165 0.701475 0.555069 0.00509785 2.72763s
1166 0.701475 0.552453 0.00515044 2.72251s
1167 0.701475 0.552396 0.00513477 2.704s
1168 0.701475 0.552898 0.00500736 2.74909s
1169 0.701475 0.550512 0.00507771 2.68653s
1170 0.701475 0.551674 0.00520232 2.73535s
1171 0.701475 0.550627 0.00520072 2.62648s
1172 0.701475 0.553167 0.00516386 2.75502s
1173 0.701475 0.551448 0.00525424 2.65937s
1174 0.701475 0.553794 0.0053191 2.69429s
1175 0.701475 0.552877 0.00533319 2.70445s
1176 0.701475 0.553756 0.00546433 2.66263s
1177 0.701475 0.555045 0.00526758 2.68794s
1178 0.701475 0.55314 0.0053564 2.71167s
1179 0.701475 0.553492 0.00546966 2.71535s
1180 0.701475 0.554945 0.0053431 2.69529s
1181 0.701475 0.552722 0.00529735 2.71435s
1182 0.701475 0.550234 0.00522045 2.69025s
1183 0.701475 0.549599 0.0052467 2.67141s
1184 0.701475 0.549801 0.00521046 2.76491s
1185 0.709214 0.550605 0.00532162 2.65983s
1186 0.709214 0.553466 0.00543608 2.7232s
1187 0.709214 0.553298 0.00544 2.64449s
1188 0.709214 0.553038 0.0054872 2.71275s
1189 0.709214 0.5537 0.00544252 2.76269s
1190 0.709214 0.554647 0.0054992 2.67622s
1191 0.709214 0.553533 0.00554059 2.65289s
1192 0.709214 0.552785 0.00572767 2.70594s
1193 0.709214 0.554432 0.00578488 2.67262s
1194 0.709214 0.555778 0.00556522 2.75532s
1195 0.709214 0.552716 0.00558697 2.64216s
1196 0.709214 0.55311 0.00550508 2.69971s
1197 0.709214 0.551437 0.00534645 2.69727s
1198 0.709214 0.551056 0.00539689 2.67674s
1199 0.709214 0.552623 0.00534817 2.69754s
1200 0.709214 0.552835 0.00535502 2.71861s
1201 0.709214 0.551615 0.00534856 2.72961s
1202 0.709214 0.550744 0.00538403 2.75014s
1203 0.709214 0.55226 0.00544097 2.70592s
1204 0.709214 0.554028 0.00547022 2.67672s
1205 0.709214 0.554199 0.00544903 2.73243s
1206 0.709214 0.553077 0.00560005 2.65888s
1207 0.709214 0.552726 0.00548878 2.7156s
1208 0.709214 0.553324 0.00539902 2.69674s
1209 0.709214 0.550698 0.00552994 2.69725s
1210 0.709214 0.55149 0.005525 2.67984s
1211 0.709214 0.553943 0.00540684 2.6659s
1212 0.709214 0.55415 0.00554601 2.67924s
1213 0.709214 0.551809 0.00557568 2.70178s
1214 0.709214 0.5516 0.00555997 2.74347s
1215 0.709214 0.551999 0.00556616 2.69476s
1216 0.709214 0.554406 0.00545416 2.65647s
1217 0.709214 0.554983 0.00555717 2.74197s
1218 0.709214 0.555331 0.00569123 2.72917s
1219 0.709214 0.554611 0.00571384 2.68224s
1220 0.709214 0.551866 0.00569269 2.70686s
1221 0.709214 0.552715 0.0055263 2.73054s
1222 0.709214 0.552129 0.00549975 2.66091s
1223 0.709214 0.551803 0.00539875 2.74891s
1224 0.709214 0.551593 0.00542908 2.68773s
1225 0.709214 0.551715 0.00540213 2.63757s
1226 0.709214 0.551968 0.00539696 2.71775s
1227 0.709214 0.551806 0.00532817 2.72494s
1228 0.709214 0.550744 0.00538818 2.70849s
1229 0.709214 0.550758 0.00540061 2.73188s
1230 0.709214 0.551684 0.00533158 2.65578s
1231 0.709214 0.551406 0.00546028 2.67113s
1232 0.709214 0.550809 0.00541208 2.67629s
1233 0.709214 0.552574 0.00533275 2.72622s
1234 0.709214 0.552566 0.00541259 2.69605s
1235 0.709214 0.552802 0.0053399 2.71432s
1236 0.709214 0.551515 0.00540553 2.71771s
1237 0.709214 0.551462 0.00543575 2.65348s
1238 0.709214 0.551291 0.00523766 2.654s
1239 0.709214 0.550757 0.00519952 2.67129s
1240 0.709214 0.548265 0.00518603 2.66168s
1241 0.709214 0.55156 0.00516765 2.8966s
1242 0.709214 0.550684 0.00516581 2.86186s
1243 0.709214 0.549375 0.00527604 3.00074s
1244 0.709214 0.554286 0.00530005 3.06547s
1245 0.709214 0.552298 0.0054452 3.24693s
1246 0.709214 0.552051 0.00536885 2.75658s
1247 0.709214 0.550405 0.00537016 2.73788s
1248 0.709214 0.552811 0.00523393 2.68019s
1249 0.709214 0.55196 0.00531942 2.71215s
1250 0.709214 0.550322 0.00543232 2.68986s
1251 0.709214 0.554172 0.0052655 2.69181s
1252 0.709214 0.552861 0.00529145 2.71467s
1253 0.709214 0.551422 0.00534304 2.7703s
1254 0.709214 0.549739 0.00533677 3.17186s
1255 0.709214 0.55009 0.00521524 2.70463s
1256 0.709214 0.548427 0.00528934 2.71627s
1257 0.709214 0.551405 0.00516553 2.81042s
1258 0.709214 0.55145 0.00529723 2.69176s
1259 0.709214 0.553984 0.00540675 2.71221s
1260 0.709214 0.554651 0.00557795 2.66758s
1261 0.709214 0.551876 0.00554168 2.7272s
1262 0.709214 0.554715 0.00533228 2.72337s
1263 0.709214 0.552542 0.0053753 2.68726s
1264 0.709214 0.551184 0.00545081 2.64721s
1265 0.709214 0.552225 0.00537995 2.67617s
1266 0.709214 0.550719 0.00550404 2.71686s
1267 0.709214 0.54973 0.00545371 2.65469s
1268 0.709214 0.54916 0.00542839 2.70462s
1269 0.709214 0.550723 0.00540937 2.70904s
1270 0.709214 0.552358 0.00531363 2.66412s
1271 0.709214 0.551489 0.00538475 2.72758s
1272 0.709214 0.552017 0.00523516 2.70533s
1273 0.709214 0.55406 0.00539012 2.72952s
1274 0.709214 0.555245 0.00552312 2.73274s
1275 0.709214 0.554293 0.00546399 2.66574s
1276 0.709214 0.555216 0.00541716 2.73179s
1277 0.709214 0.553676 0.00543935 2.70306s
1278 0.709214 0.554337 0.00542374 2.73353s
1279 0.709214 0.552945 0.00526649 2.71291s
1280 0.709214 0.555044 0.00544272 2.65807s
1281 0.709214 0.553035 0.00550037 2.69479s
1282 0.709214 0.550272 0.00525177 2.72845s
1283 0.709214 0.553122 0.00534314 2.68271s
1284 0.709214 0.551842 0.00536678 2.68649s
1285 0.709214 0.551757 0.00543459 2.67776s
1286 0.709214 0.54956 0.0053362 2.74462s
1287 0.709214 0.550812 0.00533483 2.66934s
1288 0.709214 0.550689 0.00528989 2.75906s
1289 0.709214 0.551367 0.00523684 2.65002s
1290 0.709214 0.551998 0.00521363 2.76757s
1291 0.709214 0.552438 0.00530587 2.6978s
1292 0.709214 0.55283 0.00525368 2.6946s
1293 0.709214 0.553146 0.00526464 2.69072s
1294 0.709214 0.553252 0.00528734 2.72819s
1295 0.709214 0.552885 0.00533683 2.68058s
1296 0.709214 0.552676 0.00535361 2.67852s
1297 0.709214 0.553815 0.00535857 2.71752s
1298 0.709214 0.552236 0.00540693 2.75101s
1299 0.709214 0.551599 0.00530965 2.68838s
1300 0.709214 0.552825 0.00525394 2.73707s
1301 0.709214 0.55363 0.00519116 2.7047s
1302 0.709214 0.553107 0.00520942 2.68212s
1303 0.709214 0.551485 0.00523361 2.68063s
1304 0.709214 0.552149 0.00538155 2.69643s
1305 0.709214 0.552167 0.00532878 2.66435s
1306 0.709214 0.549765 0.00535004 2.72131s
1307 0.709214 0.548805 0.00537692 2.74628s
1308 0.709214 0.547827 0.00526816 2.72679s
1309 0.709214 0.549702 0.00520178 2.66949s
1310 0.709214 0.551276 0.00513732 2.70566s
1311 0.709214 0.549326 0.00521394 2.73179s
1312 0.709214 0.547161 0.00518316 2.71967s
1313 0.709214 0.548417 0.00505679 2.73038s
1314 0.709214 0.549194 0.00508559 2.67743s
1315 0.709214 0.548521 0.00497385 2.6876s
1316 0.709214 0.550138 0.00486905 2.66779s
1317 0.709214 0.551947 0.00491719 2.6768s
1318 0.709214 0.552017 0.00502662 2.74635s
1319 0.709214 0.550111 0.00511752 2.72162s
1320 0.709214 0.551097 0.00508887 2.73633s
1321 0.709214 0.549319 0.00514596 2.70681s
1322 0.709214 0.55008 0.00502182 2.73162s
1323 0.709214 0.549502 0.00511139 2.74144s
1324 0.709214 0.549021 0.00514137 2.69035s
1325 0.709214 0.550486 0.00509001 2.66372s
1326 0.709214 0.548477 0.00511758 2.67361s
1327 0.709214 0.548504 0.00503305 2.66096s
1328 0.709214 0.550575 0.00503982 2.75346s
1329 0.709214 0.549655 0.00503508 2.67502s
1330 0.709214 0.552433 0.00494332 2.7407s
1331 0.709214 0.549602 0.00502811 2.66244s
1332 0.709214 0.548716 0.005093 2.72969s
1333 0.709214 0.55158 0.00503977 2.71245s
1334 0.709214 0.55021 0.00516491 2.70021s
1335 0.709214 0.550966 0.0050064 2.69581s
1336 0.709214 0.550499 0.00495086 2.70647s
1337 0.709214 0.547669 0.00492979 2.70943s
1338 0.709214 0.549291 0.00475852 2.7226s
1339 0.709214 0.547925 0.00499809 2.75083s
1340 0.709214 0.54915 0.00503429 2.65554s
1341 0.709214 0.547778 0.00496948 2.73086s
1342 0.709214 0.549207 0.00493764 2.72504s
1343 0.709214 0.549757 0.00499499 2.74063s
1344 0.709214 0.549633 0.00507799 2.66399s
1345 0.709214 0.552187 0.00508148 2.70908s
1346 0.709214 0.550815 0.00521708 2.67676s
1347 0.709214 0.550456 0.00524897 2.74126s
1348 0.709214 0.549692 0.00528072 2.67071s
1349 0.709214 0.550972 0.0051754 2.73611s
1350 0.709214 0.551028 0.00520079 2.67943s
1351 0.709214 0.549366 0.0052416 2.71887s
1352 0.709214 0.551115 0.00528225 2.69446s
1353 0.709214 0.552335 0.0053654 2.67392s
1354 0.709214 0.552456 0.00535387 2.66956s
1355 0.709214 0.550285 0.00536043 2.73769s
1356 0.709214 0.550611 0.00542245 2.69305s
1357 0.709214 0.552852 0.00527868 2.73938s
1358 0.709214 0.551198 0.00533384 2.72713s
1359 0.709214 0.550058 0.00515006 2.77815s
1360 0.709214 0.550921 0.00516069 2.67119s
1361 0.709214 0.549638 0.00531447 2.69215s
1362 0.709214 0.550522 0.00531079 2.70925s
1363 0.709214 0.54932 0.00513038 3.6279s
1364 0.709214 0.550843 0.00509985 2.75032s
1365 0.709214 0.551083 0.0050486 2.70308s
1366 0.709214 0.549962 0.00512611 2.68338s
1367 0.709214 0.550518 0.00529629 2.67786s
1368 0.709214 0.551332 0.0053097 2.66919s
1369 0.709214 0.553335 0.0051429 2.74904s
1370 0.709214 0.551774 0.00528486 2.70002s
1371 0.709214 0.551592 0.00526968 2.66975s
1372 0.709214 0.551583 0.00531732 2.70978s
1373 0.709214 0.553407 0.00536288 2.72298s
1374 0.709214 0.553145 0.00538484 2.68327s
1375 0.709214 0.551142 0.00527792 2.75359s
1376 0.709214 0.550924 0.00512674 2.71446s
1377 0.709214 0.550572 0.00514802 2.70837s
1378 0.709214 0.551174 0.00514088 2.69003s
1379 0.709214 0.549834 0.00535712 2.65077s
1380 0.709214 0.552246 0.00528766 2.69909s
1381 0.709214 0.5532 0.00529723 2.70669s
1382 0.709214 0.551146 0.00540416 2.66502s
1383 0.709214 0.551402 0.00531973 2.64268s
1384 0.709214 0.553042 0.00532008 2.70847s
1385 0.709214 0.552791 0.00545997 2.66987s
1386 0.709214 0.552605 0.00528732 2.72753s
1387 0.709214 0.552642 0.00529377 2.70385s
1388 0.709214 0.551845 0.00523975 2.67034s
1389 0.709214 0.552169 0.00516989 2.71484s
1390 0.709214 0.550876 0.00529862 2.70532s
1391 0.709214 0.550635 0.00532299 2.75999s
1392 0.709214 0.551838 0.00535066 2.72574s
1393 0.709214 0.551475 0.00539131 2.69169s
1394 0.709214 0.553644 0.00528366 2.7121s
1395 0.709214 0.552479 0.00530461 2.75862s
1396 0.709214 0.550827 0.00533164 2.68632s
1397 0.709214 0.551986 0.0052689 2.72832s
1398 0.709214 0.554057 0.00528869 2.70206s
1399 0.709214 0.554211 0.00549546 2.72465s
1400 0.709214 0.554806 0.0056572 2.67379s
1401 0.709214 0.556756 0.00552491 2.67843s
1402 0.709214 0.554235 0.00559998 2.75416s
1403 0.709214 0.554807 0.00564693 2.7229s
1404 0.709214 0.555521 0.00570628 2.65408s
1405 0.709214 0.557056 0.00558899 2.76588s
1406 0.709214 0.55498 0.00585201 2.72135s
1407 0.709214 0.55309 0.00573733 2.68946s
1408 0.709214 0.554194 0.00575444 2.65534s
1409 0.709214 0.554028 0.00560706 2.72963s
1410 0.709214 0.551544 0.00566352 2.71047s
1411 0.709214 0.552977 0.00550641 2.72321s
1412 0.709214 0.555974 0.00546131 2.72307s
1413 0.709214 0.554216 0.00556902 2.70033s
1414 0.709214 0.552193 0.00558033 2.68615s
1415 0.709214 0.550298 0.00552251 2.65593s
1416 0.709214 0.549552 0.00550069 2.75677s
1417 0.709214 0.552327 0.00544005 2.70142s
1418 0.709214 0.549616 0.00512396 2.70045s
1419 0.709214 0.549099 0.00512354 2.68329s
1420 0.709214 0.551603 0.00507264 2.7158s
1421 0.709214 0.55106 0.00511045 2.69268s
1422 0.709214 0.554621 0.00538143 2.65227s
1423 0.709214 0.55325 0.00558796 2.73561s
1424 0.709214 0.55197 0.0054756 2.68725s
1425 0.709214 0.552407 0.00546376 2.73201s
1426 0.709214 0.552053 0.00529813 2.67867s
1427 0.709214 0.551332 0.00531422 2.71404s
1428 0.709214 0.550763 0.00531749 2.7374s
1429 0.709214 0.552229 0.00528845 2.65688s
1430 0.709214 0.550681 0.00533497 2.74714s
1431 0.709214 0.553293 0.00528194 2.72857s
1432 0.709214 0.552236 0.00541403 2.68331s
1433 0.709214 0.553664 0.00535146 2.70895s
1434 0.709214 0.555027 0.00544078 2.69006s
1435 0.709214 0.554126 0.0052465 2.7278s
1436 0.709214 0.552563 0.00520158 2.69151s
1437 0.709214 0.549811 0.00526385 2.73927s
1438 0.709214 0.550383 0.00518067 2.68901s
1439 0.709214 0.549935 0.00525535 2.68501s
1440 0.709214 0.551364 0.00515951 2.73639s
1441 0.709214 0.550856 0.00528944 2.7099s
1442 0.709214 0.550471 0.00534325 2.6895s
1443 0.709214 0.552271 0.00520733 2.7397s
1444 0.709214 0.551045 0.00524796 2.69978s
1445 0.709214 0.549102 0.00524456 2.69232s
1446 0.709214 0.551288 0.00522714 2.69857s
1447 0.709214 0.550274 0.00526577 2.71424s
1448 0.709214 0.549051 0.00516943 2.69046s
1449 0.709214 0.551857 0.00506043 2.695s
1450 0.709214 0.54962 0.00529886 2.72194s
1451 0.709214 0.550449 0.00519611 2.75498s
1452 0.709214 0.549678 0.00499028 2.63429s
1453 0.709214 0.551336 0.0050094 2.76211s
1454 0.709214 0.552073 0.00512146 2.64669s
1455 0.709214 0.550176 0.00486606 2.76176s
1456 0.709214 0.551489 0.00513296 2.73677s
1457 0.709214 0.551828 0.00511115 2.67838s
1458 0.709214 0.55259 0.00520815 2.69318s
1459 0.709214 0.551031 0.00511545 2.66106s
1460 0.709214 0.55413 0.00508368 2.72614s
1461 0.709214 0.552092 0.00528381 2.73254s
1462 0.709214 0.551754 0.00526238 2.68802s
1463 0.709214 0.551009 0.00521146 2.64479s
1464 0.709214 0.550553 0.00523735 2.74037s
1465 0.709214 0.5489 0.00523057 2.71957s
1466 0.709214 0.548163 0.00524839 2.65856s
1467 0.709214 0.550161 0.00501952 2.71162s
1468 0.709214 0.547035 0.00509817 2.70513s
1469 0.709214 0.549226 0.00501146 2.76075s
1470 0.709214 0.550442 0.00494269 2.65594s
1471 0.709214 0.548928 0.00498418 2.70089s
1472 0.709214 0.549653 0.00499822 2.75697s
1473 0.709214 0.54973 0.00498086 2.65018s
1474 0.709214 0.550924 0.00491344 2.76217s
1475 0.709214 0.551802 0.00497104 2.69493s
1476 0.709214 0.551411 0.00497317 2.66308s
1477 0.709214 0.549893 0.00511143 2.78315s
1478 0.709214 0.550112 0.00516594 2.66092s
1479 0.709214 0.549926 0.00523581 2.67357s
1480 0.709214 0.551865 0.00520829 2.69561s
1481 0.709214 0.550701 0.0052374 2.7136s
1482 0.709214 0.549595 0.00505884 2.73667s
1483 0.709214 0.550196 0.00511813 2.68686s
1484 0.709214 0.552897 0.00510604 2.70894s
1485 0.709214 0.55124 0.00511742 2.7241s
1486 0.709214 0.551698 0.0051831 2.70593s
1487 0.709214 0.548779 0.00525764 2.68884s
1488 0.709214 0.549628 0.00508038 2.70469s
1489 0.709214 0.548931 0.00515379 2.70065s
1490 0.709214 0.551015 0.00507132 2.68201s
1491 0.709214 0.549281 0.00520945 2.72974s
1492 0.709214 0.550503 0.00516671 2.69633s
1493 0.709214 0.550116 0.00517302 2.66009s
1494 0.709214 0.551397 0.00521599 2.67885s
1495 0.709214 0.551913 0.00519424 2.72169s
1496 0.709214 0.552605 0.00519142 2.69168s
1497 0.709214 0.55166 0.00536101 2.6908s
1498 0.709214 0.552403 0.00526672 2.68719s
1499 0.709214 0.551777 0.00530163 2.72158s
1500 0.709214 0.553822 0.00528151 2.75298s
