0 0.517749 0.500093 1.58955e-06 0s
1 0.517749 0.500168 1.64809e-06 2.656s
2 0.577025 0.501606 4.299e-05 2.82973s
3 0.578386 0.503591 9.61625e-05 2.78441s
4 0.585095 0.506346 0.000181769 2.76053s
5 0.590102 0.509719 0.000284066 2.64972s
6 0.590407 0.514134 0.000427201 2.65101s
7 0.590407 0.515115 0.000467055 2.65293s
8 0.590407 0.515363 0.000495376 2.66955s
9 0.649697 0.518815 0.000641824 2.6711s
10 0.649697 0.518401 0.000707855 2.59388s
11 0.649697 0.519405 0.000788995 2.65059s
12 0.649697 0.521313 0.00086375 2.59998s
13 0.706351 0.523272 0.00110477 2.63654s
14 0.706351 0.523579 0.00121862 2.56006s
15 0.706351 0.523337 0.00126804 2.62108s
16 0.706351 0.525189 0.00134303 2.60201s
17 0.706351 0.526768 0.00148841 2.63828s
18 0.706351 0.527694 0.00156928 2.61695s
19 0.706351 0.530367 0.00163801 2.60033s
20 0.706351 0.531574 0.00180297 2.60826s
21 0.706351 0.532427 0.00188345 2.59852s
22 0.709861 0.534295 0.00209385 2.72378s
23 0.709861 0.532002 0.00221095 2.62101s
24 0.709861 0.535244 0.00248224 2.6438s
25 0.709861 0.536282 0.00263711 2.62788s
26 0.709861 0.53612 0.00270086 2.56134s
27 0.709861 0.533573 0.00264604 2.57709s
28 0.709861 0.536792 0.00270114 2.67469s
29 0.709861 0.538963 0.00279588 2.5689s
30 0.709861 0.536802 0.00286924 2.64483s
31 0.721377 0.540022 0.00312365 2.60584s
32 0.721396 0.54181 0.00348554 2.57643s
33 0.721396 0.54264 0.00348989 2.63229s
34 0.721396 0.54171 0.00352214 2.59491s
35 0.721396 0.541922 0.0035411 2.64384s
36 0.721396 0.540881 0.00351138 2.62398s
37 0.721396 0.540214 0.00347428 2.63343s
38 0.721396 0.541601 0.00366724 2.55898s
39 0.721396 0.544192 0.00382289 2.62165s
40 0.721396 0.541957 0.00382033 2.6072s
41 0.721396 0.544594 0.00397903 2.56081s
42 0.721396 0.542784 0.00398255 2.74913s
43 0.721396 0.54537 0.00411472 2.60509s
44 0.721396 0.548344 0.00428168 2.57233s
45 0.721396 0.54797 0.00449241 2.61794s
46 0.721396 0.549227 0.00468437 2.60422s
47 0.721396 0.54799 0.00482703 2.69949s
48 0.721396 0.550332 0.00519196 2.60213s
49 0.721396 0.549911 0.00519053 2.69998s
50 0.721396 0.549655 0.00530832 2.56563s
51 0.721396 0.549933 0.0054091 2.77254s
52 0.721396 0.547911 0.00535113 2.60824s
53 0.721396 0.549318 0.00539601 2.5857s
54 0.721396 0.553578 0.00555861 2.553s
55 0.721396 0.552712 0.00560123 2.62271s
56 0.721396 0.551855 0.00565965 2.60743s
57 0.730454 0.552749 0.0057812 2.57783s
58 0.730454 0.550636 0.00573902 2.69704s
59 0.730454 0.550592 0.00578733 2.58869s
60 0.730454 0.551065 0.00575262 2.80847s
61 0.730454 0.551892 0.00580654 2.54917s
62 0.730454 0.554434 0.00593016 2.60161s
63 0.730454 0.553627 0.00596461 2.66929s
64 0.730454 0.554368 0.00617074 2.55709s
65 0.75172 0.552436 0.00637854 2.56785s
66 0.75172 0.552145 0.00646769 2.64877s
67 0.75172 0.553192 0.00661649 2.62688s
68 0.75172 0.555482 0.006852 2.64187s
69 0.75172 0.553994 0.00668865 2.59505s
70 0.75172 0.557358 0.00696037 2.56898s
71 0.75172 0.559488 0.00724483 2.58519s
72 0.75172 0.560347 0.00738863 2.60866s
73 0.75172 0.559846 0.00740487 2.60868s
74 0.752041 0.557986 0.00741341 2.57865s
75 0.752041 0.558137 0.00737171 2.61078s
76 0.752041 0.556694 0.00714499 2.54655s
77 0.752041 0.557574 0.00716555 2.60777s
78 0.752041 0.558416 0.00726955 2.55224s
79 0.752041 0.556859 0.00731656 2.62156s
80 0.752041 0.559195 0.00743487 2.63212s
81 0.752041 0.559044 0.00765372 2.63163s
82 0.752041 0.556672 0.0076639 2.54621s
83 0.752041 0.555131 0.0075498 2.62521s
84 0.752041 0.553563 0.00761351 2.55306s
85 0.757787 0.556859 0.00784329 2.54909s
86 0.757787 0.555247 0.00774376 2.59747s
87 0.757787 0.558149 0.00771475 2.55069s
88 0.757787 0.558284 0.00765731 3.48759s
89 0.757787 0.562235 0.00788496 2.66214s
90 0.757787 0.56133 0.00789987 2.56895s
91 0.757787 0.562756 0.00814223 2.56595s
92 0.757787 0.563719 0.00842855 2.59778s
93 0.757787 0.562436 0.00829587 2.58558s
94 0.757787 0.56334 0.00836785 2.5966s
95 0.757787 0.562361 0.00853048 2.57647s
96 0.757787 0.563213 0.00858038 2.56738s
97 0.757787 0.562869 0.00866233 2.61218s
98 0.758817 0.561564 0.00881364 2.61844s
99 0.758817 0.561319 0.00865685 2.57447s
100 0.758817 0.559659 0.00864501 2.61895s
101 0.765692 0.560727 0.00867999 2.58133s
102 0.765692 0.558974 0.00852669 2.54771s
103 0.765692 0.559434 0.00865359 2.55884s
104 0.765692 0.558447 0.00850759 2.61886s
105 0.765692 0.556482 0.00849096 2.57141s
106 0.765692 0.556434 0.00848242 2.606s
107 0.765692 0.556874 0.00842422 2.55614s
108 0.765692 0.556655 0.00852653 2.61576s
109 0.765692 0.561338 0.00864335 2.57909s
110 0.765692 0.565395 0.00909308 2.62635s
111 0.765692 0.56275 0.00910962 2.57881s
112 0.765692 0.561613 0.00914665 2.55543s
113 0.765692 0.563055 0.00933741 2.61326s
114 0.765692 0.563239 0.00922617 2.65037s
115 0.765692 0.565329 0.00919381 2.57732s
116 0.765692 0.562186 0.00909829 2.62269s
117 0.806874 0.565356 0.00939051 2.61244s
118 0.806874 0.563511 0.00926236 2.55727s
119 0.806874 0.560923 0.00909053 2.62619s
120 0.806874 0.563089 0.00897249 2.6158s
121 0.806874 0.562852 0.00897789 2.5633s
122 0.806874 0.562442 0.00899225 2.5688s
123 0.806874 0.561995 0.00915521 2.54903s
124 0.806874 0.565024 0.00923691 2.66227s
125 0.806874 0.565484 0.00925691 2.58308s
126 0.806874 0.563751 0.00939864 2.54273s
127 0.806874 0.564584 0.00934788 2.60276s
128 0.806874 0.562871 0.00925404 2.56573s
129 0.806874 0.563778 0.00943872 2.57184s
130 0.806874 0.570004 0.0100493 2.57934s
131 0.806874 0.569665 0.0100987 2.55861s
132 0.806874 0.567653 0.0100762 2.64733s
133 0.806874 0.56873 0.0105948 2.57878s
134 0.806874 0.570533 0.0102229 2.55876s
135 0.806874 0.567217 0.0100583 2.55582s
136 0.806874 0.567945 0.0103539 2.63846s
137 0.806874 0.57121 0.0103034 2.56505s
138 0.806874 0.567706 0.0105677 2.62369s
139 0.806874 0.569044 0.0105225 2.63071s
140 0.806874 0.566598 0.0104551 2.62322s
141 0.806874 0.567671 0.0102109 2.65079s
142 0.806874 0.570819 0.0103311 2.55147s
143 0.806874 0.570637 0.0103233 2.60973s
144 0.806874 0.570388 0.0104645 2.58477s
145 0.806874 0.567869 0.0103842 2.58684s
146 0.806874 0.568669 0.0103575 2.58878s
147 0.806874 0.569927 0.0105861 2.55839s
148 0.806874 0.569782 0.0105678 2.65295s
149 0.806874 0.570758 0.0106787 2.56951s
150 0.806874 0.570227 0.0105974 2.60628s
151 0.806874 0.569679 0.0103659 2.60958s
152 0.806874 0.568859 0.0102507 2.65386s
153 0.806874 0.5701 0.0103718 2.61165s
154 0.806874 0.570323 0.0105741 2.62143s
155 0.806874 0.569422 0.010435 2.57887s
156 0.806874 0.573696 0.0107381 2.62889s
157 0.806874 0.569198 0.0107307 2.63218s
158 0.806874 0.566476 0.0107345 2.62082s
159 0.806874 0.566306 0.010815 2.59871s
160 0.806874 0.564149 0.0105072 2.58889s
161 0.806874 0.566368 0.0104258 2.58726s
162 0.806874 0.563937 0.010456 2.59352s
163 0.806874 0.563609 0.0103646 2.62416s
164 0.806874 0.565113 0.0101131 2.56463s
165 0.806874 0.567676 0.0100975 2.63301s
166 0.806874 0.567443 0.0102285 2.54485s
167 0.806874 0.568345 0.0101639 2.62968s
168 0.806874 0.569486 0.0100605 2.56979s
169 0.806874 0.571763 0.0103161 2.60382s
170 0.806874 0.56978 0.0103256 2.59349s
171 0.806874 0.56465 0.0102509 2.54841s
172 0.806874 0.567569 0.010377 2.62537s
173 0.806874 0.567046 0.0102623 2.54908s
174 0.806874 0.56746 0.0104148 2.61642s
175 0.806874 0.562544 0.0103337 2.60649s
176 0.806874 0.566536 0.0106456 2.61318s
177 0.806874 0.568769 0.0105649 2.54153s
178 0.806874 0.57083 0.0107546 2.59437s
179 0.806874 0.5711 0.0109931 2.58149s
180 0.806874 0.572911 0.0112584 2.63648s
181 0.806874 0.572039 0.0111022 2.58643s
182 0.806874 0.574319 0.0114027 2.64252s
183 0.806874 0.5705 0.0112624 2.57316s
184 0.806874 0.567433 0.0111087 2.59242s
185 0.806874 0.566678 0.0110051 2.59193s
186 0.822753 0.568812 0.0116633 2.60747s
187 0.822753 0.571562 0.0115737 2.57678s
188 0.822753 0.569183 0.0114504 2.56493s
189 0.822753 0.570704 0.0115684 2.62001s
190 0.822753 0.569799 0.0114495 2.55626s
191 0.822753 0.569438 0.011584 2.63235s
192 0.822753 0.570302 0.0115325 2.57377s
193 0.822753 0.567807 0.0113744 2.56791s
194 0.822753 0.568517 0.0111726 2.57797s
195 0.822753 0.565895 0.0110704 2.59161s
196 0.822753 0.565959 0.0110228 2.5604s
197 0.822753 0.566746 0.0111157 2.60588s
198 0.822753 0.569075 0.011408 2.57257s
199 0.822753 0.56737 0.0115559 2.61744s
200 0.822753 0.569951 0.0118978 2.55455s
201 0.822753 0.567657 0.0117745 2.60121s
202 0.822753 0.567477 0.0117281 2.56865s
203 0.822753 0.562957 0.0111877 2.56734s
204 0.822753 0.566384 0.0115166 2.65886s
205 0.822753 0.566831 0.0115529 2.55544s
206 0.822753 0.571244 0.0123446 2.57287s
207 0.822753 0.571758 0.0123126 2.64152s
208 0.822753 0.573685 0.0124095 2.57554s
209 0.822753 0.57222 0.012376 2.60829s
210 0.822753 0.572522 0.0122929 2.59501s
211 0.822753 0.576583 0.0123476 2.58596s
212 0.822753 0.57537 0.0125293 2.576s
213 0.822753 0.574671 0.0123377 2.65266s
214 0.822753 0.576314 0.0124502 2.56141s
215 0.822753 0.574283 0.0125039 2.61717s
216 0.822753 0.571152 0.0123768 2.58976s
217 0.822753 0.573873 0.0124105 2.61218s
218 0.822753 0.573931 0.0125504 2.58902s
219 0.822753 0.574747 0.0126563 2.56979s
220 0.822753 0.575572 0.0127848 2.57348s
221 0.822753 0.579765 0.0127213 2.57966s
222 0.822753 0.575948 0.0126899 2.63926s
223 0.822753 0.575747 0.012443 2.56165s
224 0.822753 0.575393 0.012685 2.58388s
225 0.822753 0.574078 0.0122699 2.54879s
226 0.822753 0.57488 0.0121673 2.55358s
227 0.822753 0.57228 0.0124347 2.56982s
228 0.822753 0.577707 0.0130152 2.64485s
229 0.822753 0.577548 0.0130258 2.55062s
230 0.822753 0.575051 0.012705 2.61634s
231 0.822753 0.574694 0.0126767 2.62779s
232 0.822753 0.577887 0.0128588 2.57733s
233 0.822753 0.577799 0.0132797 2.66756s
234 0.822753 0.578905 0.0135166 2.59843s
235 0.822753 0.577882 0.0138111 2.56459s
236 0.822753 0.58317 0.0139644 2.72422s
237 0.822753 0.581345 0.0138478 2.56844s
238 0.822753 0.580636 0.0139152 2.55435s
239 0.822753 0.577562 0.0134786 2.55363s
240 0.822753 0.577034 0.0135781 2.59055s
241 0.822753 0.578569 0.0134994 2.58944s
242 0.822753 0.576665 0.0135449 2.63476s
243 0.822753 0.575765 0.0135694 2.5522s
244 0.822753 0.574979 0.0134774 2.60302s
245 0.822753 0.573006 0.0132795 2.5865s
246 0.822753 0.575785 0.0133427 2.62251s
247 0.822753 0.575222 0.0132707 2.58809s
248 0.822753 0.576485 0.0133544 2.62346s
249 0.822753 0.577572 0.0134594 2.61472s
250 0.822753 0.577748 0.0133759 2.584s
251 0.822753 0.574656 0.0133209 2.642s
252 0.822753 0.572018 0.0132018 2.63878s
253 0.822753 0.570767 0.0129041 2.65019s
254 0.822753 0.57236 0.0127198 2.57655s
255 0.822753 0.572902 0.0126152 2.61556s
256 0.822753 0.574011 0.012825 2.62878s
257 0.822753 0.5774 0.0132817 2.55563s
258 0.822753 0.576143 0.0134929 2.62853s
259 0.822753 0.580658 0.0136874 2.55919s
260 0.822753 0.582473 0.0138411 2.6638s
261 0.822753 0.578261 0.0138232 2.55778s
262 0.822753 0.578868 0.013603 2.60712s
263 0.822753 0.578588 0.0137104 2.54785s
264 0.822753 0.579661 0.0142182 2.66506s
265 0.822753 0.578046 0.0141095 3.31563s
266 0.822753 0.579644 0.0143436 2.6045s
267 0.822753 0.578 0.0139813 2.56956s
268 0.822753 0.576774 0.0138667 2.60481s
269 0.822753 0.578116 0.0140041 2.598s
270 0.822753 0.577955 0.0138998 2.62086s
271 0.822753 0.579526 0.014101 2.58652s
272 0.822753 0.576176 0.0139403 2.58273s
273 0.822753 0.575291 0.0136498 2.59973s
274 0.822753 0.579996 0.0140994 2.55496s
275 0.822753 0.579852 0.0142128 2.61695s
276 0.822753 0.580008 0.0144171 2.55315s
277 0.822753 0.580543 0.0144547 2.6436s
278 0.822753 0.579967 0.0143721 2.56416s
279 0.822753 0.58171 0.0145622 2.56145s
280 0.822753 0.580298 0.0145437 2.61666s
281 0.822753 0.574102 0.0142781 2.60514s
282 0.822753 0.574265 0.0142616 2.59286s
283 0.822753 0.578698 0.0144162 2.61143s
284 0.822753 0.580917 0.0147982 2.63842s
285 0.822753 0.572732 0.0140433 2.54503s
286 0.822753 0.576433 0.0135622 2.58541s
287 0.822753 0.578662 0.0136706 2.60696s
288 0.822753 0.578482 0.0139862 2.61253s
289 0.822753 0.577899 0.0137864 2.56445s
290 0.822753 0.577855 0.0140253 2.58252s
291 0.822753 0.580612 0.0141851 2.57942s
292 0.822753 0.579006 0.0142173 2.61522s
293 0.822753 0.580749 0.0141481 2.57531s
294 0.822753 0.579939 0.0142143 2.5619s
295 0.822753 0.581923 0.0144171 2.66927s
296 0.822753 0.580991 0.014282 2.56854s
297 0.822753 0.584835 0.0143843 2.55262s
298 0.822753 0.578019 0.0142759 2.55399s
299 0.822753 0.579246 0.014059 2.62901s
300 0.822753 0.577582 0.0140757 2.55206s
301 0.822753 0.575856 0.0137944 2.61869s
302 0.822753 0.574983 0.0139365 2.59737s
303 0.822753 0.577498 0.0138575 2.6199s
304 0.822753 0.580471 0.0141181 2.61142s
305 0.822753 0.578281 0.0140587 2.56073s
306 0.822753 0.574067 0.0138227 2.58798s
307 0.822753 0.57609 0.0138434 2.63977s
308 0.822753 0.575202 0.0138079 2.61082s
309 0.822753 0.575526 0.0138859 2.59742s
310 0.822753 0.57836 0.0138768 2.61615s
311 0.822753 0.579106 0.0138214 2.59375s
312 0.822753 0.579764 0.014082 2.59632s
313 0.822753 0.580636 0.0140887 2.66525s
314 0.822753 0.582472 0.0144412 2.60722s
315 0.822753 0.5829 0.0146169 2.64542s
316 0.822753 0.57775 0.0142627 2.57541s
317 0.822753 0.580247 0.0144888 2.63899s
318 0.822753 0.582293 0.0146574 2.55674s
319 0.822753 0.584935 0.0150968 2.63621s
320 0.822753 0.586987 0.0149663 3.47607s
321 0.822753 0.585021 0.0149463 2.63265s
322 0.822753 0.584497 0.0151785 2.59184s
323 0.822753 0.58187 0.0147289 2.62601s
324 0.822753 0.579878 0.0146348 2.59045s
325 0.822753 0.577341 0.0143955 2.60934s
326 0.822753 0.581724 0.0143312 2.66838s
327 0.822753 0.580566 0.0144692 2.59036s
328 0.822753 0.580363 0.014633 2.62738s
329 0.822753 0.578721 0.0142843 2.52962s
330 0.822753 0.582103 0.0146688 2.57935s
331 0.822753 0.582614 0.0146813 2.54553s
332 0.822753 0.581848 0.0149012 2.64676s
333 0.822753 0.586085 0.015109 2.56648s
334 0.822753 0.583783 0.0148672 2.65182s
335 0.822753 0.587148 0.0150783 2.61094s
336 0.822753 0.585769 0.0150693 2.57713s
337 0.822753 0.586736 0.015024 2.55945s
338 0.822753 0.581873 0.0147968 2.58438s
339 0.822753 0.58394 0.0151586 2.62426s
340 0.822753 0.582456 0.0150352 2.61642s
341 0.822753 0.580824 0.0150508 2.57849s
342 0.822753 0.581282 0.0150737 2.6403s
343 0.822753 0.579896 0.0146825 2.58258s
344 0.822753 0.578011 0.0150481 2.55049s
345 0.822753 0.577199 0.0145698 2.65743s
346 0.822753 0.577797 0.014422 2.54226s
347 0.822753 0.583851 0.0140716 2.60286s
348 0.822753 0.584891 0.0143254 2.6355s
349 0.822753 0.57865 0.0141423 2.59604s
350 0.822753 0.579207 0.014163 2.63287s
351 0.822753 0.577966 0.014016 2.62421s
352 0.822753 0.581309 0.0142688 2.61968s
353 0.822753 0.579305 0.0144843 2.57215s
354 0.822753 0.580478 0.014842 2.59194s
355 0.822753 0.582245 0.0146699 2.61374s
356 0.822753 0.58059 0.0144345 2.61103s
357 0.822753 0.578784 0.0141242 2.55529s
358 0.822753 0.57634 0.0141393 2.60897s
359 0.822753 0.575002 0.0139862 2.59837s
360 0.822753 0.571597 0.0138075 2.60404s
361 0.822753 0.572164 0.0136455 2.62108s
362 0.822753 0.572394 0.0135675 2.60524s
363 0.822753 0.573066 0.0135048 2.55585s
364 0.822753 0.573146 0.0136488 2.60773s
365 0.822753 0.57301 0.0137086 2.57418s
366 0.822753 0.573353 0.0132797 2.55979s
367 0.822753 0.572907 0.0133293 2.59929s
368 0.822753 0.575706 0.0133154 2.62138s
369 0.822753 0.571289 0.0126498 2.57957s
370 0.822753 0.572514 0.0129485 2.60299s
371 0.822753 0.569551 0.0129608 2.63591s
372 0.822753 0.573087 0.0131936 2.62157s
373 0.822753 0.571789 0.0130352 2.56065s
374 0.822753 0.572696 0.0134616 2.60587s
375 0.822753 0.575002 0.0135203 2.60235s
376 0.822753 0.57747 0.0137714 2.60585s
377 0.822753 0.575499 0.0138822 2.63867s
378 0.822753 0.572773 0.0135634 2.58236s
379 0.822753 0.576909 0.0138859 2.5654s
380 0.822753 0.57604 0.0140242 2.55624s
381 0.822753 0.578934 0.0142635 2.60136s
382 0.84288 0.579199 0.0145391 2.59877s
383 0.84288 0.582927 0.0145748 2.60523s
384 0.84288 0.582141 0.0142668 2.61666s
385 0.84288 0.580919 0.0143055 2.58089s
386 0.84288 0.579627 0.0144362 2.55836s
387 0.84288 0.581758 0.0146394 2.64389s
388 0.84288 0.58044 0.0146938 2.58288s
389 0.84288 0.582048 0.0143354 2.62447s
390 0.84288 0.583668 0.0143208 2.57171s
391 0.84288 0.580717 0.014419 2.60779s
392 0.84288 0.577826 0.0142786 2.62026s
393 0.84288 0.575883 0.0141355 2.5878s
394 0.84288 0.578027 0.0143052 2.57944s
395 0.84288 0.581624 0.014249 2.64966s
396 0.84288 0.58143 0.0146811 2.56638s
397 0.84288 0.580363 0.0146518 2.61317s
398 0.84288 0.580031 0.0146529 2.56066s
399 0.84288 0.578895 0.0143978 2.56815s
400 0.84288 0.577503 0.0144015 2.59345s
401 0.84288 0.576003 0.0140964 2.55876s
402 0.84288 0.576136 0.0139306 2.60469s
403 0.84288 0.573026 0.0142872 2.65633s
404 0.84288 0.572195 0.01402 2.56532s
405 0.84288 0.568222 0.0137526 2.59794s
406 0.84288 0.571398 0.0138986 2.63537s
407 0.84288 0.576547 0.0139857 2.60112s
408 0.84288 0.573428 0.0138391 2.61277s
409 0.84288 0.575256 0.0137314 2.60254s
410 0.84288 0.576567 0.0140874 2.59835s
411 0.84288 0.573892 0.0138489 2.58015s
412 0.84288 0.57028 0.0136389 2.63975s
413 0.84288 0.570674 0.0140028 2.60714s
414 0.84288 0.573634 0.0142196 2.64752s
415 0.84288 0.574128 0.0141524 2.60494s
416 0.84288 0.574056 0.0141231 2.61638s
417 0.84288 0.575022 0.0142343 2.60955s
418 0.84288 0.575208 0.0142596 2.55697s
419 0.84288 0.574838 0.0141119 2.66811s
420 0.849402 0.583066 0.0147486 2.58106s
421 0.849402 0.581985 0.014745 2.5792s
422 0.849402 0.580817 0.0149197 2.58278s
423 0.849402 0.578844 0.0147363 2.59534s
424 0.849402 0.582598 0.0146435 2.59645s
425 0.849402 0.587401 0.0151507 2.58811s
426 0.849402 0.584785 0.0152293 2.62241s
427 0.849402 0.584968 0.0152978 2.56666s
428 0.849402 0.585079 0.0152722 2.59099s
429 0.849402 0.579013 0.0152338 2.58381s
430 0.849402 0.580041 0.0151679 2.58854s
431 0.849402 0.584681 0.0151885 2.56108s
432 0.849402 0.583532 0.0152823 2.57487s
433 0.849402 0.58186 0.0153626 2.61767s
434 0.849402 0.581755 0.015471 2.60904s
435 0.849402 0.58305 0.0156095 2.61024s
436 0.849402 0.584278 0.015576 2.58176s
437 0.849402 0.582199 0.0156512 2.57978s
438 0.849402 0.578334 0.0156608 2.59178s
439 0.849402 0.580453 0.0156457 2.57702s
440 0.849402 0.57987 0.015353 2.57767s
441 0.849402 0.581994 0.0155326 2.54455s
442 0.849402 0.581827 0.0155589 2.64112s
443 0.849402 0.583444 0.0154089 2.59566s
444 0.849402 0.583975 0.0153687 2.60123s
445 0.849402 0.581529 0.0151356 2.62006s
446 0.849402 0.57963 0.015211 2.56838s
447 0.849402 0.579738 0.0152688 2.56312s
448 0.849402 0.583395 0.0153474 2.63057s
449 0.849402 0.583132 0.0155174 2.57716s
450 0.849402 0.582095 0.0154175 2.56563s
451 0.849402 0.581753 0.0151583 2.64293s
452 0.849402 0.582235 0.0153197 2.55974s
453 0.849402 0.579209 0.0151298 2.59176s
454 0.849402 0.580115 0.0146331 2.62144s
455 0.849402 0.582221 0.0146492 2.56539s
456 0.849402 0.579076 0.0146159 2.62383s
457 0.849402 0.579604 0.0148342 2.58878s
458 0.849402 0.582893 0.0151245 2.59899s
459 0.849402 0.584077 0.0156266 2.59656s
460 0.849402 0.58458 0.0157206 2.56647s
461 0.849402 0.585787 0.0154718 2.5756s
462 0.849402 0.58377 0.0152137 2.62328s
463 0.849402 0.58179 0.015317 2.60025s
464 0.849402 0.579468 0.0152499 2.64396s
465 0.849402 0.581317 0.0153425 2.56016s
466 0.849402 0.578149 0.0153236 2.58315s
467 0.849402 0.579494 0.015206 2.56622s
468 0.849402 0.581811 0.0150965 2.62487s
469 0.849402 0.580877 0.0150134 2.58197s
470 0.849402 0.581796 0.0149982 2.63011s
471 0.849402 0.583684 0.0151648 2.62066s
472 0.849402 0.580895 0.0152343 2.6042s
473 0.849402 0.581193 0.0151848 2.60649s
474 0.849402 0.580754 0.0152352 2.62384s
475 0.849402 0.576131 0.014437 2.60065s
476 0.849402 0.579268 0.0146002 2.60891s
477 0.849402 0.579516 0.0151256 2.57254s
478 0.849402 0.58227 0.0156383 2.62612s
479 0.849402 0.578664 0.0152993 2.5954s
480 0.849402 0.579064 0.0151132 2.55746s
481 0.849402 0.578402 0.0151749 2.62031s
482 0.849402 0.577477 0.0153218 2.56951s
483 0.849402 0.581486 0.0153629 2.5953s
484 0.849402 0.580993 0.0153867 2.62601s
485 0.849402 0.581371 0.0149224 2.57798s
486 0.849402 0.581799 0.0149067 2.63816s
487 0.849402 0.579269 0.0148425 2.62242s
488 0.849402 0.579787 0.0147086 2.61759s
489 0.849402 0.577092 0.0148045 2.57674s
490 0.849402 0.578186 0.0148167 2.60377s
491 0.849402 0.578149 0.0152648 2.6715s
492 0.849402 0.578569 0.0151521 2.55973s
493 0.849402 0.579168 0.015384 2.66068s
494 0.849402 0.578006 0.0151462 2.61137s
495 0.849402 0.579094 0.0154307 2.61676s
496 0.849402 0.577228 0.0153546 2.57785s
497 0.849402 0.576787 0.0152688 2.58778s
498 0.849402 0.583208 0.0157241 2.62036s
499 0.849402 0.582538 0.0155849 2.61411s
500 0.849402 0.581646 0.0157233 2.61724s
501 0.849402 0.582979 0.0156938 2.57219s
502 0.849402 0.581753 0.0152415 2.58834s
503 0.849402 0.582307 0.0155841 2.58426s
504 0.849402 0.585718 0.0158414 2.6009s
505 0.849402 0.584143 0.0158738 2.59888s
506 0.849402 0.578223 0.015737 2.63997s
507 0.849402 0.576331 0.0153451 2.6118s
508 0.849402 0.576899 0.0153556 2.58996s
509 0.849402 0.57787 0.0152592 2.59076s
510 0.849402 0.579646 0.0151347 2.59605s
511 0.849402 0.580604 0.0153737 2.60315s
512 0.849402 0.581653 0.015306 2.61623s
513 0.849402 0.580094 0.0152229 2.55742s
514 0.849402 0.584238 0.016102 2.62691s
515 0.849402 0.588154 0.016038 2.56308s
516 0.849402 0.589805 0.0158543 2.63245s
517 0.849402 0.586002 0.0157092 2.6149s
518 0.849402 0.585448 0.0158783 2.56785s
519 0.849402 0.579585 0.015414 2.54102s
520 0.849402 0.581375 0.0155533 2.64094s
521 0.849402 0.580243 0.0152831 2.59666s
522 0.849402 0.579807 0.0153832 2.65548s
523 0.849402 0.581677 0.0152157 2.60935s
524 0.849402 0.579986 0.014945 2.64685s
525 0.849402 0.583994 0.0149569 2.62712s
526 0.849402 0.584186 0.0153688 2.57322s
527 0.849402 0.577525 0.0150376 2.6423s
528 0.849402 0.577592 0.0149286 2.60429s
529 0.849402 0.581521 0.0152504 2.62099s
530 0.849402 0.581296 0.0152272 2.56872s
531 0.849402 0.585554 0.0155194 2.634s
532 0.849402 0.585643 0.0157373 2.61559s
533 0.849402 0.58157 0.015523 2.6104s
534 0.849402 0.581914 0.0157045 2.60958s
535 0.849402 0.581882 0.015826 2.53861s
536 0.849402 0.580041 0.0158676 2.63654s
537 0.849402 0.580924 0.0158199 2.57863s
538 0.849402 0.580685 0.015776 2.60112s
539 0.849402 0.582299 0.0153376 2.64073s
540 0.849402 0.584865 0.0159325 2.59511s
541 0.849402 0.582533 0.0159718 2.56725s
542 0.849402 0.580707 0.0158667 2.6033s
543 0.849402 0.578282 0.0157318 2.57193s
544 0.849402 0.578156 0.015823 2.63726s
545 0.849402 0.578234 0.015793 2.61977s
546 0.849402 0.579081 0.0158183 2.64051s
547 0.849402 0.579372 0.0157521 2.60017s
548 0.849402 0.580141 0.0155184 2.54829s
549 0.849402 0.582912 0.0157671 2.65071s
550 0.849402 0.580368 0.0155198 2.5404s
551 0.849402 0.580874 0.0155304 2.65299s
552 0.849402 0.580366 0.0153955 3.48096s
553 0.849402 0.579917 0.0151058 2.61001s
554 0.849402 0.582951 0.0154228 2.59266s
555 0.849402 0.579392 0.0152549 2.61862s
556 0.849402 0.577808 0.0153976 2.57138s
557 0.849402 0.577413 0.0150419 2.62054s
558 0.849402 0.577652 0.015045 2.56916s
559 0.849402 0.576041 0.014885 2.59675s
560 0.849402 0.582761 0.0153406 2.5741s
561 0.849402 0.580112 0.015185 2.56211s
562 0.849402 0.578161 0.0151612 2.56106s
563 0.849402 0.578914 0.0150835 2.56744s
564 0.849402 0.574027 0.0147245 2.60396s
565 0.849402 0.573874 0.014562 2.54903s
566 0.849402 0.57645 0.0142069 2.64201s
567 0.849402 0.574517 0.0141339 2.67434s
568 0.849402 0.575544 0.0141882 2.5461s
569 0.849402 0.575107 0.0144773 2.55102s
570 0.849402 0.576824 0.0145881 2.6409s
571 0.849402 0.574547 0.0147084 2.5768s
572 0.849402 0.575418 0.0147245 2.56045s
573 0.849402 0.576658 0.0146701 2.64558s
574 0.849402 0.576964 0.0146838 2.59542s
575 0.849402 0.577316 0.0149869 2.58893s
576 0.849402 0.579972 0.0150521 2.57981s
577 0.849402 0.583375 0.0151408 2.6172s
578 0.849402 0.581762 0.0151448 2.61508s
579 0.849402 0.579964 0.0152852 2.57743s
580 0.849402 0.581462 0.0151864 2.63607s
581 0.849402 0.583603 0.0149961 2.60811s
582 0.849402 0.581844 0.0153835 2.60878s
583 0.849402 0.582646 0.0153532 2.59912s
584 0.849402 0.582166 0.0151809 2.5638s
585 0.849402 0.582208 0.0149271 2.65195s
586 0.849402 0.586022 0.0149734 2.56764s
587 0.849402 0.582776 0.0151792 2.64588s
588 0.849402 0.584762 0.0153113 2.66144s
589 0.849402 0.580862 0.0153764 2.57084s
590 0.849402 0.579935 0.0155303 2.57986s
591 0.849402 0.577926 0.0154322 2.61804s
592 0.849402 0.582957 0.0159303 2.55058s
593 0.849402 0.585774 0.0161008 2.65529s
594 0.849402 0.583843 0.0159096 2.60466s
595 0.849402 0.581097 0.0157822 2.63311s
596 0.849402 0.581513 0.0157191 2.53472s
597 0.849402 0.583448 0.0159481 2.5727s
598 0.849402 0.586738 0.0158796 2.59312s
599 0.849402 0.591074 0.0158114 2.56639s
600 0.849402 0.585972 0.0158947 2.61889s
601 0.849402 0.583266 0.0160392 2.58207s
602 0.849402 0.579826 0.0157263 2.58161s
603 0.849402 0.580819 0.0154791 2.58089s
604 0.849402 0.580562 0.0154484 2.56047s
605 0.849402 0.581129 0.0153544 2.61826s
606 0.849402 0.580633 0.0150645 2.54957s
607 0.849402 0.579044 0.0148943 2.61693s
608 0.849402 0.579231 0.0149558 2.56576s
609 0.849402 0.574769 0.0148815 2.55285s
610 0.849402 0.576327 0.0149799 2.54862s
611 0.849402 0.580089 0.0151872 2.63902s
612 0.849402 0.580277 0.0154477 2.5745s
613 0.849402 0.578016 0.0150806 2.55862s
614 0.849402 0.580073 0.0154779 2.66067s
615 0.849402 0.581236 0.0155668 2.56204s
616 0.849402 0.583085 0.0158778 2.59934s
617 0.849402 0.578861 0.0154364 2.59303s
618 0.849402 0.578324 0.0153665 2.5619s
619 0.849402 0.575679 0.0149759 2.57762s
620 0.849402 0.575172 0.0150017 2.60574s
621 0.849402 0.577677 0.0150507 2.57172s
622 0.849402 0.578571 0.0151345 2.62669s
623 0.849402 0.580153 0.0149027 2.59347s
624 0.849402 0.579006 0.0151768 2.61116s
625 0.849402 0.57702 0.0148526 2.56338s
626 0.849402 0.577506 0.0151103 2.56192s
627 0.849402 0.579561 0.0151989 2.69171s
628 0.849402 0.580212 0.0152306 2.5977s
629 0.849402 0.581154 0.0157622 2.59165s
630 0.849402 0.582945 0.0158047 2.6213s
631 0.849402 0.581481 0.0160224 2.60469s
632 0.849402 0.581514 0.0156547 2.63803s
633 0.849402 0.581232 0.0151558 2.59959s
634 0.849402 0.580217 0.0151445 2.59332s
635 0.849402 0.586842 0.0154962 2.65917s
636 0.849402 0.58425 0.0156744 2.60091s
637 0.849402 0.58201 0.0160032 2.54707s
638 0.849402 0.582001 0.0160609 2.55746s
639 0.849402 0.580594 0.0161319 2.64289s
640 0.849402 0.581742 0.0163814 2.64064s
641 0.849402 0.579828 0.0162533 2.67937s
642 0.849402 0.578232 0.0160226 2.59014s
643 0.849402 0.577737 0.0159767 2.56214s
644 0.849402 0.57671 0.0157306 2.61859s
645 0.849402 0.577951 0.0158606 2.54831s
646 0.849402 0.580271 0.0159215 2.62106s
647 0.849402 0.585668 0.0163162 2.61429s
648 0.849402 0.585936 0.0166275 2.63016s
649 0.849402 0.583878 0.0166027 2.60326s
650 0.849402 0.587771 0.0168068 2.57962s
651 0.849402 0.586378 0.0169139 2.62837s
652 0.849402 0.58217 0.0166313 2.64617s
653 0.849402 0.579206 0.0160985 2.57507s
654 0.849402 0.582844 0.016323 2.59334s
655 0.849402 0.580847 0.0161123 2.57353s
656 0.849402 0.580569 0.0160119 2.56184s
657 0.849402 0.582283 0.016225 2.65152s
658 0.849402 0.582795 0.0163818 2.58477s
659 0.849402 0.582163 0.0161339 2.58871s
660 0.849402 0.579103 0.0157142 2.5825s
661 0.849402 0.582816 0.0159431 2.57729s
662 0.849402 0.583248 0.0156929 2.64376s
663 0.849402 0.586452 0.0159065 2.57352s
664 0.849402 0.58251 0.0160026 2.54514s
665 0.849402 0.582671 0.0161753 2.62371s
666 0.849402 0.581782 0.0156152 2.62419s
667 0.849402 0.581456 0.0154956 2.58616s
668 0.849402 0.582638 0.0156762 2.61809s
669 0.849402 0.582956 0.0155493 2.55342s
670 0.849402 0.584622 0.0160811 2.55533s
671 0.849402 0.582103 0.0159254 2.6477s
672 0.849402 0.580202 0.0157855 2.5778s
673 0.849402 0.581814 0.0160075 2.59446s
674 0.849402 0.581584 0.01599 2.56046s
675 0.849402 0.581139 0.0159067 2.63582s
676 0.849402 0.581874 0.0158516 2.59804s
677 0.849402 0.580695 0.0159185 2.56036s
678 0.849402 0.584505 0.0158198 2.55025s
679 0.849402 0.584298 0.0158633 2.67945s
680 0.849402 0.581794 0.0158907 2.55223s
681 0.849402 0.581301 0.0157401 2.61321s
682 0.849402 0.580643 0.015987 2.59982s
683 0.849402 0.584472 0.0159915 2.62498s
684 0.849402 0.58418 0.0161174 2.57035s
685 0.849402 0.579775 0.0157484 2.6304s
686 0.849402 0.579915 0.0161183 2.59885s
687 0.849402 0.580217 0.0159355 2.56307s
688 0.849402 0.582641 0.0160683 2.65888s
689 0.849402 0.58241 0.0160631 2.63253s
690 0.849402 0.580071 0.0160703 2.62587s
691 0.849402 0.585059 0.0158755 2.58382s
692 0.849402 0.586704 0.0161189 2.65073s
693 0.849402 0.586258 0.0160916 2.55378s
694 0.849402 0.586372 0.0164441 2.62699s
695 0.849402 0.584582 0.0163478 2.63213s
696 0.849402 0.583737 0.0164149 2.55083s
697 0.849402 0.584376 0.01631 2.59039s
698 0.849402 0.581433 0.0159051 2.56959s
699 0.849402 0.584088 0.0159424 2.63823s
700 0.849402 0.584213 0.0161002 2.54545s
701 0.849402 0.585489 0.0161844 2.6055s
702 0.849402 0.582223 0.0160716 2.57502s
703 0.849402 0.581433 0.0160681 2.63372s
704 0.849402 0.582955 0.0157045 2.65482s
705 0.849402 0.577429 0.0152832 2.58821s
706 0.849402 0.578999 0.0151725 2.61798s
707 0.849402 0.57717 0.0149703 2.57586s
708 0.849402 0.574489 0.0149911 2.63827s
709 0.849402 0.577739 0.0153401 2.63334s
710 0.849402 0.577046 0.0153329 2.59233s
711 0.849402 0.581005 0.0155288 2.59007s
712 0.849402 0.582087 0.0159775 2.5678s
713 0.849402 0.580736 0.0160763 2.58708s
714 0.849402 0.58367 0.0158843 2.58488s
715 0.849402 0.58166 0.0158669 2.61844s
716 0.849402 0.580495 0.0161129 2.65256s
717 0.849402 0.581805 0.0159813 2.59592s
718 0.849402 0.580816 0.0160387 2.58211s
719 0.849402 0.581237 0.0157838 2.55475s
720 0.849402 0.579629 0.0157107 2.6231s
721 0.849402 0.581525 0.0155616 2.62009s
722 0.849402 0.583232 0.0157 2.62803s
723 0.849402 0.581521 0.0154858 2.565s
724 0.849402 0.583945 0.0156965 2.64999s
725 0.849402 0.584661 0.0158769 2.57897s
726 0.849402 0.583283 0.0157546 2.59177s
727 0.849402 0.582436 0.015654 2.58347s
728 0.849402 0.581461 0.0157891 2.57742s
729 0.849402 0.578595 0.0157541 2.60095s
730 0.849402 0.577715 0.0159446 2.57582s
731 0.849402 0.581297 0.0161126 2.63638s
732 0.849402 0.581411 0.0163113 2.59433s
733 0.849402 0.582261 0.0163178 2.58641s
734 0.849402 0.582745 0.0165293 2.63634s
735 0.849402 0.58207 0.0162873 2.62016s
736 0.849402 0.586682 0.0159897 2.60511s
737 0.849402 0.585936 0.0164814 2.56758s
738 0.849402 0.581957 0.0160538 2.58774s
739 0.849402 0.58309 0.0160734 2.58238s
740 0.849402 0.584257 0.0162418 2.61241s
741 0.849402 0.585978 0.0159546 2.62214s
742 0.849402 0.583474 0.0161779 2.58592s
743 0.849402 0.581466 0.0157744 2.64319s
744 0.849402 0.583489 0.0155991 2.54556s
745 0.849402 0.582149 0.0157761 2.60003s
746 0.849402 0.583228 0.0157573 2.65221s
747 0.849402 0.579836 0.0154212 2.60923s
748 0.849402 0.576596 0.0153769 2.61891s
749 0.849402 0.578192 0.0153122 2.57648s
750 0.849402 0.578809 0.014749 2.61448s
751 0.849402 0.579015 0.0151539 2.56778s
752 0.849402 0.580797 0.0156631 2.5529s
753 0.849402 0.584124 0.0158951 2.62021s
754 0.849402 0.582604 0.0157085 2.6075s
755 0.849402 0.582373 0.015856 2.62866s
756 0.849402 0.582848 0.0158031 2.55393s
757 0.849402 0.585236 0.0161934 2.6456s
758 0.849402 0.580437 0.0159651 2.57159s
759 0.849402 0.580847 0.0158085 2.55163s
760 0.849402 0.582814 0.0155068 2.56009s
761 0.849402 0.580465 0.0156217 2.62857s
762 0.849402 0.581426 0.0158955 2.57144s
763 0.849402 0.5796 0.0157652 2.57912s
764 0.849402 0.581424 0.0158118 2.63231s
765 0.849402 0.581075 0.0158705 2.55003s
766 0.849402 0.576826 0.0157941 2.59684s
767 0.849402 0.577229 0.0160482 2.58387s
768 0.849402 0.576096 0.015435 2.60395s
769 0.849402 0.579255 0.0156873 2.55454s
770 0.849402 0.580559 0.0158713 2.6001s
771 0.849402 0.583415 0.0161441 2.63052s
772 0.849402 0.577503 0.0162057 2.64644s
773 0.849402 0.574289 0.0157953 2.57821s
774 0.849402 0.576131 0.0160341 2.5954s
775 0.849402 0.575203 0.0157625 2.57853s
776 0.849402 0.579036 0.0159254 2.57783s
777 0.849402 0.580381 0.0158008 2.61262s
778 0.849402 0.581005 0.0163671 2.63355s
779 0.849402 0.581043 0.0162658 2.58022s
780 0.849402 0.578775 0.0160861 2.56493s
781 0.849402 0.578594 0.0160125 2.63726s
782 0.849402 0.580852 0.0163929 2.59028s
783 0.849402 0.579986 0.016366 2.62427s
784 0.849402 0.583022 0.0163278 2.59936s
785 0.849402 0.578726 0.0164495 3.51078s
786 0.849402 0.579285 0.0165575 2.59961s
787 0.849402 0.582852 0.0165763 2.61635s
788 0.849402 0.58243 0.0166044 2.58125s
789 0.849402 0.581292 0.0168765 2.62776s
790 0.85184 0.583471 0.0170276 2.591s
791 0.85184 0.583021 0.0169356 2.60444s
792 0.85184 0.581863 0.0167513 2.65431s
793 0.85184 0.581563 0.0166134 2.56272s
794 0.85184 0.581995 0.0165572 2.63271s
795 0.85184 0.582626 0.0165659 2.63633s
796 0.85184 0.582757 0.0167512 2.5745s
797 0.85184 0.582629 0.0167104 2.58617s
798 0.85184 0.584615 0.0168186 2.62561s
799 0.85184 0.583655 0.0167455 2.59117s
800 0.85184 0.584833 0.0166677 2.59038s
801 0.85184 0.584988 0.0164514 2.62958s
802 0.85184 0.583025 0.0161019 2.64422s
803 0.85184 0.583167 0.0160351 2.58226s
804 0.85184 0.581224 0.0162568 2.63018s
805 0.85184 0.583412 0.0164234 2.56228s
806 0.85184 0.582118 0.0163945 2.58696s
807 0.85184 0.58114 0.0165508 2.58416s
808 0.85184 0.586335 0.0166422 2.6068s
809 0.85184 0.591009 0.0169606 2.63278s
810 0.85184 0.587297 0.0170949 2.5715s
811 0.85184 0.58852 0.0174028 2.57295s
812 0.85184 0.589712 0.0171851 2.63527s
813 0.85184 0.588451 0.0170646 2.55847s
814 0.85184 0.582428 0.0168031 2.57005s
815 0.85184 0.58294 0.0168124 2.5924s
816 0.85184 0.583685 0.0162481 2.60132s
817 0.85184 0.587156 0.016464 2.58245s
818 0.85184 0.587442 0.0166571 2.57771s
819 0.85184 0.588661 0.0172084 2.66074s
820 0.85184 0.586818 0.0170292 2.58678s
821 0.85184 0.590951 0.0172609 2.56911s
822 0.85184 0.590897 0.0172996 2.56916s
823 0.85184 0.58831 0.0172072 2.65127s
824 0.85184 0.588181 0.0173834 2.57633s
825 0.85184 0.589962 0.017732 2.61209s
826 0.85184 0.589944 0.0177179 2.59862s
827 0.85184 0.590299 0.0176958 2.64822s
828 0.85184 0.588573 0.0176964 2.59495s
829 0.85184 0.590426 0.017784 2.56504s
830 0.85184 0.587911 0.0176902 2.62479s
831 0.85184 0.588486 0.0177976 2.5937s
832 0.85184 0.590217 0.0178373 2.61013s
833 0.85184 0.588375 0.0172229 2.56077s
834 0.85184 0.587907 0.0168974 2.56655s
835 0.85184 0.588805 0.0169424 2.64316s
836 0.85184 0.587163 0.0171269 2.55583s
837 0.85184 0.587633 0.0172766 2.63343s
838 0.85184 0.586901 0.0169417 2.56494s
839 0.85184 0.592222 0.0171084 2.61972s
840 0.85184 0.592131 0.0178028 2.60652s
841 0.85184 0.591435 0.0177783 2.58505s
842 0.85184 0.593637 0.0172899 2.61701s
843 0.85184 0.585898 0.0173643 2.57785s
844 0.85184 0.582535 0.0173321 2.5814s
845 0.85184 0.579751 0.017157 2.59289s
846 0.85184 0.581212 0.0169556 2.60491s
847 0.85184 0.584731 0.0174092 2.58527s
848 0.85184 0.577893 0.0169875 2.61056s
849 0.85184 0.57816 0.0170862 2.57753s
850 0.85184 0.586114 0.0174189 2.58704s
851 0.85184 0.584754 0.0175317 2.65419s
852 0.85184 0.585834 0.0171799 2.6141s
853 0.85184 0.58401 0.0170894 2.57838s
854 0.85184 0.58143 0.0171592 2.61234s
855 0.85184 0.584413 0.0169348 2.5358s
856 0.85184 0.588594 0.0175731 2.62162s
857 0.85184 0.587997 0.0175648 2.59242s
858 0.85184 0.584391 0.0174892 2.5908s
859 0.85184 0.584619 0.0174788 2.61057s
860 0.85184 0.585204 0.017345 2.61599s
861 0.85184 0.582742 0.017259 2.58713s
862 0.85184 0.584958 0.0172987 2.56802s
863 0.85184 0.585488 0.017316 2.55171s
864 0.85184 0.58916 0.0173895 2.6234s
865 0.85184 0.586551 0.0169763 2.57987s
866 0.85184 0.585792 0.0170759 2.6163s
867 0.85184 0.584938 0.0169034 2.58486s
868 0.85184 0.586194 0.0171121 2.64589s
869 0.85184 0.586471 0.0171246 2.5561s
870 0.85184 0.586031 0.0169597 2.63844s
871 0.85184 0.588397 0.0173565 2.57527s
872 0.85184 0.587155 0.0175299 2.55715s
873 0.85184 0.587857 0.0174499 2.64638s
874 0.85184 0.586157 0.0175401 2.62669s
875 0.85184 0.588355 0.0177263 2.60721s
876 0.85184 0.594064 0.0177552 2.64015s
877 0.85184 0.593403 0.0183055 2.57671s
878 0.85184 0.593533 0.0185173 2.58349s
879 0.85184 0.592304 0.0182949 2.63005s
880 0.85184 0.590976 0.0181622 2.5506s
881 0.85184 0.588345 0.0179607 2.61069s
882 0.85184 0.58616 0.0177451 2.59649s
883 0.85184 0.584732 0.0176158 2.57277s
884 0.85184 0.584923 0.0177259 2.60378s
885 0.85184 0.584944 0.0177788 2.54459s
886 0.85184 0.589352 0.0178714 2.6206s
887 0.85184 0.586294 0.0175513 2.62034s
888 0.85184 0.588922 0.0173467 2.56522s
889 0.85184 0.590825 0.0178677 2.62217s
890 0.85184 0.585694 0.0176704 2.58659s
891 0.85184 0.584297 0.0174791 2.61951s
892 0.85184 0.588357 0.017721 2.57017s
893 0.85184 0.586136 0.0177736 2.6095s
894 0.85184 0.586771 0.0171939 2.65503s
895 0.85184 0.589502 0.0174232 2.56139s
896 0.85184 0.585172 0.0174912 2.58513s
897 0.85184 0.586067 0.0175827 2.5906s
898 0.85184 0.586103 0.0176994 2.61375s
899 0.85184 0.587957 0.0178542 2.615s
900 0.85184 0.589187 0.0178788 2.58494s
901 0.85184 0.592572 0.0177721 2.62293s
902 0.85184 0.588781 0.0181045 2.55126s
903 0.85184 0.589345 0.0179597 2.62733s
904 0.85184 0.588182 0.0179425 2.57248s
905 0.85184 0.592735 0.0178646 2.61938s
906 0.85184 0.588817 0.0179503 2.55662s
907 0.85184 0.586432 0.0179555 2.61218s
908 0.85184 0.587708 0.0175127 2.55049s
909 0.85184 0.586583 0.017345 2.61361s
910 0.85184 0.586867 0.0177359 2.56079s
911 0.85184 0.583599 0.0172131 2.63537s
912 0.85184 0.58187 0.0172516 2.55181s
913 0.85184 0.580772 0.0171418 2.56444s
914 0.85184 0.578232 0.0170078 2.5421s
915 0.85184 0.580349 0.0169415 2.66957s
916 0.85184 0.585624 0.0175191 2.56385s
917 0.85184 0.582599 0.0174766 2.6204s
918 0.85184 0.584089 0.0175531 2.61872s
919 0.85184 0.583657 0.0173971 2.6443s
920 0.85184 0.583147 0.0174663 2.60779s
921 0.85184 0.582689 0.0174492 2.56356s
922 0.85184 0.585843 0.0175431 2.60304s
923 0.85184 0.583496 0.0173626 2.57131s
924 0.85184 0.584572 0.0173568 2.57965s
925 0.85184 0.584725 0.0173033 2.63192s
926 0.857466 0.58335 0.017664 2.54206s
927 0.857466 0.583925 0.0175922 2.63374s
928 0.857466 0.585684 0.0177867 2.63482s
929 0.857466 0.587495 0.017778 2.61738s
930 0.857466 0.583916 0.0175652 2.56025s
931 0.857466 0.58405 0.0176311 2.58922s
932 0.857466 0.585314 0.0175953 2.66645s
933 0.857466 0.585128 0.0171122 2.60441s
934 0.857466 0.584913 0.0172764 2.57274s
935 0.857466 0.587353 0.0175771 2.61036s
936 0.857466 0.587357 0.0175524 2.60386s
937 0.857466 0.585721 0.017754 2.58141s
938 0.857466 0.585663 0.0180307 2.56809s
939 0.857466 0.586127 0.0179802 2.5501s
940 0.857466 0.587433 0.0181376 2.67325s
941 0.857466 0.589748 0.017936 2.57867s
942 0.857466 0.591891 0.0183046 2.60526s
943 0.857466 0.590575 0.017789 2.59763s
944 0.857466 0.592261 0.0181832 2.62348s
945 0.857466 0.591008 0.0178498 2.63174s
946 0.857466 0.586902 0.0176603 2.54848s
947 0.857466 0.584045 0.017448 2.56017s
948 0.857466 0.584849 0.0176873 2.63113s
949 0.857466 0.588648 0.0181713 2.60349s
950 0.857466 0.585145 0.0179728 2.56774s
951 0.857466 0.586587 0.01745 2.57566s
952 0.857466 0.586519 0.0174661 2.57099s
953 0.857466 0.585473 0.0176577 2.60695s
954 0.857466 0.58608 0.0175141 2.56799s
955 0.857466 0.586874 0.0176541 2.56676s
956 0.857466 0.584296 0.0173546 2.65227s
957 0.857466 0.583882 0.0175224 2.57611s
958 0.857466 0.583551 0.0178814 2.59082s
959 0.857466 0.58644 0.0179195 2.6245s
960 0.857466 0.587605 0.01847 2.60573s
961 0.857466 0.589507 0.0187265 2.58815s
962 0.857466 0.586965 0.0183315 2.60897s
963 0.857466 0.584893 0.018004 2.61726s
964 0.857466 0.589222 0.0184311 2.57608s
965 0.857466 0.590137 0.0179975 2.65671s
966 0.857466 0.587312 0.0180423 2.61295s
967 0.857466 0.583531 0.0175213 2.56157s
968 0.857466 0.582102 0.0173939 2.62272s
969 0.857466 0.582681 0.0172382 2.55865s
970 0.857466 0.583681 0.0171823 2.59934s
971 0.857466 0.582536 0.0169584 2.62351s
972 0.857466 0.582653 0.0165884 2.5716s
973 0.857466 0.585355 0.0167512 2.61468s
974 0.857466 0.583789 0.0169357 2.59252s
975 0.857466 0.583788 0.0168944 2.57878s
976 0.857466 0.583432 0.0171503 2.59032s
977 0.857466 0.586406 0.0172467 2.61425s
978 0.857466 0.586165 0.0171858 2.57868s
979 0.857466 0.584458 0.0171713 2.62039s
980 0.857466 0.582621 0.0172823 2.60425s
981 0.857466 0.584637 0.0172833 2.55901s
982 0.857466 0.585176 0.0174576 2.6328s
983 0.857466 0.585764 0.0173001 2.59973s
984 0.857466 0.586635 0.0170338 2.60377s
985 0.857466 0.58733 0.0171923 2.538s
986 0.857466 0.586946 0.0174944 2.59438s
987 0.857466 0.587393 0.0174731 2.6385s
988 0.857466 0.589298 0.0177506 2.6239s
989 0.857466 0.585265 0.0176888 2.62245s
990 0.857466 0.583698 0.0173909 2.57459s
991 0.857466 0.5859 0.017307 2.62319s
992 0.857466 0.586416 0.0174079 2.62467s
993 0.857466 0.588311 0.017668 2.57988s
994 0.857466 0.587993 0.0172978 2.62639s
995 0.857466 0.58928 0.017338 2.58959s
996 0.857466 0.587072 0.0170688 2.61094s
997 0.857466 0.586142 0.0171642 2.58247s
998 0.857466 0.584703 0.016987 2.62472s
999 0.857466 0.583078 0.0170783 2.57015s
1000 0.857466 0.581763 0.0170309 2.55957s
1001 0.857466 0.585907 0.0171911 2.55426s
1002 0.857466 0.584569 0.0173207 2.6095s
1003 0.857466 0.583162 0.0173074 2.64398s
1004 0.857466 0.584299 0.0171073 2.62566s
1005 0.857466 0.587942 0.0179011 2.58621s
1006 0.857466 0.590235 0.0184563 2.56653s
1007 0.857466 0.592352 0.0185104 2.63701s
1008 0.857466 0.591789 0.0189478 2.63363s
1009 0.857466 0.590707 0.0189864 2.57426s
1010 0.857466 0.593033 0.018775 2.66834s
1011 0.857466 0.593689 0.0186471 2.64863s
1012 0.857466 0.595567 0.0186427 2.5799s
1013 0.857466 0.595897 0.0185223 2.64938s
1014 0.857466 0.594276 0.0188183 2.57965s
1015 0.857965 0.590358 0.0189332 2.5655s
1016 0.857965 0.594396 0.0190423 2.64102s
1017 0.857965 0.590862 0.0189411 3.53607s
1018 0.857965 0.591708 0.0190734 2.66715s
1019 0.857965 0.591885 0.0187491 2.57724s
1020 0.857965 0.589028 0.0187426 2.56382s
1021 0.857965 0.590591 0.0188593 2.67455s
1022 0.857965 0.588838 0.0188435 2.56008s
1023 0.857965 0.590601 0.0189477 2.61926s
1024 0.857965 0.586649 0.0186582 2.62389s
1025 0.857965 0.585423 0.018762 2.60098s
1026 0.857965 0.586403 0.0187858 2.56819s
1027 0.857965 0.593867 0.019137 2.63012s
1028 0.857965 0.588177 0.0191171 2.58925s
1029 0.857965 0.590223 0.0191984 2.6096s
1030 0.857965 0.591952 0.019018 2.56967s
1031 0.857965 0.590929 0.0188696 2.6185s
1032 0.857965 0.592416 0.0186475 2.55337s
1033 0.857965 0.593328 0.0188653 2.60433s
1034 0.857965 0.59152 0.0188388 2.57159s
1035 0.857965 0.588099 0.0190036 2.66962s
1036 0.857965 0.589037 0.0190394 2.58137s
1037 0.857965 0.589963 0.0189691 2.60669s
1038 0.857965 0.591695 0.0190451 2.61393s
1039 0.857965 0.589231 0.0190031 2.58479s
1040 0.857965 0.592344 0.0189132 2.56526s
1041 0.857965 0.592847 0.0189204 2.74651s
1042 0.857965 0.589867 0.0188475 2.61936s
1043 0.857965 0.590128 0.0188234 2.58092s
1044 0.857965 0.589235 0.0187096 2.56524s
1045 0.857965 0.591138 0.0184913 2.59328s
1046 0.857965 0.587902 0.0190403 2.64003s
1047 0.857965 0.589074 0.0189781 2.61813s
1048 0.857965 0.58362 0.0184764 2.63696s
1049 0.857965 0.58205 0.0178849 2.58225s
1050 0.857965 0.58198 0.0178345 2.60224s
1051 0.857965 0.58121 0.0177227 2.55384s
1052 0.857965 0.585639 0.0185071 2.64749s
1053 0.857965 0.584512 0.018455 2.62021s
1054 0.857965 0.586622 0.0182942 2.59556s
1055 0.857965 0.586513 0.0184839 2.58005s
1056 0.857965 0.590773 0.0188746 2.56488s
1057 0.857965 0.587274 0.0183984 2.5574s
1058 0.857965 0.586545 0.0181761 2.61486s
1059 0.857965 0.58776 0.0181787 2.57342s
1060 0.857965 0.59282 0.0177255 2.6701s
1061 0.857965 0.588667 0.0178044 2.57745s
1062 0.857965 0.589658 0.0180351 2.56985s
1063 0.857965 0.591139 0.0182588 2.53852s
1064 0.857965 0.592176 0.0182624 2.63812s
1065 0.857965 0.589772 0.0185817 2.61019s
1066 0.857965 0.588 0.0183575 2.55603s
1067 0.857965 0.587703 0.0185629 2.63766s
1068 0.857965 0.586711 0.0184557 2.60141s
1069 0.857965 0.59003 0.0186774 2.58993s
1070 0.857965 0.588757 0.0185313 2.60836s
1071 0.857965 0.589321 0.0183006 2.63585s
1072 0.857965 0.588985 0.0182686 2.57406s
1073 0.857965 0.591848 0.0185787 2.60293s
1074 0.857965 0.589578 0.0183869 2.63448s
1075 0.857965 0.59026 0.018265 2.671s
1076 0.857965 0.589066 0.018154 2.5668s
1077 0.857965 0.585129 0.018034 2.61512s
1078 0.857965 0.588209 0.0180872 2.58714s
1079 0.857965 0.589714 0.0185443 2.55487s
1080 0.857965 0.584351 0.0182664 2.57718s
1081 0.857965 0.58451 0.0183842 2.59296s
1082 0.857965 0.583002 0.0182586 2.61173s
1083 0.857965 0.583247 0.018356 2.57548s
1084 0.857965 0.586008 0.0183449 2.61974s
1085 0.857965 0.586368 0.0179035 2.53672s
1086 0.857965 0.585863 0.0177265 2.60196s
1087 0.857965 0.589919 0.0180294 2.63048s
1088 0.857965 0.595354 0.0186578 2.58703s
1089 0.857965 0.593263 0.0186402 2.62602s
1090 0.857965 0.593374 0.0187316 2.59532s
1091 0.857965 0.589945 0.0185732 2.59567s
1092 0.857965 0.584042 0.0184567 2.55173s
1093 0.857965 0.591513 0.018771 2.60677s
1094 0.857965 0.589298 0.0186048 2.5908s
1095 0.857965 0.588222 0.0182757 2.60405s
1096 0.857965 0.592041 0.018723 2.61876s
1097 0.857965 0.593077 0.0189598 2.56218s
1098 0.857965 0.589318 0.0189155 2.60646s
1099 0.857965 0.587625 0.0182419 2.5519s
1100 0.857965 0.586327 0.0180627 2.55036s
1101 0.857965 0.582329 0.0176305 2.63772s
1102 0.857965 0.584697 0.0176292 2.60878s
1103 0.857965 0.584684 0.0182167 2.6015s
1104 0.857965 0.58217 0.0175211 2.58309s
1105 0.857965 0.58274 0.0177781 2.57719s
1106 0.857965 0.585213 0.0177775 2.57821s
1107 0.857965 0.587044 0.0180186 2.58953s
1108 0.857965 0.582974 0.0175992 2.63718s
1109 0.857965 0.584917 0.0176543 2.63251s
1110 0.857965 0.581851 0.017767 2.56125s
1111 0.857965 0.587262 0.0178646 2.61874s
1112 0.857965 0.584569 0.01747 2.56891s
1113 0.857965 0.587706 0.0176576 2.62403s
1114 0.857965 0.589798 0.018023 2.5744s
1115 0.857965 0.585717 0.01783 2.57966s
1116 0.857965 0.580141 0.0174725 2.61897s
1117 0.857965 0.580685 0.0177111 2.5488s
1118 0.857965 0.580516 0.0172096 2.60993s
1119 0.857965 0.582375 0.0175914 2.58441s
1120 0.857965 0.583506 0.0176807 2.57628s
1121 0.857965 0.588371 0.0180123 2.56765s
1122 0.857965 0.589748 0.0179218 2.6972s
1123 0.857965 0.58912 0.0180577 2.56843s
1124 0.857965 0.588665 0.0181715 2.63996s
1125 0.857965 0.586934 0.0181776 2.55862s
1126 0.857965 0.585015 0.0175788 2.65463s
1127 0.857965 0.584522 0.0178661 2.55948s
1128 0.857965 0.586068 0.0179137 2.56653s
1129 0.857965 0.587547 0.0180092 2.59365s
1130 0.857965 0.58602 0.0185 2.57126s
1131 0.857965 0.588179 0.0187698 2.60406s
1132 0.857965 0.588254 0.0185088 2.57613s
1133 0.857965 0.590415 0.0184741 2.57749s
1134 0.857965 0.593435 0.0185439 2.60092s
1135 0.857965 0.591806 0.0186645 2.58777s
1136 0.857965 0.594772 0.0185308 2.6145s
1137 0.857965 0.593178 0.0190173 3.09376s
1138 0.859213 0.594709 0.0193627 2.63515s
1139 0.859213 0.593084 0.0189816 2.57102s
1140 0.859213 0.593852 0.0192514 2.57738s
1141 0.859213 0.593175 0.0188234 2.64443s
1142 0.859213 0.594375 0.01943 2.60714s
1143 0.859213 0.590949 0.0193848 2.56422s
1144 0.859213 0.586212 0.0189205 2.59247s
1145 0.859213 0.583441 0.018604 2.59537s
1146 0.859213 0.589819 0.0186941 2.6257s
1147 0.859213 0.587439 0.0181414 2.58207s
1148 0.859213 0.588589 0.0181036 2.57968s
1149 0.859213 0.590571 0.0187139 2.62826s
1150 0.859213 0.591123 0.0190508 2.59142s
1151 0.859213 0.594933 0.0192656 2.61388s
1152 0.859213 0.590896 0.0191794 2.57067s
1153 0.859213 0.589701 0.0190791 2.60342s
1154 0.859213 0.586741 0.0191756 2.63609s
1155 0.859213 0.589915 0.0186708 2.59977s
1156 0.859213 0.593789 0.0186618 2.6248s
1157 0.859213 0.58851 0.0183231 2.63162s
1158 0.859213 0.587298 0.018466 2.59796s
1159 0.859213 0.586223 0.0180278 2.58468s
1160 0.859213 0.586999 0.0182152 2.55804s
1161 0.859213 0.585133 0.0180925 2.57477s
1162 0.859213 0.58251 0.0179172 2.59721s
1163 0.859213 0.586149 0.0181527 2.56302s
1164 0.859213 0.59008 0.0182058 2.63771s
1165 0.859213 0.59181 0.0187261 2.60184s
1166 0.859213 0.590941 0.0186295 2.56774s
1167 0.859213 0.588901 0.0183536 2.59033s
1168 0.859213 0.586395 0.0182358 2.62808s
1169 0.859213 0.588521 0.0180176 2.64233s
1170 0.859213 0.585536 0.0180974 2.58166s
1171 0.859213 0.583024 0.0177203 2.62549s
1172 0.859213 0.583514 0.0176903 2.58755s
1173 0.859213 0.58823 0.0179891 2.57844s
1174 0.859213 0.589397 0.0181465 2.6163s
1175 0.859213 0.592391 0.0185448 2.63114s
1176 0.859213 0.589229 0.0186018 2.55865s
1177 0.859213 0.588966 0.0184882 2.60382s
1178 0.859213 0.589483 0.0187089 2.53257s
1179 0.859213 0.588198 0.0189495 2.6683s
1180 0.859213 0.587923 0.0190577 2.59003s
1181 0.859213 0.590819 0.0190366 2.61407s
1182 0.859213 0.590814 0.0192462 2.54745s
1183 0.859213 0.592786 0.0192515 2.61082s
1184 0.859213 0.591433 0.0191569 2.55266s
1185 0.859213 0.598949 0.0200378 2.5894s
1186 0.859213 0.598723 0.0201532 2.56353s
1187 0.859213 0.592669 0.0195045 2.63953s
1188 0.859213 0.592118 0.0197267 2.56216s
1189 0.859213 0.590899 0.0196854 2.70045s
1190 0.859213 0.590276 0.0196054 2.53382s
1191 0.859213 0.587636 0.0188917 2.63502s
1192 0.859213 0.587047 0.0186631 2.55548s
1193 0.859213 0.590635 0.0185993 2.63489s
1194 0.859213 0.590646 0.0188075 2.57446s
1195 0.859213 0.592604 0.0188608 2.59514s
1196 0.859213 0.590454 0.0189967 2.59145s
1197 0.859213 0.59206 0.0192182 2.57864s
1198 0.859213 0.590188 0.0190318 2.63212s
1199 0.859213 0.587914 0.0186595 2.58401s
1200 0.859213 0.586692 0.0185749 2.60745s
1201 0.859213 0.585594 0.018224 2.62229s
1202 0.859213 0.584952 0.0183132 2.66775s
1203 0.859213 0.588138 0.0184748 2.5699s
1204 0.859213 0.584437 0.0184977 2.55181s
1205 0.859213 0.587685 0.0186986 2.64863s
1206 0.859213 0.587418 0.0188426 2.57004s
1207 0.859213 0.585122 0.0185959 2.60954s
1208 0.859213 0.595901 0.0188123 2.62957s
1209 0.859213 0.592065 0.0189116 2.68925s
1210 0.859213 0.592208 0.0190164 2.58563s
1211 0.859213 0.592354 0.0192559 2.55749s
1212 0.859213 0.589639 0.0195756 2.63178s
1213 0.859213 0.589947 0.0191764 2.6334s
1214 0.859213 0.590249 0.0188304 2.57014s
1215 0.859213 0.590407 0.0194354 2.64694s
1216 0.859213 0.591638 0.0196192 2.64575s
1217 0.859213 0.588189 0.0192381 2.54602s
1218 0.859213 0.588544 0.0192036 2.57633s
1219 0.859213 0.585246 0.0185357 2.64s
1220 0.859213 0.588454 0.0186014 2.55937s
1221 0.859213 0.588906 0.0181866 2.60265s
1222 0.859213 0.587924 0.0184225 2.59422s
1223 0.859213 0.587926 0.0187958 2.57157s
1224 0.859213 0.587262 0.0189127 2.6029s
1225 0.859213 0.585783 0.019051 2.61198s
1226 0.859213 0.581395 0.018368 2.61521s
1227 0.859213 0.576799 0.0178205 2.54374s
1228 0.859213 0.574357 0.0174006 2.63341s
1229 0.859213 0.576477 0.0173277 2.59204s
1230 0.859213 0.584821 0.0182052 2.55609s
1231 0.859213 0.584887 0.0179662 2.63149s
1232 0.859213 0.587874 0.0178304 2.60107s
1233 0.859213 0.587763 0.0178551 2.57986s
1234 0.859213 0.587899 0.0177131 2.61394s
1235 0.859213 0.588521 0.0178825 2.56362s
1236 0.859213 0.589226 0.0181584 2.59499s
1237 0.859213 0.591472 0.018412 2.64564s
1238 0.859213 0.585767 0.0180516 2.58003s
1239 0.859213 0.584679 0.018043 2.57345s
1240 0.859213 0.588253 0.0184514 2.61661s
1241 0.859213 0.58657 0.0184836 2.60271s
1242 0.859213 0.591549 0.0189405 2.59975s
1243 0.859213 0.59424 0.0190263 2.61021s
1244 0.859213 0.595384 0.0190036 2.62877s
1245 0.859213 0.594808 0.0190995 2.5795s
1246 0.859213 0.595704 0.0193306 2.59047s
1247 0.859213 0.596125 0.0196884 2.62241s
1248 0.859213 0.595739 0.019791 2.56599s
1249 0.859213 0.597114 0.0196851 3.53156s
1250 0.859213 0.594631 0.019917 2.60302s
1251 0.859213 0.595551 0.0197673 2.59801s
1252 0.859213 0.591338 0.0198136 2.63151s
1253 0.859213 0.591921 0.0194852 2.6055s
1254 0.859213 0.595053 0.0195592 2.56011s
1255 0.859213 0.589329 0.0193913 2.62371s
1256 0.859213 0.587418 0.0192272 2.61865s
1257 0.859213 0.590766 0.0192991 2.61133s
1258 0.859213 0.59369 0.0195291 2.59773s
1259 0.859213 0.591113 0.019204 2.61853s
1260 0.859213 0.591557 0.01916 2.58008s
1261 0.859213 0.593191 0.0195602 2.62183s
1262 0.859213 0.596496 0.0198502 2.60719s
1263 0.859213 0.595135 0.02033 2.5879s
1264 0.859213 0.595867 0.0204288 2.57054s
1265 0.859213 0.594973 0.0203368 2.57733s
1266 0.859213 0.599144 0.0204405 2.55881s
1267 0.859213 0.598005 0.0207589 2.6285s
1268 0.859213 0.596089 0.0204306 2.57524s
1269 0.859213 0.590402 0.0195657 2.59701s
1270 0.859213 0.59287 0.0197932 2.60775s
1271 0.859213 0.5911 0.0199272 2.5597s
1272 0.859213 0.591532 0.0203623 2.58926s
1273 0.859213 0.595741 0.0202379 2.55985s
1274 0.859213 0.592927 0.0199552 2.55558s
1275 0.859213 0.594386 0.0197957 2.67246s
1276 0.859213 0.595591 0.019855 2.62258s
1277 0.859213 0.592939 0.0197952 2.56166s
1278 0.859213 0.595765 0.0194784 2.56032s
1279 0.859213 0.591377 0.0195127 2.55988s
1280 0.859213 0.594346 0.0196981 2.57252s
1281 0.859213 0.593124 0.0194041 2.58669s
1282 0.859213 0.587998 0.0190621 2.66638s
1283 0.859213 0.58923 0.0189527 2.63584s
1284 0.859213 0.591138 0.0188288 2.68236s
1285 0.859213 0.591604 0.0191711 2.56213s
1286 0.859213 0.587437 0.0190138 2.63337s
1287 0.859213 0.58667 0.0188871 2.62365s
1288 0.859213 0.586276 0.0188592 2.56563s
1289 0.859213 0.588578 0.018879 2.61214s
1290 0.859213 0.588109 0.0186989 2.63481s
1291 0.859213 0.589735 0.0190906 2.58567s
1292 0.859213 0.590997 0.0190702 2.6415s
1293 0.859213 0.590273 0.0192227 2.56098s
1294 0.859213 0.588818 0.0191325 2.61698s
1295 0.859213 0.590878 0.0193203 2.63908s
1296 0.859213 0.593067 0.0195403 2.60836s
1297 0.859213 0.587444 0.0191343 2.58906s
1298 0.859213 0.590085 0.0190904 2.59555s
1299 0.859213 0.591857 0.0187765 2.58062s
1300 0.859213 0.592852 0.0189002 2.60489s
1301 0.859213 0.589907 0.0189572 2.56809s
1302 0.859213 0.590116 0.0188345 2.62339s
1303 0.859213 0.588647 0.0186761 2.63055s
1304 0.859213 0.589503 0.0186914 2.61504s
1305 0.859213 0.588414 0.0192911 2.5712s
1306 0.859213 0.588046 0.0191511 2.61778s
1307 0.859213 0.585454 0.0188911 2.56926s
1308 0.859213 0.588402 0.0192702 2.57861s
1309 0.859213 0.589169 0.0190976 2.60088s
1310 0.859213 0.586776 0.0188387 2.62305s
1311 0.859213 0.584888 0.0180598 2.66889s
1312 0.859213 0.584121 0.0179791 2.55075s
1313 0.859213 0.585567 0.0182067 2.61718s
1314 0.859213 0.589431 0.018319 2.56643s
1315 0.859213 0.588745 0.0184901 2.57319s
1316 0.859213 0.587143 0.0184363 2.59578s
1317 0.859213 0.58799 0.0183045 2.59152s
1318 0.859213 0.587228 0.0180312 2.63496s
1319 0.859213 0.586784 0.0180498 2.55655s
1320 0.859213 0.592048 0.0183168 2.59056s
1321 0.859213 0.58994 0.0182346 2.58169s
1322 0.859213 0.585056 0.0177273 2.62958s
1323 0.859213 0.589468 0.0183652 2.57308s
1324 0.859213 0.590867 0.0183395 2.59824s
1325 0.859213 0.587066 0.0178943 2.60327s
1326 0.859213 0.591439 0.0185415 2.57002s
1327 0.859213 0.588207 0.0185338 2.63803s
1328 0.859213 0.589214 0.0184504 2.59207s
1329 0.859213 0.5879 0.0183609 2.61489s
1330 0.859213 0.593144 0.0189592 2.58761s
1331 0.859213 0.594981 0.0192655 2.59926s
1332 0.859213 0.595702 0.0194945 2.61629s
1333 0.859213 0.593463 0.0193663 2.55434s
1334 0.859213 0.593907 0.019689 2.67623s
1335 0.859213 0.591011 0.0196143 2.56667s
1336 0.859213 0.594198 0.0195569 2.63419s
1337 0.859213 0.58813 0.0190814 2.64717s
1338 0.859213 0.591259 0.0197936 2.56641s
1339 0.859213 0.588482 0.019356 2.6081s
1340 0.859213 0.586427 0.0185913 2.6309s
1341 0.859213 0.587497 0.018791 2.52978s
1342 0.859213 0.591367 0.0189011 2.60081s
1343 0.859213 0.592322 0.0193173 2.61213s
1344 0.859213 0.591242 0.0192184 2.56257s
1345 0.859213 0.585196 0.0190134 2.61124s
1346 0.859213 0.588926 0.0190877 2.57983s
1347 0.859213 0.589645 0.0189483 2.66227s
1348 0.859213 0.588428 0.018952 2.56199s
1349 0.859213 0.588932 0.0189682 2.62273s
1350 0.859213 0.587635 0.0188454 2.62325s
1351 0.859213 0.588241 0.0190956 2.59899s
1352 0.859213 0.585882 0.0192481 2.62975s
1353 0.859213 0.588401 0.019172 2.5945s
1354 0.859213 0.588788 0.0190633 2.61686s
1355 0.859213 0.588214 0.0191303 2.55376s
1356 0.859213 0.588708 0.0189377 2.63851s
1357 0.859213 0.587364 0.0189563 2.55711s
1358 0.859213 0.584121 0.0187207 2.61277s
1359 0.859213 0.582715 0.0180868 2.61097s
1360 0.859213 0.583116 0.018265 2.58818s
1361 0.859213 0.586326 0.018549 2.61527s
1362 0.859213 0.589577 0.0187388 2.61818s
1363 0.859213 0.588148 0.0187028 2.56218s
1364 0.859213 0.588366 0.0186366 2.56997s
1365 0.859213 0.592449 0.0187567 2.57549s
1366 0.859213 0.589496 0.019026 2.67585s
1367 0.859213 0.588829 0.0188185 2.57144s
1368 0.859213 0.585178 0.0184814 2.61039s
1369 0.859213 0.590481 0.0184413 2.60094s
1370 0.859213 0.592032 0.0186641 2.62558s
1371 0.859213 0.593389 0.0189819 2.56534s
1372 0.859213 0.594123 0.0193319 2.65365s
1373 0.859213 0.593792 0.0194064 2.59787s
1374 0.859213 0.593886 0.019304 2.58051s
1375 0.859213 0.593359 0.0194011 2.56209s
1376 0.859213 0.591613 0.0196466 2.64085s
1377 0.859213 0.590367 0.0192225 2.5653s
1378 0.859213 0.589841 0.0189548 2.58524s
1379 0.859213 0.585878 0.0186271 2.64216s
1380 0.859213 0.587306 0.0188496 2.54587s
1381 0.859213 0.588848 0.0189751 2.56742s
1382 0.859213 0.589546 0.0190399 2.61437s
1383 0.859213 0.595244 0.0194037 2.56586s
1384 0.859213 0.59362 0.0194876 2.56662s
1385 0.859213 0.589801 0.0195521 2.55237s
1386 0.859213 0.586502 0.0191251 2.60246s
1387 0.859213 0.590042 0.0193857 2.56554s
1388 0.859213 0.5928 0.0193654 2.55764s
1389 0.859213 0.5924 0.0195222 2.60091s
1390 0.859213 0.591534 0.0195475 2.59158s
1391 0.859213 0.59075 0.0197733 2.5925s
1392 0.859213 0.588748 0.0194623 2.61048s
1393 0.859213 0.587527 0.0193926 2.59235s
1394 0.859213 0.587652 0.0190849 2.60195s
1395 0.859213 0.58866 0.01937 2.64776s
1396 0.859213 0.587045 0.0191856 2.65587s
1397 0.859213 0.591588 0.0196216 2.58023s
1398 0.859213 0.593996 0.0200062 2.58356s
1399 0.859213 0.590397 0.0198742 2.63003s
1400 0.859213 0.588 0.0196047 2.59695s
1401 0.859213 0.586403 0.0192318 2.56572s
1402 0.859213 0.585669 0.0195622 2.62131s
1403 0.859213 0.586422 0.019617 2.62287s
1404 0.859213 0.589279 0.0194704 2.58781s
1405 0.859213 0.591597 0.0195526 2.54878s
1406 0.859213 0.587461 0.0192096 2.64041s
1407 0.859213 0.589501 0.0187292 2.55184s
1408 0.859213 0.59011 0.0191028 2.64486s
1409 0.859213 0.591979 0.0192196 2.589s
1410 0.859213 0.591326 0.0191738 2.60073s
1411 0.859213 0.589789 0.019355 2.63666s
1412 0.859213 0.589129 0.0192126 2.631s
1413 0.859213 0.592071 0.0196393 2.62183s
1414 0.859213 0.593126 0.0199352 2.54653s
1415 0.859213 0.593074 0.019874 2.59858s
1416 0.859213 0.59044 0.0198002 2.57671s
1417 0.859213 0.58783 0.0194999 2.57694s
1418 0.859213 0.59176 0.0194107 2.58042s
1419 0.859213 0.590123 0.0193568 2.64434s
1420 0.859213 0.591576 0.0192299 2.58814s
1421 0.859213 0.592719 0.0199575 2.56424s
1422 0.859213 0.597502 0.0203919 2.62386s
1423 0.859213 0.59617 0.0203132 2.56788s
1424 0.859213 0.595753 0.0202479 2.65061s
1425 0.859213 0.59964 0.020729 2.59895s
1426 0.859213 0.596897 0.0209443 2.62829s
1427 0.859213 0.597524 0.0206659 2.64556s
1428 0.859213 0.59658 0.020992 2.64577s
1429 0.859213 0.594689 0.0205369 2.57801s
1430 0.859213 0.592279 0.0200613 2.60491s
1431 0.859213 0.589853 0.0195681 2.65337s
1432 0.859213 0.586306 0.019008 2.58742s
1433 0.859213 0.587998 0.0190717 2.54721s
1434 0.859213 0.586071 0.0190311 2.62286s
1435 0.859213 0.587614 0.0192073 2.57613s
1436 0.859213 0.589758 0.019337 2.5857s
1437 0.859213 0.594714 0.0194287 2.58836s
1438 0.859213 0.59666 0.0197373 2.5888s
1439 0.859213 0.593226 0.0200144 2.57984s
1440 0.859213 0.595589 0.0199624 2.59569s
1441 0.859213 0.593627 0.0198573 2.59114s
1442 0.859213 0.592794 0.0196024 2.54902s
1443 0.859213 0.590668 0.0194527 2.65588s
1444 0.859213 0.590748 0.0194792 2.65369s
1445 0.859213 0.58921 0.019546 2.53085s
1446 0.859213 0.588039 0.0193905 2.63895s
1447 0.859213 0.586314 0.0191775 2.58246s
1448 0.860589 0.586586 0.019276 2.60065s
1449 0.860589 0.583243 0.0190416 2.58184s
1450 0.860589 0.584025 0.0192282 2.61375s
1451 0.860589 0.585845 0.0192199 2.64739s
1452 0.860589 0.588815 0.0195414 2.5632s
1453 0.860589 0.585322 0.0190725 2.61065s
1454 0.860589 0.586194 0.0191501 2.60088s
1455 0.860589 0.580452 0.0187077 2.60706s
1456 0.860589 0.581833 0.0185926 2.63541s
1457 0.860589 0.585823 0.0188779 2.5705s
1458 0.860589 0.589098 0.0189732 2.62084s
1459 0.860589 0.585119 0.018876 2.6048s
1460 0.860589 0.586852 0.0190449 2.59387s
1461 0.860589 0.58606 0.0190749 2.59063s
1462 0.860589 0.590901 0.0190647 2.54374s
1463 0.860589 0.593947 0.0193187 2.60508s
1464 0.860589 0.590415 0.0194648 2.62177s
1465 0.860589 0.594918 0.0197544 2.59787s
1466 0.860589 0.595189 0.0195088 2.64612s
1467 0.860589 0.597361 0.0200006 2.60136s
1468 0.860589 0.595235 0.0203207 2.5823s
1469 0.860589 0.590972 0.0197421 2.57013s
1470 0.860589 0.592636 0.0197005 2.64734s
1471 0.860589 0.592506 0.0194816 2.57199s
1472 0.860589 0.590051 0.01929 2.59958s
1473 0.860589 0.593875 0.0197861 2.59351s
1474 0.860589 0.592161 0.0199246 2.6113s
1475 0.860589 0.591615 0.0199266 2.55841s
1476 0.860589 0.589467 0.019709 2.60913s
1477 0.860589 0.58644 0.0190029 2.60106s
1478 0.860589 0.589392 0.0190685 2.56196s
1479 0.860589 0.58833 0.0187446 2.53025s
1480 0.860589 0.588035 0.0187866 2.572s
1481 0.860589 0.591572 0.0188046 3.50655s
1482 0.860589 0.591252 0.0194963 2.58007s
1483 0.860589 0.589112 0.01944 2.58985s
1484 0.860589 0.587881 0.019391 2.57842s
1485 0.860589 0.591169 0.0194838 2.58194s
1486 0.860589 0.590544 0.0197633 2.55807s
1487 0.860589 0.593256 0.0201571 2.59497s
1488 0.860589 0.592701 0.020395 2.60489s
1489 0.860589 0.593187 0.0202632 2.5506s
1490 0.860589 0.594318 0.020202 2.612s
1491 0.860589 0.593259 0.0198496 2.61215s
1492 0.860589 0.591226 0.0193645 2.60332s
1493 0.860589 0.590389 0.0193775 2.58406s
1494 0.860589 0.588526 0.018982 2.54208s
1495 0.860589 0.592018 0.0191164 2.62s
1496 0.860589 0.593928 0.0194519 2.63244s
1497 0.860589 0.593824 0.019765 2.58034s
1498 0.860589 0.58954 0.0193212 2.53409s
1499 0.860589 0.586988 0.0187451 2.62499s
1500 0.860589 0.584274 0.018614 2.60428s
