10  23
10  35
10  44
10  56
13  29
13  40
14  1
14  27
14  39
14  50
14  52
15  78
16  17
16  62
17  85
17  89
17  90
18  15
18  18
18  61
18  87
18  92
19  64
19  94
20  14
20  38
20  41
20  44
20  65
21  23
21  35
21  56
22  9
22  70
23  11
23  28
23  51
23  68
27  12
27  40
27  67
28  19
28  60
29  29
30  1
30  50
31  27
31  39
31  52
32  44
33  78
34  23
34  35
34  56
35  85
35  89
35  90
36  17
36  62
37  87
37  92
40  18
40  61
40  94
42  15
44  40
44  64
45  44
47  56
48  14
48  29
48  35
48  50
49  1
49  23
49  38
49  41
50  65
51  27
51  97
52  82
53  39
53  52
54  85
54  92
55  89
55  90
56  9
56  17
56  70
58  87
59  78
61  44
61  56
62  51
63  94
65  28
66  35
67  23
67  40
67  50
67  62
68  11
68  68
70  92
72  1
73  19
74  27
76  89
76  90
77  56
78  14
78  29
79  17
79  18
79  61
80  85
81  31
81  87
84  44
86  92
87  39
88  50
89  35
89  52
89  94
91  23
93  12
93  67
95  56
99  89
99  90
101  15
102  92
103  27
104  97
106  87
107  17
108  44
109  1
109  85
110  35
111  78
115  50
116  56
117  94
118  64
118  92
119  48
123  14
123  89
123  90
128  23
129  44
130  11
131  35
131  68
132  40
132  87
133  39
133  60
140  85
141  52
147  94
148  89
148  90
148  92
153  38
153  44
153  62
154  29
154  87
155  35
156  41
159  65
160  23
168  52
168  87
170  78
171  29
171  62
172  85
173  89
174  82
174  90
177  23
179  11
179  92
179  94
180  68
181  27
182  65
182  87
191  29
191  62
192  60
196  87
197  23
197  78
199  89
201  90
201  94
204  39
204  85
209  52
209  92
210  87
215  65
215  94
216  29
216  35
217  62
217  78
217  82
222  39
225  23
226  89
227  64
228  90
229  87
229  94
237  85
238  9
239  18
239  92
240  56
240  90
242  28
243  39
243  94
244  70
246  35
249  41
252  44
252  90
253  61
253  89
254  18
254  56
254  64
256  67
258  94
259  9
263  50
264  28
264  90
269  15
269  87
269  92
270  41
270  56
271  85
272  18
274  44
276  90
280  89
287  9
288  56
288  90
290  67
295  18
298  41
299  92
300  90
302  51
303  44
303  87
305  28
305  85
305  94
306  40
307  89
309  56
310  52
310  97
312  90
324  18
324  90
329  92
330  9
333  56
334  89
335  87
336  90
339  41
339  44
339  85
346  94
348  90
359  56
359  90
359  92
360  67
361  18
361  89
365  1
366  87
370  90
371  52
373  85
375  28
377  44
381  90
383  94
385  56
387  9
388  41
388  89
389  92
392  90
396  87
397  18
403  90
406  38
407  85
410  56
410  64
413  44
413  90
413  94
415  89
419  35
419  92
420  39
422  27
423  90
424  52
424  94
425  17
426  87
428  28
428  82
429  50
429  64
429  78
430  41
431  67
432  18
432  39
433  35
433  90
434  9
435  56
435  94
441  85
442  89
443  90
445  39
446  94
447  44
447  61
447  78
448  35
448  87
449  92
450  23
451  40
452  29
452  64
453  15
453  52
453  62
453  90
457  50
457  65
457  87
457  94
458  78
459  23
459  39
461  60
462  29
464  62
465  35
466  87
467  82
467  94
468  56
469  12
469  23
469  78
469  89
471  65
471  90
472  52
473  29
473  39
474  35
474  85
475  62
475  87
478  92
478  94
479  48
480  23
480  68
481  11
481  60
482  78
483  35
484  19
484  87
485  29
486  39
487  62
487  65
489  40
489  44
490  94
491  27
492  23
492  52
493  82
493  87
493  97
495  50
495  68
496  11
496  89
496  92
498  1
498  14
498  17
498  29
500  35
501  62
502  27
502  87
505  23
505  50
505  92
506  19
506  65
506  85
507  17
507  44
507  60
510  1
510  14
511  87
512  68
512  70
513  11
513  29
514  27
514  92
515  40
515  56
516  50
516  52
516  97
517  17
517  62
518  78
520  1
520  44
521  23
521  31
521  85
522  82
523  14
523  40
523  89
523  92
524  87
526  19
526  35
527  27
528  17
528  50
530  1
530  44
530  85
532  40
532  92
533  56
534  15
534  68
535  11
537  90
538  14
539  85
540  1
540  17
540  44
540  97
541  40
541  50
541  92
542  27
549  85
550  92
551  1
551  40
551  44
551  89
552  19
552  51
552  56
553  17
554  35
555  14
556  50
557  15
558  85
559  27
559  92
562  40
562  44
562  94
563  1
563  11
563  68
566  97
567  17
568  85
568  92
569  90
572  50
573  56
574  40
574  44
575  14
576  1
576  89
577  27
577  92
578  35
578  85
579  31
581  61
582  38
583  15
583  17
584  89
585  51
585  70
586  40
586  92
587  44
588  85
588  87
589  12
589  19
589  27
590  1
590  35
590  50
593  97
594  23
595  56
595  92
597  87
598  14
598  85
599  40
599  90
600  11
600  17
600  29
600  44
600  68
600  94
604  92
605  1
605  61
605  87
606  23
607  62
608  85
609  29
610  50
610  52
610  65
613  87
613  92
614  40
614  44
614  82
615  89
617  27
617  56
617  78
618  23
618  35
618  94
619  17
619  60
619  62
619  85
620  29
620  39
621  87
621  97
622  92
623  50
626  14
626  52
626  65
627  78
627  90
627  94
628  35
629  39
629  87
631  56
631  92
632  23
632  62
634  29
634  64
634  90
636  52
636  82
636  94
637  87
638  35
638  39
638  78
639  18
641  41
641  90
642  28
642  48
642  68
643  9
643  11
644  44
644  89
645  60
645  65
645  87
645  94
646  52
646  67
647  23
647  62
648  39
648  64
648  90
649  35
650  18
650  29
650  78
651  56
653  87
654  41
654  94
655  90
656  28
657  9
658  82
661  52
661  87
662  18
662  90
663  78
663  94
664  23
664  39
664  64
664  67
665  62
669  41
670  90
672  89
672  94
673  28
674  9
676  18
678  90
679  56
681  94
683  39
684  64
686  41
686  90
688  67
690  94
691  18
694  28
694  90
695  9
700  87
701  89
702  90
707  41
707  56
709  18
710  85
710  90
718  90
720  92
722  9
726  67
726  90
729  89
730  18
733  41
734  90
735  56
741  28
742  90
744  94
747  85
750  90
752  18
752  94
754  9
754  92
757  39
757  87
757  89
758  56
758  90
759  64
760  94
761  41
764  87
765  90
766  78
767  52
768  28
768  94
769  39
770  23
770  29
770  35
771  87
772  62
772  90
773  44
774  18
774  56
774  65
775  67
775  82
776  52
776  78
776  92
776  94
777  35
778  64
778  87
779  39
779  44
779  85
779  90
780  23
780  29
780  50
780  56
781  60
782  89
783  27
783  35
783  62
783  92
784  1
784  17
784  44
784  94
785  23
785  40
785  52
785  87
786  9
786  15
786  56
786  78
786  85
786  90
787  11
787  38
787  61
787  68
788  14
788  29
788  35
788  50
788  65
788  89
788  97
789  39
789  41
789  70
790  23
790  27
790  44
790  51
790  92
792  12
792  19
792  87
792  94
793  1
793  40
793  56
793  64
793  82
793  85
793  90
794  17
794  35
794  52
794  89
795  15
795  61
795  62
796  23
796  38
796  44
796  50
797  18
797  29
797  78
797  92
798  27
798  70
799  28
799  87
800  35
800  39
800  56
800  90
800  94
801  14
801  40
801  51
801  85
801  89
802  1
802  23
802  44
802  60
803  61
803  65
804  12
804  52
804  92
805  11
805  15
805  17
805  38
805  50
805  68
805  97
806  27
806  29
806  35
806  87
807  56
807  90
808  23
808  44
808  62
808  89
808  94
809  70
809  78
809  85
810  19
810  40
810  48
810  64
811  92
812  1
812  35
812  39
812  61
812  82
813  51
813  67
813  87
814  23
814  44
814  50
814  56
814  90
815  27
815  38
815  52
815  89
816  15
816  29
816  94
817  9
817  14
817  17
817  85
818  12
818  35
818  41
818  92
820  23
820  40
820  87
821  31
821  44
821  61
821  70
821  90
822  56
822  65
822  78
822  89
823  1
823  18
823  62
824  27
824  50
824  94
824  97
825  35
825  39
825  85
825  92
826  38
826  51
827  23
827  29
827  52
827  87
828  11
828  44
828  68
828  90
829  15
829  89
830  17
830  40
830  56
831  60
831  61
831  64
832  35
832  82
832  92
832  94
833  85
