9  14
9  65
10  12
11  1
11  67
11  78
12  4
13  75
14  9
14  70
15  38
15  41
17  15
17  21
17  45
18  5
18  17
18  58
18  62
18  74
19  14
19  34
19  56
19  64
19  65
20  11
20  24
20  55
20  68
21  12
21  23
21  86
21  93
21  94
22  26
22  39
22  40
22  53
22  83
22  96
23  1
23  67
23  78
23  85
25  4
25  27
25  52
26  75
30  14
30  20
30  59
30  65
31  9
31  16
31  19
31  60
31  70
33  38
33  41
34  12
34  63
36  1
36  67
36  78
39  15
40  21
41  4
41  5
41  45
41  74
42  75
43  14
43  64
43  65
43  86
44  17
44  58
44  62
44  93
45  34
45  56
45  94
47  11
47  68
47  83
47  96
49  12
49  23
49  24
49  55
49  85
51  67
52  1
52  39
52  40
52  78
53  9
53  70
57  53
58  14
59  4
59  26
59  38
59  41
59  65
60  75
65  13
65  66
66  12
68  67
68  86
69  93
70  1
70  78
75  96
76  83
76  94
77  27
77  52
78  14
79  65
81  85
83  4
84  75
86  9
86  12
86  70
87  5
88  67
89  74
92  1
92  78
93  15
96  64
97  21
99  86
100  58
100  62
101  17
101  39
101  40
101  93
104  14
105  65
108  96
109  12
109  83
111  67
112  4
113  75
113  94
114  45
115  34
118  1
118  78
118  85
120  38
120  41
130  67
131  14
131  65
132  11
132  68
132  86
134  93
135  23
136  75
138  12
139  85
142  58
142  64
143  34
143  96
145  83
147  67
149  4
149  14
149  65
152  1
152  78
153  24
153  55
154  94
157  63
159  85
160  23
160  75
164  67
167  58
167  64
167  86
169  14
169  65
170  93
172  12
172  56
173  34
177  9
177  70
179  85
180  96
182  39
182  40
183  83
184  67
189  75
191  14
191  65
192  23
195  94
197  58
197  64
199  85
205  86
206  20
206  59
209  34
209  93
215  14
216  65
218  85
218  96
223  83
224  74
229  68
229  93
230  14
231  24
231  27
233  41
234  23
234  58
234  64
236  85
240  74
242  94
243  59
243  60
244  19
244  65
244  86
245  63
246  14
247  68
248  93
251  24
254  27
254  85
257  96
258  34
258  74
260  41
263  83
264  14
267  93
269  68
271  85
272  53
275  5
275  24
278  65
279  74
281  26
284  86
286  27
286  93
287  94
288  59
292  66
293  15
294  41
294  62
295  83
296  9
296  68
297  38
298  96
300  70
300  93
301  1
303  17
303  26
303  74
305  21
305  24
307  62
308  41
308  83
309  9
314  60
314  93
316  1
321  70
321  83
321  85
322  62
323  9
323  26
323  41
324  86
328  93
332  1
332  68
332  94
334  74
334  83
336  27
336  96
339  9
339  62
340  41
342  93
346  24
346  60
347  26
347  83
348  70
350  1
354  45
356  93
357  9
358  62
359  41
360  52
360  83
363  86
366  59
366  85
369  93
370  1
371  74
373  83
375  11
375  96
376  94
377  9
377  16
378  26
378  68
381  41
381  62
382  93
385  70
386  83
393  1
395  93
398  24
399  55
399  83
400  9
400  60
402  86
404  14
404  85
405  27
406  41
407  62
408  93
412  83
413  78
414  74
415  96
419  1
421  26
421  93
422  94
425  83
426  9
428  68
433  41
433  70
434  93
436  62
437  83
439  85
442  86
444  14
444  56
447  1
447  93
449  83
451  24
455  9
456  74
456  96
459  59
460  41
460  93
461  12
461  83
463  38
466  4
468  26
468  94
469  62
472  68
472  93
473  27
473  83
473  85
475  60
476  1
481  14
483  86
484  9
484  93
485  70
485  83
486  41
488  74
490  24
495  66
495  96
496  93
497  83
498  5
502  62
504  1
506  85
507  68
508  93
509  83
511  41
513  9
513  15
513  94
514  26
516  14
520  27
520  74
520  83
520  93
522  59
523  86
524  17
524  78
527  21
528  24
531  83
531  93
532  1
534  62
535  70
535  96
537  41
539  85
542  9
542  83
542  93
543  68
544  60
551  14
551  74
553  83
553  93
558  26
558  65
559  94
560  1
562  41
563  86
564  83
564  93
565  24
565  62
569  27
570  67
571  9
571  12
572  85
575  83
575  93
575  96
578  68
579  53
582  74
584  70
585  14
585  59
586  41
586  83
586  93
588  1
588  45
596  62
597  83
597  93
599  9
599  26
601  24
602  86
603  85
605  4
605  94
608  83
608  93
610  41
610  60
611  68
611  74
612  11
615  1
616  96
617  27
617  75
618  14
618  83
618  93
627  9
627  62
628  83
628  93
632  70
633  38
633  41
634  85
636  24
636  65
636  78
638  83
638  93
639  55
640  74
641  26
642  1
642  86
644  59
644  68
645  20
648  83
648  93
651  14
651  94
654  9
654  66
655  96
656  41
656  62
658  83
658  93
662  27
664  85
668  1
668  24
668  74
668  83
668  93
670  60
676  68
677  67
678  70
678  83
678  93
679  41
680  12
680  26
681  9
682  86
683  14
683  52
685  62
688  83
688  93
693  1
694  85
694  96
695  56
696  74
697  94
698  83
698  93
700  59
701  14
701  24
701  41
701  65
703  58
703  64
703  67
704  19
704  23
704  34
704  85
705  27
706  75
707  9
707  68
708  14
708  65
708  83
708  93
710  5
711  58
711  63
711  64
711  67
712  34
713  23
713  62
713  85
715  14
716  65
717  75
717  93
718  1
718  26
718  83
719  58
719  64
720  67
720  86
721  34
721  74
722  70
722  85
723  14
723  23
723  41
724  65
726  15
727  63
727  93
728  58
728  64
728  83
729  60
730  24
730  67
730  75
731  14
731  34
731  85
731  96
732  9
732  65
733  23
736  68
736  93
737  83
738  4
738  58
738  64
738  94
739  14
740  67
741  62
741  65
741  85
742  1
742  34
742  40
744  17
744  23
744  27
744  39
744  75
745  21
745  41
745  93
746  74
746  83
747  63
747  78
748  14
748  58
748  64
751  65
751  67
751  85
753  34
753  59
754  93
755  26
755  83
755  86
756  23
757  9
757  14
759  58
759  64
760  75
761  65
761  85
762  24
763  67
763  93
764  83
766  1
766  14
766  34
766  68
766  70
767  41
767  96
769  62
770  23
771  58
771  64
771  85
772  65
772  93
773  74
773  83
776  63
780  94
781  93
782  83
783  9
783  67
784  14
785  66
787  27
787  60
788  38
789  41
790  93
791  83
792  1
792  12
792  86
794  26
796  24
796  45
797  62
798  68
799  93
800  83
802  74
805  96
808  93
809  9
809  83
811  41
811  59
811  70
818  1
818  83
818  93
825  16
825  62
827  83
828  94
830  11
831  85
833  26
833  86
