0 0.500672 0.500002 2.91163e-09 0s
1 0.525874 0.500168 3.37686e-06 3.09032s
2 0.525994 0.500684 1.02198e-05 2.64645s
3 0.525994 0.501367 1.65995e-05 2.67814s
4 0.525994 0.501895 1.82824e-05 2.62732s
5 0.525994 0.502381 1.98146e-05 2.68958s
6 0.52695 0.503398 3.03561e-05 2.63105s
7 0.555413 0.504962 6.18261e-05 2.64085s
8 0.555413 0.50666 9.81186e-05 2.6893s
9 0.560691 0.506912 0.000121615 2.75815s
10 0.560691 0.507495 0.000131227 2.62881s
11 0.569972 0.509301 0.00019132 2.65749s
12 0.569972 0.509366 0.000217271 2.69263s
13 0.569972 0.509047 0.000221583 2.59992s
14 0.569972 0.509964 0.000245135 2.65925s
15 0.581204 0.511257 0.000290463 2.70468s
16 0.581204 0.512756 0.000363746 2.61009s
17 0.581204 0.513329 0.000384515 2.6995s
18 0.581204 0.513283 0.000399437 2.66073s
19 0.581204 0.514729 0.000457051 2.70909s
20 0.581204 0.515065 0.000491113 2.6318s
21 0.581204 0.514757 0.000496525 2.6604s
22 0.581204 0.51571 0.000502248 2.61279s
23 0.581204 0.515522 0.000529596 2.71185s
24 0.581204 0.515547 0.000547485 2.63278s
25 0.581204 0.514907 0.000536661 2.68905s
26 0.581204 0.515497 0.000535002 2.64322s
27 0.581204 0.515399 0.000540583 2.69149s
28 0.613804 0.516825 0.000625976 2.64616s
29 0.613804 0.517533 0.000656341 2.69543s
30 0.613804 0.517175 0.000689634 2.62509s
31 0.613804 0.516801 0.000683757 2.69548s
32 0.613804 0.517062 0.000733325 2.62893s
33 0.613804 0.517189 0.000741077 2.70766s
34 0.613804 0.517804 0.000764816 2.62715s
35 0.613804 0.518737 0.000766739 2.69352s
36 0.613804 0.518566 0.000773822 2.66746s
37 0.613804 0.518984 0.000775509 2.65262s
38 0.613804 0.519536 0.000801444 2.69734s
39 0.613804 0.519775 0.000836414 2.64696s
40 0.613804 0.520259 0.000859581 2.67403s
41 0.613804 0.519137 0.000846845 2.64882s
42 0.64 0.520433 0.000930748 2.63333s
43 0.64 0.520704 0.000935572 2.67363s
44 0.64 0.520252 0.000936587 2.62779s
45 0.64 0.520275 0.000948665 2.69412s
46 0.64 0.520817 0.000951922 2.67592s
47 0.64 0.522436 0.00102222 2.68358s
48 0.64 0.521666 0.00103362 2.68761s
49 0.64 0.522979 0.00105503 2.67468s
50 0.64 0.522104 0.00107946 2.63524s
51 0.64 0.521595 0.00108064 2.70689s
52 0.64 0.521415 0.00109462 2.64873s
53 0.64 0.522357 0.00109423 2.64946s
54 0.64 0.521319 0.00109975 2.62905s
55 0.64 0.522605 0.00116148 2.65961s
56 0.64 0.523213 0.00120399 2.65282s
57 0.64 0.523315 0.00124778 2.70275s
58 0.646983 0.523494 0.0013333 2.67343s
59 0.646983 0.523333 0.00135217 2.67771s
60 0.646983 0.524109 0.00134001 2.63482s
61 0.646983 0.525296 0.00136757 2.68958s
62 0.646983 0.524624 0.00139018 2.62365s
63 0.646983 0.524024 0.00138012 2.64555s
64 0.646983 0.526113 0.0013799 2.71053s
65 0.646983 0.525083 0.00138409 2.68997s
66 0.646983 0.524724 0.00138919 2.60824s
67 0.646983 0.52487 0.00140095 2.61941s
68 0.646983 0.524886 0.00138355 2.70065s
69 0.646983 0.524916 0.00144794 2.62153s
70 0.646983 0.52496 0.00148016 2.68945s
71 0.646983 0.524235 0.00150641 2.72262s
72 0.646983 0.523926 0.00147716 2.62852s
73 0.646983 0.523311 0.00145815 2.65795s
74 0.646983 0.524564 0.00146799 2.67238s
75 0.646983 0.526239 0.00154051 2.70883s
76 0.646983 0.5265 0.00155464 2.67854s
77 0.646983 0.525714 0.00152516 2.64129s
78 0.646983 0.526368 0.00156371 2.69391s
79 0.646983 0.526384 0.00160682 2.60782s
80 0.646983 0.526015 0.00159355 2.70362s
81 0.646983 0.526295 0.00161947 2.63441s
82 0.646983 0.527916 0.00163983 2.68405s
83 0.646983 0.528452 0.00165564 2.61347s
84 0.646983 0.526967 0.0016473 2.64796s
85 0.646983 0.527581 0.00168275 2.62692s
86 0.646983 0.526754 0.0017438 2.6684s
87 0.646983 0.527566 0.00175797 2.6566s
88 0.646983 0.52767 0.00175196 2.67781s
89 0.646983 0.527913 0.0017797 2.62918s
90 0.646983 0.527467 0.00179767 2.67272s
91 0.646983 0.526269 0.00180594 2.61446s
92 0.646983 0.526368 0.00180296 2.66756s
93 0.646983 0.527031 0.00178875 2.66598s
94 0.646983 0.527176 0.00179461 2.62642s
95 0.646983 0.52725 0.00179399 2.66294s
96 0.646983 0.527436 0.00178803 2.66982s
97 0.646983 0.527065 0.00182251 2.64499s
98 0.646983 0.528226 0.00180992 2.66529s
99 0.646983 0.529174 0.00184731 2.70697s
100 0.646983 0.529185 0.00186166 2.66469s
101 0.646983 0.530496 0.00192604 2.62326s
102 0.646983 0.529839 0.00190501 2.72761s
103 0.646983 0.528709 0.00187368 2.70289s
104 0.646983 0.529527 0.00190862 2.67861s
105 0.646983 0.529673 0.00190942 2.61209s
106 0.646983 0.528968 0.00194674 2.68404s
107 0.646983 0.52709 0.00188466 2.63588s
108 0.646983 0.527879 0.00187509 2.67635s
109 0.693606 0.527472 0.00199048 2.73067s
110 0.693606 0.527745 0.0019585 2.63923s
111 0.693606 0.530114 0.0021094 2.6958s
112 0.693606 0.529292 0.00208992 2.64574s
113 0.693606 0.528662 0.00206926 2.6809s
114 0.693606 0.528633 0.00206285 2.65839s
115 0.693606 0.529342 0.00205397 2.60599s
116 0.693606 0.528518 0.00206797 2.68738s
117 0.693606 0.529272 0.00205361 2.62235s
118 0.693606 0.52911 0.00205786 2.68342s
119 0.693606 0.529746 0.00208415 2.62979s
120 0.693606 0.529708 0.00210422 2.65132s
121 0.693606 0.529114 0.00209758 2.62227s
122 0.693606 0.52962 0.00210464 2.66355s
123 0.693606 0.528703 0.00209948 2.68819s
124 0.693606 0.530139 0.00211354 2.65413s
125 0.693606 0.530155 0.00214551 2.62541s
126 0.693606 0.529554 0.00216364 2.71073s
127 0.693606 0.530796 0.00221693 2.6672s
128 0.693606 0.528928 0.00216852 2.64191s
129 0.693606 0.530604 0.00216858 2.63033s
130 0.693606 0.529821 0.00221049 2.68141s
131 0.693606 0.52959 0.00225491 2.70017s
132 0.693606 0.531231 0.00226879 2.64383s
133 0.693606 0.532753 0.00236746 2.70202s
134 0.693606 0.532721 0.00234537 2.63654s
135 0.693606 0.53163 0.00241087 2.69959s
136 0.693606 0.532338 0.00246279 2.62449s
137 0.693606 0.533328 0.00249848 2.69867s
138 0.693606 0.533147 0.00250353 2.62472s
139 0.693606 0.531869 0.00249646 2.6319s
140 0.693606 0.532431 0.00246738 2.69371s
141 0.693606 0.531812 0.00249607 2.62598s
142 0.693606 0.530818 0.00248761 3.33619s
143 0.693606 0.531163 0.00247892 2.72477s
144 0.693606 0.530283 0.00247426 2.65566s
145 0.693606 0.531164 0.00248238 2.64905s
146 0.693606 0.531145 0.00248116 2.64082s
147 0.693606 0.53242 0.00247797 2.67732s
148 0.693606 0.532104 0.00244245 2.64145s
149 0.693606 0.532241 0.00239743 2.61591s
150 0.693606 0.53212 0.00244752 2.697s
151 0.693606 0.532572 0.00247722 2.63285s
152 0.693606 0.532661 0.00245152 2.69794s
153 0.693606 0.533066 0.00248282 2.63374s
154 0.693606 0.531907 0.00251776 2.61643s
155 0.693606 0.532831 0.00255497 2.69376s
156 0.693606 0.535204 0.00259101 2.6754s
157 0.693606 0.534568 0.00261042 2.74021s
158 0.693606 0.533168 0.00259776 2.68298s
159 0.693606 0.531368 0.00259261 2.63049s
160 0.693606 0.532259 0.00255788 2.64444s
161 0.693606 0.531851 0.00259619 2.66636s
162 0.693606 0.532261 0.00256885 2.65674s
163 0.693606 0.532572 0.00255825 2.69s
164 0.693606 0.53065 0.00253807 2.67687s
165 0.693606 0.530398 0.00251207 2.61575s
166 0.693606 0.531173 0.0025114 2.69427s
167 0.693606 0.531584 0.00255344 2.67508s
168 0.693606 0.532653 0.00252014 2.63576s
169 0.693606 0.533048 0.00256998 2.66816s
170 0.693606 0.533762 0.00255885 2.66888s
171 0.693606 0.533589 0.00260032 2.67807s
172 0.693606 0.533343 0.00261132 2.67201s
173 0.693606 0.53269 0.00259941 2.72845s
174 0.693606 0.53408 0.00265708 2.64267s
175 0.693606 0.534032 0.00271842 2.68225s
176 0.693606 0.536138 0.00280083 2.62281s
177 0.693606 0.53515 0.00281615 2.71339s
178 0.693606 0.535079 0.00278907 2.61887s
179 0.693606 0.534828 0.00280502 2.66817s
180 0.693606 0.534472 0.00285699 2.6484s
181 0.693606 0.534785 0.00289278 2.62644s
182 0.693606 0.535199 0.00287731 2.6033s
183 0.693606 0.53688 0.00290923 2.63006s
184 0.693606 0.535379 0.00289851 2.67916s
185 0.693606 0.535389 0.00287931 2.69427s
186 0.693606 0.534538 0.00285409 2.65423s
187 0.693606 0.53364 0.00286367 2.69502s
188 0.693606 0.533462 0.00283433 2.62277s
189 0.693606 0.532853 0.00283384 2.68812s
190 0.693606 0.533488 0.00286398 2.61999s
191 0.693606 0.533653 0.00284485 2.65757s
192 0.693606 0.534983 0.0028368 2.7001s
193 0.693606 0.534383 0.00282454 2.63019s
194 0.693606 0.533509 0.00282832 2.67661s
195 0.693606 0.535252 0.00283558 2.62531s
196 0.693606 0.534444 0.00284723 2.65546s
197 0.693606 0.535417 0.00296089 2.60654s
198 0.693606 0.535467 0.00294316 2.71229s
199 0.693606 0.535827 0.00288678 2.6139s
200 0.693606 0.53635 0.00292588 2.63939s
201 0.693606 0.536221 0.00288561 2.67292s
202 0.693606 0.536768 0.00296261 2.62403s
203 0.693606 0.535721 0.00295464 2.63189s
204 0.693606 0.535668 0.00290208 2.66919s
205 0.693606 0.535198 0.0029262 2.62378s
206 0.693606 0.535239 0.00291216 2.62495s
207 0.693606 0.535466 0.00287426 3.64632s
208 0.693606 0.534288 0.0028509 2.67428s
209 0.693606 0.533437 0.0028332 2.64213s
210 0.693606 0.533149 0.00285822 2.65069s
211 0.733235 0.536221 0.00308437 2.71406s
212 0.733235 0.535432 0.00311376 2.65293s
213 0.733235 0.535336 0.00310394 2.66966s
214 0.733235 0.537573 0.00314737 2.69164s
215 0.733235 0.535923 0.00312321 2.65348s
216 0.733235 0.536021 0.00310558 2.62482s
217 0.733235 0.535766 0.00310392 2.67377s
218 0.733235 0.536964 0.00314646 2.67765s
219 0.733235 0.536536 0.00314997 2.68243s
220 0.733235 0.535299 0.00310429 2.63242s
221 0.733235 0.53582 0.00308884 2.63761s
222 0.733235 0.535378 0.00306531 2.68683s
223 0.733235 0.53472 0.00306801 2.60425s
224 0.733235 0.534509 0.00300683 2.6131s
225 0.733235 0.534483 0.00300079 2.62238s
226 0.733235 0.534865 0.00294755 2.71139s
227 0.733235 0.534053 0.00294335 2.64761s
228 0.733235 0.534564 0.0030353 2.6149s
229 0.733235 0.534689 0.00304764 2.65417s
230 0.733235 0.535579 0.00308888 2.74339s
231 0.733235 0.534994 0.00310926 2.63156s
232 0.733235 0.535179 0.00311365 2.71302s
233 0.733235 0.535287 0.00316828 2.63613s
234 0.733235 0.536126 0.00320784 2.70927s
235 0.733235 0.536027 0.00324834 2.62182s
236 0.733235 0.535631 0.00326668 2.67933s
237 0.733235 0.536069 0.00323548 2.61685s
238 0.733235 0.535911 0.00323342 2.69802s
239 0.733235 0.536637 0.003284 2.59802s
240 0.733235 0.537213 0.00333588 2.63887s
241 0.733235 0.53721 0.00329912 2.69094s
242 0.733235 0.538167 0.00338884 2.66604s
243 0.733235 0.53785 0.00337668 2.64847s
244 0.733235 0.537218 0.00336923 2.64323s
245 0.733235 0.536941 0.00336514 2.62514s
246 0.733235 0.537711 0.00334678 2.66313s
247 0.733235 0.535467 0.0033202 2.65933s
248 0.733235 0.53583 0.00332576 2.65075s
249 0.733235 0.537189 0.00338723 2.62742s
250 0.733235 0.536727 0.00339661 2.67233s
251 0.733235 0.535221 0.00338134 2.67697s
252 0.733235 0.534637 0.0033798 2.62095s
253 0.733235 0.535381 0.00331142 2.64576s
254 0.733235 0.534158 0.0033585 2.66205s
255 0.733235 0.533971 0.00329391 2.69433s
256 0.733235 0.535706 0.00329826 2.64991s
257 0.733235 0.53755 0.00333826 2.67751s
258 0.733235 0.536366 0.00329685 2.6312s
259 0.733235 0.537162 0.00329194 2.66452s
260 0.733235 0.538251 0.00334985 2.69732s
261 0.733235 0.53617 0.00331179 2.62908s
262 0.733235 0.53728 0.00330441 2.68089s
263 0.733235 0.538066 0.00336894 2.62967s
264 0.733235 0.537606 0.003399 2.69862s
265 0.733235 0.53618 0.00333446 2.66331s
266 0.733235 0.536476 0.0033113 2.63208s
267 0.733235 0.536438 0.00330297 2.68637s
268 0.733235 0.536363 0.00334815 2.65426s
269 0.733235 0.536343 0.00333822 2.63667s
270 0.733235 0.537878 0.00338477 2.68633s
271 0.733235 0.536685 0.00330104 2.62216s
272 0.733235 0.536383 0.00331763 2.64854s
273 0.733235 0.536006 0.00335762 2.67486s
274 0.733235 0.535515 0.0033604 2.62833s
275 0.733235 0.536418 0.00340408 2.73562s
276 0.733235 0.537741 0.00340017 2.6678s
277 0.733235 0.537814 0.00337878 2.64489s
278 0.733235 0.537373 0.00350578 2.68139s
279 0.733235 0.536155 0.00345972 2.62719s
280 0.733235 0.535117 0.00342096 2.6609s
281 0.733235 0.535542 0.00339576 2.63764s
282 0.733235 0.537893 0.00345297 2.67334s
283 0.733235 0.537523 0.00353021 2.64152s
284 0.733235 0.538554 0.00347065 2.62359s
285 0.733235 0.538085 0.00349354 2.688s
286 0.733235 0.538384 0.00346453 2.65816s
287 0.733235 0.538151 0.00344778 2.70281s
288 0.733235 0.53672 0.00346462 2.65777s
289 0.733235 0.536999 0.00351421 2.68768s
290 0.733235 0.538392 0.00364026 2.61783s
291 0.733235 0.536678 0.00357894 2.64613s
292 0.733235 0.53694 0.00364158 2.65822s
293 0.733235 0.537394 0.00358099 2.6762s
294 0.733235 0.53812 0.00361477 2.61709s
295 0.733235 0.537335 0.0035941 2.66581s
296 0.733235 0.536785 0.00353906 2.64217s
297 0.733235 0.536219 0.00353072 2.63077s
298 0.733235 0.53697 0.0035283 2.65952s
299 0.733235 0.536943 0.00352106 2.60548s
300 0.733235 0.535161 0.0034864 2.59335s
301 0.733235 0.535259 0.0034949 2.69259s
302 0.733235 0.536214 0.00340316 2.65203s
303 0.733235 0.535984 0.00346464 2.68461s
304 0.733235 0.536943 0.00346824 2.68097s
305 0.733235 0.537071 0.00347391 2.64812s
306 0.733235 0.537284 0.00357419 2.69417s
307 0.733235 0.537454 0.00354878 2.67482s
308 0.733235 0.536737 0.00351961 2.66913s
309 0.733235 0.536948 0.00347736 2.63757s
310 0.733235 0.536078 0.00344018 2.65669s
311 0.733235 0.535792 0.00345424 2.67226s
312 0.733235 0.536226 0.00339344 2.70256s
313 0.733235 0.537573 0.00355298 2.67196s
314 0.733235 0.538779 0.00353229 2.63687s
315 0.733235 0.538852 0.00362115 2.64724s
316 0.733235 0.538954 0.00364175 2.65995s
317 0.733235 0.536861 0.0035379 2.69558s
318 0.733235 0.537005 0.00355718 2.60401s
319 0.733235 0.536805 0.00354839 2.66691s
320 0.733235 0.537785 0.00353837 2.65419s
321 0.733235 0.536808 0.00362092 2.5941s
322 0.733235 0.534536 0.00358812 2.61918s
323 0.733235 0.536446 0.0036657 2.66464s
324 0.733235 0.536663 0.00368207 2.68831s
325 0.733235 0.537968 0.00357967 2.64748s
326 0.733235 0.536647 0.00358181 2.66618s
327 0.733235 0.536256 0.0035987 2.62998s
328 0.733235 0.539297 0.00364772 2.68045s
329 0.733235 0.540079 0.00370552 2.63826s
330 0.733235 0.538938 0.00367104 2.69593s
331 0.733235 0.540501 0.00374546 2.66851s
332 0.733235 0.54108 0.00370908 2.64963s
333 0.733235 0.541128 0.0038031 2.63134s
334 0.733235 0.539589 0.00383913 2.67009s
335 0.733235 0.539953 0.00383959 2.61579s
336 0.733235 0.538858 0.00373335 2.6712s
337 0.733235 0.537445 0.00372735 2.63149s
338 0.733235 0.539101 0.00385513 2.71091s
339 0.733235 0.541587 0.00395267 2.64036s
340 0.733235 0.541369 0.00398845 2.65099s
341 0.733235 0.539234 0.00394586 2.64861s
342 0.733235 0.538315 0.00401278 2.69633s
343 0.733235 0.53888 0.0039977 2.65569s
344 0.733235 0.53889 0.00400645 2.64473s
345 0.733235 0.541243 0.00403029 2.66769s
346 0.733235 0.54124 0.00405671 2.62851s
347 0.733235 0.541716 0.00407113 2.66947s
348 0.733235 0.540738 0.00406556 2.66299s
349 0.733235 0.540071 0.00401916 2.67256s
350 0.733235 0.542516 0.00419423 2.69418s
351 0.733235 0.541772 0.00423184 2.5995s
352 0.733235 0.54043 0.00421656 2.63696s
353 0.733235 0.540513 0.00415335 2.65958s
354 0.733235 0.540234 0.00416258 2.66777s
355 0.733235 0.538691 0.0041104 2.6884s
356 0.733235 0.537757 0.00408673 2.66526s
357 0.733235 0.537176 0.00400813 2.61953s
358 0.733235 0.537634 0.00398602 2.70114s
359 0.733235 0.538049 0.00397488 2.66322s
360 0.733235 0.538042 0.00397765 2.70099s
361 0.733235 0.537824 0.00389061 2.64321s
362 0.733235 0.538712 0.00397295 2.63974s
363 0.733235 0.53961 0.00415991 2.59231s
364 0.733235 0.540614 0.00420588 2.71386s
365 0.733235 0.540321 0.00421011 2.6903s
366 0.733235 0.543099 0.00427038 2.69154s
367 0.733235 0.542361 0.004279 2.69323s
368 0.733235 0.542925 0.00422336 2.65086s
369 0.733235 0.541335 0.00427656 2.66628s
370 0.733235 0.539961 0.00433331 2.65321s
371 0.733235 0.539982 0.00428576 2.62486s
372 0.733235 0.539427 0.00429634 2.6179s
373 0.733235 0.540202 0.00428234 2.64497s
374 0.733235 0.540307 0.00424604 2.64542s
375 0.733235 0.539799 0.00421845 2.64955s
376 0.733235 0.540144 0.00421358 2.64036s
377 0.733235 0.541456 0.00417523 2.62445s
378 0.733235 0.541237 0.00423133 2.69589s
379 0.733235 0.540873 0.00429101 2.61306s
380 0.733235 0.540857 0.00418232 2.64281s
381 0.733235 0.541985 0.0042065 2.68107s
382 0.733235 0.541897 0.00413447 2.60121s
383 0.733235 0.540495 0.00418242 2.64113s
384 0.733235 0.540372 0.00418028 2.66145s
385 0.733235 0.539262 0.00419007 2.67458s
386 0.733235 0.538302 0.00416473 2.60176s
387 0.733235 0.538946 0.00412132 2.73196s
388 0.733235 0.539906 0.00410404 2.66187s
389 0.733235 0.54005 0.0040901 2.69742s
390 0.733235 0.539008 0.00408224 2.70889s
391 0.733235 0.538726 0.00411142 2.62204s
392 0.733235 0.53871 0.0041277 2.63482s
393 0.733235 0.541909 0.00428499 2.70951s
394 0.733235 0.543083 0.00427552 2.66614s
395 0.733235 0.541783 0.00432466 2.68479s
396 0.733235 0.540874 0.00437928 2.67021s
397 0.733235 0.540097 0.00436777 2.59342s
398 0.733235 0.53938 0.00428004 2.63739s
399 0.733235 0.53882 0.00422149 2.69948s
400 0.733235 0.538925 0.00422052 2.63298s
401 0.733235 0.541738 0.00428452 2.64925s
402 0.733235 0.541941 0.00431109 2.62154s
403 0.733235 0.5416 0.00426814 2.63067s
404 0.733235 0.541964 0.00430868 2.66255s
405 0.733235 0.541532 0.00436339 2.71736s
406 0.733235 0.541243 0.00432656 2.69127s
407 0.733235 0.542505 0.00432143 2.6048s
408 0.733235 0.541307 0.00433994 2.68751s
409 0.733235 0.542301 0.00438833 2.6728s
410 0.733235 0.540968 0.0044211 2.62643s
411 0.733235 0.542328 0.00441542 2.65403s
412 0.733235 0.541387 0.00446021 2.61823s
413 0.733235 0.543518 0.00441083 2.65222s
414 0.733235 0.542238 0.00449605 2.6989s
415 0.733235 0.5414 0.00450998 2.65016s
416 0.733235 0.541649 0.00446163 2.63363s
417 0.733235 0.539706 0.00442315 2.6327s
418 0.733235 0.538426 0.00437072 2.63946s
419 0.733235 0.538869 0.00433857 2.69654s
420 0.733235 0.539362 0.00430133 2.61789s
421 0.733235 0.539318 0.00421627 2.71988s
422 0.733235 0.539746 0.00424876 2.61816s
423 0.733235 0.538375 0.00426307 2.67153s
424 0.733235 0.538642 0.00417862 2.66283s
425 0.733235 0.539001 0.00421508 2.6837s
426 0.733235 0.537525 0.00419722 2.65055s
427 0.733235 0.538761 0.00422551 2.62383s
428 0.733235 0.540255 0.00429421 2.62612s
429 0.733235 0.542883 0.00438034 2.67963s
430 0.733235 0.541437 0.00436555 2.69248s
431 0.733235 0.54094 0.00436004 2.61664s
432 0.733235 0.542767 0.00434927 2.674s
433 0.733235 0.54151 0.00426148 2.60068s
434 0.733235 0.541483 0.00427456 3.60385s
435 0.733235 0.541681 0.00424772 2.6608s
436 0.733235 0.539757 0.00424771 2.61803s
437 0.733235 0.540664 0.00416365 2.68175s
438 0.733235 0.540101 0.00417177 2.62572s
439 0.733235 0.540901 0.00426211 2.66715s
440 0.733235 0.540803 0.00424885 2.71415s
441 0.733235 0.540083 0.00420192 2.63804s
442 0.733235 0.53874 0.00425542 2.63266s
443 0.733235 0.538567 0.00426855 2.70389s
444 0.733235 0.538173 0.00428418 2.63198s
445 0.733235 0.538491 0.00428211 2.64781s
446 0.733235 0.53878 0.0041901 2.68434s
447 0.733235 0.536677 0.00410343 2.67526s
448 0.733235 0.537596 0.00413214 2.64123s
449 0.733235 0.537679 0.00418669 2.64274s
450 0.733235 0.536155 0.00420761 2.65986s
451 0.733235 0.536484 0.00421547 2.66524s
452 0.733235 0.537316 0.00418119 2.64562s
453 0.733235 0.538653 0.00422377 2.63341s
454 0.733235 0.541135 0.00428388 2.61483s
455 0.733235 0.541051 0.00440693 2.68713s
456 0.733235 0.540363 0.00431835 2.61702s
457 0.733235 0.541136 0.00435199 2.69192s
458 0.733235 0.540322 0.00429834 2.64699s
459 0.733235 0.541719 0.00434893 2.64623s
460 0.733235 0.540413 0.00437314 2.78497s
461 0.733235 0.541405 0.00433108 2.65715s
462 0.733235 0.542577 0.00442987 2.61137s
463 0.733235 0.541528 0.00438237 2.65402s
464 0.733235 0.539795 0.00439334 2.61224s
465 0.733235 0.540741 0.00434502 2.66481s
466 0.733235 0.539307 0.00433009 2.67286s
467 0.733235 0.540896 0.00449566 2.75152s
468 0.733235 0.540989 0.00450763 2.67707s
469 0.733235 0.541824 0.00458965 2.69236s
470 0.733235 0.542812 0.00456249 2.63571s
471 0.733235 0.541955 0.0045055 2.6671s
472 0.733235 0.540762 0.00454538 2.64726s
473 0.733235 0.540442 0.00455084 2.63207s
474 0.733235 0.541141 0.00461812 2.65815s
475 0.733235 0.541617 0.00460206 2.67859s
476 0.733235 0.543621 0.00478044 2.62321s
477 0.733235 0.542859 0.00476555 2.6351s
478 0.733235 0.542058 0.00475034 2.65571s
479 0.733235 0.542342 0.00477031 2.62837s
480 0.733235 0.542387 0.00480219 2.6846s
481 0.733235 0.542903 0.00479731 2.64803s
482 0.733235 0.542125 0.0048282 2.61081s
483 0.733235 0.541552 0.00479325 2.6963s
484 0.733235 0.542849 0.00483833 2.59794s
485 0.733235 0.543257 0.00483123 2.64963s
486 0.733235 0.542056 0.00466734 2.65208s
487 0.733235 0.540112 0.00465337 2.6346s
488 0.733235 0.540845 0.0046162 2.6893s
489 0.733235 0.541121 0.00462524 2.66329s
490 0.733235 0.541314 0.00460434 2.62521s
491 0.733235 0.540083 0.00466173 2.72591s
492 0.733235 0.539884 0.00458177 2.61928s
493 0.733235 0.541021 0.0045941 2.7637s
494 0.733235 0.540842 0.0046547 2.70689s
495 0.733235 0.540162 0.00458628 2.62228s
496 0.733235 0.539681 0.00456556 2.70143s
497 0.733235 0.541275 0.00458151 2.64046s
498 0.733235 0.540133 0.00456887 2.65444s
499 0.733235 0.539832 0.00454424 2.65131s
500 0.733235 0.53901 0.00452826 2.69011s
501 0.733235 0.540264 0.00453654 2.62105s
502 0.733235 0.540669 0.00456834 2.62687s
503 0.733235 0.540393 0.00446066 2.70568s
504 0.733235 0.53998 0.00438239 2.67645s
505 0.733235 0.53898 0.00447172 2.67066s
506 0.733235 0.540188 0.00444738 2.6928s
507 0.733235 0.541131 0.00448707 2.6537s
508 0.733235 0.541474 0.0044661 2.67284s
509 0.733235 0.5423 0.00449605 2.66875s
510 0.733235 0.541469 0.00451114 2.66899s
511 0.733235 0.541597 0.00449945 2.65871s
512 0.733235 0.542107 0.00451975 2.61811s
513 0.733235 0.542171 0.00456533 2.6909s
514 0.733235 0.542864 0.00449484 2.64753s
515 0.733235 0.541524 0.00446933 2.68523s
516 0.733235 0.540419 0.00449028 2.65443s
517 0.733235 0.540172 0.00447012 2.66343s
518 0.733235 0.540541 0.00447611 2.61494s
519 0.733235 0.542079 0.00453631 2.67401s
520 0.733235 0.54085 0.00454431 2.62758s
521 0.733235 0.540029 0.00457532 2.62325s
522 0.733235 0.54054 0.00452126 2.71175s
523 0.733235 0.539212 0.00451308 2.65397s
524 0.733235 0.538314 0.00450851 2.6099s
525 0.733235 0.537857 0.00451517 2.64512s
526 0.733235 0.538339 0.00450214 2.61114s
527 0.733235 0.538555 0.00448746 2.63047s
528 0.733235 0.539658 0.00444766 2.63027s
529 0.733235 0.538536 0.0044412 2.65632s
530 0.733235 0.540467 0.00446102 2.7059s
531 0.733235 0.543235 0.00457999 2.61625s
532 0.733235 0.542161 0.004644 2.60667s
533 0.733235 0.54164 0.00461077 2.70217s
534 0.733235 0.542323 0.00459876 2.60491s
535 0.733235 0.540716 0.00461562 2.69138s
536 0.733235 0.539321 0.00454854 2.6423s
537 0.733235 0.538742 0.00450497 2.69421s
538 0.733235 0.53811 0.0045379 2.65181s
539 0.733235 0.538125 0.00453694 2.59857s
540 0.733235 0.539229 0.0045049 2.69262s
541 0.733235 0.538764 0.0044936 2.65461s
542 0.733235 0.538761 0.00449543 2.65785s
543 0.733235 0.538488 0.00444634 2.64005s
544 0.733235 0.53754 0.00443954 2.64346s
545 0.733235 0.536494 0.00445911 2.67924s
546 0.733235 0.536572 0.00441314 2.65546s
547 0.733235 0.536629 0.00437992 2.6745s
548 0.733235 0.536253 0.00436068 2.61689s
549 0.733235 0.536903 0.00434788 2.64794s
550 0.733235 0.537692 0.00432824 2.63949s
551 0.733235 0.537517 0.00434008 2.66825s
552 0.733235 0.539252 0.00432503 2.67759s
553 0.733235 0.538704 0.00438098 2.65227s
554 0.733235 0.538773 0.00438463 2.65952s
555 0.733235 0.53995 0.0043857 2.64432s
556 0.733235 0.539605 0.00438717 2.63746s
557 0.733235 0.540083 0.00445548 2.61876s
558 0.733235 0.538726 0.00446307 2.5971s
559 0.733235 0.542142 0.00462361 2.69389s
560 0.733235 0.541485 0.00460475 2.61866s
561 0.733235 0.541119 0.00461648 2.6394s
562 0.733235 0.540763 0.00461604 2.68105s
563 0.733235 0.540393 0.00455527 2.64762s
564 0.733235 0.540319 0.00458934 2.67909s
565 0.733235 0.54121 0.00458232 2.6475s
566 0.733235 0.541176 0.00463922 2.61784s
567 0.733235 0.540518 0.00460182 2.67865s
568 0.733235 0.540847 0.00457353 2.6125s
569 0.733235 0.539983 0.0045476 2.65033s
570 0.733235 0.540356 0.00453608 2.67021s
571 0.733235 0.540739 0.00452835 2.61161s
572 0.733235 0.540429 0.00450899 2.68458s
573 0.733235 0.539733 0.00452096 2.59626s
574 0.733235 0.539936 0.00445603 2.6219s
575 0.733235 0.539385 0.00440037 2.70862s
576 0.733235 0.5389 0.00443552 2.62772s
577 0.733235 0.537898 0.00443535 2.68005s
578 0.733235 0.538086 0.00441644 2.64364s
579 0.733235 0.538949 0.00438699 2.62903s
580 0.733235 0.538967 0.00438779 2.699s
581 0.733235 0.538997 0.00439736 2.63666s
582 0.733235 0.539105 0.00438236 2.66039s
583 0.733235 0.538211 0.00441957 2.65723s
584 0.733235 0.538188 0.00441324 2.66253s
585 0.733235 0.537682 0.00439745 2.6747s
586 0.733235 0.538114 0.00428494 2.67227s
587 0.733235 0.537691 0.00431189 2.72184s
588 0.733235 0.537926 0.00445739 2.66634s
589 0.733235 0.540535 0.00447528 2.61141s
590 0.733235 0.540204 0.00457952 2.59697s
591 0.733235 0.541359 0.00471578 2.64402s
592 0.733235 0.541736 0.00468045 2.71205s
593 0.733235 0.540293 0.00474195 2.61366s
594 0.733235 0.542913 0.00486478 2.71346s
595 0.733235 0.542466 0.00485108 2.69385s
596 0.733235 0.541737 0.00485612 2.60643s
597 0.733235 0.543423 0.00500739 2.6089s
598 0.733235 0.543189 0.00496822 2.67841s
599 0.733235 0.541385 0.00496902 2.69014s
600 0.733235 0.541771 0.00493621 2.65292s
601 0.733235 0.539941 0.0048552 2.64185s
602 0.733235 0.541168 0.00490329 2.62901s
603 0.733235 0.541658 0.0048446 2.70705s
604 0.745784 0.542004 0.00496379 2.65919s
605 0.745784 0.541993 0.00494273 2.6667s
606 0.745784 0.541271 0.00489947 2.62163s
607 0.745784 0.540127 0.0048664 2.66006s
608 0.745784 0.540659 0.00484701 2.68194s
609 0.745784 0.541315 0.00478636 2.64367s
610 0.745784 0.540195 0.00484939 2.63298s
611 0.745784 0.540691 0.00484451 2.71723s
612 0.745784 0.540005 0.00480523 2.59325s
613 0.745784 0.540617 0.00486633 2.63119s
614 0.745784 0.539827 0.00488045 2.6775s
615 0.745784 0.539662 0.00486443 2.66556s
616 0.745784 0.540939 0.00484803 2.65974s
617 0.745784 0.541426 0.0048237 2.66446s
618 0.745784 0.540126 0.00474781 2.70463s
619 0.745784 0.541466 0.00470686 2.62649s
620 0.745784 0.541832 0.00476182 2.69088s
621 0.745784 0.540745 0.00475774 2.59437s
622 0.745784 0.542442 0.00483118 2.69714s
623 0.745784 0.541223 0.00488451 2.64084s
624 0.745784 0.540033 0.00492291 2.61325s
625 0.745784 0.539771 0.00486592 2.6518s
626 0.745784 0.539043 0.00478994 2.64412s
627 0.745784 0.538211 0.00474639 2.61599s
628 0.745784 0.537857 0.00473092 2.66851s
629 0.745784 0.538162 0.0046516 2.61885s
630 0.745784 0.538146 0.00465236 2.64431s
631 0.745784 0.539428 0.004669 2.64588s
632 0.745784 0.539456 0.00464821 2.70885s
633 0.745784 0.540441 0.00470714 2.59706s
634 0.745784 0.538969 0.00468411 2.66983s
635 0.745784 0.539871 0.00472987 2.6538s
636 0.745784 0.541261 0.00470533 2.65787s
637 0.745784 0.541148 0.00472994 2.69407s
638 0.745784 0.54261 0.00485407 2.62418s
639 0.745784 0.542166 0.00485615 2.63086s
640 0.745784 0.542266 0.00487796 2.67746s
641 0.745784 0.541966 0.00485902 2.66397s
642 0.745784 0.541282 0.00480075 2.67952s
643 0.745784 0.541744 0.00474879 2.68221s
644 0.745784 0.540857 0.00475168 2.62794s
645 0.745784 0.541275 0.00476073 2.66465s
646 0.745784 0.541366 0.00480031 2.62294s
647 0.745784 0.540359 0.00479747 2.67308s
648 0.745784 0.53887 0.00470248 2.66763s
649 0.745784 0.539066 0.00470147 2.62895s
650 0.745784 0.538718 0.00470354 2.61216s
651 0.745784 0.541945 0.00463604 2.64615s
652 0.745784 0.54179 0.00462164 2.63915s
653 0.745784 0.543769 0.00481247 2.67075s
654 0.745784 0.542417 0.0048193 2.62829s
655 0.745784 0.541086 0.00484372 2.61585s
656 0.745784 0.544343 0.00511696 2.67394s
657 0.745784 0.544646 0.00506904 2.63641s
658 0.745784 0.543084 0.00516012 2.6099s
659 0.745784 0.542013 0.00505673 2.72161s
660 0.745784 0.542319 0.00505349 2.59535s
661 0.745784 0.540879 0.00494612 2.6745s
662 0.745784 0.539269 0.00490282 3.54734s
663 0.745784 0.53874 0.00491543 2.65094s
664 0.745784 0.538878 0.0049232 2.6263s
665 0.745784 0.540487 0.00489178 2.62536s
666 0.745784 0.542028 0.00491912 2.70013s
667 0.745784 0.541935 0.00494476 2.62646s
668 0.745784 0.54314 0.00508956 2.67039s
669 0.745784 0.544851 0.00521992 2.66551s
670 0.745784 0.544358 0.00526827 2.67963s
671 0.745784 0.545376 0.0052789 2.69236s
672 0.745784 0.54443 0.0052189 2.61195s
673 0.745784 0.542717 0.00514955 2.67607s
674 0.745784 0.542387 0.00504262 2.68138s
675 0.745784 0.54324 0.00503307 2.64327s
676 0.745784 0.542425 0.00506373 2.66015s
677 0.745784 0.541279 0.0050333 2.66781s
678 0.745784 0.54097 0.00494881 2.60958s
679 0.745784 0.541304 0.00496162 2.73826s
680 0.745784 0.54238 0.00498727 2.6769s
681 0.745784 0.542092 0.00500007 2.66961s
682 0.745784 0.541155 0.00500599 2.73608s
683 0.745784 0.54129 0.00508769 2.60994s
684 0.745784 0.543001 0.00530341 2.61094s
685 0.745784 0.545999 0.00527623 2.68645s
686 0.745784 0.546193 0.00537363 2.59844s
687 0.745784 0.545742 0.00539831 2.6866s
688 0.745784 0.546909 0.00544851 2.6461s
689 0.745784 0.545742 0.00548475 2.63352s
690 0.745784 0.546761 0.00546905 2.68313s
691 0.745784 0.543871 0.00545665 2.66439s
692 0.745784 0.542903 0.00539962 2.66152s
693 0.745784 0.543697 0.00535325 2.66064s
694 0.745784 0.544413 0.00533135 2.66936s
695 0.745784 0.545847 0.00536532 2.62566s
696 0.745784 0.544807 0.00538496 2.63059s
697 0.745784 0.544627 0.00539787 2.69637s
698 0.745784 0.54356 0.00537023 2.66327s
699 0.745784 0.54541 0.00539979 2.671s
700 0.745784 0.545968 0.00537452 2.61262s
701 0.745784 0.544392 0.00540329 2.66375s
702 0.745784 0.54339 0.00535299 2.65981s
703 0.745784 0.542761 0.00534496 2.63754s
704 0.745784 0.542752 0.005332 2.60765s
705 0.745784 0.542905 0.00530084 2.71064s
706 0.745784 0.544542 0.00525192 2.65183s
707 0.745784 0.544421 0.00527259 2.6735s
708 0.745784 0.543176 0.00530486 2.6081s
709 0.745784 0.543813 0.00527575 2.65328s
710 0.745784 0.544002 0.00528114 2.68705s
711 0.745784 0.542774 0.00526525 2.65589s
712 0.745784 0.544202 0.00529185 2.67826s
713 0.745784 0.545759 0.00517452 2.68953s
714 0.745784 0.545107 0.00522519 2.70586s
715 0.745784 0.545517 0.00530935 2.67987s
716 0.745784 0.545643 0.00531902 2.59507s
717 0.745784 0.545502 0.00531764 2.67535s
718 0.745784 0.543208 0.00541148 2.60364s
719 0.745784 0.544229 0.00541249 2.69764s
720 0.745784 0.543664 0.00536236 2.59714s
721 0.745784 0.543521 0.00541367 2.64725s
722 0.745784 0.541923 0.00534465 2.62673s
723 0.745784 0.541251 0.00521473 2.71461s
724 0.745784 0.542423 0.00518228 2.65968s
725 0.745784 0.542536 0.00518644 2.67456s
726 0.745784 0.542993 0.00518976 2.61269s
727 0.745784 0.542801 0.00521101 2.65276s
728 0.745784 0.541687 0.00522279 2.65046s
729 0.745784 0.542081 0.00522494 2.66809s
730 0.745784 0.54232 0.00519096 2.62697s
731 0.745784 0.544188 0.00517107 2.73945s
732 0.745784 0.544458 0.00526069 2.62788s
733 0.745784 0.544577 0.00526754 2.6781s
734 0.745784 0.54379 0.00530406 2.67846s
735 0.745784 0.542624 0.00528945 2.61946s
736 0.745784 0.543752 0.00529197 2.69221s
737 0.745784 0.544015 0.00527387 2.65684s
738 0.745784 0.544702 0.00530229 2.66075s
739 0.745784 0.545327 0.00531335 2.63098s
740 0.745784 0.545196 0.00530737 2.70268s
741 0.745784 0.544381 0.00519821 2.59951s
742 0.745784 0.542835 0.00516922 2.70854s
743 0.745784 0.542227 0.00516411 2.66426s
744 0.745784 0.542621 0.00513831 2.63651s
745 0.745784 0.541981 0.0051492 2.66884s
746 0.745784 0.541762 0.00511664 2.66343s
747 0.745784 0.540128 0.0050168 2.71522s
748 0.745784 0.539594 0.00499757 2.71973s
749 0.745784 0.541495 0.00504109 2.61059s
750 0.745784 0.541841 0.00516662 2.66127s
751 0.745784 0.543027 0.00522274 2.62697s
752 0.745784 0.543116 0.00516721 2.67618s
753 0.745784 0.54243 0.00520793 2.60761s
754 0.745784 0.543894 0.00519219 2.69859s
755 0.745784 0.543362 0.00519459 2.68967s
756 0.745784 0.543186 0.0052047 2.65159s
757 0.745784 0.543632 0.00529697 2.68229s
758 0.745784 0.544289 0.00536365 2.62788s
759 0.745784 0.544118 0.0053486 2.68357s
760 0.745784 0.543969 0.00533171 2.67549s
761 0.745784 0.544348 0.00535143 2.60852s
762 0.745784 0.545639 0.0054926 2.69011s
763 0.745784 0.54316 0.00546938 2.63847s
764 0.745784 0.54319 0.00542337 2.63877s
765 0.745784 0.542684 0.00543131 2.64247s
766 0.745784 0.545255 0.00546902 2.67009s
767 0.745784 0.544846 0.00550963 2.62864s
768 0.745784 0.544045 0.00539826 2.66725s
769 0.745784 0.544235 0.00537818 2.62356s
770 0.745784 0.54369 0.00527505 2.64988s
771 0.745784 0.540794 0.00517487 2.68148s
772 0.745784 0.543073 0.00518697 2.64152s
773 0.745784 0.542089 0.00523063 2.68267s
774 0.745784 0.543065 0.00520956 2.62735s
775 0.745784 0.544752 0.00523016 2.6442s
776 0.745784 0.544402 0.00526278 2.66203s
777 0.745784 0.54364 0.00528759 2.62228s
778 0.745784 0.542346 0.00530748 2.6388s
779 0.745784 0.541634 0.00526266 2.71805s
780 0.745784 0.541082 0.00524648 2.65768s
781 0.745784 0.54296 0.00529381 2.61063s
782 0.745784 0.542305 0.00524068 2.68966s
783 0.745784 0.541993 0.00502949 2.63911s
784 0.745784 0.541154 0.00504305 2.67884s
785 0.745784 0.541101 0.00507602 2.61168s
786 0.745784 0.542283 0.00513148 2.69497s
787 0.745784 0.541416 0.00515035 2.68701s
788 0.745784 0.540799 0.00514934 2.66187s
789 0.745784 0.543786 0.00514766 2.6414s
790 0.745784 0.543337 0.00517315 2.66098s
791 0.745784 0.543837 0.005166 2.65335s
792 0.745784 0.546216 0.00526335 2.67331s
793 0.745784 0.544841 0.00518401 2.67727s
794 0.745784 0.544247 0.00518329 2.65418s
795 0.745784 0.544055 0.00517411 2.65143s
796 0.745784 0.543992 0.00515602 2.68546s
797 0.745784 0.544799 0.00522602 2.6647s
798 0.745784 0.545105 0.00523507 2.6281s
799 0.745784 0.545079 0.00528715 2.67597s
800 0.745784 0.544767 0.00535377 2.68211s
801 0.745784 0.545389 0.00536858 2.63122s
802 0.745784 0.544963 0.00536628 2.64365s
803 0.745784 0.544171 0.00538538 2.65242s
804 0.745784 0.544846 0.00547432 2.65095s
805 0.745784 0.54461 0.00539958 2.63728s
806 0.745784 0.545009 0.00538981 2.65914s
807 0.745784 0.545733 0.0053316 2.68177s
808 0.745784 0.548555 0.00549545 2.66719s
809 0.745784 0.548892 0.00550248 2.66112s
810 0.745784 0.548948 0.0054925 2.65721s
811 0.745784 0.548683 0.00550704 2.63489s
812 0.745784 0.54785 0.00551968 2.67557s
813 0.745784 0.546571 0.00550062 2.65604s
814 0.745784 0.546344 0.0054621 2.64253s
815 0.745784 0.547574 0.00545423 2.66755s
816 0.745784 0.547583 0.00542136 2.63686s
817 0.745784 0.54731 0.00545248 2.65759s
818 0.745784 0.547028 0.00545771 2.63758s
819 0.745784 0.547263 0.00558161 2.66847s
820 0.745784 0.546564 0.00552053 2.61171s
821 0.745784 0.546012 0.00541179 2.68897s
822 0.745784 0.545835 0.00542536 2.6213s
823 0.745784 0.545175 0.00545654 2.61273s
824 0.745784 0.546202 0.0054059 2.66842s
825 0.745784 0.546266 0.00536136 2.62419s
826 0.745784 0.545672 0.00543996 2.64072s
827 0.745784 0.547248 0.0054167 2.61589s
828 0.745784 0.545366 0.00546528 2.66166s
829 0.745784 0.545767 0.00540561 2.64868s
830 0.745784 0.545242 0.00538936 2.71658s
831 0.745784 0.546557 0.00540421 2.66901s
832 0.745784 0.544216 0.00543985 2.69952s
833 0.745784 0.544518 0.0053931 2.63878s
834 0.745784 0.545522 0.00541375 2.6624s
835 0.745784 0.543978 0.00536108 2.66562s
836 0.745784 0.544818 0.00531951 2.70393s
837 0.745784 0.545615 0.00540185 2.61753s
838 0.745784 0.544718 0.0053876 2.74871s
839 0.745784 0.544455 0.00540367 2.60738s
840 0.745784 0.544991 0.00534849 2.663s
841 0.745784 0.545077 0.00537258 2.70361s
842 0.745784 0.544088 0.00531649 2.61621s
843 0.745784 0.543508 0.00531411 2.71341s
844 0.745784 0.544554 0.00529428 2.67373s
845 0.745784 0.542373 0.00527791 2.68193s
846 0.745784 0.542803 0.00529879 2.6266s
847 0.745784 0.542275 0.00523157 2.69362s
848 0.745784 0.541999 0.00516953 2.627s
849 0.745784 0.542897 0.00514174 2.69796s
850 0.745784 0.541292 0.00515442 2.61623s
851 0.745784 0.542535 0.0051732 2.66792s
852 0.745784 0.543034 0.0051504 2.69022s
853 0.745784 0.544053 0.00520178 2.66766s
854 0.745784 0.543556 0.00522477 2.68399s
855 0.745784 0.542621 0.00521275 2.61778s
856 0.745784 0.542517 0.00515376 2.63712s
857 0.745784 0.541836 0.00514494 2.62348s
858 0.745784 0.541901 0.00518745 2.67705s
859 0.745784 0.541418 0.00518541 2.66812s
860 0.745784 0.542149 0.00531395 2.68529s
861 0.745784 0.54291 0.00527009 2.62548s
862 0.745784 0.542294 0.00534004 2.65627s
863 0.745784 0.543477 0.00537628 2.67919s
864 0.745784 0.543998 0.00540041 2.61807s
865 0.745784 0.544975 0.00552533 2.62485s
866 0.745784 0.546174 0.00563714 2.67548s
867 0.745784 0.545158 0.00557878 2.66679s
868 0.745784 0.545646 0.00561293 2.61259s
869 0.745784 0.544474 0.0055703 2.66627s
870 0.745784 0.543797 0.00548783 2.61926s
871 0.745784 0.544357 0.00551968 2.65043s
872 0.745784 0.545124 0.005507 2.62419s
873 0.745784 0.544828 0.00536795 2.69668s
874 0.745784 0.544302 0.00539793 2.6382s
875 0.745784 0.545169 0.00540821 2.68763s
876 0.745784 0.545513 0.00538372 2.63804s
877 0.745784 0.54521 0.00535752 2.67152s
878 0.745784 0.545191 0.00537018 2.65731s
879 0.745784 0.544376 0.00535563 2.67157s
880 0.745784 0.5451 0.00540261 2.67167s
881 0.745784 0.545393 0.0053913 2.6458s
882 0.745784 0.545897 0.00541109 2.63465s
883 0.745784 0.544852 0.00538207 2.62993s
884 0.745784 0.544328 0.00540015 2.67424s
885 0.745784 0.543897 0.00538844 2.62026s
886 0.745784 0.543819 0.0053442 2.61883s
887 0.745784 0.543634 0.00541991 2.60438s
888 0.745784 0.542234 0.00543337 2.5934s
889 0.745784 0.541385 0.00537333 3.527s
890 0.745784 0.542941 0.00533637 2.64357s
891 0.745784 0.542973 0.00533715 2.61908s
892 0.745784 0.54306 0.0053836 2.66614s
893 0.745784 0.543769 0.00526123 2.65022s
894 0.745784 0.54422 0.00529339 2.64423s
895 0.745784 0.544326 0.00529092 2.60441s
896 0.745784 0.543785 0.00529985 2.63267s
897 0.745784 0.543965 0.00529448 2.71409s
898 0.745784 0.54556 0.00527069 2.69809s
899 0.745784 0.54428 0.00528116 2.67298s
900 0.745784 0.544325 0.00524671 2.68551s
901 0.745784 0.543888 0.00528086 2.68159s
902 0.745784 0.544446 0.00525171 2.6415s
903 0.745784 0.542652 0.00523999 2.70224s
904 0.745784 0.543471 0.00523395 2.63404s
905 0.745784 0.543259 0.00525609 2.67302s
906 0.745784 0.543189 0.00532048 2.67696s
907 0.745784 0.543041 0.00530881 2.62318s
908 0.745784 0.541956 0.00530267 2.67722s
909 0.745784 0.540742 0.00522291 2.61434s
910 0.745784 0.539861 0.0051728 2.61632s
911 0.745784 0.543128 0.00524893 2.62904s
912 0.745784 0.54383 0.00531864 2.66166s
913 0.745784 0.54401 0.00536716 2.68303s
914 0.745784 0.543445 0.00540759 2.69075s
915 0.745784 0.544016 0.00537098 2.62173s
916 0.745784 0.54356 0.00539556 2.67012s
917 0.745784 0.544353 0.00531684 2.65069s
918 0.745784 0.545198 0.00536548 2.73402s
919 0.745784 0.545242 0.00533483 2.62453s
920 0.745784 0.544404 0.00543263 2.6084s
921 0.745784 0.544589 0.00543094 2.7199s
922 0.745784 0.54351 0.00541236 2.61283s
923 0.745784 0.543813 0.00548504 2.6985s
924 0.745784 0.544662 0.00548521 2.62489s
925 0.745784 0.543249 0.00542408 2.68489s
926 0.745784 0.5425 0.00537841 2.60939s
927 0.745784 0.541805 0.00539364 2.67572s
928 0.745784 0.542275 0.00559637 2.62696s
929 0.745784 0.54222 0.00550847 2.69958s
930 0.745784 0.541647 0.00545266 2.6843s
931 0.745784 0.541904 0.00546105 2.6538s
932 0.745784 0.541426 0.00544366 2.69301s
933 0.745784 0.542705 0.00541685 2.71684s
934 0.745784 0.541933 0.00541498 2.63967s
935 0.745784 0.543444 0.00548247 2.6653s
936 0.745784 0.542446 0.00550222 2.65006s
937 0.745784 0.544764 0.00557743 2.62412s
938 0.745784 0.544186 0.00557665 2.71846s
939 0.745784 0.544292 0.00555084 2.65035s
940 0.745784 0.543398 0.00559909 2.70789s
941 0.745784 0.543968 0.00546696 2.68256s
942 0.745784 0.54571 0.00557146 2.63154s
943 0.745784 0.544245 0.00551878 2.66686s
944 0.745784 0.543621 0.0055453 2.60573s
945 0.745784 0.544523 0.00554057 2.69625s
946 0.745784 0.544087 0.0054848 2.65882s
947 0.745784 0.544508 0.00550811 2.70285s
948 0.745784 0.542552 0.00537908 2.63243s
949 0.745784 0.540532 0.00533324 2.66835s
950 0.745784 0.541896 0.00537013 2.66846s
951 0.745784 0.541019 0.00540586 2.6296s
952 0.745784 0.540833 0.00539453 2.60815s
953 0.745784 0.54242 0.00537146 2.70821s
954 0.745784 0.542466 0.00539125 2.64827s
955 0.745784 0.542294 0.00537639 2.63296s
956 0.745784 0.54325 0.00539608 2.70359s
957 0.745784 0.542228 0.00539355 2.70143s
958 0.745784 0.541754 0.00538433 2.6633s
959 0.745784 0.544449 0.00544245 2.61933s
960 0.745784 0.542647 0.00542769 2.63574s
961 0.745784 0.543035 0.0053988 2.61423s
962 0.745784 0.542966 0.00535791 2.6472s
963 0.745784 0.542593 0.00538971 2.58011s
964 0.745784 0.544982 0.00535835 2.64686s
965 0.745784 0.546032 0.00535033 2.63876s
966 0.745784 0.547134 0.00542519 2.61733s
967 0.745784 0.54391 0.00540313 2.68806s
968 0.745784 0.544945 0.00539366 2.65124s
969 0.745784 0.544683 0.00543077 2.6251s
970 0.745784 0.545213 0.00539744 2.65953s
971 0.745784 0.545094 0.00540326 2.61838s
972 0.745784 0.543357 0.005418 2.71446s
973 0.745784 0.542928 0.0053976 2.67689s
974 0.745784 0.543069 0.00525984 2.6156s
975 0.745784 0.541391 0.00529896 2.62478s
976 0.745784 0.543776 0.00529374 2.68084s
977 0.745784 0.543486 0.00528513 2.668s
978 0.745784 0.541895 0.00528119 2.61352s
979 0.745784 0.543647 0.00526028 2.64117s
980 0.745784 0.543297 0.00523934 2.63149s
981 0.745784 0.542985 0.00520358 2.67998s
982 0.745784 0.542941 0.00524944 2.64598s
983 0.745784 0.541886 0.00529068 2.63073s
984 0.745784 0.54511 0.00535838 2.68089s
985 0.745784 0.545895 0.0053027 2.62135s
986 0.745784 0.545006 0.00526452 2.67849s
987 0.745784 0.544099 0.00527418 2.60683s
988 0.745784 0.543121 0.00534833 2.68097s
989 0.745784 0.544681 0.00535961 2.60442s
990 0.745784 0.547118 0.00540109 2.68658s
991 0.745784 0.545501 0.00542745 2.59033s
992 0.745784 0.54408 0.00541351 2.69175s
993 0.745784 0.543875 0.00542481 2.64286s
994 0.745784 0.544043 0.00540156 2.68073s
995 0.745784 0.543517 0.00531945 2.66158s
996 0.745784 0.542356 0.00528131 2.61337s
997 0.745784 0.542219 0.00523819 2.64086s
998 0.745784 0.542992 0.00526418 2.6606s
999 0.745784 0.543638 0.0052454 2.64082s
1000 0.745784 0.543644 0.00530901 2.6652s
1001 0.745784 0.544354 0.00530298 2.64735s
1002 0.745784 0.543988 0.005322 2.65184s
1003 0.745784 0.543079 0.00530612 2.70395s
1004 0.745784 0.545989 0.00538928 3.18079s
1005 0.745784 0.543782 0.00537866 2.67069s
1006 0.745784 0.541565 0.00526042 2.6643s
1007 0.745784 0.543788 0.00527135 2.61362s
1008 0.745784 0.544769 0.00524564 2.66247s
1009 0.745784 0.544027 0.00527093 2.64824s
1010 0.745784 0.544697 0.00533738 2.6531s
1011 0.745784 0.544297 0.00533217 2.70223s
1012 0.745784 0.543596 0.00535841 2.61061s
1013 0.745784 0.544162 0.0054536 2.69547s
1014 0.745784 0.543975 0.0054446 2.59229s
1015 0.745784 0.543761 0.00540622 2.67438s
1016 0.745784 0.544027 0.00550394 2.60388s
1017 0.745784 0.544456 0.00549063 2.64732s
1018 0.745784 0.544355 0.00552703 2.66967s
1019 0.745784 0.542428 0.00554839 2.62784s
1020 0.745784 0.542331 0.00542937 2.66319s
1021 0.745784 0.542579 0.00543151 2.63717s
1022 0.745784 0.541415 0.00535963 2.67281s
1023 0.745784 0.540507 0.0053455 2.64381s
1024 0.745784 0.542635 0.00539397 2.66435s
1025 0.745784 0.542316 0.00530233 2.67987s
1026 0.745784 0.544001 0.00530201 2.6361s
1027 0.745784 0.544442 0.00529865 2.65077s
1028 0.745784 0.542693 0.00529415 2.64446s
1029 0.745784 0.543543 0.00526835 2.65569s
1030 0.745784 0.545717 0.00531948 2.7144s
1031 0.745784 0.545396 0.00539565 2.67818s
1032 0.745784 0.543811 0.00536107 2.63753s
1033 0.745784 0.544727 0.00533269 2.69259s
1034 0.745784 0.544584 0.00526431 2.67888s
1035 0.745784 0.543762 0.00528519 2.68272s
1036 0.745784 0.543538 0.00520652 2.66563s
1037 0.745784 0.542555 0.0052305 2.7009s
1038 0.745784 0.542111 0.00523494 2.74533s
1039 0.745784 0.543627 0.00516465 2.6485s
1040 0.745784 0.542939 0.00520069 2.59506s
1041 0.745784 0.541824 0.00519569 2.68638s
1042 0.745784 0.541091 0.00512468 2.69765s
1043 0.745784 0.540446 0.00508706 2.60431s
1044 0.745784 0.54077 0.00510874 2.65986s
1045 0.745784 0.540545 0.00504027 2.61554s
1046 0.745784 0.540088 0.00505817 2.61537s
1047 0.745784 0.539983 0.00503527 2.64015s
1048 0.745784 0.540536 0.0050145 2.65408s
1049 0.745784 0.540554 0.00505978 2.63762s
1050 0.745784 0.540623 0.00507628 2.69497s
1051 0.745784 0.54017 0.00508208 2.65944s
1052 0.745784 0.540453 0.00509589 2.63798s
1053 0.745784 0.539291 0.00501352 2.60468s
1054 0.745784 0.541017 0.00507385 2.71433s
1055 0.745784 0.541421 0.0051326 2.6386s
1056 0.745784 0.541701 0.00513106 2.61402s
1057 0.745784 0.541616 0.00514053 2.70564s
1058 0.745784 0.541905 0.00512132 2.69194s
1059 0.745784 0.541865 0.00513943 2.70249s
1060 0.745784 0.541366 0.00515841 2.66295s
1061 0.745784 0.542463 0.00516037 2.64846s
1062 0.745784 0.54339 0.0049985 2.62061s
1063 0.745784 0.542814 0.00507523 2.70553s
1064 0.745784 0.542704 0.00509111 2.69495s
1065 0.745784 0.541973 0.00506273 2.63246s
1066 0.745784 0.54071 0.00510609 2.64799s
1067 0.745784 0.540119 0.0051095 2.62244s
1068 0.745784 0.541547 0.00514317 2.67615s
1069 0.745784 0.54258 0.00511702 2.65987s
1070 0.745784 0.541377 0.0051626 2.61922s
1071 0.745784 0.542465 0.00516564 2.70376s
1072 0.745784 0.543181 0.00514312 2.66023s
1073 0.745784 0.543893 0.00519065 2.65262s
1074 0.745784 0.545245 0.0052763 2.60483s
1075 0.745784 0.546391 0.00532184 2.69543s
1076 0.745784 0.544972 0.00531651 2.61622s
1077 0.745784 0.543666 0.00536732 2.63365s
1078 0.745784 0.54491 0.00546869 2.60723s
1079 0.745784 0.543838 0.00550645 2.60843s
1080 0.745784 0.543706 0.00546897 2.59802s
1081 0.745784 0.545293 0.00549365 2.69557s
1082 0.745784 0.54596 0.00548191 2.61676s
1083 0.745784 0.545056 0.00552478 2.67718s
1084 0.745784 0.544039 0.00555558 2.60378s
1085 0.745784 0.544593 0.00550255 2.69621s
1086 0.745784 0.544429 0.00546137 2.5949s
1087 0.745784 0.542132 0.00542404 2.68458s
1088 0.745784 0.542685 0.00541594 2.62283s
1089 0.745784 0.542806 0.00532581 2.6921s
1090 0.745784 0.541743 0.0053387 2.63254s
1091 0.745784 0.541739 0.00526346 2.63817s
1092 0.745784 0.544851 0.0053772 2.64195s
1093 0.745784 0.545142 0.00543815 2.66663s
1094 0.745784 0.545229 0.00546714 2.67756s
1095 0.745784 0.54643 0.00550488 2.6913s
1096 0.745784 0.546536 0.00562094 2.61786s
1097 0.745784 0.544567 0.00558524 2.66841s
1098 0.745784 0.544541 0.00559184 2.62109s
1099 0.745784 0.545019 0.00559767 2.67892s
1100 0.745784 0.54519 0.00557086 2.6676s
1101 0.745784 0.545469 0.00551636 2.68715s
1102 0.745784 0.547339 0.00549241 2.61622s
1103 0.745784 0.548707 0.00549277 2.63432s
1104 0.745784 0.54647 0.00561046 2.70462s
1105 0.745784 0.548407 0.00562338 2.66235s
1106 0.745784 0.548055 0.00556225 2.61723s
1107 0.745784 0.547088 0.00555193 2.69639s
1108 0.745784 0.54596 0.00555261 2.61775s
1109 0.745784 0.544284 0.00558466 2.70827s
1110 0.745784 0.54606 0.0056068 2.64707s
1111 0.745784 0.546351 0.00558442 2.70834s
1112 0.745784 0.548372 0.00568819 2.66658s
1113 0.745784 0.548982 0.00570119 2.62804s
1114 0.745784 0.546296 0.00560699 2.67364s
1115 0.745784 0.545538 0.00557203 2.62844s
1116 0.745784 0.546032 0.00561493 3.61945s
1117 0.745784 0.543576 0.00544667 2.66499s
1118 0.745784 0.54241 0.00541288 2.59435s
1119 0.745784 0.541448 0.00534966 2.69437s
1120 0.745784 0.542256 0.0052906 2.61228s
1121 0.745784 0.541558 0.00524968 2.65049s
1122 0.745784 0.541639 0.00516885 2.68119s
1123 0.745784 0.542683 0.00512032 2.64994s
1124 0.745784 0.541559 0.00508782 2.64279s
1125 0.745784 0.541289 0.00502468 2.67275s
1126 0.745784 0.541642 0.00502551 2.69257s
1127 0.745784 0.541917 0.00500819 2.66485s
1128 0.745784 0.540831 0.00496671 2.66306s
1129 0.745784 0.542742 0.00503035 2.66122s
1130 0.745784 0.541671 0.00504167 2.63567s
1131 0.745784 0.541711 0.00506797 2.67193s
1132 0.745784 0.541218 0.00503589 2.62859s
1133 0.745784 0.541117 0.00508117 2.70715s
1134 0.745784 0.541089 0.00504663 2.60035s
1135 0.745784 0.541054 0.00519882 2.64825s
1136 0.745784 0.541489 0.00517518 2.60025s
1137 0.745784 0.540627 0.00510406 2.67205s
1138 0.745784 0.540989 0.00513841 2.71453s
1139 0.745784 0.540977 0.00516372 2.66115s
1140 0.745784 0.542526 0.00510844 2.62298s
1141 0.745784 0.540908 0.0051445 2.62141s
1142 0.745784 0.541172 0.00512801 2.6696s
1143 0.745784 0.54097 0.00512387 2.68075s
1144 0.745784 0.542036 0.00510358 2.6331s
1145 0.745784 0.542383 0.00509882 2.66414s
1146 0.745784 0.541256 0.0051006 2.61582s
1147 0.745784 0.540024 0.00510335 2.66526s
1148 0.745784 0.541587 0.00518132 2.64839s
1149 0.745784 0.541863 0.00523432 2.61598s
1150 0.745784 0.542059 0.0052565 2.71021s
1151 0.745784 0.540969 0.00523429 2.65802s
1152 0.745784 0.541622 0.00521991 2.62098s
1153 0.745784 0.540553 0.00524009 2.69319s
1154 0.745784 0.540444 0.00532789 2.69239s
1155 0.745784 0.54148 0.00529859 2.6243s
1156 0.745784 0.540427 0.00522819 2.63166s
1157 0.745784 0.539911 0.00521634 2.68878s
1158 0.745784 0.540883 0.0052687 2.63434s
1159 0.745784 0.540484 0.00527278 2.63379s
1160 0.745784 0.542407 0.00537459 2.64164s
1161 0.745784 0.542753 0.00535363 2.69718s
1162 0.745784 0.542169 0.00524494 2.63887s
1163 0.745784 0.543029 0.00528606 2.69694s
1164 0.747305 0.543745 0.0055202 2.71756s
1165 0.747305 0.543638 0.00547987 2.63013s
1166 0.747305 0.543808 0.00553146 2.62707s
1167 0.747305 0.544183 0.00552155 2.61936s
1168 0.747305 0.542425 0.00546306 2.70502s
1169 0.747305 0.542054 0.00546576 2.66922s
1170 0.747305 0.542373 0.0054558 2.63944s
1171 0.747305 0.543861 0.00552569 2.62292s
1172 0.747305 0.543087 0.00556589 2.70376s
1173 0.747305 0.541289 0.00547135 2.67325s
1174 0.747305 0.542714 0.00551541 2.6693s
1175 0.747305 0.542799 0.0054826 2.64682s
1176 0.747305 0.543106 0.0054343 2.60678s
1177 0.747305 0.543048 0.00544374 2.69503s
1178 0.747305 0.544417 0.00538074 2.62574s
1179 0.747305 0.545769 0.00544016 2.66428s
1180 0.747305 0.544649 0.00547174 2.63851s
1181 0.747305 0.544923 0.00542978 2.60747s
1182 0.747305 0.545008 0.00541042 2.63386s
1183 0.747305 0.545435 0.00554701 2.62806s
1184 0.747305 0.543717 0.00556012 2.63957s
1185 0.747305 0.544417 0.00554274 2.61071s
1186 0.747305 0.544548 0.00560132 2.66059s
1187 0.747305 0.545071 0.00559321 2.61166s
1188 0.747305 0.54549 0.00564824 2.60746s
1189 0.747305 0.544745 0.00571961 2.68458s
1190 0.747305 0.545832 0.00575284 2.62125s
1191 0.747305 0.544146 0.00575822 2.67673s
1192 0.747305 0.545176 0.00571899 2.65343s
1193 0.747305 0.544579 0.00575058 2.66254s
1194 0.747305 0.544108 0.00580728 2.62854s
1195 0.747305 0.545441 0.00581893 2.68294s
1196 0.747305 0.544294 0.00569473 2.59724s
1197 0.747305 0.542315 0.00559954 2.70933s
1198 0.747305 0.543817 0.00554273 2.61837s
1199 0.747305 0.542781 0.00558825 2.65402s
1200 0.747305 0.544728 0.0056608 2.65364s
1201 0.747305 0.544223 0.00569821 2.66517s
1202 0.747305 0.543711 0.00572232 2.63256s
1203 0.747305 0.545738 0.00581075 2.66337s
1204 0.747305 0.545507 0.0057979 2.63316s
1205 0.747305 0.545554 0.00578566 2.63666s
1206 0.747305 0.545986 0.00582048 2.62231s
1207 0.747305 0.544868 0.00573535 2.64935s
1208 0.747305 0.543076 0.00560315 2.64022s
1209 0.747305 0.543116 0.00557057 2.68267s
1210 0.747305 0.543326 0.0055935 2.61231s
1211 0.747305 0.54332 0.00560385 2.71231s
1212 0.747305 0.543398 0.00548783 2.66952s
1213 0.747305 0.544185 0.00552726 2.70857s
1214 0.747305 0.544753 0.00557912 2.61885s
1215 0.747305 0.54512 0.00561429 2.61591s
1216 0.747305 0.545046 0.00562305 2.66384s
1217 0.747305 0.546391 0.00570968 2.64424s
1218 0.747305 0.546102 0.00571333 2.70284s
1219 0.747305 0.548026 0.00574419 2.61s
1220 0.747305 0.547114 0.00577142 2.68019s
1221 0.747305 0.545724 0.00573702 2.59251s
1222 0.747305 0.545757 0.00572491 2.71089s
1223 0.747305 0.545211 0.00570926 2.65833s
1224 0.747305 0.54499 0.00570181 2.61888s
1225 0.747305 0.544002 0.00574881 2.6675s
1226 0.747305 0.545162 0.00577041 2.61964s
1227 0.747305 0.546296 0.00571236 2.68908s
1228 0.747305 0.544241 0.00556239 2.68983s
1229 0.747305 0.544105 0.00552787 2.62049s
1230 0.747305 0.542758 0.00557159 2.62365s
1231 0.747305 0.542459 0.00557057 2.67799s
1232 0.747305 0.543074 0.00556428 2.63687s
1233 0.747305 0.544867 0.0055935 2.64396s
1234 0.747305 0.545541 0.00559204 2.6745s
1235 0.747305 0.547337 0.0057392 2.6539s
1236 0.747305 0.549298 0.00579919 2.61172s
1237 0.747305 0.54949 0.00588252 2.6899s
1238 0.747305 0.547922 0.00584528 2.65654s
1239 0.747305 0.547756 0.00583957 2.71375s
1240 0.747305 0.546412 0.0058429 2.67657s
1241 0.747305 0.54624 0.00584016 2.67179s
1242 0.747305 0.54524 0.00579975 2.64129s
1243 0.747305 0.543416 0.0056355 2.70012s
1244 0.747305 0.543615 0.00563875 2.66364s
1245 0.747305 0.543919 0.00564222 2.6984s
1246 0.747305 0.544409 0.00560464 2.66221s
1247 0.747305 0.543375 0.00562405 2.6253s
1248 0.747305 0.544076 0.00565158 2.63857s
1249 0.747305 0.544211 0.00569134 2.61954s
1250 0.747305 0.544665 0.0058153 2.71571s
1251 0.747305 0.546069 0.00578258 2.64448s
1252 0.747305 0.545576 0.00581867 2.64335s
1253 0.747305 0.545831 0.00585099 2.65295s
1254 0.747305 0.545411 0.00584839 2.60933s
1255 0.747305 0.54548 0.00579162 2.68904s
1256 0.747305 0.545733 0.00584449 2.60551s
1257 0.747305 0.546523 0.00591411 2.71416s
1258 0.747305 0.546601 0.00601009 2.62793s
1259 0.747305 0.545798 0.00601809 2.7196s
1260 0.747305 0.547556 0.00595517 2.6424s
1261 0.747305 0.547325 0.00592578 2.62486s
1262 0.747305 0.546471 0.00602345 2.71188s
1263 0.747305 0.546067 0.00596575 2.64928s
1264 0.747305 0.545511 0.00591016 2.60493s
1265 0.747305 0.544718 0.0059291 2.65842s
1266 0.747305 0.545595 0.00589791 2.68889s
1267 0.747305 0.546315 0.00587455 2.62525s
1268 0.747305 0.547401 0.00582585 2.62468s
1269 0.747305 0.54664 0.00591479 2.67068s
1270 0.747305 0.546812 0.00598143 2.60737s
1271 0.747305 0.546047 0.0059736 2.6444s
1272 0.747305 0.544471 0.00603449 2.60663s
1273 0.747305 0.545763 0.00598722 2.65685s
1274 0.747305 0.546902 0.00596706 2.64451s
1275 0.747305 0.54811 0.00603827 2.62417s
1276 0.747305 0.547586 0.00604449 2.62295s
1277 0.747305 0.546848 0.00608321 2.64169s
1278 0.747305 0.547673 0.00609784 2.6625s
1279 0.747305 0.548163 0.00609155 2.68668s
1280 0.747305 0.548545 0.00606294 2.6211s
1281 0.747305 0.545928 0.00596009 2.60822s
1282 0.747305 0.546349 0.00595413 2.62746s
1283 0.747305 0.547382 0.00592202 2.6947s
1284 0.747305 0.546799 0.00585584 2.67465s
1285 0.747305 0.546034 0.00591035 2.64718s
1286 0.747305 0.545646 0.00582423 2.61997s
1287 0.747305 0.546052 0.00581401 2.69607s
1288 0.747305 0.547861 0.00583936 2.62062s
1289 0.747305 0.546837 0.00587631 2.66796s
1290 0.747305 0.546188 0.00590358 2.72775s
1291 0.747305 0.546143 0.00593622 2.60918s
1292 0.747305 0.547098 0.00595766 2.70347s
1293 0.747305 0.547162 0.00592784 2.6297s
1294 0.747305 0.545882 0.00581234 2.70594s
1295 0.747305 0.545754 0.00586566 2.66647s
1296 0.747305 0.545722 0.00584686 2.75643s
1297 0.747305 0.544943 0.00573824 2.63187s
1298 0.747305 0.544886 0.00577089 2.68779s
1299 0.747305 0.545331 0.00574354 2.64191s
1300 0.747305 0.543896 0.00567893 2.65774s
1301 0.747305 0.545743 0.00569818 2.65467s
1302 0.747305 0.544742 0.00563935 2.65447s
1303 0.747305 0.545207 0.00568349 2.69887s
1304 0.747305 0.546191 0.00562599 2.66345s
1305 0.747305 0.545439 0.00566582 2.62307s
1306 0.747305 0.544756 0.00569232 2.64519s
1307 0.747305 0.544548 0.00572093 2.6601s
1308 0.747305 0.545446 0.00574904 2.63399s
1309 0.747305 0.546736 0.00590937 2.69356s
1310 0.747305 0.547084 0.00587221 2.69595s
1311 0.747305 0.548699 0.00597707 2.64859s
1312 0.747305 0.547046 0.0059723 2.59994s
1313 0.747305 0.545067 0.00589666 2.66593s
1314 0.747305 0.545871 0.00584952 2.60983s
1315 0.747305 0.545975 0.00582382 2.65596s
1316 0.747305 0.545737 0.00576066 2.61057s
1317 0.747305 0.544268 0.005767 2.66348s
1318 0.747305 0.544064 0.00574968 2.63271s
1319 0.747305 0.542569 0.00562167 2.705s
1320 0.747305 0.542891 0.00560444 2.68475s
1321 0.747305 0.542495 0.00564951 2.62979s
1322 0.747305 0.543531 0.00561902 2.6882s
1323 0.747305 0.54216 0.00559595 2.60604s
1324 0.747305 0.543735 0.00560925 2.69847s
1325 0.747305 0.543688 0.0056218 2.62161s
1326 0.747305 0.544044 0.00560277 2.62945s
1327 0.747305 0.54418 0.00541814 2.65634s
1328 0.747305 0.543896 0.00545776 2.61759s
1329 0.747305 0.545047 0.00543187 2.72337s
1330 0.747305 0.544727 0.00540172 2.64677s
1331 0.747305 0.543319 0.00544195 2.686s
1332 0.747305 0.54244 0.00545101 2.66991s
1333 0.747305 0.543435 0.00551886 2.71004s
1334 0.747305 0.543058 0.00550568 2.60861s
1335 0.747305 0.543422 0.00552833 2.70578s
1336 0.747305 0.54424 0.00547759 2.71126s
1337 0.747305 0.543539 0.00549432 2.6426s
1338 0.747305 0.544103 0.005479 2.65683s
1339 0.747305 0.544153 0.00547408 2.69398s
1340 0.747305 0.544007 0.00541348 2.63353s
1341 0.747305 0.54517 0.00555157 2.59527s
1342 0.747305 0.544813 0.00562797 2.63005s
1343 0.747305 0.545087 0.00571141 3.5683s
1344 0.747305 0.545265 0.00570699 2.69713s
1345 0.747305 0.546014 0.00569948 2.6621s
1346 0.747305 0.545922 0.00570362 2.70656s
1347 0.747305 0.547052 0.00569659 2.71638s
1348 0.747305 0.546336 0.00575007 2.63028s
1349 0.747305 0.545278 0.00580916 2.62197s
1350 0.747305 0.544778 0.00573166 2.70558s
1351 0.747305 0.544476 0.0056701 2.63309s
1352 0.747305 0.544503 0.00568355 2.63851s
1353 0.747305 0.544098 0.00565932 2.67052s
1354 0.747305 0.542369 0.00557911 2.63686s
1355 0.747305 0.543958 0.00559144 2.64826s
1356 0.747305 0.543557 0.00559403 2.66562s
1357 0.747305 0.544228 0.00566073 2.6662s
1358 0.747305 0.543638 0.00566754 2.62369s
1359 0.747305 0.543747 0.00559627 2.65155s
1360 0.747305 0.544676 0.00564685 2.65715s
1361 0.747305 0.546059 0.00572543 2.63035s
1362 0.747305 0.544712 0.00568374 2.71301s
1363 0.747305 0.543412 0.00562124 2.62978s
1364 0.747305 0.54554 0.00573775 2.63245s
1365 0.747305 0.544172 0.0057579 2.63345s
1366 0.747305 0.545959 0.0057367 2.67916s
1367 0.747305 0.545674 0.00580402 2.66641s
1368 0.747305 0.544946 0.00583771 2.69799s
1369 0.747305 0.544783 0.00588605 2.61636s
1370 0.747305 0.545631 0.00590688 2.7352s
1371 0.747305 0.546281 0.00603595 2.70458s
1372 0.747305 0.547161 0.00602884 2.64891s
1373 0.747305 0.547843 0.00604035 2.66385s
1374 0.747305 0.547381 0.00607331 2.65374s
1375 0.747305 0.546433 0.00609751 2.67566s
1376 0.747305 0.547089 0.0060466 2.67602s
1377 0.747305 0.547149 0.00605166 2.61931s
1378 0.747305 0.548197 0.00600566 2.65537s
1379 0.747305 0.548778 0.00606116 2.63169s
1380 0.747305 0.546614 0.00609564 2.66104s
1381 0.747305 0.543169 0.00598143 2.65785s
1382 0.747305 0.542892 0.0059431 2.67806s
1383 0.747305 0.543951 0.00591801 2.69137s
1384 0.747305 0.543821 0.00585051 2.63784s
1385 0.747305 0.542329 0.00584771 2.63249s
1386 0.747305 0.543938 0.00581718 2.67343s
1387 0.747305 0.543376 0.00579961 2.64835s
1388 0.747305 0.543944 0.00578427 2.63871s
1389 0.747305 0.543292 0.00578594 2.62957s
1390 0.747305 0.542873 0.0058066 2.62247s
1391 0.747305 0.543623 0.00577897 2.65388s
1392 0.747305 0.543126 0.0057636 2.64831s
1393 0.747305 0.544225 0.00586673 2.635s
1394 0.747305 0.543699 0.00588812 2.67509s
1395 0.747305 0.545364 0.00593054 2.64363s
1396 0.747305 0.546248 0.005971 2.63823s
1397 0.747305 0.546073 0.00596745 2.61297s
1398 0.747305 0.544514 0.00593675 2.63273s
1399 0.747305 0.546533 0.00587263 2.63165s
1400 0.747305 0.546526 0.00587918 2.71832s
1401 0.747305 0.544826 0.00586241 2.63177s
1402 0.747305 0.545201 0.00580168 2.71607s
1403 0.747305 0.544997 0.00578527 2.65869s
1404 0.747305 0.543934 0.00583717 2.60424s
1405 0.747305 0.543504 0.00581667 2.71931s
1406 0.747305 0.544839 0.00590311 2.63203s
1407 0.747305 0.545878 0.00592638 2.71349s
1408 0.747305 0.545093 0.00597037 2.61837s
1409 0.747305 0.546021 0.00595952 2.63199s
1410 0.747305 0.547265 0.00587396 2.66813s
1411 0.747305 0.544626 0.00588306 2.64809s
1412 0.747305 0.54464 0.0058858 2.69056s
1413 0.747305 0.545322 0.00584314 2.62476s
1414 0.747305 0.545085 0.00587678 2.68533s
1415 0.747305 0.544533 0.00599271 2.65718s
1416 0.747305 0.544006 0.00596625 2.62754s
1417 0.747305 0.545691 0.00599502 2.76737s
1418 0.747305 0.545653 0.0059591 2.62793s
1419 0.747305 0.54427 0.0059926 2.72101s
1420 0.747305 0.544226 0.00600413 2.61655s
1421 0.747305 0.544725 0.00596908 2.66008s
1422 0.747305 0.544712 0.00597361 2.65108s
1423 0.747305 0.545012 0.00585907 2.68435s
1424 0.747305 0.544737 0.00585256 2.6174s
1425 0.747305 0.544454 0.0058648 2.6892s
1426 0.747305 0.542131 0.00565972 2.67549s
1427 0.747305 0.541542 0.00556884 2.62768s
1428 0.747305 0.542772 0.00562391 2.66721s
1429 0.747305 0.542993 0.00562009 2.64735s
1430 0.747305 0.543042 0.00561635 2.65928s
1431 0.747305 0.544388 0.00564213 2.60778s
1432 0.747305 0.544436 0.00564404 2.68703s
1433 0.747305 0.544966 0.00563696 2.65522s
1434 0.747305 0.545365 0.00575554 2.66193s
1435 0.747305 0.543369 0.00574021 2.68049s
1436 0.747305 0.543673 0.00572656 2.66143s
1437 0.747305 0.542364 0.00568281 2.62705s
1438 0.747305 0.542477 0.00576161 2.65504s
1439 0.747305 0.543191 0.00575707 2.6175s
1440 0.747305 0.543952 0.00575652 2.72326s
1441 0.747305 0.544318 0.0057148 2.63817s
1442 0.747305 0.543619 0.0057511 2.61431s
1443 0.747305 0.544358 0.00579325 2.62585s
1444 0.747305 0.544293 0.00583118 2.61357s
1445 0.747305 0.5439 0.0057635 2.68347s
1446 0.747305 0.543594 0.00573372 2.6789s
1447 0.747305 0.542746 0.00577652 2.66534s
1448 0.747305 0.543488 0.00573899 2.6722s
1449 0.747305 0.544611 0.0058066 2.67573s
1450 0.747305 0.544436 0.0057508 2.62365s
1451 0.747305 0.544851 0.00574436 2.69216s
1452 0.747305 0.544896 0.0057798 2.65799s
1453 0.747305 0.54432 0.00583151 2.69514s
1454 0.747305 0.544508 0.00586508 2.61276s
1455 0.747305 0.544308 0.00587314 2.67601s
1456 0.747305 0.542906 0.00579437 2.63196s
1457 0.747305 0.543678 0.00577267 2.65891s
1458 0.747305 0.54389 0.00574734 2.62189s
1459 0.747305 0.544055 0.00574165 2.65652s
1460 0.747305 0.545487 0.00584247 2.64261s
1461 0.747305 0.543299 0.00579692 2.65739s
1462 0.747305 0.544236 0.00574863 2.69268s
1463 0.747305 0.543267 0.00575805 2.63897s
1464 0.747305 0.543884 0.00576023 2.67602s
1465 0.747305 0.543002 0.0056999 2.65524s
1466 0.747305 0.543309 0.00558139 2.67458s
1467 0.747305 0.543271 0.00562664 2.62503s
1468 0.747305 0.545243 0.0056488 2.6489s
1469 0.747305 0.54453 0.00569853 2.68711s
1470 0.747305 0.546607 0.0057738 2.66474s
1471 0.747305 0.54595 0.0057914 2.65063s
1472 0.747305 0.545836 0.00582955 2.63815s
1473 0.747305 0.547328 0.00575278 2.68357s
1474 0.747305 0.545759 0.00580095 2.65985s
1475 0.747305 0.545052 0.00591117 2.6165s
1476 0.747305 0.547844 0.00598598 2.62571s
1477 0.747305 0.548673 0.00604634 2.6522s
1478 0.747305 0.548454 0.00606878 2.62784s
1479 0.747305 0.549641 0.00614973 2.68155s
1480 0.747305 0.547221 0.00601435 2.64555s
1481 0.747305 0.547579 0.00594835 2.69311s
1482 0.747305 0.547977 0.00591027 2.69446s
1483 0.747305 0.545415 0.00592019 2.6306s
1484 0.747305 0.546338 0.00589861 2.67186s
1485 0.747305 0.546736 0.00587078 2.61166s
1486 0.747305 0.545845 0.00589233 2.66046s
1487 0.747305 0.545344 0.00582791 2.70561s
1488 0.747305 0.543366 0.00582368 2.60513s
1489 0.747305 0.544017 0.00580641 2.62861s
1490 0.747305 0.542286 0.00581501 2.66042s
1491 0.747305 0.543096 0.00581315 2.64895s
1492 0.747305 0.544137 0.00582236 2.66892s
1493 0.747305 0.544276 0.00581149 2.60473s
1494 0.747305 0.545576 0.00583271 2.70877s
1495 0.747305 0.545956 0.00582855 3.42098s
1496 0.747305 0.545073 0.00587491 2.64008s
1497 0.747305 0.544336 0.00581767 2.72673s
1498 0.747305 0.545886 0.00581758 2.62166s
1499 0.747305 0.546735 0.00582074 2.73927s
1500 0.747305 0.546165 0.00597823 2.69071s
