9  14
9  65
11  12
12  1
12  67
12  78
13  4
14  9
14  70
14  75
15  38
15  41
16  15
16  21
17  5
17  45
18  17
18  56
18  58
18  62
18  74
19  11
19  14
19  34
19  55
19  64
19  65
20  24
20  68
21  23
21  86
21  93
21  94
22  26
22  53
22  83
22  96
23  12
23  85
24  52
25  27
25  39
25  40
25  67
26  1
26  78
27  4
29  14
29  20
29  75
30  16
30  59
30  65
31  9
31  19
31  60
31  70
33  38
34  15
34  41
34  63
35  21
36  12
37  45
39  56
40  5
40  67
41  14
41  65
41  94
42  1
42  74
42  78
43  64
44  17
44  58
44  62
44  86
44  93
45  4
45  34
46  11
47  55
47  68
47  83
47  96
49  23
49  24
49  75
49  85
51  12
53  9
53  14
53  70
54  65
57  15
58  53
59  21
59  26
59  38
60  41
60  67
62  45
63  1
63  78
63  94
64  13
66  66
67  4
67  14
68  56
68  65
69  12
70  86
70  93
73  52
75  83
75  96
77  27
80  75
81  85
83  14
83  39
83  40
84  65
85  94
86  5
86  70
87  9
88  15
88  21
88  67
88  74
89  16
90  12
93  1
93  78
97  45
97  64
99  4
100  58
101  14
101  17
101  62
102  65
102  86
102  93
107  83
107  94
108  56
108  96
115  12
116  34
117  85
120  38
121  41
122  14
123  65
126  15
127  11
127  68
128  21
129  94
136  86
136  93
141  67
141  83
143  4
144  45
144  96
146  12
146  14
146  55
146  65
148  24
151  94
153  1
153  78
157  75
160  85
161  12
163  4
163  67
165  56
172  93
172  94
173  1
173  14
173  15
173  65
173  78
173  86
174  21
175  23
177  12
177  39
177  40
177  70
177  75
178  9
179  83
182  96
183  4
184  67
192  94
193  45
194  12
195  1
195  78
198  75
202  65
202  85
203  14
204  4
206  20
206  59
207  67
210  93
212  12
212  86
212  94
213  39
213  40
219  83
220  15
220  56
221  1
221  21
221  78
221  96
226  75
227  4
230  12
232  94
233  16
233  65
233  67
234  14
243  60
244  19
244  45
246  85
249  12
249  93
250  78
251  1
251  4
251  94
252  86
257  75
258  83
261  67
261  96
262  26
264  39
264  40
265  14
265  15
265  65
266  21
268  53
269  12
269  94
270  5
272  74
275  56
276  4
282  1
282  78
286  41
287  38
287  94
288  12
288  93
290  67
290  75
291  86
292  45
292  85
295  65
296  14
298  83
300  4
300  62
301  96
305  17
305  64
305  94
307  21
307  58
308  12
308  15
316  1
316  78
321  67
321  70
322  9
322  94
325  14
325  39
325  40
325  65
325  75
325  93
326  4
326  56
327  12
330  86
336  45
337  83
339  85
339  94
340  96
346  12
347  16
349  1
349  15
349  21
349  78
351  4
351  67
352  34
355  14
355  65
356  94
360  75
363  93
365  12
366  14
366  65
366  67
367  85
368  23
368  52
369  34
369  58
369  64
369  68
369  86
370  11
372  56
372  63
372  94
374  75
376  14
376  27
376  65
377  4
377  67
378  83
379  45
381  23
381  64
381  85
381  96
382  58
383  1
383  34
383  78
384  12
384  39
384  40
387  14
387  65
388  67
388  94
389  15
389  21
389  75
395  64
395  85
396  23
396  58
397  63
398  14
398  65
399  34
399  55
400  67
400  93
401  4
401  24
403  12
404  86
404  94
405  75
409  85
411  58
411  64
412  67
413  14
413  23
413  65
415  1
415  78
417  34
419  83
419  96
422  75
423  85
425  67
428  64
429  58
433  23
436  63
437  85
438  34
438  67
440  75
440  93
441  39
441  40
442  86
446  38
448  1
448  64
449  58
449  78
450  41
450  85
452  67
452  74
456  68
457  23
457  24
458  93
459  75
459  96
460  14
460  27
460  59
460  83
462  9
462  34
462  74
462  85
463  70
466  41
466  67
467  68
469  5
469  24
471  64
472  58
472  93
473  14
473  74
474  85
475  27
476  66
477  59
479  68
479  75
481  67
481  86
482  24
483  1
484  74
484  78
485  23
485  41
486  85
486  93
487  14
489  34
492  27
493  68
497  24
497  58
497  64
497  65
497  74
498  59
498  85
499  83
500  93
500  96
502  14
502  41
502  62
505  9
505  26
509  68
509  83
510  60
510  63
510  85
510  93
511  62
511  70
511  74
511  94
512  41
513  27
514  24
515  9
517  14
517  26
519  83
519  86
520  17
520  23
520  93
521  62
522  34
522  41
522  85
525  1
525  9
525  65
526  59
526  64
527  58
527  60
527  68
527  70
527  74
529  83
530  26
530  66
530  93
532  62
533  14
533  41
534  24
534  85
536  9
536  96
539  27
539  83
540  93
544  62
544  74
545  1
545  26
545  41
546  70
546  85
547  53
547  60
548  9
548  68
549  83
550  14
550  93
553  65
557  41
557  62
557  86
557  94
558  24
558  85
559  64
559  83
560  23
560  34
560  58
560  93
561  9
561  26
564  74
567  1
567  14
567  59
569  83
570  70
570  85
570  93
571  41
571  62
572  68
573  60
574  96
575  9
575  27
579  83
580  93
581  26
584  85
585  65
586  24
586  41
586  74
587  62
589  83
590  93
591  1
591  9
595  86
599  83
600  11
600  70
600  93
602  41
602  68
602  94
605  26
605  62
608  9
609  83
610  93
611  60
613  55
613  74
614  96
616  1
619  24
619  83
620  41
620  93
621  27
625  62
627  9
627  38
628  59
629  83
630  93
634  26
634  86
635  68
639  41
639  70
639  83
640  93
641  74
642  1
647  62
648  9
649  20
649  83
649  94
650  93
653  96
654  24
659  41
659  83
660  93
662  85
668  1
669  26
669  60
669  68
669  83
670  74
670  93
671  9
671  27
672  62
674  86
679  83
680  41
680  93
683  70
685  52
689  24
689  83
689  85
690  59
690  93
691  66
693  1
693  14
693  96
695  9
695  94
698  62
698  74
698  85
699  65
699  83
700  5
700  68
700  93
701  14
701  41
701  58
701  64
703  34
704  23
705  67
706  26
707  19
707  85
709  83
709  93
710  14
710  65
713  27
713  86
714  58
714  63
714  64
717  34
717  85
718  1
718  23
718  83
719  9
719  14
719  24
719  93
720  67
722  41
722  65
724  74
725  62
727  60
727  70
727  75
727  83
727  85
728  14
728  58
728  64
728  68
728  93
730  96
732  34
735  23
735  65
736  83
736  94
737  67
737  85
737  93
738  14
740  1
741  63
743  9
743  26
743  41
743  59
743  67
743  75
744  17
744  58
744  64
745  83
746  93
747  1
747  85
748  4
748  12
748  14
748  78
749  34
749  65
749  67
749  86
750  24
750  74
750  75
751  62
752  39
752  40
753  27
754  1
754  23
754  83
755  93
756  67
757  4
757  12
757  68
757  78
757  85
758  75
759  14
761  58
761  64
762  1
763  41
763  67
763  83
764  40
764  65
764  93
765  39
766  12
766  75
767  4
767  9
767  34
767  78
767  85
768  96
770  1
770  14
770  67
770  70
772  83
773  93
774  75
775  23
776  12
776  26
776  74
776  94
777  4
777  67
777  78
777  85
778  1
778  40
778  62
779  39
780  38
780  58
780  63
780  64
780  65
781  14
781  83
782  24
782  93
783  75
783  86
784  41
784  60
785  67
786  1
787  12
787  68
787  85
788  4
788  34
788  78
790  83
791  93
792  9
792  75
793  14
793  67
794  40
795  1
795  27
795  39
796  59
797  65
797  85
798  12
799  23
799  83
800  93
801  58
801  64
801  78
802  4
802  74
804  67
805  14
805  41
805  62
805  96
807  75
807  85
808  83
809  93
811  34
812  26
813  70
814  24
814  53
815  65
816  66
817  9
817  83
817  85
818  14
818  68
818  93
818  94
820  86
824  58
824  64
826  11
826  83
827  85
827  93
828  23
828  41
830  74
831  14
