31  37
31  42
36  8
36  71
38  5
38  74
42  89
42  90
53  23
57  2
57  77
60  13
60  21
60  58
61  30
61  49
61  66
64  56
66  96
71  94
73  84
74  37
76  83
77  19
77  60
79  89
79  90
85  76
94  8
95  1
98  78
108  25
109  46
109  54
116  94
117  23
119  84
133  53
134  37
134  96
141  24
142  71
143  74
149  5
160  94
169  25
181  71
182  85
185  74
186  84
188  70
193  64
196  48
196  77
196  83
198  81
199  19
200  72
205  5
206  49
208  1
210  24
210  95
211  45
215  89
220  42
223  77
224  83
225  9
225  37
226  70
242  48
250  1
252  19
252  83
255  72
255  90
258  77
269  37
280  83
296  70
302  77
307  83
311  1
324  45
365  83
371  37
374  96
377  77
380  48
380  89
384  19
385  83
389  1
389  72
391  70
396  37
405  77
405  83
413  90
423  48
425  83
427  37
428  19
430  1
439  77
440  70
445  83
449  45
449  72
464  37
465  83
476  77
480  1
482  19
482  71
482  74
484  25
484  83
485  5
489  24
491  48
492  49
495  71
495  74
496  81
499  25
501  5
501  70
503  83
503  89
504  37
505  19
509  24
510  71
510  74
512  64
513  77
517  25
517  49
519  37
521  5
521  8
521  23
521  83
521  84
521  94
525  81
525  96
526  76
527  71
528  37
528  74
529  72
530  1
530  46
532  23
533  8
533  19
533  84
533  94
535  53
536  24
538  25
538  37
539  83
542  76
544  23
544  96
545  84
545  94
546  5
546  8
547  71
547  77
548  74
549  37
553  46
554  89
555  49
556  81
556  90
557  23
557  48
557  83
557  94
558  84
559  45
560  37
560  70
561  8
561  13
562  21
562  58
562  66
562  76
562  89
563  53
563  96
565  25
565  90
567  30
568  19
570  89
570  94
571  23
571  49
571  84
572  37
572  71
573  13
573  74
574  21
574  58
574  66
574  83
574  90
575  24
576  1
579  5
579  8
579  64
579  89
582  77
583  90
583  94
583  96
584  37
584  84
586  30
587  13
588  21
588  23
588  46
588  58
588  66
588  76
588  89
589  49
589  81
591  83
592  90
594  15
596  94
597  37
597  84
597  89
600  25
601  8
601  88
601  90
602  71
603  13
603  96
604  21
604  58
604  66
604  72
604  74
606  89
607  19
608  23
608  83
609  94
610  84
610  90
611  37
611  49
613  30
615  89
616  77
619  70
619  90
620  53
621  48
622  5
622  13
622  94
623  21
623  58
623  83
623  84
624  1
624  66
624  81
624  89
624  96
625  37
626  42
626  71
627  56
627  76
628  8
628  85
628  90
628  95
630  3
630  23
632  24
633  89
634  33
634  83
635  42
635  71
635  94
636  56
636  84
637  26
637  49
637  90
639  85
639  95
640  37
641  74
642  25
642  89
643  3
644  42
645  13
645  71
645  83
646  19
646  56
646  90
646  96
647  21
647  58
647  66
648  94
649  84
650  64
650  85
650  95
651  33
651  77
651  89
654  42
655  90
656  37
656  46
656  56
656  71
656  83
657  23
658  3
658  26
658  81
659  30
660  8
660  89
661  85
661  94
661  95
662  45
662  84
664  90
665  42
666  5
666  83
667  56
667  71
667  96
669  1
669  49
669  89
670  74
671  8
672  85
672  95
673  54
673  55
673  90
674  33
674  94
675  5
675  84
676  13
676  30
677  3
677  21
677  42
677  58
677  66
678  89
679  71
680  8
680  56
680  74
682  60
682  90
683  54
683  85
683  95
683  98
684  5
684  76
685  55
685  70
686  15
687  23
687  24
687  25
687  26
687  89
687  94
688  84
688  96
689  8
690  42
690  74
691  30
691  90
691  91
692  71
692  81
693  2
693  83
694  5
694  54
694  56
694  85
695  95
696  60
696  89
697  42
697  78
697  96
698  31
699  8
699  9
699  55
699  94
700  7
700  90
701  2
701  3
701  74
701  84
704  5
704  34
704  42
704  49
705  33
705  71
705  85
705  89
705  98
706  60
706  96
707  54
707  78
707  95
708  30
708  90
709  2
709  8
709  56
710  9
710  31
711  42
711  94
713  7
713  74
713  89
714  66
714  84
715  5
715  15
715  96
716  13
716  21
716  55
716  58
716  90
717  60
717  85
718  2
718  78
718  83
719  23
719  42
719  71
719  95
720  8
721  34
721  54
721  89
723  9
723  94
724  31
724  53
724  90
724  96
725  81
726  56
726  74
726  84
727  5
727  30
727  42
728  2
728  98
729  7
729  60
729  85
729  89
730  78
731  25
731  46
731  95
732  8
732  90
733  96
734  3
734  71
735  42
735  94
736  55
737  9
737  89
738  2
738  54
738  84
740  5
740  31
740  74
740  83
740  90
741  26
741  49
741  85
742  60
742  96
743  24
743  78
743  95
744  34
744  42
745  8
745  76
745  89
746  56
747  94
748  7
748  37
748  90
749  2
749  83
750  30
750  71
750  84
751  23
751  96
753  5
753  42
753  85
753  89
753  98
754  9
755  74
755  95
756  66
756  90
757  37
757  54
757  60
757  81
758  8
758  77
758  78
758  83
759  19
759  21
759  58
759  94
760  13
760  33
761  31
761  64
761  89
762  55
762  84
762  96
764  90
765  1
765  48
765  72
765  85
767  37
767  71
767  83
767  95
769  5
769  56
769  89
770  70
770  88
771  15
771  94
773  25
773  77
773  90
774  84
776  19
777  37
777  89
778  49
778  83
782  90
783  23
783  94
785  45
786  1
786  81
786  84
786  85
788  37
788  89
788  96
789  48
790  77
791  72
792  83
796  70
797  19
797  94
802  24
806  83
809  77
812  1
