8  43
9  36
11  21
11  58
12  87
12  88
12  91
12  92
14  28
14  51
15  16
15  20
15  59
15  63
15  86
15  93
16  15
16  24
16  55
16  64
17  33
17  43
17  46
18  1
18  36
18  37
18  42
18  78
20  83
20  96
22  3
22  12
22  32
22  47
22  67
22  76
23  4
24  21
24  58
24  75
24  87
24  88
24  91
24  92
25  84
26  81
26  95
26  98
27  43
28  36
30  11
30  28
30  51
30  68
31  86
31  93
33  16
33  59
33  63
34  20
35  24
35  55
36  15
36  64
36  88
37  87
37  91
37  92
38  43
39  21
39  36
39  58
40  33
40  46
41  37
42  42
43  1
43  78
43  83
43  96
48  86
48  93
49  88
50  43
50  87
50  91
50  92
51  28
51  51
52  36
52  84
52  98
54  81
55  59
56  31
56  48
57  21
57  95
58  3
58  32
58  47
58  58
59  12
59  16
59  63
59  67
59  76
60  4
62  20
62  88
63  43
64  87
64  91
64  92
65  15
65  24
65  55
65  64
66  36
66  86
66  93
69  83
69  96
72  75
75  88
78  43
78  91
79  37
79  87
79  92
81  21
81  84
81  98
82  33
82  46
82  58
83  51
83  59
84  28
84  36
85  86
85  93
86  42
88  88
90  81
93  91
94  1
94  78
94  87
94  92
94  95
95  43
98  83
98  96
102  88
104  93
105  86
106  36
108  16
108  91
109  63
110  84
110  87
110  92
112  98
116  15
116  43
116  88
117  64
120  59
121  93
122  86
123  91
124  21
124  58
126  51
126  87
126  92
127  20
127  28
130  83
130  88
130  96
134  4
135  12
135  67
136  36
137  3
137  76
138  81
138  91
138  93
139  84
139  86
141  43
141  95
142  87
142  98
143  92
144  15
144  88
146  64
149  99
151  37
154  91
155  93
156  86
159  87
159  88
160  92
161  24
161  55
163  51
164  83
164  96
165  28
170  91
172  93
173  86
176  87
176  88
177  92
180  84
182  15
182  36
184  64
186  91
188  81
189  93
190  12
190  67
190  86
191  98
193  87
193  88
194  95
195  92
196  76
197  3
198  11
200  83
200  96
202  91
203  68
205  93
206  86
210  87
210  88
213  20
213  51
213  92
214  28
214  36
215  21
215  91
216  58
216  81
218  95
221  75
221  93
222  42
222  86
224  64
227  15
227  87
227  88
228  91
230  92
232  20
235  36
236  43
237  83
237  93
237  96
238  81
238  86
241  91
241  95
243  33
243  46
244  88
245  87
248  92
249  84
252  93
253  86
253  98
256  47
257  32
258  91
260  88
262  12
262  67
263  16
263  80
263  87
264  51
266  28
266  63
266  92
267  64
267  93
268  86
269  43
270  3
270  15
270  59
270  76
273  84
273  88
273  98
274  83
274  96
275  91
281  87
282  37
282  93
283  86
283  92
284  4
285  88
286  1
287  43
287  59
287  78
290  42
292  91
293  84
293  98
297  88
297  93
298  86
299  87
300  92
302  81
306  59
307  15
307  43
309  88
309  91
311  83
311  96
312  93
313  64
313  84
313  86
314  28
314  51
314  98
317  87
318  4
318  37
318  92
319  21
320  95
321  88
323  58
323  99
326  91
327  93
328  86
329  12
329  59
329  67
331  43
333  84
333  88
334  98
335  87
335  92
336  3
336  76
337  24
340  91
341  93
342  86
343  36
344  81
345  55
346  15
346  20
346  95
348  83
348  96
351  88
352  64
352  91
353  87
353  92
354  75
355  93
356  86
358  36
358  42
359  51
360  28
361  20
362  81
364  91
364  95
368  87
369  88
369  93
370  86
371  92
373  16
375  36
376  24
376  91
377  87
378  20
379  75
380  47
380  81
382  95
383  43
385  1
385  16
385  83
385  96
386  87
387  68
387  88
388  91
389  92
390  24
391  51
393  36
395  80
395  87
396  42
397  81
398  16
398  20
400  8
400  43
400  47
400  91
400  95
401  86
402  93
404  87
405  88
406  24
407  92
411  91
413  1
413  16
413  75
413  87
414  36
415  81
417  68
418  95
419  43
420  20
421  58
421  96
422  83
422  87
422  88
423  91
424  24
425  92
426  47
426  86
428  21
428  93
430  16
430  63
431  87
431  98
432  84
433  81
435  91
435  95
437  36
438  86
439  46
439  88
440  51
440  93
443  92
445  64
446  20
447  15
447  91
450  33
450  42
450  86
450  87
451  81
451  88
452  12
452  28
452  67
452  93
453  76
453  95
454  3
454  37
455  84
455  98
457  43
458  59
458  96
459  83
460  91
460  92
462  86
462  88
464  64
464  93
465  15
466  55
467  28
467  63
468  4
468  92
469  32
469  36
470  78
470  84
470  98
471  87
472  59
473  88
475  11
476  92
477  55
477  91
478  63
479  43
480  86
481  37
481  93
482  21
482  96
483  78
483  87
484  32
484  58
484  88
484  92
485  33
485  84
485  91
485  98
487  36
488  59
488  71
488  99
489  43
489  55
489  80
490  63
492  4
492  92
493  21
493  91
494  87
494  93
494  96
495  83
495  88
497  11
497  33
497  58
497  78
498  48
500  43
500  84
500  92
500  98
501  91
503  32
503  55
503  63
505  21
506  59
506  87
506  88
506  96
507  36
507  93
508  92
509  91
510  86
511  33
511  43
512  58
513  78
515  84
515  98
516  92
517  63
517  87
517  88
517  91
518  55
518  96
519  21
519  37
520  93
523  43
524  92
525  4
525  91
526  59
527  32
527  33
528  87
528  88
529  11
529  36
529  58
530  84
530  96
531  78
531  83
531  98
532  92
533  63
533  91
533  93
534  21
535  55
536  43
536  86
539  88
540  87
540  92
541  28
542  48
543  93
544  99
545  84
546  98
547  86
547  91
548  92
548  96
549  59
550  36
550  88
551  63
552  15
553  28
553  64
553  81
554  93
554  95
556  12
556  67
557  3
557  51
557  76
558  86
558  91
559  37
560  87
561  42
561  84
561  88
562  98
564  20
566  81
566  93
567  15
567  83
567  92
567  95
568  51
568  64
568  86
568  87
569  16
569  91
570  24
570  75
571  88
573  1
573  36
574  46
576  47
576  87
577  83
578  20
578  88
578  92
579  86
580  16
580  81
580  91
581  43
581  58
581  95
582  24
584  46
584  68
584  87
585  1
585  88
587  31
587  36
588  83
588  93
589  92
591  21
591  86
592  87
592  88
593  16
594  58
595  46
597  47
599  83
599  88
600  92
601  24
602  1
602  91
603  86
606  88
607  46
609  58
610  83
612  92
613  21
615  87
619  96
622  86
622  91
623  93
624  88
630  80
634  31
636  92
637  87
641  91
646  88
652  93
656  86
658  87
658  92
660  91
661  96
666  81
666  88
667  95
678  87
678  91
679  92
679  93
680  83
683  84
685  86
685  88
686  98
696  91
698  87
699  92
700  96
704  88
705  93
712  86
714  91
717  87
719  92
721  83
722  88
725  81
725  95
730  93
732  91
736  87
738  86
738  92
738  96
739  84
740  88
742  98
749  91
755  87
755  93
757  92
758  88
760  83
763  86
766  91
774  87
776  88
776  92
776  96
780  93
781  81
781  95
783  91
788  86
793  87
793  88
795  84
795  92
798  83
798  98
800  91
805  93
810  88
812  87
813  86
814  92
814  96
817  91
827  88
829  93
830  87
833  92
