9  86
9  93
13  27
13  52
15  2
15  77
16  23
16  28
16  51
16  56
16  81
16  98
18  37
18  42
18  86
18  93
19  3
19  5
19  17
19  31
19  48
19  62
19  74
19  76
20  7
20  21
20  58
20  72
20  89
20  90
22  13
22  66
23  32
23  47
24  19
24  60
27  27
27  52
27  86
27  87
27  92
27  93
32  9
32  70
32  81
32  98
34  2
34  77
36  23
36  28
36  51
36  56
37  85
37  86
37  93
37  94
41  37
41  42
42  89
42  90
43  29
43  33
43  46
43  50
44  27
44  52
47  5
47  17
47  31
47  48
47  62
47  74
47  86
47  93
48  3
48  76
49  7
49  21
49  58
49  72
50  81
50  98
56  86
57  93
58  87
58  92
59  2
61  77
62  13
62  28
62  66
63  32
63  47
64  51
66  27
66  52
66  86
66  89
66  90
67  23
67  56
67  93
70  19
70  60
70  81
70  98
72  37
72  42
76  86
77  93
80  94
82  48
86  2
86  86
88  93
91  81
91  98
92  85
94  89
94  90
96  86
98  92
99  87
99  93
101  28
106  86
107  27
107  52
110  93
113  81
113  98
114  70
116  86
120  93
121  77
123  76
125  2
126  5
126  74
126  86
126  89
126  90
126  94
127  17
127  31
128  21
128  98
129  62
130  93
131  3
134  92
135  7
136  48
136  81
136  86
140  58
140  93
143  98
146  86
147  13
149  87
150  93
158  60
158  86
158  98
159  23
160  56
160  81
160  93
161  89
161  90
161  92
163  21
165  72
170  86
170  93
173  98
180  93
181  51
181  85
181  86
184  81
186  94
187  98
188  92
189  90
190  86
190  93
191  27
193  13
197  89
198  56
199  86
200  32
200  93
201  98
204  17
204  74
205  76
206  87
207  90
208  86
209  81
210  93
211  27
212  72
214  21
214  92
214  98
217  86
220  93
222  52
223  56
223  60
225  90
226  86
228  77
232  89
232  93
234  27
234  32
234  81
235  74
235  86
236  17
238  76
240  98
243  90
244  86
244  93
251  56
253  86
256  93
260  72
260  81
260  90
261  27
262  86
262  87
267  89
268  93
271  86
271  98
273  9
274  66
277  74
277  90
279  85
280  86
280  93
283  76
285  56
286  81
287  17
288  32
289  86
290  47
292  27
292  42
292  93
294  90
296  37
298  86
299  98
302  92
304  89
304  93
307  86
309  94
310  90
311  81
316  86
316  93
318  87
320  72
322  56
325  27
325  86
326  90
326  98
327  74
328  93
334  86
335  19
335  76
337  23
337  81
340  93
341  89
342  28
342  86
342  90
343  17
349  52
350  86
351  32
352  93
353  98
357  90
358  5
358  27
358  56
358  86
361  92
363  3
363  81
364  31
364  93
366  86
367  51
372  90
374  86
375  62
375  74
376  93
377  87
377  89
379  85
379  98
380  72
382  86
384  58
385  76
387  90
388  93
389  81
390  27
390  86
394  17
394  56
398  86
399  7
400  93
401  2
401  90
405  98
406  86
406  94
410  32
412  93
414  86
414  89
415  81
415  90
417  92
420  93
420  98
421  74
422  27
422  86
428  93
429  13
429  21
429  56
429  90
429  98
430  86
431  77
432  92
433  60
433  76
434  72
434  87
436  93
438  17
438  86
438  98
440  81
443  90
444  93
445  21
446  13
446  86
447  92
447  98
451  89
452  86
452  93
453  27
453  60
456  90
456  98
457  2
457  48
458  86
460  93
461  28
461  56
463  21
463  92
463  94
464  86
465  70
465  81
465  98
466  13
466  50
466  74
467  32
468  2
468  93
469  48
469  90
470  86
471  77
471  85
473  29
473  52
473  76
474  98
475  17
476  86
476  93
477  96
478  28
478  92
480  2
480  60
482  90
482  94
483  48
483  86
483  98
484  21
484  93
486  89
488  70
489  87
491  81
491  86
492  13
492  27
492  42
492  93
492  98
493  28
493  37
494  2
494  92
498  50
499  48
499  51
499  86
500  93
501  52
501  98
502  94
503  42
504  33
504  37
505  28
505  46
507  86
508  93
509  2
510  21
510  92
510  98
512  7
515  42
515  51
515  86
515  93
516  23
516  37
516  81
518  48
518  60
519  28
520  52
520  77
522  31
522  70
522  89
522  93
522  94
523  86
526  51
527  2
527  85
529  9
529  42
529  93
530  37
531  77
531  86
534  28
534  31
536  33
536  49
536  93
537  51
537  86
537  98
538  46
538  81
540  87
541  30
541  48
543  58
543  66
543  77
543  86
543  93
543  94
544  52
545  29
545  42
545  85
546  2
546  19
546  37
546  81
547  31
550  9
550  51
550  93
551  86
553  87
554  58
554  81
555  66
556  77
557  93
559  3
559  86
559  89
560  19
561  62
562  31
562  81
562  93
563  42
563  47
563  52
564  5
564  37
564  51
564  85
565  23
566  87
567  58
567  86
567  93
569  66
569  89
570  3
570  81
571  52
571  77
572  7
572  62
572  93
573  90
574  23
575  5
575  86
576  19
576  47
577  83
577  93
578  81
578  98
579  9
579  31
579  87
579  89
581  58
582  3
582  93
583  85
583  86
584  23
584  52
584  62
585  66
586  81
587  5
587  7
587  93
588  77
589  89
590  51
591  29
591  47
591  86
592  87
592  93
594  52
594  81
595  3
595  23
596  19
597  58
597  62
597  93
598  31
599  86
599  89
600  5
602  81
602  85
602  93
604  7
604  52
604  66
606  23
606  51
606  87
607  77
607  86
607  93
608  47
609  89
609  90
609  98
610  3
610  37
610  81
611  42
613  62
613  86
613  93
616  58
618  81
618  86
620  19
620  87
620  93
621  31
621  85
622  28
624  51
624  86
624  98
625  2
625  93
625  94
626  92
627  9
627  77
629  37
630  86
630  93
631  42
631  98
632  48
635  27
635  28
635  86
635  90
637  93
638  92
638  98
639  13
639  21
639  52
640  86
641  2
641  33
641  81
642  56
642  94
643  27
643  72
644  17
644  46
644  74
644  76
644  90
645  60
645  70
645  86
645  93
645  98
647  32
648  50
650  48
650  86
650  92
652  98
653  56
653  85
653  90
653  93
655  21
656  13
656  27
657  86
658  17
658  72
658  74
658  76
659  98
661  93
663  90
663  92
664  32
664  86
665  56
667  94
670  27
670  96
671  86
674  90
677  93
678  89
681  74
687  86
690  98
691  81
692  93
702  86
706  93
716  86
720  93
722  89
723  81
728  98
730  86
733  93
744  86
746  87
746  93
751  90
752  81
757  86
759  93
759  98
762  89
770  86
770  92
772  93
780  81
783  86
785  93
787  98
792  90
796  86
798  93
801  89
802  87
807  81
809  86
810  93
814  98
821  86
822  93
827  92
829  94
830  85
831  90
833  81
833  86
