92
70
33
45
88
32
78
55
52
22
60
24
88
69
97
57
80
69
9
54
41
9
38
34
67
62
50
67
50
47
6
91
40
31
51
98
1
2
74
79
55
58
25
59
36
10
75
74
7
24
77
55
49
56
59
33
10
67
4
4
31
57
8
70
40
69
34
60
90
18
86
27
12
13
5
95
20
33
30
89
10
66
81
70
26
85
30
6
99
24
78
98
33
71
18
80
97
64
35
75
47
90
4
59
43
61
56
73
34
11
82
99
81
95
42
38
29
20
76
70
49
76
83
74
34
41
98
9
43
5
89
61
47
29
23
2
72
53
92
75
65
64
97
40
74
67
69
53
30
78
26
14
99
53
73
29
12
33
43
69
72
82
60
47
94
74
20
75
6
15
10
38
21
90
12
63
56
13
93
87
45
44
61
12
1
76
71
17
28
4
46
83
1
71
85
6
67
75
17
27
6
40
67
59
28
43
2
29
25
77
97
73
49
77
55
20
15
38
84
79
67
34
76
46
95
15
85
37
11
83
91
88
10
42
99
21
49
80
7
50
92
72
93
43
74
62
0
11
86
37
39
11
15
30
78
43
50
0
20
80
63
77
58
36
16
3
21
82
45
1
12
70
36
2
97
55
41
58
53
38
64
18
40
73
82
3
51
93
9
55
14
57
64
12
92
85
8
56
54
10
27
92
33
76
34
79
74
93
59
14
11
81
23
76
90
63
28
7
42
91
0
29
27
73
99
64
22
81
21
5
61
63
39
15
52
21
2
62
74
34
72
82
38
54
47
75
90
44
73
42
9
84
21
13
95
63
81
54
58
90
88
17
14
77
78
89
26
70
44
94
58
81
77
89
50
59
83
80
74
36
57
61
51
59
46
96
14
54
69
93
99
80
46
59
7
82
74
91
32
36
1
10
14
45
22
73
21
17
25
18
41
73
1
0
58
29
72
57
23
11
66
71
14
22
75
26
11
23
3
21
61
59
3
40
68
73
21
36
75
8
15
78
35
18
49
26
50
4
51
71
21
5
72
8
4
39
56
63
51
66
35
71
31
8
30
48
1
58
10
11
37
51
30
28
0
64
1
42
31
4
19
77
75
49
9
69
40
30
25
79
15
63
27
7
79
48
51
66
55
43
61
12
35
15
23
27
70
89
51
38
29
1
42
57
85
44
64
15
40
51
19
97
92
14
31
50
1
56
27
17
39
52
73
68
35
21
60
34
54
24
8
45
20
70
61
0
65
32
42
64
9.99512
4.59477
4.14258
4.75722
9.91614
6.85245
8.58439
8.38996
1.05326
9.98634
1.91648
3.08931
1.75456
1.24205
0.609817
0.202104
6.71082
6.33179
3.98571
6.76523
9.82261
2.8853
0.474568
2.6692
0.509307
3.25656
4.38568
3.66475
9.95866
9.98777
9.65588
9.96277
4.56331
7.00194
8.54049
9.50607
1.12382
4.02839
8.42554
4.70543
1.04111
0.0789713
1.58252
0.7373
8.09307
4.85554
6.0477
5.91155
4.2126
0.72952
6.55515
4.92174
1.4374
0.0325829
4.90679
5.74025
6.71981
7.34854
8.1488
4.58184
7.24378
7.63181
3.34979
2.06835
3.06787
3.80947
1.23341
5.6385
2.71873
5.64995
0.0895295
7.47056
2.14776
4.11486
5.77633
2.11506
5.99794
7.65049
6.99757
3.88778
9.33202
8.23826
2.16653
0.125573
4.37682
2.90698
7.15985
7.58757
6.99379
3.03674
9.38335
4.91555
0.447435
4.53385
7.95231
2.71173
7.35455
3.53347
2.06005
9.96367
1.08273
5.494
9.97913
7.39246
8.42874
9.9435
0.0274348
5.29868
5.13781
4.76206
2.73607
9.22023
3.72692
8.58045
2.20729
1.71023
5.37037
2.67682
0.997593
6.02888
0.390076
5.04398
6.20334
4.8473
0.814937
9.9445
9.29814
1.4801
4.07192
9.24911
5.24951
5.44177
4.34608
1.34551
0.95749
9.80927
0.511201
3.00181
3.79839
8.5198
0.0232418
9.9101
5.68797
6.20449
0.105367
9.3847
6.59652
7.75144
0.48643
5.20715
6.24142
0.845955
0.723813
5.42431
3.76379
2.52119
0.50616
8.92653
6.15754
3.70487
4.73551
4.11886
0.566341
9.57335
2.24893
7.81018
2.34946
7.8526
10
9.86554
7.06435
0.784504
9.87729
4.75065
7.01666
4.67694
0.864057
2.40039
0.110822
0.28857
9.93382
9.37163
9.9748
3.95231
6.50906
1.17713
4.32517
1.52592
6.49052
0.0103244
4.28516
6.28077
4.19902
7.94131
4.57446
8.97695
7.2222
1.5399
3.89804
3.85337
1.74222
6.18768
8.07906
2.06333
9.44472
6.41174
8.97951
8.47182
5.41006
4.09773
6.87663
5.5147
1.01622
1.61712
2.45004
8.26911
8.70988
4.6133
6.16757
3.03819
8.48573
8.96098
1.3072
2.77557
9.99459
0.0330297
6.63372
6.01725
5.92953
5.29581
3.57018
4.0782
3.82302
3.81936
6.71968
2.81698
5.61076
5.59238
4.61991
0.0597192
8.07984
7.54711
2.08499
3.45583
5.07568
1.8107
4.29184
6.22743
2.13832
6.70827
1.15611
9.54029
2.56896
0.120748
0.90503
5.57574
8.5469
0.0112624
8.02645
9.1018
6.1482
2.22405
5.07138
0.0301835
6.89234
9.90208
5.00899
3.28747
4.30371
1.92831
5.19989
5.48186
9.26249
4.75398
6.08194
0.206585
0.902913
2.78114
3.79572
6.09319
4.10115
5.21187
9.83155
2.65409
8.28222
0.465382
9.93719
6.12917
2.44866
0.987024
4.89517
8.35395
7.98062
1.64323
3.25021
6.67589
0.494228
2.05059
7.91441
7.76925
7.70851
8.64737
5.37281
5.63671
3.73232
3.01811
4.17486
8.35011
3.06044
2.06441
1.4359
4.75691
5.15892
2.25566
0.314634
6.23756
9.79005
4.82231
5.44343
2.971
8.10102
5.28163
8.80374
2.68255
7.89402
0.0708894
4.64412
0.484677
6.87844
7.07826
7.35023
4.29991
2.16473
6.08114
3.95268
0.000189706
0.563765
3.7915
7.58279
9.59068
8.60195
0.0435402
6.49095
8.94091
9.91332
0.066072
6.23828
0.226436
0.407686
9.98054
6.09985
6.24984
5.02083
0.00571719
5.93411
7.83561
3.16331
5.00247
6.69272
0.726165
4.77773
5.86558
2.1046
6.00338
6.35083
0.688561
2.82832
2.54178
0.0158901
0.0328516
7.57923
9.42213
4.20127
8.53993
7.56495
2.39848
0.777237
1.78178
4.31637
2.58235
4.60586
7.14735
4.68303
6.11454
4.58144
6.21272
6.37508
9.47928
9.48057
6.98733
5.30242
5.32459
9.97476
3.97399
3.70335
1.58451
4.43945
9.55406
7.9051
8.04527
8.66319
4.55021
6.00518
2.73066
9.96075
4.42482
6.20455
9.29256
5.12238
7.04416
2.6754
4.76018
0.00885896
0
7.60731
6.50254
1.18643
3.49856
9.58939
0.846066
4.46714
2.05785
8.64346
6.9597
1.71748
9.97698
6.22959
9.96721
5.74596
9.95044
2.77705
2.10542
0.0140297
5.75149
7.81576
2.73478
1.5554
3.90444
6.95796
3.60767
6.46583
5.05263
3.45116
9.70954
5.68153
2.40706
5.85983
8.60923
4.35158
4.33322
-0.0149899
0.659192
0.0472349
0.984724
-0.147678
2.64339
261.243
250
