9  14
9  65
11  12
12  1
12  67
12  78
13  4
14  9
14  70
14  75
15  38
15  41
16  15
16  21
17  45
18  5
18  17
18  56
18  58
18  62
18  74
19  14
19  34
19  64
19  65
20  11
20  24
20  55
20  68
20  94
21  23
21  86
21  93
22  26
22  53
22  83
22  96
23  12
23  85
25  27
25  39
25  40
25  52
25  67
26  1
26  78
27  4
29  14
29  16
29  65
29  75
30  20
30  59
31  9
31  19
31  60
31  70
33  38
34  15
34  41
34  63
35  21
36  12
36  45
38  56
40  65
40  67
40  94
41  1
41  5
41  14
41  78
42  74
43  64
44  4
44  17
44  58
44  62
44  86
44  93
45  34
47  11
47  68
47  75
47  83
47  96
49  12
49  23
49  24
49  55
49  85
53  9
53  65
53  70
54  14
56  67
57  1
57  15
57  78
58  53
59  21
59  26
59  38
60  41
61  4
62  45
62  94
63  12
63  39
63  40
66  13
66  66
66  75
67  65
68  14
68  56
70  86
70  93
73  67
75  1
75  78
75  96
76  52
76  83
77  27
79  12
80  4
81  85
84  65
85  14
85  94
86  70
87  5
87  9
88  16
89  74
91  15
91  21
91  75
93  67
96  12
97  1
97  64
97  78
100  58
101  17
101  45
101  62
101  86
101  93
102  4
103  65
104  14
108  96
109  83
109  94
111  39
111  40
113  34
115  12
116  67
118  56
118  85
119  38
120  41
120  75
123  1
123  78
128  4
128  11
128  68
133  65
134  86
134  93
137  14
143  67
143  83
144  94
144  96
149  24
149  55
154  1
154  78
155  75
157  12
158  85
171  86
172  67
172  93
176  23
177  70
178  9
178  39
178  40
181  83
182  96
188  4
189  1
189  78
192  75
196  12
197  94
198  67
199  85
206  20
206  58
206  59
206  64
207  14
207  65
208  34
209  86
211  75
211  93
212  23
213  67
217  85
220  63
220  83
221  96
224  14
224  58
224  64
224  65
227  1
227  78
228  34
228  67
229  4
232  75
233  12
235  85
236  23
242  14
242  65
243  19
243  60
243  94
244  58
244  64
244  67
245  86
250  93
251  34
251  39
251  40
252  85
255  75
260  83
260  96
261  67
262  14
262  65
264  23
266  53
266  63
268  1
268  5
268  58
268  64
268  78
269  85
272  74
276  12
277  26
280  34
282  4
283  14
284  65
284  86
285  38
285  85
286  93
287  41
289  94
291  68
291  74
292  24
293  27
296  14
296  58
297  64
299  96
300  17
300  23
300  83
301  85
303  93
304  59
305  62
306  68
306  74
308  24
308  41
309  65
310  14
312  27
316  34
317  85
320  93
322  9
322  70
322  74
323  68
325  14
325  86
326  24
331  66
332  59
333  64
333  85
334  58
336  27
336  41
336  94
337  93
337  96
338  65
338  83
341  74
342  14
342  68
347  24
348  23
349  85
351  93
353  41
353  83
354  9
355  62
358  26
359  52
361  70
364  1
364  60
364  74
364  93
365  83
366  9
366  41
366  68
366  86
367  27
368  11
368  62
374  24
374  26
376  93
376  96
377  59
377  83
380  9
380  41
381  1
381  94
382  62
383  70
384  55
388  60
388  93
389  83
391  74
393  26
395  9
396  41
397  68
398  62
400  1
401  83
401  93
404  86
409  24
411  70
412  9
413  27
413  83
413  93
414  41
415  96
416  26
416  62
418  85
421  1
424  15
424  60
424  74
425  83
425  93
427  94
431  9
433  41
436  68
437  62
437  83
437  93
441  21
444  1
445  26
445  86
449  70
449  83
449  93
453  9
453  24
454  59
454  96
455  41
457  85
461  38
461  62
461  74
461  83
461  93
470  1
473  83
473  93
474  94
477  9
478  45
479  41
481  27
483  68
485  26
485  60
485  83
485  93
486  86
488  62
493  85
493  96
494  5
496  66
497  1
497  70
497  83
497  93
502  74
503  9
503  14
503  24
505  41
509  83
509  93
518  62
520  83
521  93
521  94
523  17
523  68
525  1
526  86
527  85
530  26
530  41
531  9
531  83
532  93
534  96
535  74
536  14
536  59
537  27
541  24
542  83
543  93
547  70
548  56
549  62
553  1
553  83
554  41
554  93
556  60
556  68
559  9
559  85
563  74
564  83
565  93
566  86
567  94
568  14
572  26
574  96
575  24
575  83
576  93
578  41
580  1
580  62
581  27
581  53
586  9
586  83
587  93
588  68
590  59
591  85
592  74
595  70
597  83
598  93
600  14
601  41
606  86
607  1
607  83
609  24
609  62
609  93
612  26
613  9
613  94
614  11
614  78
614  96
617  60
617  83
619  93
620  68
620  74
622  85
624  41
625  27
627  83
629  93
630  55
631  38
632  14
633  1
637  83
638  62
639  93
640  9
641  12
641  70
642  15
642  24
645  20
645  86
647  41
647  59
647  83
648  74
649  93
651  85
652  65
652  68
653  26
654  14
654  96
655  66
657  21
657  67
657  83
659  1
659  34
659  58
659  64
659  93
659  94
660  23
660  65
661  14
661  75
661  85
666  9
666  63
666  67
667  62
667  83
668  58
668  64
668  65
669  14
669  27
669  34
669  41
669  93
671  23
671  85
673  24
673  75
674  74
675  67
676  65
677  14
677  83
678  58
678  60
678  64
679  34
679  52
679  93
681  85
682  23
682  68
682  86
684  1
684  63
685  14
685  65
685  67
686  4
686  70
687  75
687  83
689  58
689  64
689  93
690  34
691  16
691  26
691  41
691  85
691  96
692  9
694  14
694  23
695  65
696  5
696  62
696  67
697  83
697  94
699  93
700  58
700  64
701  45
701  85
702  19
702  34
702  74
703  14
703  59
703  75
705  24
705  65
707  67
707  83
708  23
708  63
709  1
709  93
710  27
711  85
713  14
713  58
713  64
713  68
714  41
716  34
716  65
717  83
717  86
718  9
719  67
719  93
721  85
722  75
723  14
724  23
724  62
724  78
727  58
727  64
727  83
728  26
728  74
728  96
729  65
729  93
731  70
734  1
734  85
737  41
737  83
738  24
738  60
739  93
740  94
743  17
744  9
745  68
746  83
748  93
750  12
753  62
755  83
756  86
757  27
757  74
757  93
760  1
760  41
761  59
764  83
766  93
768  26
769  96
771  9
773  83
775  24
775  93
777  70
778  56
781  68
782  62
782  83
783  41
784  93
786  1
787  74
788  94
791  83
794  38
795  93
796  85
798  9
798  86
799  60
800  83
808  96
809  26
809  83
812  62
813  1
814  93
818  83
825  4
831  70
