8  93
9  86
13  27
13  52
14  77
15  2
15  51
16  23
16  28
16  56
16  81
16  98
17  31
17  93
18  37
18  42
18  86
19  3
19  5
19  17
19  48
19  58
19  62
19  74
19  76
20  7
20  21
20  72
20  89
20  90
22  13
22  66
23  32
23  47
24  19
24  60
26  87
26  93
27  86
27  92
28  9
28  27
28  52
30  77
31  85
32  70
32  81
32  98
33  51
34  2
35  93
36  23
36  29
36  56
37  28
37  86
37  94
38  31
42  89
42  90
43  50
44  37
44  42
44  93
45  33
45  46
46  27
46  52
47  3
47  5
47  17
47  48
47  62
47  74
47  86
48  58
48  72
48  76
49  7
49  21
49  77
50  81
50  98
53  93
57  51
57  86
57  87
58  92
61  2
62  13
62  32
62  66
62  93
63  47
66  31
66  85
66  90
67  23
67  56
67  86
67  89
69  27
69  28
69  52
70  81
70  98
71  19
71  60
71  93
73  77
77  86
78  37
78  42
80  93
81  9
83  51
88  86
90  93
91  81
91  98
92  94
94  90
95  27
95  52
95  89
98  87
99  86
99  92
101  93
104  28
108  37
108  42
110  86
112  93
113  81
113  98
120  86
121  2
122  3
123  74
123  93
124  48
125  90
126  5
126  62
126  89
127  17
129  85
129  86
131  76
133  27
133  52
133  72
134  93
136  58
136  81
136  98
138  21
138  28
138  86
143  2
144  94
145  93
147  70
147  86
149  87
149  92
150  48
151  7
152  37
152  42
156  86
156  93
158  90
159  23
159  56
159  81
159  89
159  98
165  86
168  2
168  93
174  86
176  94
179  93
182  50
182  98
183  81
183  86
184  48
188  93
190  92
192  86
193  90
194  89
194  98
195  13
197  93
201  2
201  21
201  60
201  86
204  87
206  93
206  98
208  81
210  86
210  94
211  92
215  70
215  93
218  28
218  98
219  13
219  86
223  77
224  93
226  21
228  86
230  90
230  98
231  60
231  89
231  92
233  81
233  93
236  48
238  86
241  85
242  93
242  98
250  86
251  93
252  13
252  92
252  94
254  98
258  81
258  90
259  21
259  86
259  87
260  93
261  27
261  32
261  56
263  17
264  74
264  76
266  98
268  72
268  86
268  89
269  93
272  90
273  92
275  27
276  56
276  86
277  66
278  60
278  93
278  98
281  17
281  32
282  74
283  76
283  81
284  86
286  90
287  93
289  98
290  47
291  27
291  72
292  56
292  86
294  92
296  93
296  96
300  86
300  90
300  98
302  89
303  17
304  13
304  74
305  93
306  21
307  76
308  32
308  81
308  86
309  27
310  77
311  56
311  98
314  90
314  92
314  93
316  86
317  87
321  72
322  98
323  93
324  86
327  52
328  90
329  27
329  85
330  31
331  17
331  74
332  86
332  93
333  56
333  98
334  81
334  92
337  23
337  76
337  89
340  19
340  86
341  93
342  90
343  51
344  98
345  32
347  60
348  86
349  93
352  27
353  92
354  98
356  21
356  86
356  90
357  93
358  56
359  5
360  81
362  72
363  13
364  3
364  86
364  98
365  74
365  93
367  17
370  90
372  86
372  92
373  62
373  89
373  93
374  87
374  98
375  76
377  58
378  86
379  27
381  93
384  86
384  90
384  98
386  81
386  94
387  56
389  2
389  93
390  86
390  92
394  98
395  7
395  48
396  28
397  93
398  86
399  21
403  2
403  90
404  60
404  98
405  93
406  86
406  94
408  70
408  92
410  89
411  13
411  81
413  48
413  50
413  93
414  86
414  98
416  77
417  28
418  2
421  93
422  86
423  85
424  98
425  92
427  94
429  93
430  86
430  87
434  48
434  98
435  2
437  81
437  93
438  28
438  52
438  86
441  21
441  37
441  42
442  92
444  98
445  51
445  70
445  93
446  86
447  89
448  94
451  33
452  28
452  46
453  37
453  42
453  93
453  98
454  2
454  86
455  52
459  48
459  92
461  81
461  93
462  13
462  86
463  51
464  98
465  96
466  37
466  42
467  28
469  94
470  86
473  93
474  60
475  2
475  52
476  50
478  51
478  86
480  31
481  37
481  42
481  77
481  93
484  28
484  29
484  33
484  90
485  9
485  49
485  85
485  89
486  7
486  81
486  86
487  46
487  87
488  93
490  30
490  48
490  51
491  94
492  31
492  77
494  86
495  93
498  37
498  42
500  52
502  85
502  86
502  93
503  51
503  81
504  2
504  31
504  77
505  9
508  58
508  66
509  87
509  93
510  86
511  19
511  81
512  29
516  23
516  93
517  51
517  77
518  31
518  37
518  42
518  86
519  58
519  81
520  66
520  85
521  89
522  87
522  90
523  93
525  19
526  86
527  81
529  28
529  98
530  93
532  9
532  58
532  77
533  51
534  52
534  66
534  86
535  3
535  31
535  81
535  87
537  93
539  62
539  85
541  19
542  37
542  86
543  42
543  81
544  27
544  93
546  58
546  83
548  87
549  77
550  66
550  86
551  51
551  81
551  93
554  31
556  89
556  93
557  86
558  52
558  85
559  47
559  81
559  98
560  5
560  23
560  90
561  19
561  87
561  93
562  58
562  62
563  3
564  29
564  86
567  81
567  89
567  93
568  7
568  52
568  77
569  66
570  37
571  86
572  42
572  51
574  93
575  9
575  81
575  87
576  46
577  31
577  85
577  86
578  33
581  58
581  93
582  86
583  81
585  19
587  86
587  98
588  93
589  77
589  87
590  94
591  2
591  81
591  92
592  27
592  28
592  66
592  86
593  51
595  90
595  93
596  85
597  86
598  48
600  37
601  81
601  93
602  42
602  98
603  23
604  31
604  86
605  2
606  70
606  93
606  94
607  28
607  92
608  77
609  87
609  98
610  89
611  86
611  93
615  21
616  48
616  85
616  86
616  98
617  27
618  13
618  90
618  93
619  92
620  60
621  86
622  56
623  2
623  17
623  72
623  76
623  94
623  98
624  28
624  74
625  27
625  32
625  93
626  51
626  86
627  50
627  90
629  21
630  98
631  56
631  86
631  92
632  93
634  17
634  27
634  76
635  74
636  13
636  72
636  86
636  90
637  48
637  70
637  98
638  32
639  60
639  93
640  94
641  56
641  86
643  92
644  2
644  98
645  21
645  90
646  86
646  89
646  93
647  17
647  27
647  76
647  96
648  74
651  72
651  86
651  98
652  56
653  32
653  93
654  90
655  92
656  86
657  13
658  94
658  98
660  93
661  17
661  27
661  76
661  86
662  74
663  90
664  48
664  56
664  60
664  81
665  21
665  98
666  86
667  93
668  92
669  72
670  2
671  32
671  86
672  90
672  98
674  93
676  86
676  94
677  17
677  27
677  56
677  76
678  74
679  98
681  86
681  90
681  92
681  93
682  89
683  13
686  86
686  98
688  21
688  93
690  72
690  90
691  27
691  56
691  86
692  32
693  70
693  98
694  92
694  94
695  48
695  76
695  81
695  93
696  2
696  17
696  60
696  74
696  86
699  90
700  28
700  98
701  27
701  86
702  93
703  50
706  86
706  92
707  42
707  56
707  93
707  98
708  37
708  90
711  27
711  86
712  93
712  94
713  13
713  72
714  21
714  28
714  98
715  52
715  77
715  81
715  85
715  86
716  76
717  17
717  74
717  90
717  93
718  2
718  32
718  51
718  89
719  86
719  87
719  92
721  93
721  98
722  27
722  31
722  81
723  42
723  86
724  37
724  48
724  56
725  93
726  52
726  77
726  96
727  58
727  86
727  90
728  5
728  7
728  89
728  98
729  23
729  28
729  81
729  85
729  93
729  94
730  3
730  47
730  62
730  87
731  9
731  66
731  86
732  19
732  51
732  92
733  2
733  46
733  52
733  93
734  33
734  60
735  27
735  72
735  98
736  29
736  81
736  86
736  89
737  5
737  23
737  31
737  77
737  93
738  7
739  3
739  62
740  47
740  52
740  58
741  42
741  86
741  87
741  93
742  21
742  37
742  98
743  81
743  90
744  85
744  89
745  23
745  92
745  93
746  5
746  28
746  86
746  94
747  51
747  52
747  66
749  3
749  7
749  19
749  62
749  93
750  2
750  77
750  81
750  98
751  13
751  47
751  86
752  83
752  87
753  23
753  70
753  89
753  93
754  52
754  58
755  31
755  48
756  5
756  86
757  81
757  93
759  9
759  85
760  3
760  62
761  7
761  86
761  93
762  23
762  42
762  52
762  89
763  37
763  87
763  94
764  28
764  47
764  51
764  81
765  66
765  93
766  86
767  5
769  2
769  19
769  93
770  52
770  58
770  77
771  81
771  86
771  89
772  3
772  23
772  62
773  93
774  7
774  87
775  85
775  98
776  31
776  86
777  93
778  47
778  81
779  5
779  52
780  29
780  89
780  92
780  94
781  86
781  93
782  23
782  51
782  98
784  28
784  77
785  3
785  62
785  81
785  86
785  87
785  93
786  37
786  42
786  50
786  66
788  52
788  93
789  2
789  7
789  58
789  86
789  89
789  98
790  33
790  48
790  90
791  85
792  5
792  81
792  92
792  93
793  23
793  86
794  19
794  27
795  47
796  87
796  93
796  98
797  52
797  86
797  94
798  89
798  90
799  31
799  77
799  81
800  3
800  62
800  93
801  21
801  46
801  56
801  86
802  9
802  51
803  27
803  98
804  17
804  74
804  76
804  92
804  93
805  23
805  28
805  72
805  86
806  7
806  81
806  83
806  90
807  5
807  52
807  85
807  87
807  89
807  93
808  60
809  32
809  86
810  2
810  13
810  98
811  58
811  93
812  37
812  42
812  66
813  27
813  81
813  86
814  56
814  90
814  94
815  47
815  93
816  89
816  92
817  3
817  62
817  77
817  86
817  98
818  52
819  23
819  87
819  93
820  30
820  74
820  81
821  17
821  76
821  86
822  49
822  90
822  96
823  70
823  72
823  85
823  93
824  27
824  48
824  98
825  5
825  51
825  86
825  89
826  7
826  21
827  31
827  81
827  93
828  19
828  92
829  56
829  86
830  28
830  52
831  32
831  87
831  90
831  93
831  94
831  98
833  2
833  86
