8  36
8  43
11  21
11  58
11  88
12  87
12  91
12  92
13  28
14  51
14  63
15  16
15  20
15  55
15  59
15  86
15  93
16  15
16  24
16  64
17  33
17  36
17  43
17  46
17  78
18  1
18  37
18  42
20  32
20  83
20  96
22  3
22  4
22  12
22  47
22  67
22  76
23  88
23  92
24  21
24  58
24  75
24  84
24  87
24  91
24  98
26  36
26  43
26  81
26  95
27  11
28  28
29  63
30  51
30  68
31  55
31  86
31  93
32  59
33  16
34  20
35  15
35  24
35  88
35  92
36  36
36  64
37  43
37  87
37  91
39  21
39  58
39  78
40  33
40  37
40  46
42  42
43  1
43  83
43  96
46  28
46  32
47  36
47  88
47  92
48  63
48  86
48  93
48  98
49  43
49  84
50  87
50  91
51  51
51  55
52  59
54  81
55  4
56  31
56  48
57  21
57  47
57  95
58  3
58  58
59  12
59  16
59  36
59  67
59  76
59  92
60  88
62  20
62  43
63  15
64  87
64  91
65  24
65  64
66  86
66  93
69  83
69  96
70  28
71  63
71  75
71  92
72  78
73  36
73  37
73  88
74  98
75  59
75  84
76  43
77  55
78  91
79  11
79  87
81  21
81  33
81  58
82  42
82  46
82  51
83  92
85  93
86  86
86  88
89  36
90  81
91  32
92  43
93  91
94  1
94  87
94  95
96  92
98  83
98  96
99  71
99  88
101  84
101  98
102  63
104  59
105  93
106  28
106  86
108  4
108  16
108  91
110  36
110  43
110  87
111  92
112  88
118  99
123  91
124  21
124  58
125  15
125  20
125  88
126  37
126  87
126  93
127  84
127  86
128  92
128  98
130  96
131  43
131  83
137  59
138  64
138  88
138  91
139  81
141  95
142  87
143  93
144  86
145  92
148  51
151  88
152  15
153  84
154  24
154  91
154  98
155  12
155  67
157  3
157  43
157  76
158  93
159  64
159  87
160  86
163  92
164  96
165  28
165  88
166  83
169  36
170  91
172  51
173  93
175  86
176  87
177  15
181  92
182  88
183  64
185  91
187  12
187  67
187  81
188  93
189  95
190  3
190  76
190  86
191  42
194  87
195  20
196  36
197  28
198  91
199  88
199  92
200  96
202  83
203  75
203  93
204  51
205  86
206  68
208  81
210  15
210  95
211  87
211  91
212  64
213  20
213  21
213  58
216  36
216  88
217  92
219  93
221  84
221  86
223  91
224  98
227  42
228  87
229  81
230  95
233  20
233  75
233  88
234  93
235  92
236  86
236  91
237  80
237  96
239  36
239  83
241  33
241  46
245  87
246  12
246  67
247  28
249  91
249  93
250  81
250  88
251  64
251  86
251  95
253  3
253  51
253  76
253  92
254  47
255  15
258  20
262  87
262  91
263  16
264  93
266  36
266  86
267  88
271  92
272  81
274  96
275  95
276  83
277  78
278  91
278  93
279  84
280  86
280  87
280  88
281  37
281  43
281  98
285  1
286  64
288  59
289  15
289  92
290  28
292  88
292  93
294  51
294  86
295  4
296  43
296  91
297  84
298  87
299  98
303  59
304  12
304  67
304  88
307  55
307  92
307  93
309  37
309  86
310  76
311  96
312  43
313  83
314  91
315  3
315  84
316  87
316  88
316  92
317  63
317  98
320  4
320  58
320  59
321  21
321  55
324  99
325  32
325  92
327  36
328  88
329  63
330  43
331  11
332  91
333  84
334  78
334  87
335  92
335  98
336  24
336  55
337  93
340  59
340  86
340  88
343  63
344  36
345  32
345  92
347  96
349  83
349  91
351  43
351  84
352  37
352  87
352  88
353  98
354  55
356  4
356  92
356  93
357  86
361  28
364  59
364  81
364  88
366  91
369  84
369  93
370  86
370  87
370  95
371  98
372  15
375  43
375  64
376  88
377  42
377  92
379  51
381  91
382  93
383  86
384  96
386  83
388  87
389  81
389  95
391  12
391  67
391  84
391  88
392  20
392  28
392  91
393  15
394  3
394  76
395  64
395  93
396  86
397  92
398  11
398  75
399  36
399  87
399  98
400  42
401  16
401  51
403  91
404  24
404  81
405  95
406  20
407  47
407  87
410  88
411  1
411  16
413  68
414  91
414  93
414  99
415  43
416  24
416  87
417  86
417  92
418  36
420  80
420  81
421  21
421  58
421  75
421  83
421  95
421  96
422  16
422  20
422  88
424  46
424  47
425  87
425  91
426  1
426  8
428  36
428  92
429  24
430  86
430  88
432  43
432  58
433  83
434  16
434  21
434  87
436  46
436  81
436  91
437  68
437  95
438  42
438  88
439  36
439  92
440  1
442  20
442  87
443  24
443  31
443  33
443  86
444  47
444  58
444  93
445  83
446  88
447  91
448  16
448  21
449  46
450  36
450  87
450  92
451  43
452  81
453  95
454  88
455  75
456  86
457  1
457  58
457  83
457  96
458  91
459  24
459  87
461  92
462  36
462  88
463  16
464  20
465  21
465  46
467  87
468  81
469  91
469  95
470  47
470  93
472  43
472  86
473  68
476  51
476  87
478  24
479  80
480  16
480  83
480  91
481  93
482  92
483  86
483  88
484  81
485  87
485  95
486  20
487  64
488  51
489  15
491  42
491  91
492  84
492  93
493  28
493  96
494  98
495  86
495  88
496  12
496  67
497  75
497  76
498  3
498  37
501  81
501  92
502  59
502  64
502  95
503  91
503  93
504  15
506  28
506  84
506  88
507  86
507  98
508  63
509  43
509  87
509  92
511  4
511  55
514  78
514  93
515  32
515  59
515  91
517  88
517  92
518  63
518  96
519  36
519  43
520  33
520  84
520  87
521  98
522  37
522  91
523  55
525  21
525  78
525  92
526  93
527  11
528  28
528  88
528  96
529  43
529  58
529  63
529  86
529  91
530  59
531  32
531  33
531  87
532  48
533  92
535  84
536  4
536  55
536  91
536  99
537  98
538  21
538  78
538  93
539  83
539  96
540  36
541  63
541  92
542  87
543  33
543  91
544  71
545  58
545  88
549  92
550  55
550  91
550  93
550  96
551  32
552  21
552  78
553  87
554  63
556  33
557  11
557  91
557  92
561  96
562  93
563  58
563  86
564  36
564  87
564  88
564  91
565  92
566  48
566  55
567  21
567  43
568  63
568  78
571  33
571  91
572  96
573  84
573  92
573  98
574  88
574  93
575  87
576  32
577  43
578  91
579  83
580  59
581  92
583  58
583  96
584  21
584  55
584  63
584  88
585  91
585  93
586  78
586  84
586  87
586  98
587  36
587  43
588  33
588  86
589  92
592  28
592  91
593  93
594  37
594  88
594  96
595  4
595  59
597  87
597  92
598  86
599  15
599  43
599  84
599  98
600  64
601  63
602  28
602  36
602  91
603  93
604  12
604  51
604  55
604  67
604  88
605  3
605  11
605  76
605  81
605  92
605  95
608  86
609  32
609  37
610  42
611  15
611  59
611  87
612  20
612  64
612  99
613  51
613  84
613  91
613  98
614  88
614  93
615  43
616  83
617  36
617  81
617  86
617  95
618  16
618  87
619  24
621  28
621  88
622  12
622  67
622  92
623  1
623  51
624  47
624  75
624  76
624  91
625  3
625  20
625  46
625  86
625  87
626  83
626  93
627  36
628  42
628  88
629  16
629  81
630  15
630  64
630  95
631  24
631  58
632  87
633  92
634  68
634  80
635  1
635  88
636  46
636  83
636  86
636  91
639  87
641  16
642  47
642  88
643  31
644  92
645  24
645  58
646  21
646  83
647  87
648  46
648  86
649  1
649  88
654  36
655  92
656  83
656  88
660  86
661  58
661  91
662  46
663  88
666  92
667  83
671  93
674  8
674  87
680  96
682  91
683  86
689  88
692  81
693  92
698  87
701  93
702  91
711  88
715  95
716  92
719  86
720  87
721  91
721  96
727  88
728  93
730  83
730  84
730  92
731  98
732  86
733  88
739  83
739  88
739  91
740  46
740  92
741  58
741  87
743  21
743  86
745  88
748  83
748  87
749  92
751  1
751  88
753  16
753  36
753  46
753  86
754  58
754  93
755  24
755  87
757  83
757  88
757  91
758  21
758  43
759  92
760  96
761  47
762  87
763  1
763  16
763  31
763  86
763  88
766  24
766  68
766  81
766  83
767  46
768  58
768  92
769  36
769  51
769  87
769  88
769  95
770  43
771  91
773  86
774  16
775  21
775  83
775  88
776  1
776  20
776  87
777  36
777  47
777  81
777  92
778  24
779  93
780  84
780  91
780  95
781  88
783  43
783  46
783  58
783  75
783  86
783  87
783  98
784  83
785  16
785  20
785  36
786  42
786  92
787  51
787  88
788  68
788  81
789  86
789  91
790  87
790  93
791  1
791  24
791  95
793  21
793  36
793  83
793  88
794  43
794  64
795  15
795  20
795  51
795  80
795  92
796  47
796  86
796  96
797  16
797  87
798  75
798  88
798  91
799  3
799  12
799  28
799  37
799  42
799  58
799  67
799  76
799  81
799  93
800  36
800  46
800  84
800  98
801  43
801  92
802  59
802  83
802  86
802  95
803  51
803  64
803  87
803  88
804  15
805  24
805  36
805  91
806  20
806  21
806  43
806  92
806  93
807  1
807  4
807  28
807  63
808  55
808  58
808  87
808  88
809  37
809  86
809  96
810  16
810  36
810  81
810  91
811  42
811  43
811  59
811  83
811  84
811  92
811  98
812  12
812  51
812  67
812  78
812  93
813  3
813  21
813  32
813  33
813  64
813  76
813  87
813  88
813  95
814  15
814  31
815  28
815  36
815  58
815  91
816  43
816  63
816  86
816  92
817  47
817  75
817  96
818  20
818  55
818  68
818  87
818  88
818  93
818  99
820  11
820  21
820  24
820  36
820  46
820  83
820  91
821  37
821  43
821  59
821  81
821  92
822  4
822  51
822  78
822  84
822  98
823  28
823  33
823  58
823  86
823  87
823  88
824  16
824  42
824  64
824  93
824  95
825  15
825  91
826  36
826  43
826  63
826  92
826  96
827  1
827  32
827  80
828  12
828  21
828  55
828  67
828  87
828  88
829  3
829  76
829  83
830  86
830  91
830  93
831  20
831  43
831  58
831  92
832  28
832  36
832  48
832  51
832  59
832  81
833  78
833  84
833  87
833  88
833  98
