11  29
11  50
13  34
13  45
13  85
13  94
14  13
14  66
17  36
17  43
18  4
18  5
18  32
18  47
18  74
18  75
18  81
18  98
19  6
19  18
19  30
19  49
19  61
19  73
20  35
20  44
21  23
21  56
22  21
22  31
22  48
22  58
23  29
23  50
24  2
24  77
25  37
25  42
27  85
27  94
28  34
28  45
30  13
30  66
30  80
30  99
33  33
33  86
33  93
34  46
36  29
36  50
37  36
37  81
37  83
37  96
38  98
39  43
41  47
41  85
41  94
42  4
42  5
42  32
42  73
42  75
43  74
44  7
44  72
45  6
45  18
45  30
45  49
45  61
48  34
48  45
49  66
50  23
51  29
51  35
51  44
52  13
52  50
54  56
56  85
56  94
58  31
58  48
58  76
59  81
60  98
63  36
64  2
64  3
64  21
64  58
64  77
65  99
66  80
69  29
71  50
72  42
72  85
72  94
74  34
74  66
74  73
75  37
75  45
78  43
78  86
78  93
83  81
84  98
88  13
88  85
88  94
89  4
89  75
91  29
92  32
92  96
93  47
94  83
96  50
97  5
98  74
99  23
100  36
103  85
103  94
104  34
104  45
106  6
108  66
109  18
109  61
109  81
110  98
112  30
113  33
114  49
116  86
117  93
118  85
118  94
119  29
119  99
120  4
120  75
121  80
124  73
133  85
133  94
134  34
134  45
136  81
137  98
138  50
145  56
148  85
148  94
151  86
153  93
160  13
161  43
163  4
163  85
163  94
164  75
165  81
166  98
168  50
169  6
170  45
171  34
171  35
171  44
175  46
175  83
177  96
179  56
180  85
180  94
185  13
185  43
186  99
188  80
190  29
195  81
195  98
197  50
198  86
199  94
200  6
200  85
202  93
206  13
208  32
209  74
209  98
213  50
214  43
214  80
216  83
216  94
217  37
220  85
223  98
225  81
226  13
230  32
231  50
231  74
233  94
237  98
239  80
240  85
247  83
250  94
251  98
252  37
253  31
255  81
255  85
256  29
256  99
257  32
258  48
259  74
261  58
262  18
262  30
264  80
265  2
265  98
267  35
267  85
267  94
274  96
279  85
279  98
280  48
280  83
281  18
281  30
283  34
283  58
283  94
285  81
288  80
289  35
290  21
290  32
291  2
291  72
291  85
292  98
293  47
294  74
296  50
299  94
303  85
304  18
304  30
305  5
305  98
308  37
309  48
312  58
312  80
312  83
314  86
315  66
315  85
315  94
316  81
317  34
317  35
318  98
319  93
326  99
327  2
327  85
330  32
330  61
330  77
331  50
331  94
331  98
332  18
333  30
334  74
335  80
338  49
338  85
343  83
343  98
347  81
347  94
349  85
351  48
353  35
354  13
354  58
355  98
357  80
358  42
360  34
360  85
363  94
365  50
367  98
368  18
368  30
370  32
370  96
371  85
373  83
376  74
377  37
378  81
379  80
379  94
379  98
381  2
382  85
388  36
391  98
393  85
395  94
396  99
397  35
398  93
399  50
400  80
400  86
401  83
403  98
404  34
404  48
404  72
404  85
405  13
407  18
408  30
408  58
409  81
411  32
411  94
414  29
415  85
415  98
417  23
417  74
419  44
420  80
426  85
426  94
426  98
428  83
429  50
434  13
437  43
437  85
437  98
438  6
439  37
439  45
439  81
440  2
440  50
440  80
441  56
441  94
443  35
444  29
445  46
446  13
447  85
448  18
448  98
449  30
449  43
450  34
451  6
451  32
451  83
452  50
455  3
456  74
456  94
459  13
459  56
459  80
459  98
460  66
461  48
462  43
464  50
465  6
466  29
466  99
467  85
467  96
469  81
470  46
470  94
470  98
471  73
473  13
473  93
474  83
475  86
476  43
477  4
477  50
477  75
478  45
478  56
478  80
479  25
480  85
480  94
481  98
482  6
488  4
488  13
488  75
489  32
489  45
489  93
490  34
490  94
491  50
491  86
492  74
492  98
493  43
493  85
496  29
496  56
496  83
497  37
497  80
500  4
500  75
500  81
500  94
501  6
501  45
504  23
504  98
505  13
505  47
505  85
506  93
508  34
508  86
509  46
510  36
511  29
511  50
512  43
512  66
512  94
513  4
513  73
513  75
515  45
516  33
517  3
517  23
517  31
517  85
518  56
520  5
520  36
522  29
523  66
523  93
524  6
524  73
524  94
525  86
527  34
528  4
528  75
528  76
529  85
530  45
530  99
531  23
531  36
531  81
533  43
534  29
535  33
536  66
536  94
537  73
538  96
540  54
541  85
541  93
542  36
542  86
544  56
545  4
545  75
546  49
547  29
547  45
548  23
548  94
549  7
549  34
549  66
551  6
551  73
552  85
553  81
554  29
555  36
557  5
557  43
557  47
558  66
559  42
559  93
559  99
560  86
560  94
561  29
561  61
561  81
561  96
562  33
562  85
564  4
564  75
566  45
567  47
567  50
567  73
568  5
568  23
568  66
569  29
569  36
569  76
570  46
570  81
572  85
572  94
573  42
573  99
574  21
574  34
577  29
577  56
577  86
577  93
578  47
578  66
578  96
579  5
579  81
582  6
582  85
584  36
584  43
584  94
585  4
585  29
585  73
586  75
587  99
588  45
588  81
589  42
589  66
590  98
591  23
591  47
592  85
594  5
594  50
594  86
595  93
595  94
598  13
598  96
600  29
600  98
602  34
602  36
602  50
603  83
604  33
604  80
604  85
604  94
606  73
608  98
609  4
609  13
609  77
611  50
611  75
612  43
612  45
612  86
612  93
613  32
613  74
613  94
615  6
615  56
615  85
616  98
617  80
619  83
620  34
621  13
621  37
622  50
622  85
622  94
624  98
627  30
628  18
628  35
628  58
629  23
629  32
629  74
629  85
629  93
630  34
630  80
630  86
631  2
631  48
631  94
632  98
634  13
635  50
635  83
636  85
640  30
640  98
641  18
641  43
642  35
642  81
643  58
644  4
644  72
644  80
644  94
645  37
645  85
646  32
647  48
647  74
648  2
648  6
648  13
648  98
649  50
651  75
652  83
653  46
654  85
655  18
655  30
656  98
658  35
658  80
659  94
660  58
663  85
664  98
666  32
666  48
667  74
668  2
669  3
670  83
671  18
671  44
672  30
672  80
672  85
672  98
674  94
676  35
676  37
677  81
680  58
680  98
681  85
686  80
688  72
689  32
689  48
689  85
689  94
689  98
690  18
690  83
691  30
694  2
697  35
697  85
704  58
705  85
705  99
710  81
715  18
716  94
720  85
740  94
742  81
756  96
758  85
762  94
774  81
777  99
779  98
783  61
784  85
784  94
785  49
805  81
805  86
805  93
805  94
807  85
813  98
822  31
826  94
829  85
