29  76
32  69
33  71
34  70
35  90
38  14
44  41
52  82
58  3
63  9
68  65
68  90
71  60
72  19
76  2
76  77
77  76
79  14
83  69
88  71
102  60
103  19
107  65
114  2
114  77
133  8
133  10
136  89
141  65
142  38
146  60
146  97
147  3
147  19
154  10
155  8
155  89
158  9
172  38
172  97
174  89
175  3
180  10
182  8
192  9
193  89
195  3
195  86
196  66
197  81
199  97
200  74
204  96
208  9
210  86
212  89
213  3
214  81
216  66
217  10
221  17
222  8
223  74
225  38
225  86
226  9
227  96
228  97
231  81
232  89
233  3
239  66
240  86
246  54
248  81
251  96
254  74
255  86
265  81
270  15
270  66
270  86
273  20
273  52
275  96
277  9
277  30
280  40
281  81
283  91
284  55
285  15
285  47
285  86
286  80
289  20
289  52
297  81
298  30
299  96
300  86
302  15
302  74
305  40
307  20
308  52
308  91
312  80
313  81
315  66
315  86
317  17
317  55
320  47
321  15
323  96
327  30
329  20
329  81
329  86
331  52
334  91
341  80
342  40
343  86
344  81
345  15
346  96
349  9
357  20
357  86
359  81
360  91
361  52
362  74
364  66
368  96
370  30
370  86
371  80
374  3
374  15
374  81
383  55
383  86
386  9
386  91
388  81
389  96
390  3
391  20
391  89
396  47
396  86
396  97
399  9
399  10
399  52
400  8
401  80
402  3
402  81
402  89
405  38
407  65
408  40
408  66
409  15
409  86
410  96
411  97
412  91
413  9
413  89
414  3
414  10
416  8
416  74
416  81
421  86
424  89
426  97
427  3
427  38
428  9
430  10
430  81
430  96
432  65
433  86
434  8
435  89
441  3
442  97
443  68
444  9
444  81
445  86
446  89
449  10
449  96
450  66
453  65
454  8
454  38
456  3
457  19
457  86
457  89
458  2
458  60
458  77
458  81
458  97
459  14
461  17
462  9
464  65
467  54
468  19
468  89
468  96
469  60
469  74
469  86
471  2
471  77
471  81
472  3
472  10
472  14
474  97
476  8
476  65
478  49
479  89
480  19
481  9
481  60
481  86
484  81
485  2
485  77
487  14
487  38
487  96
488  65
490  89
490  97
493  3
494  19
495  60
498  10
498  14
499  90
501  2
501  65
501  69
501  71
501  76
501  77
501  89
502  8
502  70
503  41
503  82
506  97
508  14
508  90
509  19
510  60
511  69
511  71
512  76
512  89
515  70
516  41
516  65
516  82
517  90
519  2
519  14
519  77
520  21
521  69
522  71
522  97
523  58
523  89
524  76
526  90
527  19
527  60
529  82
530  41
530  70
531  10
531  14
532  65
532  69
533  8
534  71
534  89
535  38
536  90
537  76
538  97
540  11
541  2
541  77
542  82
543  14
544  69
545  89
546  41
546  90
547  19
547  60
547  71
548  70
550  65
552  76
554  97
555  82
556  14
556  89
556  90
558  69
561  71
566  10
566  41
566  90
567  8
567  77
567  89
568  2
569  65
569  76
569  82
570  19
570  60
570  70
570  97
571  14
574  69
576  90
577  71
578  89
583  82
585  97
586  90
587  14
588  38
588  89
589  76
590  65
591  41
592  69
595  71
596  19
596  60
596  90
597  82
598  10
598  77
598  86
598  89
599  2
599  8
599  70
599  81
600  3
600  97
601  9
603  96
605  14
606  86
606  90
608  81
608  89
609  66
610  3
611  9
611  82
612  65
612  76
613  69
613  74
614  86
615  96
615  97
616  71
616  90
617  81
618  89
620  3
622  9
622  86
624  19
624  66
625  14
625  41
625  60
625  82
626  81
626  90
627  10
628  89
628  96
629  97
630  86
631  3
631  8
632  38
632  74
633  9
634  77
635  2
635  17
635  81
636  65
636  90
637  15
637  27
637  91
638  20
638  52
638  69
638  86
638  89
639  30
639  80
639  82
640  70
641  66
641  76
641  96
642  71
643  3
643  97
644  81
645  9
645  40
646  14
646  55
646  86
646  90
648  15
648  47
648  89
649  20
650  52
651  91
653  30
653  81
654  19
654  74
654  80
654  86
654  96
655  3
656  60
657  10
657  97
658  9
658  89
659  82
660  15
661  20
661  65
661  66
662  81
662  86
663  8
663  40
663  52
665  91
667  55
667  96
668  3
668  89
669  30
669  80
670  54
670  86
671  47
671  81
671  97
672  9
673  15
673  77
675  2
675  20
676  38
677  52
678  86
678  89
680  81
680  91
680  96
681  74
682  3
684  66
685  40
685  80
685  97
686  9
686  65
686  86
687  15
687  19
688  10
688  30
688  89
689  81
690  20
690  60
693  52
693  96
694  86
695  8
695  17
695  55
695  91
697  3
697  89
698  81
699  97
701  9
701  80
702  86
703  15
704  47
704  68
706  89
706  96
707  20
707  81
710  65
710  66
710  86
710  91
711  30
712  3
712  52
713  97
714  40
714  74
714  77
715  89
716  2
716  81
717  9
718  80
718  86
719  19
719  96
720  10
721  15
722  38
723  60
724  89
725  81
725  91
726  20
726  86
726  97
727  8
728  3
732  96
733  52
733  89
734  9
734  65
734  81
734  86
735  80
735  90
738  55
739  30
739  82
739  97
740  66
740  91
741  14
741  15
742  86
742  89
743  3
743  81
743  90
745  96
747  13
747  69
747  71
748  20
748  76
749  10
749  19
750  70
750  77
750  82
750  86
751  2
751  9
751  74
751  89
751  90
751  93
752  41
752  60
752  80
752  81
752  97
752  98
753  5
753  14
753  40
755  13
755  76
755  83
756  70
756  91
757  8
757  52
757  65
758  47
758  86
758  93
758  96
759  3
759  90
760  69
760  89
760  98
761  71
761  81
761  82
762  5
762  62
762  76
763  13
763  15
763  70
764  38
764  59
764  64
765  83
765  93
765  97
766  14
766  27
766  49
766  86
767  30
767  90
767  98
768  9
768  39
769  24
769  25
769  32
769  76
769  80
769  88
769  89
770  41
770  66
770  70
770  81
770  99
771  59
771  64
771  96
772  5
772  13
772  20
772  82
772  91
772  93
774  27
774  69
774  86
775  3
775  83
775  90
775  98
776  19
776  49
776  76
777  10
777  60
777  70
777  71
777  97
778  64
778  65
778  89
779  39
779  59
779  81
779  93
780  14
780  62
781  13
781  77
781  88
782  2
782  5
782  24
782  32
782  86
783  27
783  52
783  82
783  90
783  98
783  99
784  70
784  76
784  96
785  8
785  9
785  74
785  80
785  83
786  49
786  64
786  93
787  15
787  59
787  89
788  81
788  91
789  97
790  69
790  86
791  3
791  13
791  39
791  41
791  90
791  98
792  27
792  70
792  76
793  5
793  88
793  93
794  64
794  71
794  82
795  14
795  40
796  59
796  83
796  89
796  99
797  24
797  32
797  49
797  81
797  96
798  20
798  66
798  86
799  25
799  65
799  90
799  98
800  55
800  70
800  76
800  93
801  11
801  97
802  13
802  27
802  30
802  80
803  9
803  60
803  62
803  64
804  10
804  19
804  91
805  17
805  39
805  82
805  89
806  5
806  59
806  81
806  86
806  88
807  83
807  90
807  93
807  98
808  3
808  38
808  69
809  70
809  76
810  49
810  96
810  99
811  52
812  14
813  15
813  27
813  64
813  97
814  71
814  86
814  89
814  93
815  8
815  13
815  24
815  47
815  77
815  81
815  90
815  98
816  2
816  32
816  82
817  59
818  41
818  70
818  76
818  83
819  80
819  88
820  91
821  5
821  93
822  9
822  39
822  86
823  65
823  89
823  90
823  96
823  98
824  64
824  81
825  27
825  49
825  97
825  99
827  3
827  58
827  74
828  70
828  76
828  82
829  59
829  83
829  93
830  13
830  20
830  69
830  86
831  14
831  90
831  98
832  89
833  66
833  81
833  88
