11  29
11  50
13  34
13  45
13  85
13  94
14  13
14  66
17  36
17  43
18  4
18  5
18  32
18  47
18  74
18  75
18  81
18  98
19  6
19  18
19  30
19  49
19  61
19  73
20  35
20  44
21  23
21  56
22  21
22  31
22  48
22  58
23  29
23  50
24  2
24  77
25  37
25  42
27  34
27  45
27  85
27  94
30  13
30  66
30  80
30  99
33  33
33  86
33  93
34  46
36  29
36  50
37  36
37  83
37  96
38  81
38  98
39  4
39  43
39  75
41  85
41  94
42  32
42  47
42  73
43  5
43  74
44  7
44  72
45  6
45  18
45  30
45  34
45  45
45  49
45  61
49  23
50  66
51  35
51  44
52  13
52  29
52  50
52  56
55  85
55  94
58  31
58  48
59  76
60  81
60  98
64  2
64  3
64  21
64  58
64  77
66  34
66  45
66  80
66  99
67  4
67  75
69  86
69  93
70  85
70  94
73  29
73  50
75  36
75  37
75  42
78  43
84  81
84  98
85  85
85  94
86  66
87  13
92  34
93  32
93  45
93  47
94  83
94  96
97  6
97  50
98  5
98  74
100  29
100  85
100  94
104  73
107  4
107  75
107  86
107  93
109  56
110  18
110  61
110  81
110  98
111  30
111  43
111  49
116  13
116  85
116  94
120  80
121  99
122  50
133  6
133  29
134  85
134  94
135  46
137  81
137  98
148  23
149  43
150  50
151  94
152  13
153  85
154  98
158  83
161  80
166  32
166  74
166  81
168  50
168  94
170  98
172  35
172  44
172  85
177  13
178  37
179  96
184  56
185  94
185  99
186  6
186  98
189  29
189  80
191  85
193  83
195  66
196  32
196  74
196  81
199  93
201  94
202  98
204  86
209  50
209  85
216  80
217  98
218  94
220  34
222  48
222  85
223  58
224  18
224  30
226  81
228  2
230  35
230  83
231  37
232  98
234  32
234  45
235  74
235  85
235  94
239  36
242  80
245  34
247  18
247  30
247  85
247  98
248  48
249  58
252  94
254  99
256  50
256  81
258  35
259  85
260  2
260  72
261  98
263  31
265  83
267  80
269  94
271  85
273  96
275  98
276  18
277  30
277  32
279  34
280  74
282  93
283  85
285  94
286  48
287  58
287  81
288  47
289  98
291  21
292  80
292  86
294  50
295  85
296  35
297  13
298  83
301  94
302  98
304  37
305  5
307  85
309  2
309  33
313  18
314  30
315  98
316  80
317  94
318  81
319  85
321  32
322  99
324  34
325  74
328  98
329  77
330  50
330  83
331  61
331  85
333  73
333  94
334  29
335  49
339  48
339  80
340  66
341  58
341  98
343  35
343  85
349  13
349  81
349  94
354  85
354  98
356  18
356  30
360  83
361  42
361  80
362  32
363  50
363  93
365  85
365  94
366  98
367  96
368  74
370  37
371  2
371  34
372  45
374  86
376  85
378  98
379  81
380  94
383  80
387  85
389  83
390  98
391  35
391  99
395  48
396  94
397  50
398  58
398  85
399  18
399  30
399  72
402  98
403  13
404  32
404  80
409  74
409  85
410  81
411  94
414  98
417  83
418  34
420  44
420  75
420  85
424  4
425  80
425  98
426  94
429  29
429  50
431  85
433  2
435  37
436  35
436  98
437  23
440  30
441  18
441  81
441  85
441  94
444  32
444  83
445  36
445  80
445  93
447  98
448  48
448  74
450  58
451  85
455  13
456  94
458  98
459  50
459  86
461  85
461  96
462  34
462  43
463  99
464  80
465  6
466  13
468  56
468  83
469  98
470  50
471  29
471  81
471  85
471  94
472  43
472  46
477  6
478  13
480  30
480  98
481  18
481  35
481  50
481  85
482  32
483  3
483  43
483  80
484  56
486  74
486  94
488  2
488  66
490  6
490  13
490  83
491  85
491  98
492  29
493  50
494  37
494  46
495  43
497  45
498  48
500  94
501  25
501  58
501  80
501  81
501  85
501  98
504  13
504  56
505  6
505  50
506  34
506  47
509  43
511  85
511  98
512  83
515  94
518  18
518  30
518  50
519  5
519  13
519  29
519  32
519  80
520  85
520  93
521  74
521  98
522  6
525  4
525  31
525  43
525  45
525  75
525  86
525  94
526  46
526  56
527  34
528  99
531  98
532  50
532  81
533  3
533  83
533  85
535  4
535  13
535  45
535  75
535  93
535  94
536  80
540  86
541  98
542  6
543  43
545  56
545  94
546  4
546  34
546  75
546  85
547  23
547  45
547  50
548  37
549  73
551  93
551  98
552  13
553  29
553  80
554  32
554  83
554  94
555  49
556  86
557  74
557  96
558  4
558  75
558  85
560  45
561  50
561  61
561  98
563  43
563  81
564  36
564  94
565  29
565  66
565  73
566  6
566  23
567  34
567  93
568  56
570  85
571  13
571  33
571  80
572  4
572  75
572  86
573  36
573  98
574  45
574  50
575  29
575  66
575  94
576  7
576  73
577  83
579  23
579  76
580  46
582  85
583  21
583  29
583  36
584  66
584  81
584  93
585  43
586  99
587  4
587  75
587  94
588  5
588  47
588  73
588  86
589  33
589  45
590  29
590  34
590  42
590  96
591  54
592  66
592  81
592  85
593  6
593  23
594  36
595  56
597  29
598  5
598  47
599  94
599  99
600  81
601  66
601  73
601  85
601  93
603  42
604  4
604  29
604  75
604  86
605  36
606  96
607  45
608  77
608  81
609  5
609  43
609  47
610  23
610  66
611  29
611  85
611  94
613  33
613  99
614  76
615  34
615  73
616  81
618  36
618  42
618  93
619  29
620  66
620  85
620  86
621  5
621  47
622  96
623  4
623  94
624  6
624  75
624  81
626  45
626  99
627  29
628  56
629  85
630  23
630  66
632  36
632  73
632  81
634  5
634  47
635  29
635  93
635  94
636  42
636  43
636  86
638  85
639  96
640  81
640  99
641  50
641  66
642  34
642  98
644  29
644  94
645  4
646  75
647  36
647  85
648  5
648  13
648  45
648  47
648  80
648  81
649  50
650  33
650  83
650  98
651  73
652  86
652  93
653  46
653  94
654  23
655  66
656  6
656  85
657  32
657  50
658  74
658  98
658  99
659  29
659  34
660  13
660  96
661  80
662  85
662  94
663  37
664  43
665  36
665  56
666  50
666  83
666  98
668  35
668  93
669  4
669  18
669  30
669  34
669  85
669  86
671  2
671  48
671  75
671  94
672  45
672  58
673  13
674  32
674  80
674  98
675  74
676  85
678  3
680  34
680  44
680  50
680  72
680  94
682  35
682  83
682  98
683  18
683  30
683  85
687  13
687  48
687  93
688  2
688  37
688  58
688  80
689  6
690  86
690  98
691  43
692  85
693  32
694  50
694  74
695  94
697  35
698  83
698  98
699  18
699  30
700  85
701  80
706  48
706  98
707  58
708  2
708  85
710  94
715  35
715  72
716  32
716  80
716  85
716  98
717  18
717  30
718  83
722  81
724  85
732  48
737  94
750  58
758  81
762  94
769  85
781  61
785  94
786  49
791  81
795  85
800  99
803  98
807  94
819  85
823  81
826  31
828  94
829  96
