0 0.536753 0.500315 1.40985e-05 0s
1 0.612883 0.501107 7.71095e-05 2.78984s
2 0.612883 0.503042 0.000179619 2.78466s
3 0.612883 0.504976 0.000211223 2.79067s
4 0.612883 0.508025 0.000270989 2.78342s
5 0.612883 0.510039 0.000342141 2.80963s
6 0.670734 0.512011 0.000507189 2.7174s
7 0.670734 0.513961 0.000676575 2.73791s
8 0.670734 0.515898 0.000757592 2.8531s
9 0.670734 0.517976 0.00083779 2.76698s
10 0.670734 0.519175 0.000862025 2.7948s
11 0.670734 0.519969 0.000925212 2.74469s
12 0.670734 0.521957 0.00110209 2.72786s
13 0.670734 0.5225 0.00118145 2.75364s
14 0.670734 0.523972 0.00136934 2.69764s
15 0.670734 0.524978 0.00141931 2.72294s
16 0.693028 0.526691 0.00160505 2.76663s
17 0.693028 0.527086 0.0016713 2.75023s
18 0.693028 0.52736 0.00167265 2.74903s
19 0.693028 0.527886 0.00167181 2.69818s
20 0.693028 0.527832 0.00171814 2.69351s
21 0.693028 0.527495 0.00172271 2.75894s
22 0.693028 0.528357 0.00181571 2.76191s
23 0.693028 0.527647 0.00189149 2.7249s
24 0.693028 0.527034 0.00190262 2.78796s
25 0.693028 0.529651 0.00191201 2.81821s
26 0.745369 0.530484 0.00217415 2.70918s
27 0.745369 0.529157 0.00221787 2.73944s
28 0.745369 0.530995 0.00226648 2.72657s
29 0.745369 0.529116 0.00224197 2.72168s
30 0.745369 0.529362 0.00227081 2.77972s
31 0.745369 0.53261 0.00238241 2.73384s
32 0.745369 0.534342 0.00248726 2.75715s
33 0.745369 0.536032 0.00252878 2.78296s
34 0.745369 0.536543 0.00263465 2.75933s
35 0.745369 0.536558 0.00266916 2.79692s
36 0.745369 0.53815 0.00272295 2.72884s
37 0.745369 0.539674 0.00294614 2.77607s
38 0.745369 0.541921 0.00330227 2.77303s
39 0.745369 0.540053 0.00339253 2.81665s
40 0.745369 0.539839 0.00335466 2.75274s
41 0.745369 0.537019 0.0033491 2.82887s
42 0.745369 0.539211 0.0034015 2.77125s
43 0.745369 0.538652 0.00335005 2.76876s
44 0.745369 0.53709 0.00326941 2.72545s
45 0.745369 0.541137 0.00335507 2.74315s
46 0.745369 0.5397 0.00356735 2.7661s
47 0.745369 0.541399 0.00349148 2.75856s
48 0.745369 0.540075 0.0037537 2.79545s
49 0.745369 0.540942 0.00380529 2.7033s
50 0.745369 0.541063 0.00384999 2.78126s
51 0.745369 0.541567 0.0037678 2.72374s
52 0.745369 0.539128 0.00372051 2.72714s
53 0.745369 0.540977 0.00363816 2.75896s
54 0.745369 0.540199 0.0036872 2.76368s
55 0.745369 0.540845 0.00361667 2.74969s
56 0.745369 0.543287 0.00373452 2.86716s
57 0.745369 0.543093 0.0037555 2.73206s
58 0.745369 0.545893 0.00392533 2.78253s
59 0.745369 0.544711 0.00396509 2.73081s
60 0.745369 0.545417 0.00403572 2.77726s
61 0.745369 0.543845 0.00397379 2.75097s
62 0.745369 0.541445 0.00380309 2.805s
63 0.745369 0.542684 0.00398193 2.74082s
64 0.745369 0.538838 0.00387966 2.83128s
65 0.745369 0.540422 0.00389996 2.7439s
66 0.745369 0.542334 0.00401473 2.7953s
67 0.745369 0.539745 0.00398999 2.72565s
68 0.745369 0.54108 0.00404015 2.77615s
69 0.745369 0.545344 0.00440264 2.75901s
70 0.745369 0.546419 0.00450676 2.7642s
71 0.745369 0.545929 0.00454138 2.84011s
72 0.745369 0.545398 0.00465195 2.81183s
73 0.749186 0.546249 0.00499045 2.81156s
74 0.749186 0.54672 0.00512906 2.74379s
75 0.749186 0.54737 0.00517062 2.7874s
76 0.749186 0.546559 0.00509212 2.76869s
77 0.749186 0.548328 0.00514939 2.76715s
78 0.749186 0.548261 0.00514014 2.74575s
79 0.782899 0.550175 0.00539782 2.75208s
80 0.782899 0.551758 0.00558905 2.73125s
81 0.782899 0.548058 0.00546651 2.83417s
82 0.782899 0.550333 0.00546745 2.79557s
83 0.782899 0.551019 0.0053865 2.75188s
84 0.782899 0.548812 0.00570114 2.75854s
85 0.782899 0.550926 0.00594471 2.76188s
86 0.782899 0.552029 0.00596899 2.75859s
87 0.782899 0.557222 0.00603062 2.83535s
88 0.782899 0.558009 0.00620157 2.80826s
89 0.782899 0.551671 0.00616727 2.83099s
90 0.782899 0.554943 0.0062274 2.81067s
91 0.782899 0.555353 0.00605096 2.80821s
92 0.782899 0.556613 0.00608242 2.76826s
93 0.782899 0.556695 0.00625695 2.77731s
94 0.782899 0.557881 0.00658138 2.77082s
95 0.782899 0.555208 0.00640686 2.82231s
96 0.782899 0.554682 0.00630755 2.77239s
97 0.782899 0.556495 0.00661334 2.90139s
98 0.782899 0.560396 0.00705583 2.78462s
99 0.782899 0.564995 0.0073789 2.78135s
100 0.782899 0.564066 0.00769188 2.73649s
101 0.782899 0.564593 0.00756925 2.7826s
102 0.782899 0.563868 0.00748483 2.76216s
103 0.782899 0.562733 0.00722166 2.8557s
104 0.782899 0.560938 0.00719106 2.80175s
105 0.782899 0.557228 0.00725621 2.76281s
106 0.782899 0.555733 0.00697798 2.81767s
107 0.782899 0.555896 0.00707609 2.75481s
108 0.782899 0.558574 0.00726489 2.79772s
109 0.782899 0.555345 0.00722945 2.79007s
110 0.782899 0.561698 0.00701284 2.85068s
111 0.782899 0.563576 0.00734765 2.7615s
112 0.782899 0.562726 0.00749686 2.8259s
113 0.782899 0.559729 0.00723995 2.83858s
114 0.782899 0.563067 0.00748322 2.77728s
115 0.782899 0.561052 0.00758179 2.77302s
116 0.782899 0.564425 0.00747657 2.86826s
117 0.782899 0.561343 0.00766971 2.74945s
118 0.782899 0.565959 0.00759992 2.84282s
119 0.782899 0.560496 0.00748873 3.41474s
120 0.782899 0.564909 0.00783659 2.81155s
121 0.782899 0.566192 0.0080218 2.79804s
122 0.782899 0.56776 0.0084443 2.75633s
123 0.782899 0.56446 0.0082337 2.77521s
124 0.782899 0.562018 0.00816279 2.79131s
125 0.782899 0.561668 0.00802824 2.83256s
126 0.782899 0.562987 0.00810418 2.82301s
127 0.782899 0.56721 0.0080346 2.79532s
128 0.782899 0.566211 0.00835284 2.85761s
129 0.782899 0.56737 0.00826839 2.89868s
130 0.782899 0.569271 0.00822833 2.76384s
131 0.782899 0.565243 0.00826319 2.78003s
132 0.782899 0.568587 0.00856598 2.77851s
133 0.782899 0.571419 0.00841043 2.79926s
134 0.782899 0.566613 0.00857431 2.80624s
135 0.782899 0.568095 0.00866298 2.78923s
136 0.782899 0.572176 0.00884572 2.84382s
137 0.782899 0.573889 0.00903633 3.25263s
138 0.782899 0.571434 0.00899263 2.70626s
139 0.782899 0.573293 0.00897955 2.67444s
140 0.782899 0.572657 0.00885069 2.67344s
141 0.782899 0.567228 0.00914676 2.6697s
142 0.782899 0.571531 0.0089068 2.65512s
143 0.782899 0.568885 0.00921764 2.68046s
144 0.783594 0.567988 0.00922994 2.73729s
145 0.783594 0.566863 0.00926816 2.62775s
146 0.783594 0.568481 0.0092624 2.70842s
147 0.783594 0.573197 0.0096459 2.68834s
148 0.783594 0.57137 0.0097779 2.64646s
149 0.783594 0.572604 0.0100937 2.63185s
150 0.783594 0.574506 0.00996237 2.68952s
151 0.795039 0.573522 0.0101722 2.71831s
152 0.795039 0.572117 0.0101476 2.65982s
153 0.795039 0.5708 0.00995167 2.67313s
154 0.795039 0.567678 0.00968808 2.70638s
155 0.795039 0.569971 0.0094063 2.6792s
156 0.795039 0.570135 0.00970659 2.68583s
157 0.795039 0.576619 0.00976675 2.67867s
158 0.795039 0.573526 0.00989028 2.63126s
159 0.795039 0.574258 0.010053 2.7038s
160 0.795039 0.575345 0.0101733 3.62489s
161 0.795039 0.573046 0.0100081 2.68382s
162 0.795039 0.573409 0.00960406 2.68124s
163 0.795039 0.572818 0.00971028 2.66481s
164 0.795039 0.572985 0.00940726 2.67735s
165 0.795039 0.577402 0.00982304 2.71433s
166 0.795039 0.576063 0.0103432 2.64939s
167 0.795039 0.572216 0.0101865 2.63007s
168 0.795039 0.569605 0.0100966 2.68392s
169 0.795039 0.56907 0.00998117 2.6443s
170 0.795039 0.570673 0.00985601 2.67845s
171 0.795039 0.574422 0.0100305 2.68415s
172 0.795039 0.575877 0.0100667 2.66356s
173 0.795039 0.57285 0.0100208 2.72656s
174 0.795039 0.571717 0.010118 2.64788s
175 0.795039 0.574387 0.0100393 2.62624s
176 0.795039 0.577858 0.01034 2.65663s
177 0.795039 0.575062 0.0105915 2.69986s
178 0.795039 0.57595 0.0108925 2.71288s
179 0.795039 0.573601 0.0108286 2.62724s
180 0.795039 0.577289 0.0109415 2.67008s
181 0.795039 0.5764 0.0106643 2.68144s
182 0.795039 0.577817 0.0111982 2.64054s
183 0.795039 0.580569 0.0113062 2.66624s
184 0.795039 0.577903 0.0113032 2.62422s
185 0.795039 0.576885 0.0114668 2.64563s
186 0.795039 0.586212 0.0112977 2.68866s
187 0.795039 0.583135 0.0112397 2.64016s
188 0.795039 0.584597 0.01139 2.64791s
189 0.795039 0.580118 0.0113227 2.66169s
190 0.795039 0.581725 0.0117355 2.7206s
191 0.795039 0.581574 0.0120366 2.6677s
192 0.795039 0.580164 0.011868 2.70402s
193 0.795039 0.575449 0.0116701 2.67258s
194 0.795039 0.575699 0.011549 2.61988s
195 0.795039 0.574152 0.0114133 2.70226s
196 0.795039 0.576994 0.0111885 2.64974s
197 0.795039 0.576442 0.0110994 2.66066s
198 0.795039 0.579063 0.011124 2.66922s
199 0.795039 0.573153 0.0111454 2.6821s
200 0.795039 0.570484 0.0106122 2.71744s
201 0.795039 0.573293 0.0106999 2.67574s
202 0.795039 0.570032 0.0108378 2.65087s
203 0.795859 0.578109 0.0111369 2.67097s
204 0.807342 0.575834 0.0114662 2.67146s
205 0.807342 0.577066 0.0112791 2.62318s
206 0.807342 0.575204 0.0117924 2.70202s
207 0.807342 0.577094 0.0116824 2.64019s
208 0.814889 0.582134 0.0122952 2.66111s
209 0.814889 0.584025 0.0125862 2.65183s
210 0.842478 0.580129 0.0125399 2.70213s
211 0.842478 0.585595 0.0123714 2.62541s
212 0.842478 0.580182 0.0123776 2.69822s
213 0.842478 0.58469 0.0125016 2.66338s
214 0.842478 0.583467 0.0126318 2.73453s
215 0.842478 0.586621 0.0127866 2.65184s
216 0.842478 0.584975 0.0133966 2.68069s
217 0.842478 0.58938 0.0134093 2.65382s
218 0.842478 0.588148 0.0134373 2.64406s
219 0.842478 0.586868 0.0132933 2.69284s
220 0.842478 0.584187 0.0125337 2.6549s
221 0.842478 0.581779 0.0128296 2.69513s
222 0.842478 0.583942 0.0127249 2.67413s
223 0.842478 0.581793 0.0130166 2.65366s
224 0.842478 0.579292 0.0130134 2.64781s
225 0.842478 0.580812 0.0132178 2.64489s
226 0.842478 0.584164 0.013352 2.64369s
227 0.842478 0.582337 0.0130607 2.60966s
228 0.842478 0.58938 0.0130222 2.71651s
229 0.842478 0.587238 0.0136114 2.66101s
230 0.842478 0.586511 0.013862 2.67245s
231 0.854946 0.581957 0.013899 2.62351s
232 0.854946 0.586519 0.0137961 2.66797s
233 0.854946 0.586267 0.013673 2.74297s
234 0.854946 0.583397 0.0140356 2.64938s
235 0.854946 0.58329 0.0134654 2.64621s
236 0.854946 0.585484 0.0134736 2.61798s
237 0.854946 0.579747 0.0132377 2.70366s
238 0.854946 0.580223 0.0133182 2.64816s
239 0.854946 0.582078 0.013757 2.64184s
240 0.854946 0.580854 0.0131596 2.62358s
241 0.854946 0.581461 0.0131306 2.73405s
242 0.854946 0.58116 0.0134256 2.66641s
243 0.854946 0.579948 0.0131243 2.61516s
244 0.854946 0.582711 0.01293 2.69964s
245 0.854946 0.590408 0.0130069 2.6676s
246 0.854946 0.588578 0.0138895 2.61849s
247 0.854946 0.584206 0.013951 2.712s
248 0.854946 0.589083 0.0143767 2.71418s
249 0.854946 0.58037 0.0136871 2.69069s
250 0.854946 0.583195 0.0137368 2.60421s
251 0.854946 0.581788 0.0135769 2.71048s
252 0.854946 0.584796 0.0137848 2.64251s
253 0.854946 0.584372 0.0142592 2.71225s
254 0.854946 0.585732 0.0139779 2.68689s
255 0.854946 0.587481 0.0143448 2.75049s
256 0.854946 0.590845 0.0147336 2.66832s
257 0.854946 0.585459 0.0150001 2.63576s
258 0.854946 0.586464 0.0148764 2.68426s
259 0.854946 0.589259 0.0149459 2.64308s
260 0.854946 0.591296 0.0151992 2.67264s
261 0.854946 0.587673 0.0144534 2.63141s
262 0.854946 0.582861 0.0140158 2.71895s
263 0.854946 0.58608 0.0143818 2.64851s
264 0.854946 0.58166 0.0145177 2.63805s
265 0.854946 0.584592 0.0141324 2.70153s
266 0.854946 0.579753 0.0139214 2.62018s
267 0.854946 0.579813 0.0141368 2.65754s
268 0.854946 0.584534 0.0144687 2.67487s
269 0.854946 0.58567 0.0145753 2.63747s
270 0.854946 0.588504 0.0143305 2.69751s
271 0.854946 0.58962 0.0144027 2.65813s
272 0.854946 0.591507 0.0149671 2.61622s
273 0.854946 0.588874 0.0145296 2.65901s
274 0.854946 0.593168 0.0144482 2.6932s
275 0.854946 0.584945 0.0144823 2.66846s
276 0.854946 0.5839 0.0145065 2.66653s
277 0.854946 0.586783 0.0145565 2.66424s
278 0.854946 0.585648 0.0140801 2.63466s
279 0.854946 0.585484 0.0137481 2.69761s
280 0.854946 0.582926 0.0137693 2.61711s
281 0.854946 0.581153 0.013955 2.71813s
282 0.854946 0.592194 0.0143407 2.62581s
283 0.854946 0.589426 0.0144 2.63223s
284 0.854946 0.591875 0.014663 2.68079s
285 0.854946 0.58926 0.0148368 2.62439s
286 0.854946 0.588737 0.0146816 2.68293s
287 0.854946 0.590879 0.0143483 2.69683s
288 0.854946 0.597165 0.0146189 2.71109s
289 0.854946 0.59165 0.0153274 2.64165s
290 0.854946 0.590407 0.0152561 2.63487s
291 0.854946 0.591441 0.015459 2.60002s
292 0.854946 0.594731 0.0156961 2.70696s
293 0.854946 0.592526 0.0152413 2.68827s
294 0.854946 0.596154 0.015308 2.63852s
295 0.854946 0.590676 0.0153335 2.68651s
296 0.854946 0.587559 0.0150968 2.71329s
297 0.854946 0.584145 0.0147019 2.68327s
298 0.854946 0.588089 0.014828 2.64994s
299 0.854946 0.593784 0.0154862 2.691s
300 0.854946 0.594239 0.0156277 2.60692s
301 0.854946 0.593583 0.0153206 2.68528s
302 0.854946 0.590875 0.0149023 2.70943s
303 0.854946 0.589976 0.0149945 2.64254s
304 0.854946 0.595352 0.0149646 2.72623s
305 0.854946 0.588646 0.0147879 2.6739s
306 0.854946 0.584323 0.01484 2.67689s
307 0.854946 0.585046 0.0148229 2.6271s
308 0.854946 0.581864 0.0145785 2.64193s
309 0.854946 0.590786 0.0153516 2.6746s
310 0.854946 0.594725 0.0155396 2.63643s
311 0.854946 0.588904 0.0162279 2.6959s
312 0.854946 0.595833 0.0159804 2.70089s
313 0.854946 0.591525 0.0162214 2.63011s
314 0.854946 0.592003 0.0158824 2.70198s
315 0.854946 0.590718 0.0154056 2.66188s
316 0.854946 0.586922 0.0151904 2.68584s
317 0.854946 0.589783 0.0154903 2.66854s
318 0.854946 0.584086 0.0149616 2.67009s
319 0.854946 0.580705 0.0142963 2.68477s
320 0.854946 0.579214 0.0143922 2.67s
321 0.854946 0.584753 0.0145499 2.66047s
322 0.854946 0.587562 0.0149631 2.62476s
323 0.854946 0.591526 0.0151746 2.61694s
324 0.854946 0.587093 0.0152231 2.71508s
325 0.854946 0.587949 0.0152062 2.65384s
326 0.854946 0.585447 0.0152359 2.72265s
327 0.854946 0.585481 0.0143225 2.64572s
328 0.854946 0.585904 0.0149237 2.69821s
329 0.854946 0.589599 0.0153741 2.68027s
330 0.854946 0.59114 0.0154639 2.62745s
331 0.854946 0.590116 0.0150627 2.68586s
332 0.854946 0.584936 0.0153795 2.62746s
333 0.854946 0.585528 0.0151116 2.66099s
334 0.854946 0.590448 0.0157985 2.72705s
335 0.854946 0.589361 0.0155049 2.67722s
336 0.854946 0.588554 0.0154954 2.64969s
337 0.854946 0.588037 0.0154921 2.72935s
338 0.854946 0.590444 0.015465 2.64067s
339 0.854946 0.592382 0.0154398 2.70257s
340 0.854946 0.590971 0.0151034 2.61354s
341 0.854946 0.584476 0.0151658 2.63028s
342 0.854946 0.588177 0.0149858 2.71008s
343 0.854946 0.593722 0.0154503 2.6777s
344 0.854946 0.590335 0.0160255 2.64945s
345 0.854946 0.585432 0.0154069 2.72323s
346 0.854946 0.589249 0.016122 2.64574s
347 0.854946 0.592918 0.0158978 2.65793s
348 0.854946 0.58772 0.015776 2.61557s
349 0.854946 0.592042 0.0158808 2.67577s
350 0.854946 0.597442 0.0165807 2.70596s
351 0.854946 0.593399 0.0166303 2.65643s
352 0.854946 0.586991 0.0153073 2.62641s
353 0.854946 0.591572 0.0155751 2.72752s
354 0.854946 0.586337 0.0154507 2.67726s
355 0.854946 0.586135 0.0149143 2.65026s
356 0.854946 0.586424 0.0152711 2.62832s
357 0.854946 0.586874 0.0149283 2.7008s
358 0.854946 0.582421 0.0148937 2.65048s
359 0.854946 0.583179 0.0147527 2.68184s
360 0.854946 0.585832 0.0146919 2.68151s
361 0.854946 0.589129 0.0154908 2.62454s
362 0.854946 0.591142 0.0155108 2.63505s
363 0.854946 0.591152 0.0158284 2.68205s
364 0.854946 0.590629 0.0161273 2.67352s
365 0.854946 0.587528 0.0156161 2.63352s
366 0.854946 0.588619 0.0157505 2.66975s
367 0.854946 0.588017 0.0157982 2.65805s
368 0.854946 0.58324 0.0153569 2.6891s
369 0.854946 0.587933 0.0154509 2.64473s
370 0.854946 0.5842 0.0148746 2.65961s
371 0.854946 0.582287 0.0149494 2.65916s
372 0.854946 0.587476 0.0155229 2.69209s
373 0.854946 0.588995 0.0158765 2.67928s
374 0.854946 0.591882 0.0161527 2.68633s
375 0.854946 0.589611 0.0160583 2.66497s
376 0.854946 0.593903 0.0166241 2.67532s
377 0.854946 0.59704 0.0167706 2.71652s
378 0.854946 0.589641 0.0161087 2.61386s
379 0.854946 0.592384 0.0164998 2.67739s
380 0.854946 0.593169 0.0161795 2.61576s
381 0.854946 0.59118 0.0165558 2.6899s
382 0.854946 0.592625 0.0165974 2.68142s
383 0.854946 0.587405 0.0165435 2.65066s
384 0.854946 0.589927 0.0160992 2.63031s
385 0.854946 0.597403 0.0168201 2.72888s
386 0.854946 0.591799 0.0165352 2.63109s
387 0.854946 0.589487 0.0161876 3.61431s
388 0.854946 0.591676 0.016747 2.67712s
389 0.854946 0.591383 0.0166354 2.61249s
390 0.854946 0.592321 0.0164374 2.68923s
391 0.854946 0.591625 0.0160222 2.65691s
392 0.854946 0.590573 0.0159298 2.69882s
393 0.854946 0.592581 0.0165709 2.65166s
394 0.854946 0.592586 0.0164046 2.70802s
395 0.854946 0.588025 0.0155208 2.69137s
396 0.854946 0.592514 0.0157965 2.6807s
397 0.854946 0.591926 0.0161565 2.6506s
398 0.854946 0.595028 0.0167567 2.64267s
399 0.854946 0.597263 0.0164608 2.71751s
400 0.854946 0.590151 0.0159193 2.63909s
401 0.854946 0.594752 0.0157867 2.71918s
402 0.854946 0.592744 0.0159453 2.67657s
403 0.854946 0.594776 0.0163011 2.6598s
404 0.854946 0.596088 0.0159671 2.65614s
405 0.854946 0.589343 0.0159425 2.69208s
406 0.854946 0.591394 0.0158727 2.6808s
407 0.854946 0.588282 0.0155216 2.68173s
408 0.854946 0.5914 0.0155658 2.72221s
409 0.854946 0.587331 0.0160472 2.70364s
410 0.854946 0.590747 0.0160219 2.67792s
411 0.854946 0.594687 0.0157108 2.63421s
412 0.854946 0.592298 0.0156895 2.7059s
413 0.854946 0.591551 0.0157638 2.65142s
414 0.854946 0.590857 0.0164625 2.61521s
415 0.854946 0.597736 0.0164165 2.63305s
416 0.854946 0.592205 0.0165978 2.66444s
417 0.854946 0.592657 0.0167052 2.68574s
418 0.854946 0.585224 0.0160884 2.63263s
419 0.854946 0.586448 0.0157439 2.65705s
420 0.854946 0.585139 0.0151718 2.63937s
421 0.854946 0.584063 0.0152302 2.66688s
422 0.854946 0.58768 0.0157052 2.70234s
423 0.854946 0.59395 0.0151294 2.65395s
424 0.854946 0.588805 0.0157213 2.65459s
425 0.854946 0.588476 0.0152921 2.62751s
426 0.854946 0.593187 0.0161595 2.72168s
427 0.854946 0.592747 0.0161568 2.62834s
428 0.854946 0.590147 0.0156662 2.7103s
429 0.854946 0.590362 0.0155946 2.67857s
430 0.854946 0.589844 0.0153035 2.72177s
431 0.854946 0.59225 0.0159364 2.68096s
432 0.854946 0.589139 0.015856 2.62337s
433 0.854946 0.58899 0.0158233 2.74866s
434 0.854946 0.58726 0.0159209 2.59381s
435 0.854946 0.58995 0.0154122 2.65967s
436 0.854946 0.587271 0.0156059 2.717s
437 0.854946 0.585754 0.0151455 2.63408s
438 0.854946 0.585178 0.0150532 2.64437s
439 0.854946 0.581101 0.0150385 2.67578s
440 0.854946 0.583588 0.0151794 2.70225s
441 0.854946 0.588496 0.0155315 2.72931s
442 0.854946 0.591886 0.0158743 2.65855s
443 0.854946 0.59408 0.0159856 2.66201s
444 0.854946 0.597163 0.0163289 2.65169s
445 0.854946 0.593287 0.0163942 2.63563s
446 0.854946 0.588946 0.0154805 2.72316s
447 0.854946 0.5889 0.0157996 2.65521s
448 0.854946 0.585066 0.0157715 2.63643s
449 0.854946 0.588032 0.0160336 2.63774s
450 0.854946 0.587694 0.0158824 2.69896s
451 0.854946 0.586099 0.0149957 2.62031s
452 0.854946 0.585588 0.015131 2.68688s
453 0.854946 0.585999 0.015608 2.61309s
454 0.854946 0.589915 0.0157392 2.71619s
455 0.854946 0.591064 0.0155981 2.64828s
456 0.854946 0.592905 0.0161975 2.71128s
457 0.854946 0.593607 0.0168086 2.6843s
458 0.854946 0.59546 0.0168411 2.61909s
459 0.854946 0.594865 0.0170136 2.65232s
460 0.854946 0.594731 0.0167912 2.64004s
461 0.854946 0.596585 0.0169041 2.68041s
462 0.854946 0.596034 0.0162249 2.65508s
463 0.854946 0.593005 0.0163358 2.64513s
464 0.854946 0.588719 0.0156657 2.69956s
465 0.854946 0.591197 0.0161463 2.68569s
466 0.854946 0.591373 0.0163039 2.62217s
467 0.854946 0.586713 0.0154882 2.68186s
468 0.854946 0.589234 0.0157521 2.71698s
469 0.854946 0.592816 0.0159727 2.6262s
470 0.854946 0.584731 0.015633 2.69314s
471 0.854946 0.587129 0.0154693 2.68058s
472 0.854946 0.589963 0.015662 2.63284s
473 0.854946 0.583187 0.015545 2.7116s
474 0.854946 0.591863 0.0157209 2.62339s
475 0.854946 0.591822 0.0162874 2.70133s
476 0.854946 0.594984 0.0161382 2.65491s
477 0.854946 0.592431 0.0164114 2.61607s
478 0.854946 0.591531 0.0160685 2.76504s
479 0.854946 0.589274 0.016343 2.72389s
480 0.854946 0.58996 0.0160175 2.6163s
481 0.854946 0.58902 0.0159159 2.6529s
482 0.854946 0.59142 0.0161605 2.66577s
483 0.854946 0.591333 0.0161333 2.68624s
484 0.854946 0.588341 0.0156048 2.62779s
485 0.854946 0.588631 0.0152742 2.63836s
486 0.854946 0.588983 0.0153952 2.6338s
487 0.854946 0.583282 0.0152775 2.69807s
488 0.854946 0.58176 0.0147384 2.70963s
489 0.854946 0.584062 0.0154306 2.65404s
490 0.854946 0.591816 0.0153537 2.64412s
491 0.854946 0.585307 0.0153501 2.68119s
492 0.854946 0.584392 0.0158028 2.71091s
493 0.854946 0.592227 0.0161231 2.68157s
494 0.854946 0.590479 0.0157737 2.67505s
495 0.854946 0.584229 0.015347 2.66608s
496 0.854946 0.58506 0.0154966 2.66284s
497 0.854946 0.587163 0.0156204 2.66078s
498 0.854946 0.588324 0.0159627 2.62937s
499 0.854946 0.588697 0.0155646 2.72502s
500 0.854946 0.594322 0.0163029 2.66899s
501 0.854946 0.592202 0.0164857 2.67458s
502 0.854946 0.590275 0.0166683 2.67418s
503 0.854946 0.591656 0.0166682 2.67213s
504 0.854946 0.588497 0.016699 2.67035s
505 0.854946 0.581828 0.0160316 2.6281s
506 0.854946 0.581694 0.0157677 2.69143s
507 0.854946 0.587949 0.0158362 2.63583s
508 0.854946 0.583108 0.0160522 2.61501s
509 0.854946 0.592567 0.0166245 2.71335s
510 0.854946 0.586854 0.016006 2.63267s
511 0.854946 0.586583 0.0162691 2.69171s
512 0.854946 0.588445 0.0162579 2.63893s
513 0.854946 0.591922 0.0168123 2.71298s
514 0.854946 0.59509 0.0166507 2.67404s
515 0.854946 0.595504 0.0167503 2.64317s
516 0.854946 0.5917 0.0168439 2.62525s
517 0.854946 0.586308 0.0164015 2.62132s
518 0.854946 0.583105 0.0157327 2.69108s
519 0.854946 0.579213 0.0154724 2.65772s
520 0.854946 0.584733 0.0155806 2.66714s
521 0.854946 0.583704 0.014674 2.62662s
522 0.854946 0.585304 0.0148187 2.67998s
523 0.854946 0.587124 0.0155785 2.68833s
524 0.854946 0.587653 0.0154897 2.69727s
525 0.854946 0.589441 0.0159198 2.67719s
526 0.854946 0.599037 0.0158641 2.69685s
527 0.854946 0.590865 0.015919 2.6663s
528 0.854946 0.589515 0.0159376 2.68523s
529 0.854946 0.58507 0.0156712 2.76491s
530 0.854946 0.586598 0.0153266 2.62365s
531 0.854946 0.583794 0.0150534 2.72619s
532 0.854946 0.590902 0.0155692 2.67095s
533 0.854946 0.590746 0.0156582 2.70218s
534 0.854946 0.592567 0.0161515 2.63725s
535 0.854946 0.588533 0.0159291 2.69646s
536 0.854946 0.584232 0.0154011 2.62315s
537 0.854946 0.587851 0.0151445 2.66215s
538 0.854946 0.583719 0.0146511 2.7121s
539 0.854946 0.585611 0.0149241 2.64545s
540 0.854946 0.584825 0.0151691 2.61332s
541 0.854946 0.583224 0.0154055 2.71506s
542 0.854946 0.584343 0.0151622 2.62817s
543 0.854946 0.589669 0.0154137 2.64897s
544 0.854946 0.588455 0.0150786 2.66351s
545 0.854946 0.588622 0.0154518 2.64707s
546 0.854946 0.592073 0.0156578 2.64842s
547 0.854946 0.588634 0.0153674 2.67703s
548 0.854946 0.586116 0.0149715 2.71227s
549 0.854946 0.586892 0.0153252 2.66705s
550 0.854946 0.587691 0.0154612 2.63303s
551 0.854946 0.589846 0.0153153 2.65845s
552 0.854946 0.594361 0.0161359 2.73263s
553 0.854946 0.592372 0.0158114 2.72844s
554 0.854946 0.586525 0.0155414 2.66742s
555 0.854946 0.586163 0.0153765 2.61322s
556 0.854946 0.586995 0.0155745 2.69626s
557 0.854946 0.588734 0.015523 2.68114s
558 0.854946 0.585755 0.015399 2.67862s
559 0.854946 0.589962 0.0150366 2.73835s
560 0.854946 0.591367 0.0154633 2.63565s
561 0.854946 0.594264 0.0157352 2.65873s
562 0.854946 0.589318 0.0158093 2.6627s
563 0.854946 0.585735 0.0150104 2.64304s
564 0.854946 0.587401 0.015419 2.68739s
565 0.854946 0.587255 0.0153438 2.61477s
566 0.854946 0.586927 0.0151997 2.70147s
567 0.854946 0.594349 0.0153141 2.62927s
568 0.854946 0.589385 0.0159702 2.63752s
569 0.854946 0.585898 0.0151113 2.7101s
570 0.854946 0.587664 0.0156494 2.63161s
571 0.854946 0.592789 0.0159047 2.68118s
572 0.854946 0.59596 0.016662 2.67278s
573 0.854946 0.590457 0.0167863 2.62076s
574 0.854946 0.595726 0.016759 2.72052s
575 0.854946 0.593273 0.0166276 2.73367s
576 0.854946 0.589124 0.0165687 2.60242s
577 0.854946 0.591475 0.0161416 2.76673s
578 0.854946 0.590717 0.0160841 2.68622s
579 0.854946 0.593036 0.0161783 2.63471s
580 0.854946 0.598134 0.017204 2.69519s
581 0.854946 0.595155 0.0169927 2.62997s
582 0.854946 0.59312 0.0172258 2.63572s
583 0.854946 0.586312 0.0167322 2.66734s
584 0.854946 0.584106 0.0166722 2.65814s
585 0.854946 0.589946 0.0161417 2.65425s
586 0.854946 0.58661 0.0157655 2.71387s
587 0.854946 0.587542 0.015872 2.63422s
588 0.854946 0.579792 0.0156088 2.69618s
589 0.854946 0.586243 0.01532 2.69876s
590 0.854946 0.593416 0.0158917 2.73401s
591 0.854946 0.588354 0.0159367 2.64744s
592 0.854946 0.583385 0.0157711 2.71842s
593 0.854946 0.583565 0.0146729 2.71693s
594 0.854946 0.58338 0.0149928 2.64201s
595 0.854946 0.583916 0.0153585 2.64234s
596 0.854946 0.58677 0.0153956 2.67731s
597 0.854946 0.587622 0.015456 2.63443s
598 0.854946 0.588171 0.0156554 2.63319s
599 0.854946 0.581701 0.0153317 2.63954s
600 0.854946 0.590253 0.0160709 2.67081s
601 0.854946 0.58796 0.0157081 2.70668s
602 0.854946 0.586737 0.0156766 2.6688s
603 0.854946 0.590765 0.0160411 2.68086s
604 0.854946 0.585897 0.0159135 2.67104s
605 0.854946 0.586937 0.0157824 2.61908s
606 0.854946 0.586424 0.015876 2.69588s
607 0.854946 0.58831 0.0161617 2.61212s
608 0.854946 0.585605 0.0154862 2.68577s
609 0.854946 0.583185 0.015256 2.69929s
610 0.854946 0.583853 0.0145078 2.631s
611 0.854946 0.580216 0.014501 2.70451s
612 0.854946 0.580464 0.0146494 2.62386s
613 0.854946 0.583946 0.0146294 2.71027s
614 0.856137 0.588196 0.0153481 3.62231s
615 0.856137 0.588196 0.0154154 2.66961s
616 0.856137 0.585764 0.015695 2.62506s
617 0.856137 0.589467 0.0158378 2.75139s
618 0.856137 0.590771 0.016083 2.61563s
619 0.856137 0.586674 0.0161526 2.67965s
620 0.856137 0.583372 0.0155999 2.69207s
621 0.856137 0.581434 0.0151776 2.62442s
622 0.856137 0.584636 0.0151802 2.6876s
623 0.856137 0.584704 0.0158556 2.63696s
624 0.856137 0.588539 0.0158148 2.73098s
625 0.856137 0.589682 0.0157804 2.62298s
626 0.856137 0.592508 0.016548 2.66801s
627 0.856137 0.594167 0.0165893 2.63044s
628 0.856137 0.596933 0.01677 2.64765s
629 0.856137 0.59304 0.0167177 2.67064s
630 0.856137 0.597641 0.0162555 2.65382s
631 0.856137 0.596884 0.0168681 2.6996s
632 0.856137 0.589488 0.0169048 2.61994s
633 0.856137 0.591006 0.0169843 2.73403s
634 0.856137 0.591289 0.0160847 2.68459s
635 0.856137 0.591278 0.0162015 2.64206s
636 0.856137 0.583919 0.0158242 2.6976s
637 0.856137 0.586173 0.0154664 2.69203s
638 0.856137 0.586967 0.0156578 2.63272s
639 0.856137 0.585297 0.0159493 2.70406s
640 0.856137 0.586525 0.0158689 2.6281s
641 0.856137 0.588474 0.0157032 2.69969s
642 0.856137 0.589272 0.0159597 2.64595s
643 0.856137 0.586946 0.0160271 2.66966s
644 0.856137 0.593213 0.0160659 2.69631s
645 0.856137 0.592789 0.0165454 2.67971s
646 0.856137 0.595673 0.0167423 2.64837s
647 0.856137 0.595049 0.0171019 2.66129s
648 0.856137 0.59308 0.0168023 2.66962s
649 0.856137 0.591359 0.0171972 2.69791s
650 0.856137 0.5855 0.0164993 2.70591s
651 0.856137 0.587404 0.016214 2.70342s
652 0.856137 0.589382 0.0156923 2.64063s
653 0.856137 0.582628 0.0151422 2.62902s
654 0.856137 0.586257 0.0154179 2.61762s
655 0.856137 0.593789 0.0162369 2.69489s
656 0.856137 0.592301 0.0165808 2.62121s
657 0.856137 0.589641 0.0165597 2.65755s
658 0.856137 0.589884 0.0170723 2.6521s
659 0.856137 0.586024 0.0170972 2.6799s
660 0.856137 0.589884 0.0174793 2.69223s
661 0.856137 0.596355 0.017661 2.65747s
662 0.856137 0.598403 0.0179358 2.651s
663 0.856137 0.595677 0.0175616 2.70618s
664 0.856137 0.59841 0.0175573 2.72181s
665 0.856137 0.59256 0.0170927 2.65801s
666 0.856137 0.588834 0.0168544 2.6602s
667 0.856137 0.586561 0.0165498 2.62148s
668 0.856137 0.582056 0.016074 2.68188s
669 0.856137 0.593629 0.0165145 2.64051s
670 0.856137 0.587046 0.0160764 2.6931s
671 0.856137 0.589373 0.0160209 2.64074s
672 0.856137 0.592416 0.0163148 2.68366s
673 0.856137 0.589103 0.0158184 2.66257s
674 0.856137 0.587351 0.0160282 2.65504s
675 0.856137 0.587617 0.0159526 2.66468s
676 0.856137 0.585642 0.01571 2.66299s
677 0.856137 0.588304 0.0161237 2.69645s
678 0.856137 0.582754 0.0153537 2.61183s
679 0.856137 0.593666 0.016174 2.69229s
680 0.856137 0.591664 0.0165227 2.62136s
681 0.856137 0.596477 0.01668 2.68943s
682 0.856137 0.590478 0.0164186 2.69821s
683 0.856137 0.590154 0.0160315 2.62366s
684 0.856137 0.587239 0.0162076 2.67122s
685 0.856137 0.597233 0.0168006 2.70741s
686 0.856137 0.598172 0.0172847 2.6143s
687 0.856137 0.601105 0.017666 2.74286s
688 0.856137 0.59428 0.0174027 2.64953s
689 0.856137 0.596069 0.016025 2.65771s
690 0.856137 0.59426 0.0164169 2.63597s
691 0.856137 0.592556 0.0169715 2.69794s
692 0.856137 0.591557 0.0163794 2.68556s
693 0.856137 0.592593 0.0165132 2.71915s
694 0.856137 0.587633 0.0157643 2.67402s
695 0.856137 0.588326 0.0158714 2.60815s
696 0.856137 0.592124 0.0161941 2.67519s
697 0.856137 0.590243 0.0159436 2.68921s
698 0.856137 0.584574 0.0154218 2.65452s
699 0.856137 0.585214 0.0155441 2.62473s
700 0.856137 0.589624 0.0159047 2.66045s
701 0.856137 0.591035 0.0160579 2.62773s
702 0.856137 0.590678 0.0157655 2.70989s
703 0.856137 0.586918 0.015636 2.62389s
704 0.856137 0.58888 0.0159757 2.71652s
705 0.856137 0.588239 0.0156654 2.64724s
706 0.856137 0.592963 0.016398 2.66592s
707 0.856137 0.587426 0.0159097 2.62897s
708 0.856137 0.584819 0.015675 2.69669s
709 0.856137 0.586236 0.0156787 2.6271s
710 0.856137 0.585901 0.0155494 2.63035s
711 0.856137 0.586737 0.0157536 2.6869s
712 0.856137 0.584327 0.0159255 2.72021s
713 0.856137 0.582946 0.0157491 2.63914s
714 0.856137 0.593339 0.0161375 2.66005s
715 0.856137 0.598 0.0168989 2.6275s
716 0.856137 0.594401 0.0171552 2.69472s
717 0.856137 0.594745 0.0171189 2.67325s
718 0.856137 0.588055 0.0165057 2.6326s
719 0.856137 0.596841 0.0173053 2.66064s
720 0.856137 0.591701 0.016736 2.6904s
721 0.856137 0.589466 0.0160321 2.62488s
722 0.856137 0.592936 0.0170262 2.64644s
723 0.856137 0.593971 0.017139 2.64205s
724 0.856137 0.593579 0.0169096 2.63429s
725 0.856137 0.590521 0.0166457 2.63815s
726 0.856137 0.589481 0.0164907 2.70499s
727 0.856137 0.586321 0.0157929 2.66546s
728 0.856137 0.587911 0.016001 2.72223s
729 0.856137 0.578897 0.0153651 3.24109s
730 0.856137 0.587202 0.0157463 2.73202s
731 0.856137 0.591289 0.0161358 2.62909s
732 0.856137 0.591906 0.0162348 2.64579s
733 0.856137 0.594141 0.0166889 2.65466s
734 0.856137 0.593491 0.016729 2.61579s
735 0.856137 0.588312 0.0160629 2.6925s
736 0.856137 0.589409 0.0160485 2.72904s
737 0.856137 0.586939 0.0160774 2.70378s
738 0.856137 0.585923 0.0163114 2.61966s
739 0.856137 0.585238 0.0156613 2.70578s
740 0.856137 0.581641 0.0153208 2.67946s
741 0.856137 0.584814 0.0154623 2.69377s
742 0.856137 0.583047 0.0155588 2.66923s
743 0.856137 0.588203 0.0163238 2.64034s
744 0.856137 0.58804 0.0156557 2.68125s
745 0.856137 0.59571 0.0167398 2.70311s
746 0.856137 0.592175 0.0173795 2.64373s
747 0.856137 0.595186 0.0172533 2.6361s
748 0.856137 0.60283 0.0178252 2.61723s
749 0.856137 0.597293 0.0172893 2.72009s
750 0.856137 0.595838 0.0173952 2.69934s
751 0.856137 0.594716 0.0180358 2.68665s
752 0.856137 0.598719 0.0177047 2.62728s
753 0.856137 0.592149 0.017191 2.66165s
754 0.856137 0.591529 0.017129 2.6748s
755 0.856137 0.588429 0.0166558 2.66933s
756 0.856137 0.588685 0.0167456 2.67332s
757 0.856137 0.589843 0.0169324 2.66609s
758 0.856137 0.584785 0.016153 2.61682s
759 0.856137 0.592144 0.0165624 2.70279s
760 0.856137 0.589245 0.0163775 2.65078s
761 0.856137 0.593767 0.0167982 2.64948s
762 0.856137 0.596983 0.0173387 2.65644s
763 0.856137 0.596422 0.0177146 2.69962s
764 0.856137 0.604919 0.0172364 2.65257s
765 0.856137 0.589833 0.0168366 2.62891s
766 0.856137 0.589819 0.0167528 2.65615s
767 0.856137 0.59325 0.0170422 2.6778s
768 0.856137 0.595133 0.0165021 2.68036s
769 0.856137 0.592807 0.0163422 2.64327s
770 0.856137 0.588604 0.0162469 2.65668s
771 0.856137 0.587498 0.0162838 2.67719s
772 0.856137 0.592052 0.015953 2.64675s
773 0.856137 0.594248 0.0161741 2.66778s
774 0.856137 0.591035 0.0159966 2.68857s
775 0.856137 0.595471 0.0170931 2.6914s
776 0.856137 0.594916 0.0173467 2.61751s
777 0.856137 0.588796 0.0166335 2.70722s
778 0.856137 0.594633 0.0171542 2.66442s
779 0.856137 0.594519 0.0170418 2.63078s
780 0.856137 0.591991 0.0166373 2.64203s
781 0.856137 0.591458 0.0171035 2.67897s
782 0.856137 0.594235 0.0172937 2.67556s
783 0.856137 0.588057 0.0169427 2.66769s
784 0.856137 0.588782 0.0171464 2.62325s
785 0.856137 0.58714 0.0168354 2.7276s
786 0.856137 0.588393 0.0166717 2.61846s
787 0.856137 0.585044 0.016105 2.65548s
788 0.856137 0.590482 0.0161503 2.61599s
789 0.856137 0.58668 0.0163903 2.69644s
790 0.856137 0.586263 0.016643 2.66377s
791 0.856137 0.589443 0.0164789 2.68794s
792 0.856137 0.588807 0.0160547 2.69781s
793 0.856137 0.59097 0.0157988 2.7419s
794 0.856137 0.592497 0.0163819 2.63994s
795 0.856137 0.593531 0.0164491 2.66164s
796 0.856137 0.592106 0.0165521 2.71728s
797 0.856137 0.589625 0.0163323 2.69699s
798 0.856137 0.587479 0.0167016 2.62921s
799 0.856137 0.588171 0.0161368 2.64982s
800 0.856137 0.588867 0.0162976 2.72925s
801 0.856137 0.59051 0.016293 2.73498s
802 0.856137 0.59607 0.016876 2.67278s
803 0.856137 0.593191 0.0166522 2.67946s
804 0.856137 0.592378 0.0164462 2.683s
805 0.856137 0.59577 0.0165271 2.63693s
806 0.856137 0.600361 0.0175387 2.65525s
807 0.856137 0.593902 0.0173751 2.64303s
808 0.856137 0.587666 0.0167427 2.69879s
809 0.856137 0.596463 0.0172944 2.704s
810 0.856137 0.59532 0.0168067 2.71369s
811 0.856137 0.598639 0.0166129 2.67972s
812 0.856137 0.599478 0.017301 2.68784s
813 0.856137 0.594346 0.0173784 2.67842s
814 0.856137 0.588501 0.0171583 2.6228s
815 0.856137 0.59616 0.0174214 2.69462s
816 0.856137 0.595892 0.0171611 2.69479s
817 0.856137 0.596026 0.0171923 2.65629s
818 0.856137 0.596803 0.0170453 2.72788s
819 0.856137 0.600039 0.0170252 2.67578s
820 0.856137 0.599305 0.0178129 2.7084s
821 0.856137 0.597246 0.0175296 2.65904s
822 0.856137 0.596417 0.0171268 2.6758s
823 0.856137 0.595695 0.0170041 2.701s
824 0.856137 0.596156 0.0166618 2.63793s
825 0.856137 0.592605 0.0164389 2.69607s
826 0.856137 0.593926 0.016803 2.96415s
827 0.856137 0.58813 0.0165792 2.68114s
828 0.856137 0.586368 0.0165949 2.63536s
829 0.856137 0.592983 0.016658 2.67466s
830 0.856137 0.595745 0.0166932 2.67678s
831 0.856137 0.589056 0.0166333 2.68283s
832 0.856137 0.587132 0.01694 2.6543s
833 0.856137 0.587944 0.0163876 2.64907s
834 0.856137 0.592122 0.0163009 2.66589s
835 0.856137 0.585069 0.0164514 2.65463s
836 0.856137 0.585992 0.0163568 2.66474s
837 0.856137 0.589486 0.0168114 2.63608s
838 0.856137 0.586866 0.0169518 2.66464s
839 0.856137 0.58762 0.0160943 2.65771s
840 0.856137 0.584571 0.0156513 3.61828s
841 0.856137 0.587511 0.0157497 2.68776s
842 0.856137 0.586552 0.0160791 2.63352s
843 0.856137 0.590628 0.0160697 2.64593s
844 0.856137 0.586988 0.0162224 2.69013s
845 0.856137 0.582684 0.0161342 2.65487s
846 0.856137 0.588183 0.0167506 2.67897s
847 0.856137 0.589828 0.0168036 2.6574s
848 0.856137 0.589969 0.0172475 2.62881s
849 0.856137 0.58824 0.0163261 2.63504s
850 0.856137 0.588402 0.0162245 2.68985s
851 0.856137 0.590275 0.0160223 2.68304s
852 0.856137 0.588612 0.0165019 2.65677s
853 0.856137 0.591545 0.0160378 2.67569s
854 0.856137 0.589549 0.0161721 2.69203s
855 0.856137 0.59213 0.0164585 2.72663s
856 0.856137 0.5904 0.016445 2.66063s
857 0.856137 0.591261 0.0164217 2.73794s
858 0.856137 0.594844 0.0166653 2.6433s
859 0.856137 0.590996 0.0169417 2.65993s
860 0.856137 0.588612 0.0162299 2.64289s
861 0.856137 0.592084 0.0163521 2.7158s
862 0.856137 0.595683 0.0166798 2.63275s
863 0.856137 0.59198 0.0167258 2.71953s
864 0.856137 0.594797 0.0163755 2.70307s
865 0.856137 0.594055 0.0165081 2.67958s
866 0.856137 0.594195 0.0166487 2.60917s
867 0.856137 0.590817 0.0164168 2.65076s
868 0.856137 0.590838 0.0163656 2.68828s
869 0.856137 0.598696 0.0172013 2.66275s
870 0.856137 0.596684 0.0172306 2.69545s
871 0.856137 0.599731 0.0173138 2.72543s
872 0.856137 0.593989 0.0168108 2.65044s
873 0.856137 0.590859 0.0165281 2.72843s
874 0.856137 0.595773 0.0168076 2.67246s
875 0.856137 0.589852 0.0165593 2.62693s
876 0.856137 0.591953 0.0164222 2.66563s
877 0.856137 0.599682 0.0166225 2.6718s
878 0.856137 0.595196 0.0168562 2.68021s
879 0.856137 0.593088 0.0165246 2.69172s
880 0.856137 0.593637 0.0166209 2.70902s
881 0.856137 0.598017 0.0168697 2.64895s
882 0.856137 0.596846 0.0175981 2.70601s
883 0.856137 0.595356 0.0174693 2.67595s
884 0.856137 0.594656 0.0174631 2.62846s
885 0.856137 0.590433 0.0174325 2.68178s
886 0.856137 0.592265 0.016461 2.69492s
887 0.856137 0.589159 0.0169762 2.72434s
888 0.856137 0.589803 0.0166862 2.64194s
889 0.856137 0.592317 0.0168017 2.67876s
890 0.856137 0.590078 0.0162923 2.60962s
891 0.856137 0.588955 0.0159991 2.73634s
892 0.856137 0.588096 0.0165016 2.61757s
893 0.856137 0.590806 0.0162716 2.68242s
894 0.856137 0.593367 0.0167265 2.69447s
895 0.856137 0.591862 0.0165768 2.60896s
896 0.856137 0.591731 0.0168595 2.65349s
897 0.856137 0.592543 0.0168666 2.71409s
898 0.856137 0.59236 0.0167088 2.69962s
899 0.856137 0.592064 0.0169751 2.65181s
900 0.856137 0.593274 0.0163794 2.72856s
901 0.856137 0.592111 0.0169101 2.67207s
902 0.856137 0.593673 0.0167287 2.70829s
903 0.856137 0.594104 0.0173039 2.72613s
904 0.856137 0.59033 0.0172652 2.62802s
905 0.856137 0.589829 0.0171425 2.62837s
906 0.856137 0.589892 0.0172201 2.70218s
907 0.856137 0.585738 0.0169173 2.62789s
908 0.856137 0.586557 0.0168193 2.67653s
909 0.856137 0.591174 0.0169045 2.72254s
910 0.856137 0.590154 0.0168077 2.61489s
911 0.856137 0.581494 0.015762 2.69754s
912 0.856137 0.580349 0.015518 2.68853s
913 0.856137 0.583063 0.0155303 2.67329s
914 0.856137 0.589293 0.0163139 2.63503s
915 0.856137 0.595138 0.0170983 2.65663s
916 0.856137 0.595361 0.0168945 2.94253s
917 0.856137 0.596926 0.0168248 2.89451s
918 0.856137 0.596554 0.0170137 2.71271s
919 0.856137 0.597806 0.0169025 3.3676s
920 0.856137 0.592242 0.0170315 2.94961s
921 0.856137 0.591528 0.0166391 2.63856s
922 0.856137 0.591678 0.0164447 2.65s
923 0.856137 0.599542 0.0168878 2.66868s
924 0.856137 0.598748 0.0170702 2.69077s
925 0.856137 0.596358 0.0173851 2.63566s
926 0.856137 0.599566 0.0173307 2.63616s
927 0.856137 0.602466 0.0174228 2.66294s
928 0.856137 0.592035 0.0173329 2.65127s
929 0.856137 0.592268 0.0172814 2.6469s
930 0.856137 0.598161 0.0167186 2.69774s
931 0.856137 0.597482 0.0171886 2.61755s
932 0.856137 0.595037 0.0170299 2.6937s
933 0.856137 0.594872 0.0167 2.67156s
934 0.856137 0.593916 0.0171034 2.67603s
935 0.856137 0.590052 0.0173507 2.6762s
936 0.856137 0.594567 0.0173269 2.64332s
937 0.856137 0.598925 0.0175111 2.63167s
938 0.856137 0.592848 0.0165055 2.7206s
939 0.856137 0.592008 0.0167268 2.68558s
940 0.856137 0.592994 0.0166047 2.67717s
941 0.856137 0.598842 0.0169241 2.61889s
942 0.856137 0.594041 0.0167454 2.713s
943 0.856137 0.589877 0.0169739 2.64168s
944 0.856137 0.588353 0.0165577 2.69126s
945 0.856137 0.587031 0.0166273 2.71127s
946 0.856137 0.592375 0.0167772 2.63672s
947 0.856137 0.590268 0.0161824 2.70275s
948 0.856137 0.593009 0.0163483 2.64974s
949 0.856137 0.597798 0.0173839 2.71271s
950 0.856137 0.598739 0.0176122 2.67626s
951 0.856137 0.600324 0.0181028 2.70121s
952 0.856137 0.595267 0.0170377 2.68569s
953 0.856137 0.594713 0.017136 2.63513s
954 0.856137 0.588342 0.0166017 2.67029s
955 0.856137 0.596288 0.0167646 2.65106s
956 0.856137 0.596694 0.0170267 2.7091s
957 0.856137 0.593076 0.0172277 2.69153s
958 0.856137 0.591842 0.017046 2.69911s
959 0.856137 0.590707 0.016844 2.68985s
960 0.856137 0.590759 0.016701 2.72835s
961 0.856137 0.595988 0.0174181 2.63931s
962 0.856137 0.588268 0.0170729 2.65879s
963 0.856137 0.586621 0.0165221 2.65445s
964 0.856137 0.588009 0.0161647 2.65695s
965 0.856137 0.590303 0.0166936 2.63419s
966 0.856137 0.591331 0.0167548 2.67014s
967 0.856137 0.586776 0.0163361 2.69995s
968 0.856137 0.592722 0.016349 2.66577s
969 0.856137 0.587922 0.0165677 2.73758s
970 0.856137 0.597032 0.017193 2.65312s
971 0.856137 0.592298 0.0172881 2.65653s
972 0.856137 0.592609 0.0168984 2.68174s
973 0.856137 0.586106 0.0163534 2.66972s
974 0.856137 0.587319 0.0164449 2.67619s
975 0.856137 0.587195 0.0164737 2.64914s
976 0.856137 0.588385 0.0165056 2.66459s
977 0.856137 0.584715 0.0162435 2.70377s
978 0.856137 0.587607 0.016422 2.6715s
979 0.856137 0.581978 0.0159302 2.6272s
980 0.856137 0.587413 0.0158039 2.71315s
981 0.856137 0.581869 0.0153533 2.62303s
982 0.856137 0.587788 0.0152541 2.6942s
983 0.856137 0.583282 0.0158983 2.66415s
984 0.856137 0.587795 0.0162449 2.65881s
985 0.856137 0.57851 0.0154294 2.67686s
986 0.856137 0.585882 0.015854 2.65728s
987 0.856137 0.586541 0.0156124 2.65062s
988 0.856137 0.588127 0.0158427 2.66575s
989 0.856137 0.586533 0.0158401 2.71187s
990 0.856137 0.58404 0.0156408 2.6214s
991 0.856137 0.584882 0.0156427 2.65487s
992 0.856137 0.583021 0.0152457 2.68693s
993 0.859064 0.585452 0.0156298 2.62895s
994 0.859064 0.591094 0.0161088 2.70558s
995 0.859064 0.591947 0.0161776 2.62921s
996 0.859064 0.592902 0.0164803 2.70786s
997 0.859064 0.595398 0.0165719 2.67352s
998 0.859064 0.597322 0.0171328 2.68057s
999 0.859064 0.596808 0.0175706 2.67922s
1000 0.859064 0.59706 0.0176785 2.69552s
1001 0.859064 0.595286 0.0177495 2.63792s
1002 0.859064 0.598951 0.0174209 2.66639s
1003 0.859064 0.600037 0.017614 2.68502s
1004 0.859064 0.591548 0.016977 2.65288s
1005 0.859064 0.59652 0.0174879 2.6298s
1006 0.859064 0.594808 0.0175746 2.66085s
1007 0.859064 0.594231 0.0175745 2.71107s
1008 0.859064 0.595191 0.0174761 2.6673s
1009 0.859064 0.591231 0.0170521 2.74729s
1010 0.859064 0.592394 0.017316 2.63324s
1011 0.859064 0.590626 0.0169853 2.62436s
1012 0.859064 0.592805 0.0166244 2.7657s
1013 0.859064 0.587272 0.0167283 2.70021s
1014 0.859064 0.588135 0.0160088 2.63754s
1015 0.859064 0.587095 0.0159092 2.70544s
1016 0.859064 0.580098 0.0156019 2.6765s
1017 0.859064 0.580836 0.015558 2.69175s
1018 0.859064 0.586318 0.0153967 2.60955s
1019 0.859064 0.582752 0.0155476 2.67914s
1020 0.859064 0.584222 0.0154023 2.73897s
1021 0.859064 0.587038 0.0159802 2.64074s
1022 0.859064 0.582093 0.0158591 2.67421s
1023 0.859064 0.58187 0.0155525 2.65045s
1024 0.859064 0.589057 0.0161291 2.72733s
1025 0.859064 0.588544 0.0164231 2.63841s
1026 0.859064 0.596636 0.0173584 2.72042s
1027 0.859064 0.599595 0.0175524 2.61861s
1028 0.859064 0.5961 0.0176168 2.66368s
1029 0.859064 0.59431 0.0170985 2.67933s
1030 0.859064 0.592805 0.0165386 2.63789s
1031 0.859064 0.592477 0.0160211 2.62157s
1032 0.859064 0.592777 0.0164788 2.69141s
1033 0.859064 0.591242 0.0163682 2.63461s
1034 0.859064 0.59252 0.0162011 2.70216s
1035 0.859064 0.591669 0.0163845 2.63577s
1036 0.859064 0.588093 0.0162761 2.65694s
1037 0.859064 0.593258 0.0161832 2.6259s
1038 0.859064 0.589955 0.0165196 2.71494s
1039 0.859064 0.593109 0.0173147 2.65983s
1040 0.859064 0.588321 0.0166229 2.60713s
1041 0.859064 0.591248 0.0165793 2.77232s
1042 0.859064 0.588848 0.0165845 2.67108s
1043 0.859064 0.587485 0.016543 2.6355s
1044 0.859064 0.589301 0.0159225 2.76318s
1045 0.859064 0.590087 0.0163635 2.6893s
1046 0.859064 0.587747 0.0166728 2.63457s
1047 0.859064 0.593185 0.0167752 2.63788s
1048 0.859064 0.59064 0.0166584 2.62287s
1049 0.859064 0.590806 0.0165613 2.74827s
1050 0.859064 0.587709 0.0160463 2.66895s
1051 0.859064 0.586712 0.0163071 2.67396s
1052 0.859064 0.585272 0.0158552 2.66214s
1053 0.859064 0.586926 0.0160675 2.61356s
1054 0.859064 0.58735 0.0163663 2.68186s
1055 0.859064 0.586507 0.0159653 2.68676s
1056 0.859064 0.587646 0.0157241 2.64475s
1057 0.859064 0.589198 0.0160804 2.69033s
1058 0.859064 0.596778 0.016168 2.6892s
1059 0.859064 0.592018 0.0171527 2.61267s
1060 0.859064 0.591627 0.0172855 2.70904s
1061 0.859064 0.590419 0.016958 2.65366s
1062 0.859064 0.589852 0.016661 2.6814s
1063 0.859064 0.59274 0.0167879 2.70952s
1064 0.859064 0.59175 0.0166928 2.72492s
1065 0.859064 0.594117 0.0166815 3.59211s
1066 0.859064 0.587749 0.0167055 2.68207s
1067 0.859064 0.590668 0.016836 2.62777s
1068 0.859064 0.591868 0.0170234 2.68495s
1069 0.859064 0.595012 0.016798 2.66151s
1070 0.859064 0.590698 0.0162388 2.62553s
1071 0.859064 0.595936 0.0165069 2.65683s
1072 0.859064 0.593158 0.0166703 2.7119s
1073 0.859064 0.590843 0.0165102 2.66234s
1074 0.859064 0.592043 0.0164783 2.61516s
1075 0.859064 0.588675 0.0162116 2.63659s
1076 0.859064 0.587775 0.0159007 2.6814s
1077 0.859064 0.588447 0.0160758 2.68423s
1078 0.859064 0.586077 0.0162508 2.69124s
1079 0.859064 0.586264 0.0160484 2.69696s
1080 0.859064 0.588735 0.0159684 2.69555s
1081 0.859064 0.586573 0.0157964 2.66199s
1082 0.859064 0.581908 0.0157339 2.65972s
1083 0.859064 0.586645 0.0155358 2.68386s
1084 0.859064 0.580043 0.0153121 2.67852s
1085 0.859064 0.586775 0.0155918 2.6458s
1086 0.859064 0.584216 0.0161023 2.69039s
1087 0.859064 0.590204 0.0166297 2.67593s
1088 0.859064 0.587388 0.0166131 2.71113s
1089 0.859064 0.589205 0.016474 2.63598s
1090 0.859064 0.589887 0.0170618 2.7002s
1091 0.859064 0.586167 0.0165841 2.67771s
1092 0.859064 0.589363 0.0169172 2.63025s
1093 0.859064 0.591382 0.0172189 2.66527s
1094 0.859064 0.595209 0.0173279 2.70418s
1095 0.859064 0.591943 0.0171716 2.63428s
1096 0.859064 0.598099 0.0173036 2.65724s
1097 0.859064 0.597585 0.0175561 2.61862s
1098 0.859064 0.592053 0.0172329 2.69226s
1099 0.859064 0.591411 0.016782 2.67314s
1100 0.859064 0.588992 0.0169364 2.64138s
1101 0.859064 0.586768 0.0168585 2.63382s
1102 0.859064 0.586463 0.0160096 2.68171s
1103 0.859064 0.584462 0.0159532 2.68755s
1104 0.859064 0.581815 0.0155856 2.70973s
1105 0.859064 0.577416 0.01485 2.65267s
1106 0.859064 0.580053 0.0151401 2.63507s
1107 0.859064 0.583632 0.0154436 2.64033s
1108 0.859064 0.582482 0.0151798 2.62819s
1109 0.859064 0.58656 0.0154065 2.67927s
1110 0.859064 0.587071 0.0157306 2.70066s
1111 0.859064 0.591514 0.0162954 2.66789s
1112 0.859064 0.592605 0.0163529 2.63414s
1113 0.859064 0.588774 0.0162177 2.71682s
1114 0.859064 0.585926 0.0160305 2.62064s
1115 0.859064 0.585432 0.0153972 2.70679s
1116 0.859064 0.588638 0.0158808 2.62424s
1117 0.859064 0.593478 0.0159842 2.69856s
1118 0.859064 0.590491 0.0157622 2.65903s
1119 0.859064 0.589068 0.0152802 2.71324s
1120 0.859064 0.587883 0.0156477 2.67644s
1121 0.859064 0.59586 0.0164984 2.64616s
1122 0.859064 0.594795 0.016836 2.61887s
1123 0.859064 0.596085 0.0169984 2.64754s
1124 0.859064 0.58743 0.0160517 2.62017s
1125 0.859064 0.586403 0.0165109 2.702s
1126 0.859064 0.586135 0.0163229 2.65143s
1127 0.859064 0.597098 0.0164295 2.62679s
1128 0.859064 0.596304 0.0167211 2.7107s
1129 0.859064 0.594636 0.0169532 2.70226s
1130 0.859064 0.593733 0.017056 2.63107s
1131 0.859064 0.596844 0.0171793 2.69904s
1132 0.859064 0.591971 0.0169972 2.66194s
1133 0.859064 0.592848 0.0168399 2.67913s
1134 0.859064 0.592054 0.0168857 2.68957s
1135 0.859064 0.597944 0.0172135 2.61574s
1136 0.859064 0.595986 0.0172558 2.68914s
1137 0.859064 0.592923 0.0171785 2.66425s
1138 0.859064 0.592462 0.0168302 2.66058s
1139 0.859064 0.592327 0.0168487 2.62407s
1140 0.859064 0.591782 0.0163635 2.71782s
1141 0.859064 0.599147 0.0175977 2.63851s
1142 0.859064 0.594727 0.0175372 2.67527s
1143 0.859064 0.59664 0.0176151 2.68352s
1144 0.859064 0.5973 0.0179254 2.66093s
1145 0.859064 0.5916 0.0177897 2.68109s
1146 0.859064 0.59629 0.0183581 2.68875s
1147 0.859064 0.597367 0.0182707 2.65409s
1148 0.859064 0.592497 0.0181249 2.63136s
1149 0.859064 0.594031 0.0182644 2.71063s
1150 0.859064 0.590666 0.0176029 2.61049s
1151 0.859064 0.590817 0.0173891 2.69629s
1152 0.859064 0.596034 0.0179269 2.64602s
1153 0.859064 0.597953 0.0182791 2.75871s
1154 0.859064 0.59893 0.0178348 2.6343s
1155 0.859064 0.59097 0.0175888 2.69893s
1156 0.859064 0.593705 0.0177751 2.68977s
1157 0.859064 0.596681 0.0181781 2.65074s
1158 0.859064 0.590728 0.0179923 2.6551s
1159 0.859064 0.586697 0.016851 2.66287s
1160 0.859064 0.586309 0.0165093 2.62755s
1161 0.859064 0.583277 0.0163343 2.68451s
1162 0.859064 0.585892 0.0164993 2.64037s
1163 0.859064 0.586818 0.0166192 2.6596s
1164 0.859064 0.59215 0.0171148 2.68818s
1165 0.859064 0.592525 0.017574 2.63528s
1166 0.859064 0.595794 0.0171429 2.70416s
1167 0.859064 0.599475 0.0174098 2.6441s
1168 0.859064 0.596059 0.0175484 2.64055s
1169 0.859064 0.591288 0.0165578 2.74154s
1170 0.859064 0.592725 0.0169312 2.67916s
1171 0.859064 0.596854 0.0167477 2.6853s
1172 0.859064 0.598245 0.0173755 2.66133s
1173 0.859064 0.599877 0.0181171 2.63094s
1174 0.859064 0.593107 0.0172883 2.63261s
1175 0.859064 0.587824 0.0170678 2.60514s
1176 0.859064 0.590921 0.0164155 2.68778s
1177 0.859064 0.588603 0.0163488 2.72975s
1178 0.859064 0.592464 0.0163388 2.63758s
1179 0.859064 0.590855 0.0165501 2.68278s
1180 0.859064 0.594928 0.017132 2.6336s
1181 0.859064 0.597848 0.0170346 2.69327s
1182 0.859064 0.592091 0.0171776 2.64962s
1183 0.859064 0.591282 0.0166258 2.66637s
1184 0.859064 0.593241 0.0171748 2.629s
1185 0.859064 0.591582 0.0177028 2.71211s
1186 0.859064 0.594582 0.0171749 2.68555s
1187 0.859064 0.59327 0.0171863 2.6527s
1188 0.859064 0.590311 0.0169952 2.71184s
1189 0.859064 0.592918 0.0176551 2.65459s
1190 0.859064 0.589775 0.0163426 2.65149s
1191 0.859064 0.594033 0.016867 2.65021s
1192 0.859064 0.589496 0.0166075 2.63323s
1193 0.859064 0.584543 0.0155181 2.62623s
1194 0.859064 0.581744 0.0155803 2.65776s
1195 0.859064 0.587556 0.0152745 2.68466s
1196 0.859064 0.590838 0.0158633 2.69421s
1197 0.859064 0.59288 0.0162974 2.6307s
1198 0.859064 0.586204 0.0164462 2.68387s
1199 0.859064 0.587099 0.0164597 2.62178s
1200 0.859064 0.588737 0.0160875 2.71008s
1201 0.859064 0.596445 0.0164168 2.69864s
1202 0.859064 0.593559 0.0166221 2.64207s
1203 0.859064 0.589359 0.016356 2.6175s
1204 0.859064 0.589825 0.0165861 2.69755s
1205 0.859064 0.593729 0.0169123 2.6421s
1206 0.859064 0.597385 0.017125 2.69298s
1207 0.859064 0.592326 0.0170116 2.66617s
1208 0.859064 0.593835 0.0178967 2.67757s
1209 0.859064 0.598835 0.0181063 2.65814s
1210 0.859064 0.600388 0.0178718 2.71723s
1211 0.859064 0.594362 0.0174929 2.67125s
1212 0.859064 0.594074 0.0174063 2.67219s
1213 0.859064 0.597359 0.0172939 2.66097s
1214 0.859064 0.593222 0.0170509 2.64049s
1215 0.859064 0.591146 0.0173252 2.68424s
1216 0.859064 0.588507 0.0164737 2.63228s
1217 0.859064 0.591834 0.0167194 2.65239s
1218 0.859064 0.587537 0.0166657 2.62658s
1219 0.859064 0.59304 0.0164575 2.68741s
1220 0.859064 0.594723 0.017044 2.71905s
1221 0.859064 0.594595 0.0175858 2.63866s
1222 0.859064 0.586114 0.0169037 2.70454s
1223 0.859064 0.583777 0.015821 2.70666s
1224 0.859064 0.582682 0.0162222 2.62241s
1225 0.859064 0.58711 0.0166325 2.68206s
1226 0.859064 0.585641 0.0162506 2.65254s
1227 0.859064 0.58935 0.0161916 2.6903s
1228 0.859064 0.587738 0.0164306 2.62885s
1229 0.859064 0.585892 0.0162859 2.61678s
1230 0.859064 0.588952 0.0167108 2.71504s
1231 0.859064 0.602137 0.0178471 2.65548s
1232 0.859064 0.598868 0.0185033 2.68744s
1233 0.859064 0.597667 0.0178122 2.70919s
1234 0.859064 0.590145 0.0172179 2.68318s
1235 0.859064 0.590457 0.0167562 2.67664s
1236 0.859064 0.588194 0.0165967 2.62803s
1237 0.859064 0.586254 0.0159023 2.69111s
1238 0.859064 0.593411 0.0165168 2.63411s
1239 0.859064 0.58727 0.0159397 2.71068s
1240 0.859064 0.588952 0.0162083 2.66715s
1241 0.859064 0.587228 0.0160756 2.64647s
1242 0.859064 0.589927 0.0163405 2.63444s
1243 0.859064 0.592038 0.0166948 2.65606s
1244 0.859064 0.590039 0.0166264 2.60606s
1245 0.859064 0.599773 0.0166599 2.70715s
1246 0.859064 0.590257 0.0166814 2.63819s
1247 0.859064 0.590741 0.0168876 2.63948s
1248 0.859064 0.585072 0.0168252 2.69718s
1249 0.859064 0.590143 0.0163495 2.65455s
1250 0.859064 0.586946 0.015986 2.66869s
1251 0.859064 0.585901 0.0156822 2.62852s
1252 0.859064 0.586608 0.0157822 2.62076s
1253 0.859064 0.586061 0.0163957 2.70897s
1254 0.859064 0.592664 0.0163622 2.69802s
1255 0.859064 0.591684 0.0163043 2.65811s
1256 0.859064 0.589243 0.0163462 2.64419s
1257 0.859064 0.59203 0.0163943 2.63995s
1258 0.859064 0.590873 0.0164407 2.70198s
1259 0.859064 0.587479 0.0164418 2.69274s
1260 0.859064 0.587598 0.0160438 2.66848s
1261 0.859064 0.588945 0.0158902 2.78957s
1262 0.859064 0.586216 0.0159416 2.7098s
1263 0.859064 0.585981 0.0164126 2.62425s
1264 0.859064 0.594282 0.0167224 2.67988s
1265 0.859064 0.591082 0.0168743 2.65289s
1266 0.859064 0.589637 0.0170412 2.63018s
1267 0.859064 0.594485 0.0170463 2.68269s
1268 0.859064 0.589308 0.017086 2.69021s
1269 0.859064 0.588526 0.0165423 2.62788s
1270 0.859064 0.593511 0.0167414 2.66907s
1271 0.859064 0.585668 0.0167165 2.69179s
1272 0.859064 0.588525 0.0167597 2.64626s
1273 0.859064 0.589503 0.0173076 2.72687s
1274 0.859064 0.591669 0.0169242 2.68081s
1275 0.859064 0.591892 0.0170046 2.64252s
1276 0.859064 0.587287 0.0169572 2.66821s
1277 0.859064 0.587717 0.0166121 2.65068s
1278 0.859064 0.586874 0.0158587 2.69671s
1279 0.859064 0.591962 0.0162069 2.66459s
1280 0.859064 0.589546 0.0160975 2.70245s
1281 0.859064 0.590466 0.0162446 2.71572s
1282 0.859064 0.586078 0.0161622 2.6658s
1283 0.859064 0.588605 0.0167062 2.64991s
1284 0.859064 0.584676 0.0165503 2.67473s
1285 0.859064 0.592262 0.016616 2.67971s
1286 0.859064 0.597872 0.017207 2.68881s
1287 0.859064 0.594748 0.0172841 2.70178s
1288 0.859064 0.595058 0.0166746 2.63891s
1289 0.859064 0.593253 0.0167512 2.71153s
1290 0.859064 0.588927 0.0167257 2.66079s
1291 0.859064 0.592668 0.0170705 3.61407s
1292 0.859064 0.589745 0.0164618 2.70061s
1293 0.859064 0.594544 0.0170006 2.61921s
1294 0.859064 0.589763 0.0165856 2.74304s
1295 0.859064 0.586731 0.0161132 2.63917s
1296 0.859064 0.587397 0.0160908 2.67142s
1297 0.859064 0.589721 0.0163393 2.61282s
1298 0.859064 0.586739 0.0161436 2.66412s
1299 0.859064 0.593351 0.0158265 2.71789s
1300 0.859064 0.587482 0.0162049 2.73308s
1301 0.859064 0.588854 0.0162383 2.68691s
1302 0.859064 0.589871 0.0161052 2.64178s
1303 0.859064 0.59192 0.0164467 2.70159s
1304 0.859064 0.594339 0.0167919 2.69522s
1305 0.859064 0.589991 0.016527 2.63837s
1306 0.859064 0.586878 0.0162303 2.63492s
1307 0.859064 0.591913 0.0159275 2.68806s
1308 0.859064 0.592576 0.0163401 2.65564s
1309 0.859064 0.592655 0.0166666 2.67679s
1310 0.859064 0.594263 0.0168303 2.63569s
1311 0.859064 0.592747 0.016723 2.70541s
1312 0.859064 0.587433 0.0167539 2.6659s
1313 0.859064 0.588419 0.0165803 2.71859s
1314 0.859064 0.591654 0.0172657 2.63527s
1315 0.859064 0.591465 0.0172323 2.66616s
1316 0.859064 0.595788 0.0172398 2.64439s
1317 0.859064 0.590572 0.017138 2.66278s
1318 0.859064 0.601151 0.0175937 2.67234s
1319 0.859064 0.60453 0.0184019 2.66319s
1320 0.859064 0.596718 0.0185021 2.66911s
1321 0.859064 0.598437 0.0188956 2.63116s
1322 0.859064 0.592569 0.0181909 2.67633s
1323 0.859064 0.595919 0.0180745 2.61449s
1324 0.859064 0.596439 0.0183457 2.69991s
1325 0.859064 0.596754 0.0179707 2.59943s
1326 0.859064 0.594418 0.0175364 2.62271s
1327 0.859064 0.590208 0.0167498 2.71087s
1328 0.859064 0.586072 0.0170545 2.69505s
1329 0.859064 0.590195 0.0168753 2.62866s
1330 0.859064 0.590218 0.016555 2.69078s
1331 0.859064 0.600043 0.0179769 2.63191s
1332 0.859064 0.601661 0.0178692 2.70736s
1333 0.859064 0.602277 0.0189274 2.64413s
1334 0.859064 0.597965 0.0185008 2.62343s
1335 0.859064 0.590549 0.0178804 2.61676s
1336 0.859064 0.588568 0.0173585 2.64392s
1337 0.859064 0.59284 0.0167407 2.7453s
1338 0.859064 0.585928 0.0166447 2.64103s
1339 0.859064 0.587961 0.0169372 2.61394s
1340 0.859064 0.59228 0.0168814 2.63765s
1341 0.859064 0.592509 0.0168246 2.65907s
1342 0.859064 0.590247 0.016215 2.68334s
1343 0.859064 0.590794 0.0164372 2.68749s
1344 0.859064 0.587629 0.0162062 2.70812s
1345 0.859064 0.583161 0.0163318 2.64624s
1346 0.859064 0.58931 0.0171206 2.67384s
1347 0.859064 0.591224 0.016956 2.67879s
1348 0.859064 0.586353 0.0163988 2.6774s
1349 0.859064 0.585625 0.0162438 2.64587s
1350 0.859064 0.585906 0.0157744 2.69557s
1351 0.859064 0.581627 0.0156629 2.67327s
1352 0.859064 0.58909 0.0160206 2.66912s
1353 0.859064 0.58704 0.0162617 2.65946s
1354 0.859064 0.587615 0.0165201 2.6345s
1355 0.859064 0.591651 0.0162754 2.65285s
1356 0.859064 0.592125 0.0166696 2.67955s
1357 0.859064 0.598707 0.0170131 2.68894s
1358 0.859064 0.597207 0.0174058 2.67374s
1359 0.859064 0.592866 0.0170613 2.7151s
1360 0.859064 0.591221 0.0167457 2.65271s
1361 0.859064 0.58568 0.0163409 2.64777s
1362 0.859064 0.590794 0.0162714 2.70282s
1363 0.859064 0.59109 0.0161179 2.6425s
1364 0.859064 0.587535 0.0160612 2.6948s
1365 0.859064 0.581629 0.0161257 2.68998s
1366 0.859064 0.582201 0.0157061 2.71112s
1367 0.859064 0.58437 0.0164453 2.69492s
1368 0.859064 0.585796 0.0164491 2.70262s
1369 0.859064 0.5884 0.0162607 2.72674s
1370 0.859064 0.593215 0.016415 2.64951s
1371 0.859064 0.595489 0.0166236 2.67659s
1372 0.859064 0.589528 0.0165929 2.61895s
1373 0.859064 0.592164 0.0165533 2.69914s
1374 0.859064 0.590583 0.0168233 2.68512s
1375 0.859064 0.589834 0.016585 2.68593s
1376 0.859064 0.588621 0.0162378 2.634s
1377 0.859064 0.587493 0.0162718 2.7115s
1378 0.859064 0.594575 0.0164101 2.65991s
1379 0.859064 0.594643 0.0169458 2.64906s
1380 0.859064 0.597384 0.0172138 2.66248s
1381 0.859064 0.591256 0.0168062 2.68016s
1382 0.859064 0.590123 0.0167373 2.71823s
1383 0.859064 0.588869 0.0169939 2.66125s
1384 0.859064 0.593531 0.0167132 2.67433s
1385 0.859064 0.590481 0.0164483 2.7022s
1386 0.859064 0.586709 0.0163035 2.64356s
1387 0.859064 0.587888 0.0161178 2.62886s
1388 0.859064 0.591811 0.0160914 2.63806s
1389 0.859064 0.59042 0.0156356 2.68808s
1390 0.859064 0.592303 0.0159966 2.64729s
1391 0.859064 0.595128 0.0160425 2.65795s
1392 0.859064 0.590616 0.0159941 2.70893s
1393 0.859064 0.589307 0.0165227 2.61751s
1394 0.859064 0.591579 0.0167123 2.68404s
1395 0.859064 0.595062 0.0166266 2.64927s
1396 0.859064 0.592099 0.0167206 2.75013s
1397 0.859064 0.591692 0.0170288 2.62268s
1398 0.859064 0.591126 0.0166125 2.63638s
1399 0.859064 0.593458 0.0171107 2.72118s
1400 0.859064 0.594012 0.0169881 2.67505s
1401 0.859064 0.599506 0.0176849 2.64376s
1402 0.859064 0.597517 0.0172601 2.70722s
1403 0.859064 0.596079 0.0174111 2.65332s
1404 0.859064 0.602256 0.0174947 2.72112s
1405 0.859064 0.59577 0.0175052 2.6853s
1406 0.859064 0.594694 0.017132 2.62556s
1407 0.859064 0.593067 0.0170445 2.71645s
1408 0.859064 0.599338 0.0171612 2.71193s
1409 0.859064 0.595855 0.0172594 2.6253s
1410 0.859064 0.592591 0.0173723 2.64461s
1411 0.859064 0.589116 0.0168995 2.75313s
1412 0.859064 0.58478 0.0168787 2.66718s
1413 0.859064 0.584869 0.0168215 2.67159s
1414 0.859064 0.586526 0.0167984 2.65672s
1415 0.859064 0.587534 0.0174045 2.63186s
1416 0.859064 0.595246 0.0173542 2.62959s
1417 0.859064 0.595453 0.0176923 2.72859s
1418 0.859064 0.5925 0.0178726 2.6726s
1419 0.859064 0.587996 0.0171767 2.66776s
1420 0.859064 0.595393 0.017281 2.70975s
1421 0.859064 0.590063 0.0169084 2.72858s
1422 0.859064 0.589065 0.0169043 2.66825s
1423 0.859064 0.587137 0.0162021 2.6192s
1424 0.859064 0.585991 0.0162914 2.68964s
1425 0.859064 0.589149 0.0166579 2.66544s
1426 0.859064 0.583375 0.0164849 2.66895s
1427 0.859064 0.585298 0.0164024 2.71592s
1428 0.859064 0.585504 0.0160788 2.62663s
1429 0.859064 0.586097 0.0158159 2.70224s
1430 0.859064 0.584386 0.0156732 2.6097s
1431 0.859064 0.585941 0.0157295 2.65247s
1432 0.859064 0.58976 0.0163569 2.68422s
1433 0.859064 0.591306 0.0164691 2.65308s
1434 0.859064 0.590352 0.016399 2.60877s
1435 0.859064 0.588051 0.0167507 2.62678s
1436 0.859064 0.58724 0.0166836 2.67896s
1437 0.859064 0.596634 0.0172945 2.63239s
1438 0.859064 0.592279 0.0172271 2.70831s
1439 0.859064 0.590656 0.0170994 2.64094s
1440 0.859064 0.591099 0.0166762 2.68678s
1441 0.859064 0.587986 0.0161528 2.66051s
1442 0.859064 0.58989 0.0161013 2.69819s
1443 0.859064 0.591312 0.0165991 2.63883s
1444 0.859064 0.595845 0.0163584 2.69235s
1445 0.859064 0.589452 0.0163895 2.69527s
1446 0.859064 0.59563 0.016665 2.64305s
1447 0.859064 0.588655 0.0163337 2.70804s
1448 0.859064 0.592103 0.0165863 2.66158s
1449 0.859064 0.596135 0.0168913 2.66011s
1450 0.859064 0.595792 0.0172659 2.64799s
1451 0.859064 0.597896 0.0167941 2.64548s
1452 0.859064 0.599818 0.0174178 2.68801s
1453 0.859064 0.596999 0.0175875 2.69849s
1454 0.859064 0.591633 0.0174902 2.62543s
1455 0.859064 0.588835 0.0168218 2.63255s
1456 0.859064 0.594221 0.0169108 2.69615s
1457 0.859064 0.599895 0.0171645 2.62375s
1458 0.859064 0.591762 0.0171728 2.68496s
1459 0.859064 0.597165 0.0169708 2.70035s
1460 0.859064 0.593092 0.0170955 2.66531s
1461 0.859064 0.593931 0.0167604 2.70351s
1462 0.859064 0.591334 0.0171767 2.70521s
1463 0.859064 0.595633 0.0172649 3.46442s
1464 0.859064 0.595811 0.0172083 2.66438s
1465 0.859064 0.59695 0.0173662 2.73121s
1466 0.859064 0.590458 0.0173604 2.62561s
1467 0.859064 0.596248 0.017302 2.63074s
1468 0.859064 0.594174 0.01764 2.69404s
1469 0.859064 0.593737 0.0175097 2.63788s
1470 0.859064 0.587684 0.016859 2.68031s
1471 0.859064 0.590803 0.0174057 2.69236s
1472 0.859064 0.585861 0.0168529 2.64558s
1473 0.859064 0.590178 0.017205 2.72925s
1474 0.859064 0.592537 0.0176865 2.65192s
1475 0.859064 0.589345 0.017099 2.65417s
1476 0.859064 0.591713 0.0168948 2.69623s
1477 0.859064 0.592309 0.0175016 2.67041s
1478 0.859064 0.592824 0.0179833 2.66884s
1479 0.859064 0.593105 0.0179424 2.67261s
1480 0.859064 0.589941 0.01749 2.6686s
1481 0.859064 0.592522 0.0175833 2.66898s
1482 0.859064 0.595433 0.0175652 2.62441s
1483 0.859064 0.598866 0.0185134 2.64128s
1484 0.859064 0.599108 0.0178719 2.63198s
1485 0.859064 0.599521 0.0178884 2.62661s
1486 0.859064 0.593851 0.0173072 2.72042s
1487 0.859064 0.591689 0.0173043 2.62112s
1488 0.859064 0.599337 0.0177224 2.76447s
1489 0.859064 0.59758 0.0179117 2.63158s
1490 0.859064 0.594769 0.0170061 2.68877s
1491 0.859064 0.592079 0.0169355 2.66611s
1492 0.859064 0.588003 0.0169949 2.63483s
1493 0.859064 0.587587 0.0167772 2.63224s
1494 0.859064 0.586982 0.016835 2.68482s
1495 0.859064 0.586296 0.0166497 2.64651s
1496 0.859064 0.590344 0.0169771 2.72147s
1497 0.859064 0.588581 0.0178665 2.66182s
1498 0.859064 0.597992 0.0180595 2.62824s
1499 0.859064 0.597138 0.0180741 2.62235s
1500 0.859064 0.595016 0.0180879 2.67861s
