51
89
99
52
34
56
82
36
72
66
20
78
66
25
4
8
75
70
52
12
72
12
11
18
42
46
75
25
84
32
36
52
65
51
13
47
38
16
43
33
53
75
24
12
59
1
6
45
13
17
71
67
32
57
68
47
11
36
13
1
62
42
53
98
64
33
57
74
11
82
16
48
76
71
22
24
23
61
38
27
84
88
58
66
51
62
60
33
45
69
28
35
86
20
45
36
50
16
68
25
58
70
23
12
53
60
35
3
61
21
52
48
35
62
68
64
3
39
85
30
52
0
51
78
94
67
45
29
20
97
41
88
71
0
79
85
70
54
23
82
71
41
22
72
9
8
17
85
77
65
34
54
53
80
96
72
4
47
90
84
2
60
21
48
19
45
32
49
80
83
11
84
10
6
1
72
67
73
13
75
51
57
16
79
13
64
39
14
59
74
52
18
55
42
4
72
69
21
33
12
7
80
16
55
28
33
35
19
14
60
34
63
38
56
97
2
96
91
18
43
73
57
87
65
75
45
16
24
48
47
10
96
86
58
24
37
99
65
83
32
76
96
45
85
91
28
99
81
20
0
60
41
34
39
82
57
59
38
63
42
31
4
73
84
85
87
50
42
82
68
72
7
26
93
56
69
82
74
51
25
27
19
87
84
72
88
62
44
53
32
8
43
53
39
67
6
83
30
1
82
59
73
99
28
31
15
81
40
23
18
89
45
2
4
7
77
59
27
60
64
94
72
76
87
17
57
2
88
20
84
55
37
40
12
5
78
36
24
57
76
41
93
84
52
28
37
18
72
23
1
47
97
38
70
48
26
27
74
91
71
67
69
16
2
46
89
13
32
85
40
38
11
61
68
56
30
66
71
42
29
76
53
92
19
36
74
51
73
96
79
14
71
78
54
33
10
40
18
70
95
1
41
30
32
9
52
72
22
51
43
30
17
31
12
45
55
38
56
1
52
23
59
13
39
53
42
12
11
38
18
58
59
37
31
8
43
61
62
45
4
15
6
76
55
13
54
73
46
28
9
8
31
23
74
18
10
51
47
65
60
61
2
5
37
69
46
79
22
51
18
19
23
59
11
34
56
24
41
71
78
1
12
26
78
31
10
25
64
43
45
64
27
61
55
46
35
7
63
4
40
40
22
67
10
4
74
91
79
11
33
25
77
10
34
48
13
58
5
51
30
98
33
86
56
50
94
64
4
87
66
29
94
8
43
99
22
33
71
59
27
16
22
7
10
61
0
26
63
68
24
2.56952
3.33459
0.920002
2.45839
8.3481
4.51549
3.05825
3.73585
9.97262
3.66999
4.08886
6.13608
6.77675
2.7884
8.50227
1.41148
4.87554
2.44748
3.21581
3.3837
0.859568
4.58595
9.6539
8.66297
6.66211
5.96644
0.00591213
1.64146
0.8175
7.29898
7.8851
7.09343
1.46661
8.67928
4.19011
9.64041
4.79811
5.07382
6.61168
6.35526
5.01412
5.88078
8.44974
4.23737
5.07918
4.25386
6.25281
1.27753
3.80665
6.76552
4.34907
1.09135
3.16904
6.46651
0.308978
9.57269
5.4653
7.55766
7.4585
2.44616
8.84111
9.36246
9.06399
6.04776
5.93956
0.233712
3.98247
2.6257
9.52239
4.12058
2.11308
2.07652
5.28147
4.24346
1.51271
4.58926
7.86247
9.40989
0.876506
8.77137
8.97612
0.94976
9.98268
8.66626
1.61817
9.25684
3.87234
6.39422
1.89961
1.10814
8.73851
7.3921
2.24902
2.18376
9.10164
8.36383
8.65287
2.91595
0.428512
4.43194
9.76112
7.74769
6.89369
5.91053
1.8451
0.506856
4.65222
3.7997
2.75045
5.3207
3.17799
6.83324
4.30643
8.88409
5.51334
0.446938
9.9247
4.40375
1.50108
4.52952
2.14037
3.80693
8.26987
1.17296
7.90738
8.00644
4.48742
5.11414
3.43534
8.27619
9.66599
9.67173
1.72298
4.25785
1.66662
6.55413
5.29402
6.97594
0.55046
8.64367
7.44663
8.83183
4.97889
7.72512
4.02459
2.09251
5.03143
1.37626
7.23138
2.55756
8.63124
8.47821
1.57127
6.16301
5.39243
4.91322
9.98873
6.86019
7.26479
8.08722
6.51867
5.56081
4.29169
4.27641
3.2309
8.21651
8.49149
1.76843
4.94214
7.19428
6.90255
5.43588
3.10166
7.96598
4.52139
7.27782
9.88254
5.11304
9.27287
6.34163
9.93154
6.41029
4.73898
4.07413
7.52791
3.45723
0.0407087
9.19967
6.62053
6.02959
2.39595
5.61618
7.51921
2.76904
2.71104
8.24608
1.77078
7.03505
3.5157
3.26178
8.91833
7.21496
9.96195
8.70431
6.54451
0.192178
0.839491
3.65546
6.00774
8.85292
6.52072
1.12165
8.29292
9.57347
0.104832
9.77876
3.95731
5.81411
5.69965
3.97542
7.81262
7.27673
6.08284
1.10191
2.46988
8.41713
8.23971
6.19445
2.11078
8.64419
0.172185
0.264668
2.5131
7.62626
0.492215
7.5662
1.27788
2.82292
2.94825
4.18599
7.76129
2.52397
3.14804
0.755761
0.746868
6.78743
4.6007
8.31171
3.52013
1.88254
5.43689
6.16333
1.7948
7.1851
8.0468
9.42497
7.30626
6.05401
7.14653
2.34082
7.13463
0.0393689
2.37493
5.91015
5.37117
1.73267
8.66484
7.81121
5.822
6.12008
7.48801
1.16249
1.8003
0.497607
4.09718
9.99931
3.81483
6.05694
3.47028
4.97758
9.90766
5.36698
5.69041
6.68448
3.53439
7.55641
1.35818
5.98686
10
5.0807
9.18353
2.79604
1.42138
4.78052
6.61255
3.0587
1.2073
1.30324
7.21441
7.48653
0.893593
4.65192
7.58812
0.205094
0.834318
6.86933
4.2402
5.83239
9.85846
7.99504
5.94899
5.82976
3.19529
3.78633
4.70172
5.10703
4.78332
1.0637
0.225411
2.96423
9.63943
9.72586
7.03837
3.03818
3.623
1.4907
0.812061
6.26357
1.06005
9.94597
1.06853
7.55453
7.91315
9.93427
5.18997
3.73257
2.10169
8.11623
9.0946
7.27087
9.86798
4.74241
8.76754
1.75355
1.05456
2.144
6.87212
8.83066
0.275565
8.28461
5.41045
2.22874
7.65325
9.10954
6.95949
9.95242
6.95795
6.48751
0.649189
2.15108
4.94182
3.55213
9.67758
3.4707
7.79746
7.50028
9.98149
3.13795
1.84443
5.67079
1.01159
7.84449
6.85853
2.35197
5.67027
5.309
0.714358
9.50353
5.9812
9.1301
5.64338
3.00378
2.45381
8.88222
6.17485
0.892044
1.29377
9.0108
3.87792
5.05861
6.3833
7.76514
0.834053
4.98807
6.88178
1.17088
2.78794
6.71479
5.85053
1.62666
2.42688
8.52209
3.61296
6.54044
4.28792
1.62694
4.75726
2.07507
6.48145
4.64892
7.51688
0.000487578
4.34566
8.77974
4.98661
1.40486
8.91004
9.49067
8.63164
4.95293
5.61022
6.92661
5.87582
4.59812
8.86379
5.7627
0.00491717
3.81693
1.82292
0.765586
3.13178
8.95039
6.67086
9.98301
5.84174
8.42443
4.22497
7.85076
7.83475
8.01957
0.93848
9.49131
3.05884
0.650763
2.78489
2.85917
2.60527
0.748583
3.09027
8.75268
-0.0129605
0.583801
0.230423
0.684272
-0.128679
2.33708
307.62
220
