11  0
11  79
12  4
12  75
13  8
13  71
15  37
15  38
15  41
15  42
16  23
16  56
16  83
16  96
17  31
17  48
18  20
18  24
18  55
18  59
19  10
19  16
19  34
19  45
19  63
19  69
19  82
19  97
20  88
20  91
21  25
21  54
22  30
22  49
24  0
24  1
24  78
24  79
26  4
26  75
28  8
28  71
30  50
31  29
33  37
33  38
33  41
33  42
33  83
33  96
34  13
34  66
35  56
36  23
36  36
36  43
38  31
38  48
39  0
39  26
39  53
39  79
39  82
39  97
42  85
43  4
43  20
43  24
43  33
43  46
43  55
43  59
43  75
43  88
43  91
43  94
44  16
44  98
45  10
45  34
45  45
45  63
45  81
47  8
47  69
47  71
51  83
51  96
52  54
53  25
54  30
54  49
55  0
55  42
57  37
57  79
58  14
58  38
58  41
58  65
59  56
61  75
62  82
62  97
64  1
65  23
66  4
66  91
69  88
70  78
71  83
71  96
73  31
73  48
74  0
74  8
75  71
77  59
81  79
82  42
83  16
84  75
87  82
87  97
90  91
92  10
92  83
92  96
93  24
93  55
96  0
98  88
99  20
99  98
102  54
103  4
103  85
105  37
106  38
106  41
106  63
113  34
113  45
113  97
114  82
115  83
115  91
115  96
116  75
118  94
119  69
119  79
120  8
120  42
120  71
123  0
128  59
130  56
130  88
132  97
133  82
139  81
139  83
139  96
140  91
141  1
142  24
142  55
145  23
149  66
150  97
151  8
151  71
152  82
154  34
154  45
154  50
164  83
164  88
164  96
168  97
170  82
172  98
178  91
179  4
181  79
185  24
185  25
185  55
186  97
187  37
187  53
188  26
188  82
188  88
189  83
189  96
191  8
191  71
192  20
199  78
201  4
201  79
205  97
207  13
207  81
208  29
208  82
210  37
211  88
214  83
214  96
215  91
216  25
221  20
222  31
224  4
224  79
228  48
232  23
233  88
234  63
236  69
238  30
238  85
238  94
239  37
239  49
239  83
240  96
242  4
245  78
246  43
248  97
249  81
249  82
251  41
252  23
252  91
256  38
258  63
261  88
261  96
262  69
264  46
265  83
267  0
270  29
271  79
272  31
272  38
274  94
274  96
275  91
276  23
281  40
281  49
284  82
285  97
287  96
288  0
290  38
291  83
293  75
294  31
298  8
298  91
300  96
306  88
311  38
313  16
313  96
314  0
316  56
317  49
317  83
319  82
320  31
320  63
320  97
321  91
325  96
330  98
335  14
336  38
337  96
340  8
340  10
343  83
344  91
345  88
346  0
349  96
353  82
354  31
354  97
369  83
371  42
371  85
381  36
381  91
383  88
386  82
387  97
390  96
396  83
411  75
414  41
419  82
420  48
420  88
420  97
422  96
423  81
423  83
425  91
433  54
440  94
450  83
451  71
451  96
452  82
453  97
455  59
457  88
464  91
469  98
476  83
479  96
485  82
486  97
494  88
495  56
502  91
503  83
506  96
509  85
518  82
518  97
521  30
522  45
526  34
527  79
529  75
530  83
531  88
533  96
538  16
539  42
539  91
551  82
551  97
554  4
556  1
557  83
560  96
564  81
568  88
569  24
569  55
573  10
573  41
576  91
577  94
578  33
582  71
584  82
584  83
584  97
586  96
598  50
601  37
601  98
605  88
606  0
610  20
611  83
613  48
613  91
613  96
616  97
617  82
627  79
633  8
634  25
638  83
639  96
641  85
642  88
647  75
649  97
650  82
650  91
665  83
666  56
666  96
672  4
673  59
673  69
674  23
679  88
681  97
683  82
687  91
691  66
692  83
693  96
698  54
699  42
702  81
708  0
713  71
714  97
715  94
716  82
716  88
719  83
720  96
724  91
729  79
732  13
732  41
740  98
746  83
747  78
747  96
747  97
749  82
753  45
753  88
758  16
759  34
761  37
761  91
763  8
764  63
765  75
773  83
774  96
776  85
779  24
779  55
780  97
782  82
786  38
789  4
790  88
796  30
798  91
800  83
801  96
802  43
804  10
808  0
809  48
813  97
815  82
827  83
827  88
827  96
829  49
831  20
831  79
