181  19
181  60
189  30
189  49
198  24
198  55
243  71
246  19
246  60
247  20
249  83
257  21
267  30
267  49
273  71
276  83
282  9
286  20
291  24
291  55
303  83
309  19
309  60
317  71
326  21
330  83
335  51
341  38
344  26
347  37
348  50
349  20
350  45
350  92
351  47
355  51
355  83
357  7
360  38
367  26
370  71
375  37
375  92
379  83
380  51
385  28
385  38
385  47
386  50
398  56
399  26
401  83
403  92
413  7
413  20
413  51
419  38
421  37
422  71
422  83
425  21
432  92
435  9
442  83
446  50
447  26
453  51
454  47
460  92
461  83
463  38
472  71
476  20
476  28
479  83
487  92
490  18
492  37
492  83
492  98
494  22
494  62
496  51
500  2
502  18
504  10
504  83
505  82
505  98
506  26
509  50
510  21
510  52
510  62
511  22
512  38
513  92
517  18
517  83
518  71
525  50
527  98
531  7
531  19
531  29
531  30
531  49
531  60
533  20
534  24
534  55
535  83
538  51
538  92
540  50
543  47
545  19
545  60
547  30
547  49
551  83
553  24
553  55
554  28
557  8
557  38
557  50
559  59
559  96
561  71
562  19
562  60
563  37
563  58
566  30
566  49
566  92
567  83
568  8
570  9
570  70
570  96
572  29
572  59
577  24
577  55
580  8
580  58
581  28
582  19
582  29
582  41
582  60
582  96
583  83
584  20
584  53
585  34
586  21
586  42
587  32
587  59
588  87
589  49
590  30
591  72
592  29
593  41
594  8
594  96
595  28
597  51
597  53
598  83
599  70
601  42
601  58
603  29
603  32
603  71
603  87
604  59
605  41
606  19
606  23
606  60
606  96
609  8
609  55
610  24
611  53
612  28
612  72
614  83
615  29
616  96
618  42
618  61
619  41
619  81
619  87
620  30
620  49
621  17
622  57
624  32
624  59
625  96
626  77
627  8
628  29
628  53
628  61
629  69
630  58
630  81
630  97
631  28
633  27
634  17
634  96
635  41
635  57
636  19
636  60
636  87
638  61
639  42
641  81
643  29
643  72
643  96
645  77
648  8
648  17
648  53
650  59
650  61
650  97
651  57
652  81
652  96
653  28
653  32
653  55
653  69
653  70
653  87
654  41
655  83
658  24
659  51
660  29
660  30
660  49
661  50
664  28
664  96
667  42
667  83
668  51
671  19
671  60
671  87
673  8
673  58
673  71
674  20
674  50
674  53
675  28
675  92
677  83
677  96
678  29
679  26
680  38
680  98
682  18
682  41
682  59
684  21
684  51
686  22
686  62
686  83
687  37
688  47
688  50
690  2
690  82
690  92
690  98
693  18
694  7
695  10
695  83
697  26
697  96
698  38
698  71
700  62
700  98
701  22
701  45
702  20
702  52
703  50
704  9
704  49
704  83
705  18
705  30
705  92
706  55
707  24
709  19
709  60
709  82
710  2
710  98
712  56
713  83
714  37
717  47
717  62
718  18
719  22
719  26
719  38
720  98
721  92
722  83
723  10
723  50
723  51
727  21
727  71
730  82
731  83
731  98
732  18
737  62
737  92
738  2
738  7
741  22
742  98
745  38
747  26
748  52
749  18
752  37
753  82
753  98
756  92
761  62
764  98
