9  82
9  97
13  7
13  72
13  84
13  95
14  16
14  63
14  81
14  98
16  15
16  17
16  62
16  64
16  87
16  92
18  82
18  97
20  11
20  29
20  50
20  68
21  4
21  31
21  32
21  47
21  48
21  75
27  7
27  72
27  82
27  84
27  95
27  97
28  0
28  6
28  73
28  79
28  80
28  81
28  98
28  99
30  3
30  76
31  16
31  63
33  87
33  92
34  8
34  71
36  82
36  97
37  15
37  17
37  62
37  64
41  1
41  78
41  84
41  95
42  23
42  56
43  81
43  98
45  7
45  72
45  82
45  97
46  10
46  69
47  29
47  50
48  4
48  75
50  11
50  68
52  31
52  48
52  87
52  92
53  16
53  63
55  82
55  97
56  32
56  47
56  84
56  95
59  81
59  98
62  80
62  99
64  97
65  82
66  7
66  72
71  15
71  17
71  62
71  64
71  84
72  87
72  92
72  95
73  81
73  97
75  82
75  85
75  94
75  98
78  16
82  97
85  82
86  84
87  63
87  81
88  72
89  29
89  50
89  95
91  9
91  70
91  97
92  4
92  75
92  98
92  99
93  87
93  92
94  7
95  82
100  97
101  81
101  84
104  3
105  82
106  95
107  80
108  16
109  73
109  97
110  6
111  98
115  87
115  92
116  81
116  82
116  84
118  97
122  99
124  0
124  79
124  95
125  71
127  82
127  97
129  72
130  81
131  98
132  84
136  97
138  82
138  87
138  92
140  30
141  95
144  81
145  97
147  84
149  16
149  82
151  98
151  99
154  95
154  97
155  87
156  63
157  92
158  81
160  82
161  80
163  84
163  97
167  95
171  68
171  82
171  98
172  81
172  87
172  97
174  11
176  92
179  84
179  99
180  95
182  82
183  97
186  94
189  64
189  87
192  98
193  15
193  81
193  82
193  95
195  17
195  62
195  92
195  97
196  1
196  63
198  56
198  73
199  84
204  82
205  95
206  87
206  97
209  69
212  76
213  82
213  92
213  98
215  48
216  81
216  97
217  31
217  80
217  95
219  84
222  82
222  87
224  47
225  17
226  15
226  32
226  97
229  95
231  82
231  92
233  11
234  98
236  97
238  81
238  87
239  84
240  48
240  82
241  95
245  79
245  94
245  97
246  17
247  15
249  82
249  92
250  7
253  63
253  95
254  87
254  97
255  98
257  82
259  84
260  81
262  11
263  97
264  47
264  95
265  82
265  99
267  92
270  87
272  15
272  17
272  97
273  82
275  48
275  80
275  95
276  73
276  98
279  84
281  82
281  97
282  81
284  92
285  87
286  95
288  32
288  85
289  82
290  97
297  82
297  95
297  98
298  8
299  84
299  97
300  11
300  79
300  87
301  92
302  17
303  15
303  81
303  94
305  82
308  95
308  97
313  63
313  82
315  87
317  97
318  92
318  98
319  84
319  95
321  82
323  1
324  48
324  99
325  81
326  97
329  82
330  56
330  87
330  95
335  80
335  92
335  97
337  15
337  60
337  82
338  17
338  47
339  69
339  84
339  98
341  95
344  87
344  97
345  82
346  9
346  81
348  11
351  92
351  95
351  97
352  72
354  84
355  82
355  94
356  16
356  81
358  87
359  97
359  99
360  73
360  98
361  95
366  3
366  81
367  84
367  92
367  97
368  72
368  82
370  16
370  63
371  71
371  95
372  87
375  97
376  81
376  99
379  62
379  64
380  82
380  84
381  95
381  98
383  7
383  92
383  97
386  16
386  72
386  81
386  87
391  3
391  95
391  97
392  82
393  84
393  99
394  80
396  81
398  97
399  92
400  87
401  95
402  94
402  98
404  50
404  71
404  82
405  16
405  97
406  81
406  84
408  72
410  99
411  95
412  4
412  97
413  29
413  75
413  87
415  92
416  81
416  82
419  84
419  97
421  95
422  68
423  98
425  63
426  81
426  87
426  97
427  16
427  99
428  82
429  3
430  92
431  95
432  84
433  97
434  72
436  81
438  73
439  87
440  82
440  97
441  95
444  1
444  98
444  99
445  84
445  92
446  81
446  94
446  97
448  82
450  95
452  87
452  97
454  16
454  80
455  56
455  82
456  81
458  84
458  97
459  30
459  95
460  92
461  99
462  15
462  17
462  82
464  97
465  87
465  98
466  81
467  23
467  48
467  72
468  11
468  95
469  71
469  82
470  69
470  97
471  79
471  84
472  31
475  81
475  92
476  32
476  82
476  97
477  15
477  47
477  95
478  17
478  63
478  87
478  99
482  97
483  82
484  6
484  16
484  81
484  84
486  95
486  98
487  94
488  48
488  97
489  11
490  82
490  87
490  92
493  81
494  15
494  97
495  3
495  17
495  95
495  99
496  84
497  82
500  79
500  97
501  78
502  72
502  73
502  81
502  87
504  82
504  92
504  95
506  0
506  97
507  98
508  84
510  85
511  81
511  82
511  99
512  80
512  97
513  48
513  95
514  11
514  15
514  17
514  47
514  87
516  7
518  16
518  82
518  92
518  97
520  32
520  81
520  84
522  95
524  97
525  82
526  87
526  94
527  99
528  63
528  98
529  81
530  97
531  95
532  82
532  84
532  92
536  97
537  15
537  17
538  81
538  87
539  82
540  95
542  72
542  97
543  79
543  99
544  84
546  11
546  48
546  82
546  92
547  81
547  97
549  9
549  95
549  98
550  87
552  97
553  1
553  16
553  82
556  81
556  84
557  97
558  71
558  95
559  99
560  62
560  82
560  92
561  64
562  15
562  17
562  87
562  97
563  94
564  81
566  56
566  95
567  72
567  82
567  97
567  98
568  84
570  4
570  7
570  29
570  50
570  75
570  80
571  3
571  47
571  73
571  81
572  97
574  82
574  87
574  92
574  95
575  99
577  63
577  72
577  97
578  69
578  81
579  98
580  84
581  7
581  29
581  50
582  4
582  75
582  82
582  95
584  97
585  81
585  87
587  16
587  72
587  92
590  95
591  97
591  98
591  99
592  7
592  81
592  84
593  29
593  50
593  82
595  4
595  75
596  87
597  95
597  98
598  63
598  72
598  94
598  97
599  81
599  82
600  7
600  80
600  92
601  76
603  98
604  84
604  95
605  8
605  82
605  97
606  81
606  99
607  29
607  50
607  87
608  7
608  63
610  4
610  72
610  75
610  98
611  82
611  95
612  97
613  80
613  81
613  92
616  49
616  76
616  84
617  7
617  82
617  95
617  98
618  63
618  87
619  97
620  16
620  81
621  99
622  29
623  8
623  50
623  72
623  82
623  95
624  98
626  7
626  80
626  92
626  97
627  4
627  75
627  81
628  84
629  63
629  82
629  87
629  95
631  98
632  94
633  73
633  97
634  76
634  81
635  82
635  95
636  7
636  99
637  72
638  98
639  3
639  71
639  80
639  92
640  29
640  84
640  87
640  97
641  63
641  81
641  82
641  95
642  50
645  98
646  7
646  8
646  97
647  75
647  82
647  95
648  4
648  81
651  1
651  72
651  84
651  87
651  99
652  80
652  92
652  97
652  98
653  16
653  63
653  82
653  95
655  81
657  7
657  76
658  97
659  82
659  95
659  98
661  29
661  84
661  87
662  56
662  81
663  82
663  92
663  97
664  50
664  94
665  80
665  95
666  63
666  98
666  99
667  72
667  82
667  84
668  7
668  16
668  97
669  81
669  87
670  92
671  68
671  75
671  82
671  95
672  4
672  6
672  98
673  84
673  97
674  10
675  82
675  85
676  81
677  15
677  87
677  92
677  95
678  17
678  23
678  80
678  97
678  98
679  78
679  82
679  84
680  7
680  8
680  11
680  16
680  63
680  99
681  48
682  70
683  72
683  81
683  82
683  95
683  97
684  98
685  84
685  87
685  92
686  6
687  82
688  79
688  97
689  29
689  95
690  15
690  76
690  81
690  98
691  17
691  50
691  69
691  80
691  82
692  32
693  7
693  73
693  97
694  47
694  99
695  82
695  94
695  95
696  11
696  49
696  63
696  87
696  98
697  81
697  84
698  48
698  92
698  97
699  82
700  72
700  75
701  4
701  95
702  30
702  98
703  82
703  97
704  80
704  81
705  15
705  17
706  3
706  31
707  7
707  82
707  87
707  95
708  97
708  98
708  99
709  84
711  81
711  82
711  92
712  63
713  79
713  95
713  97
714  71
714  98
715  11
715  82
716  16
716  85
717  72
717  80
717  87
718  48
718  81
718  97
719  82
719  95
720  29
720  84
720  98
721  7
721  15
721  17
722  99
723  50
723  82
723  97
724  81
724  92
725  9
725  32
725  94
725  95
726  47
726  98
727  82
727  87
728  97
729  63
730  80
730  81
731  82
731  84
731  95
732  98
733  97
734  75
735  4
735  8
735  72
735  82
736  7
736  11
736  81
736  99
737  87
737  92
737  95
738  76
738  97
738  98
739  15
739  17
739  82
742  48
742  81
742  84
743  80
743  82
743  95
743  97
744  98
745  1
746  73
747  63
747  79
747  82
747  87
747  92
748  81
748  84
748  97
749  95
749  99
750  98
751  82
752  7
752  16
753  97
754  72
754  81
754  84
754  87
754  92
754  94
755  29
755  62
755  82
755  95
756  64
756  80
756  98
757  97
758  15
758  17
758  50
758  56
759  82
760  81
760  84
760  97
761  11
761  60
761  87
761  92
761  95
762  6
762  62
762  98
762  99
763  16
763  64
763  82
763  97
764  31
764  47
764  68
765  10
765  32
766  0
766  63
766  81
766  84
766  97
767  23
767  82
767  85
767  95
768  3
768  7
768  78
768  87
768  92
768  98
769  80
769  97
770  48
770  62
770  64
770  75
770  82
771  4
772  72
772  81
772  84
772  97
773  68
773  82
773  95
774  16
774  31
774  98
775  87
775  92
775  97
775  99
776  82
778  0
778  6
778  32
778  62
778  64
778  81
778  84
778  97
779  15
779  17
779  47
779  82
779  95
780  98
781  97
782  80
782  82
782  87
782  92
782  94
783  68
783  70
784  63
784  81
784  84
784  97
785  7
785  31
785  69
785  82
785  95
786  16
786  62
786  71
786  98
787  10
787  64
787  97
788  82
788  99
789  85
789  87
789  92
790  81
790  84
790  97
791  11
791  23
791  72
791  78
791  82
791  95
792  0
792  32
792  98
793  29
793  79
793  97
794  50
794  68
794  82
795  19
795  62
795  80
796  64
796  81
796  84
796  87
796  92
796  97
797  6
797  31
797  47
797  82
797  95
798  98
799  16
799  97
800  17
800  82
801  15
801  99
802  7
802  76
802  81
802  84
802  97
803  48
803  63
803  73
803  82
803  87
803  92
803  95
804  98
805  62
805  97
806  4
806  64
806  68
806  82
807  8
807  75
808  80
808  81
808  84
809  0
809  32
809  72
809  95
809  97
810  82
810  87
810  92
810  94
810  98
812  85
813  16
813  31
813  84
814  81
814  82
814  97
814  99
815  95
816  98
818  82
818  87
819  7
819  92
819  97
820  81
821  80
821  95
822  11
823  17
824  10
824  82
824  97
825  15
825  84
826  98
827  81
827  99
828  87
828  95
830  82
830  97
832  1
833  92
