9  82
9  97
13  7
13  72
13  84
13  95
14  16
14  63
14  81
14  98
16  15
16  17
16  62
16  64
16  87
16  92
18  82
18  97
20  11
20  29
20  50
20  68
21  4
21  31
21  32
21  47
21  48
21  75
27  7
27  72
27  82
27  84
27  95
27  97
28  0
28  6
28  73
28  79
28  80
28  81
28  98
28  99
30  3
30  76
31  16
31  63
33  87
33  92
34  8
34  71
36  82
36  97
37  15
37  17
37  62
37  64
41  1
41  78
41  84
41  95
42  23
42  56
43  81
43  98
45  7
45  72
45  82
45  97
46  10
46  69
47  29
47  50
48  4
48  75
50  11
50  68
52  16
52  31
52  48
52  87
52  92
53  63
54  97
55  82
55  84
56  32
56  47
56  95
57  81
59  98
60  99
62  80
63  97
64  72
65  82
66  7
70  84
71  15
71  17
71  62
71  64
71  81
72  87
72  92
72  95
72  97
75  82
75  85
75  94
75  98
76  16
81  97
85  82
85  84
86  81
87  63
89  95
90  72
90  97
91  9
91  70
91  99
93  87
93  92
93  98
95  3
95  82
96  50
97  29
99  97
100  84
101  81
105  4
105  82
106  75
106  95
107  16
107  80
108  97
109  73
110  6
111  7
112  98
115  87
115  92
116  81
116  82
116  84
117  97
120  71
122  99
123  95
124  0
124  79
126  97
127  82
130  81
131  98
132  84
133  30
134  87
135  92
135  97
136  95
137  72
138  82
144  81
144  97
145  63
148  16
148  84
149  82
149  95
151  87
151  98
152  99
153  97
154  92
158  81
160  82
161  80
162  95
163  97
164  84
168  87
171  68
171  82
171  98
173  11
173  92
174  97
175  95
179  94
181  81
182  82
184  84
185  87
185  97
188  95
190  1
190  63
190  64
191  15
191  56
192  73
192  92
192  98
193  17
193  82
194  62
195  97
200  95
202  82
202  87
203  48
203  81
204  84
205  69
205  97
210  15
210  47
210  92
211  82
212  17
212  76
212  95
213  32
213  98
215  97
216  31
217  11
217  80
219  87
220  82
222  99
224  84
224  95
225  81
225  97
228  92
229  82
230  48
233  79
233  98
234  15
235  87
235  97
236  17
236  95
238  82
242  94
244  84
244  97
246  92
247  81
247  82
248  95
249  11
251  63
251  87
253  97
254  98
255  7
255  47
256  82
260  95
262  97
263  15
264  82
264  84
264  92
265  17
267  87
268  48
269  81
271  95
271  97
272  82
275  73
275  98
277  80
280  82
280  97
281  92
282  87
282  95
284  32
284  84
288  82
288  85
289  97
289  99
291  81
293  95
294  11
296  82
296  98
297  79
297  87
298  8
298  15
298  17
298  92
298  97
300  94
304  82
304  84
304  95
307  97
311  63
312  82
312  87
313  81
315  92
315  95
316  97
317  98
320  48
320  82
322  1
324  84
325  97
326  95
327  87
328  56
328  82
332  60
332  92
334  15
334  17
334  97
335  47
335  81
336  80
336  82
337  95
338  98
340  69
341  87
343  97
344  82
344  84
345  11
347  9
348  92
348  95
350  99
352  82
352  94
352  97
354  72
355  87
356  81
358  95
359  73
359  97
359  98
360  82
361  84
364  92
365  16
366  81
366  97
368  63
368  95
369  72
369  87
369  99
370  82
374  3
374  84
374  97
376  81
378  62
378  95
379  16
379  71
380  92
380  98
381  64
382  97
383  82
383  87
386  81
386  99
387  72
387  84
388  95
389  7
390  97
394  80
395  16
396  81
396  82
396  92
397  87
397  97
398  3
398  95
400  84
400  94
401  98
403  99
404  97
406  81
408  82
408  95
409  50
409  72
410  87
411  71
411  97
412  92
413  16
413  84
416  81
417  82
417  97
418  4
418  95
419  29
420  99
422  98
423  63
423  75
423  87
423  97
424  68
424  82
426  81
426  84
427  92
428  95
429  97
431  82
434  3
434  16
435  15
435  17
435  72
435  97
436  73
436  81
436  87
437  99
438  82
438  95
439  84
440  48
441  97
442  11
442  92
443  1
443  98
444  94
445  82
446  79
446  81
447  95
447  97
449  87
451  32
452  82
452  84
453  15
453  17
453  47
453  56
453  80
453  97
454  99
456  81
456  95
457  92
459  16
459  30
459  82
459  97
462  87
464  98
465  48
465  81
465  84
465  95
465  97
466  82
467  11
467  23
468  72
469  69
471  31
471  71
471  97
471  99
472  92
473  82
474  15
474  17
474  81
474  95
475  87
476  63
477  97
478  84
480  79
480  82
483  6
483  81
483  95
483  97
485  94
485  98
487  82
487  87
487  92
488  16
488  99
489  97
490  84
492  81
492  95
494  82
495  97
496  48
497  15
498  3
498  17
498  47
498  78
499  11
499  87
500  73
501  81
501  82
501  92
501  95
501  97
502  84
504  72
505  0
505  32
505  99
506  98
507  97
508  82
510  81
510  85
510  95
511  80
511  87
513  97
514  84
515  82
515  92
519  81
519  95
519  97
521  7
521  16
521  99
522  82
523  17
523  87
524  15
524  94
525  97
526  63
526  84
527  98
528  81
528  95
529  82
529  92
531  97
534  48
535  87
536  79
536  82
537  11
537  81
537  95
537  97
537  99
538  84
543  82
543  92
543  97
544  72
546  81
546  95
547  87
548  97
548  98
550  9
550  82
550  84
552  1
552  15
552  17
553  81
553  97
553  99
554  72
555  7
555  16
555  29
555  50
555  95
556  4
556  75
557  82
557  92
559  87
559  97
560  71
560  81
560  98
561  94
562  62
562  84
563  64
563  95
564  56
564  72
566  7
566  29
566  50
566  97
567  81
568  4
568  75
569  99
570  73
570  80
571  82
571  87
571  92
571  95
572  3
572  98
573  97
574  81
574  84
575  63
575  72
578  7
578  69
579  29
579  50
579  95
580  97
581  81
581  82
581  98
582  4
582  75
582  87
584  92
585  63
585  99
586  7
586  84
586  95
587  72
587  82
587  97
588  16
588  80
588  81
588  98
589  76
592  8
593  29
593  50
593  82
593  87
593  95
594  7
594  97
595  63
595  81
595  98
596  94
597  4
597  75
597  92
598  84
599  82
600  72
600  95
600  99
601  80
601  97
602  81
602  98
603  7
603  49
604  76
604  87
605  82
606  63
607  95
608  97
609  81
609  98
610  8
610  29
610  50
610  84
610  92
611  82
612  7
614  72
614  80
614  95
615  4
615  75
615  87
615  97
615  99
616  81
616  98
617  63
617  82
620  95
622  7
622  16
622  76
622  84
622  97
623  81
623  82
623  92
623  98
626  87
626  95
627  80
628  82
628  97
629  29
629  50
629  63
629  72
630  81
630  94
630  98
630  99
632  7
632  73
632  82
632  95
633  97
634  8
634  84
636  4
636  82
636  92
637  75
637  81
637  87
637  98
638  95
638  97
640  71
640  80
640  82
641  3
642  63
643  7
643  97
644  72
644  81
644  82
644  95
644  98
645  84
645  99
646  15
646  76
647  17
648  82
648  87
648  97
649  1
649  92
650  11
650  48
650  95
651  81
651  98
652  29
652  50
652  82
653  80
653  97
654  47
655  7
655  16
656  63
656  82
656  84
656  95
658  81
658  97
658  98
659  79
659  87
660  56
660  72
660  82
660  99
661  15
661  32
662  4
662  17
662  92
662  94
662  95
663  75
663  97
664  82
665  81
665  98
666  80
667  7
667  84
668  11
668  82
668  95
668  97
669  48
670  8
670  87
671  63
672  81
672  82
672  98
673  97
674  92
674  95
674  99
675  84
676  82
677  72
678  15
678  16
678  87
678  97
679  17
679  68
679  80
679  81
679  98
680  29
680  76
680  82
680  95
681  7
681  47
681  50
681  84
681  92
683  6
683  97
684  82
685  98
686  10
686  81
686  87
686  95
687  49
687  63
687  84
687  85
688  79
688  82
688  92
688  97
688  99
689  16
689  69
690  11
690  23
690  78
691  73
691  98
692  48
692  80
692  82
692  95
693  75
693  81
693  84
693  87
693  94
693  97
694  4
694  70
694  72
695  7
695  92
696  6
696  82
697  15
697  98
698  17
698  95
698  97
699  84
700  16
700  81
700  82
701  87
702  30
702  92
702  99
703  32
703  97
703  98
704  63
704  82
704  95
705  80
705  84
706  10
707  81
708  3
708  31
708  82
708  85
708  87
708  97
709  92
709  98
710  7
710  95
711  23
711  78
711  84
712  6
712  72
712  82
713  16
713  97
714  50
714  81
715  29
715  71
715  87
715  98
716  11
716  82
716  92
716  95
716  99
717  84
718  15
718  80
718  97
719  17
720  48
720  82
721  47
721  81
721  98
722  63
722  87
722  95
723  84
723  92
723  94
723  97
724  82
725  9
726  7
726  16
727  81
727  98
728  8
728  75
728  82
728  95
728  97
729  4
729  84
729  87
730  72
730  92
730  99
731  6
731  70
731  79
731  80
731  85
732  10
732  76
732  82
733  81
733  97
733  98
734  95
735  84
736  82
736  87
737  92
738  97
739  81
739  98
740  15
740  16
740  63
740  82
740  95
741  84
742  7
742  17
742  23
742  78
742  97
743  62
743  64
743  87
744  80
744  82
744  92
744  99
745  11
745  81
745  98
746  1
746  73
746  95
746  97
747  84
748  68
748  82
749  31
749  32
749  72
750  0
750  50
750  62
750  64
750  87
750  97
751  60
751  81
751  92
751  98
752  29
752  47
752  82
752  94
752  95
753  48
753  84
754  97
755  6
755  16
755  85
756  56
756  82
757  68
757  80
757  81
757  87
757  98
757  99
758  62
758  64
758  92
758  95
758  97
759  7
759  31
759  63
759  84
760  82
761  97
762  32
763  0
763  17
763  81
763  98
764  4
764  15
764  82
764  87
764  95
765  84
765  92
765  97
766  62
766  64
766  75
767  68
767  72
768  82
768  97
769  47
769  81
769  98
770  31
770  80
770  95
770  99
771  3
771  16
771  84
771  87
771  97
772  82
772  92
774  10
775  81
775  98
776  7
776  82
776  95
776  97
777  84
778  11
778  63
778  87
779  64
779  92
780  62
780  82
780  85
780  94
781  32
781  81
781  97
781  98
782  19
782  95
783  80
783  84
783  99
784  79
784  82
786  71
786  72
786  87
786  97
787  17
787  50
787  81
787  98
788  0
788  6
788  29
788  48
788  82
788  92
788  95
789  15
789  69
791  97
793  81
794  82
795  95
796  16
796  84
796  87
796  97
796  99
800  82
801  81
801  92
801  97
802  95
802  98
804  73
806  82
808  87
808  94
809  97
814  11
822  82
830  97
