49
22
79
75
68
34
79
52
19
70
27
48
43
47
26
55
9
52
48
30
13
69
51
66
41
14
16
47
71
62
33
53
40
78
33
64
83
88
94
24
72
21
0
2
40
49
57
69
14
20
66
90
3
87
60
49
69
85
38
51
97
10
69
91
8
22
2
50
29
80
29
39
59
17
94
2
52
18
13
6
24
80
34
47
20
16
63
33
84
74
0
78
7
43
20
5
72
63
30
31
68
57
82
30
99
95
52
50
19
37
89
49
57
84
76
73
18
23
5
17
73
13
71
16
63
59
80
62
81
83
73
6
53
51
69
52
22
92
2
42
89
18
81
58
17
29
96
22
68
36
72
54
92
76
28
47
33
8
58
10
59
36
53
51
83
96
76
91
92
54
78
46
68
31
79
97
93
45
86
14
89
42
76
96
77
81
39
43
32
57
37
10
70
25
83
2
99
90
21
84
72
25
4
93
42
45
97
41
60
19
18
20
39
48
29
23
2
90
70
94
26
99
15
77
21
14
48
87
95
41
43
34
1
19
39
94
46
5
85
70
10
41
94
54
76
32
64
59
75
29
74
11
61
72
57
49
67
8
60
79
32
86
76
7
92
52
84
1
63
55
68
59
3
23
41
29
35
4
37
45
38
29
50
23
16
1
90
84
30
19
48
53
46
4
7
2
37
63
86
57
8
52
82
72
24
29
41
87
6
47
69
2
46
36
99
32
72
26
73
56
42
28
75
79
99
38
66
43
10
58
9
42
77
49
65
61
59
99
80
56
35
9
72
10
60
57
65
12
46
71
62
89
48
87
44
76
92
29
10
69
34
48
66
72
17
28
29
54
25
11
99
79
3
59
86
38
47
18
85
98
77
74
75
52
12
0
76
34
1
97
74
72
98
99
75
77
1
16
90
82
15
74
64
63
34
25
58
62
17
75
21
10
16
64
70
19
11
1
41
8
26
52
36
1
25
53
12
42
69
0
76
39
21
40
69
8
73
35
79
53
49
60
25
72
29
18
19
37
31
54
58
40
36
47
10
77
17
43
13
22
45
36
53
69
35
61
71
16
37
34
54
67
62
18
72
21
76
33
58
59
7
21
60
9
31
53
32
0
23
71
49
62
37
28
56
67
27
46
1
31
44
7
77
61
84
31
45
94
49
21
5
42
81
85
29
47
52
96
99
66
66
73
50
36
96
33
54
29
23
76
86
34
56
94
4
21
40
5
78
39
0
15
33
63
8
62
71
59
65
1
3.23616
6.51753
0.588089
1.5113
8.59389
5.82248
9.1348
7.43243
6.4434
5.59845
9.58789
9.79128
2.13093
1.15498
6.20203
5.34832
8.79219
8.4644
5.6655
8.61908
6.76929
4.93254
6.64395
0.210294
0.82401
0.111913
5.46761
6.29368
6.11276
8.36342
4.84737
5.15556
9.84237
4.01899
2.82391
6.95053
0.375754
9.35936
0.0360318
1.0811
7.49233
5.5091
4.99899
9.10768
5.71368
8.08972
1.73275
4.36744
4.50086
8.3448
8.60822
6.70262
1.07356
4.00318
3.57073
5.9547
0.000269135
1.90989
0.6458
3.62157
6.59697
9.20363
7.71347
1.43254
8.33382
8.84552
1.09555
3.83216
0.941481
5.47767
2.93809
1.60121
3.8836
6.45022
3.18556
8.93792
7.40262
8.95942
5.74173
1.01609
4.36203
2.10151
2.77721
4.28067
2.39675
7.00577
0.525487
0.554759
5.78178
0.959669
5.13492
1.369
6.33214
8.4915
1.35402
0.963657
6.2727
6.33451
4.17799
3.34061
4.40956
6.27152
3.73781
2.09246
2.18669
1.28374
4.25053
0.779304
1.21047
8.80804
9.39734
5.53159
6.78094
3.66926
9.64659
4.83756
6.98891
8.87745
3.91013
1.59073
0.859426
4.94743
2.89742
2.85715
2.75814
8.56011
7.58494
2.7908
1.5832
7.28318
6.35756
6.57313
1.28199
5.79666
2.30424
7.33003
7.01645
0.418092
6.40671
1.43483
7.15547
5.20628
4.20453
7.64213
8.258
2.92075
7.65433
0.0514192
5.91656
4.02173
2.12731
2.54909
7.0865
9.99921
3.41734
9.26782
5.90432
7.12663
5.39252
1.37137
2.49688
4.39367
9.45187
5.02723
1.31836
4.12357
5.42481
8.91867
3.46625
2.91334
3.20024
8.74146
4.5243
6.22988
3.17052
0.503224
9.91448
0.850367
1.18356
4.59514
2.08035
2.38998
6.12253
1.05887
3.98214
4.83085
8.39065
7.40377
1.34515
6.39634
3.11162
8.312
8.81173
4.86735
2.50732
0.311994
5.08813
5.34231
4.59822
9.96585
3.57813
7.62273
4.65227
7.94753
0.211382
5.33573
1.34999
4.37381
6.24373
8.64748
3.98731
2.7544
5.81599
1.2148
6.6946
0.754599
5.70452
6.08783
3.96609
0.00188174
1.2998
7.40275
2.01262
8.78477
9.16008
0.10685
5.81216
8.16347
5.20665
1.38459
6.07354
1.4783
2.77734
3.33202
9.35466
6.8204
9.01166
8.86862
8.65593
1.28517
5.89057
0.0249508
5.92416
1.49197
6.61229
2.34927
8.67664
6.3324
5.43427
8.15522
9.70153
7.72011
4.22724
4.799
0.219759
4.08285
1.88101
8.47249
0.857602
3.3599
7.676
3.26822
6.17011
2.58003
4.59738
4.54903
0.204603
7.21724
3.63473
9.84086
5.56332
6.25723
6.52472
7.14237
1.79048
3.23034
3.7256
7.1947
7.73732
0.0456173
1.89463
1.97495
0.0772763
8.94331
5.92803
6.56065
1.65024
3.65243
9.99999
0.436369
8.92878
4.81472
1.02277
3.49667
3.9308
7.44207
4.67103
5.86775
9.91216
3.4178
8.02752
5.93746
8.36691
7.23424
2.77195
9.71977
0
6.78465
0.164475
5.90635
3.54379
4.29968
0.614473
7.85962
6.28047
7.83883
7.46125
2.79302
1.42529
1.0122
8.52832
6.22265
9.82531
9.786
3.19817
6.59928
1.0954
3.31233
6.16114
0.254135
4.63213
1.038
4.26134
7.8484
2.26484
9.23354
1.00248
9.78495
8.97449
7.02771
3.13012
6.34915
7.1721
9.1863
0.364635
7.85391
9.39282
0.296231
3.74478
5.35553
8.39414
0.517204
4.08388
8.58256
4.75332
3.85743
3.05989
8.62385
9.07396
1.59389
9.86337
3.97826
3.2539
3.43098
6.23565
3.88583
6.55201
2.86785
9.53325
9.99742
1.42804
4.44387
3.36554
2.23712
3.02214
8.52537
4.06271
7.87547
3.92797
2.81114
3.98923
7.84585
4.37413
2.74093
1.96969
6.54773
7.23092
4.96843
1.55189
1.52557
1.52718
4.91926
5.62362
8.09857
1.71377
5.61062
4.39007
8.69491
2.43003
3.34664
7.6018
2.44485
5.88712
8.30797
0.106673
6.50979
5.93315
7.8054
8.29937
6.65185
8.70436
5.63944
8.94592
2.36612
8.62203
8.79711
0.208605
3.03059
4.39299
5.15581
7.91862
8.33355
3.61985
9.73989
0.521461
3.81543
0.892589
7.34423
5.40329
2.05562
3.82585
8.76429
1.84251
4.2384
8.94958
4.84808
8.64886
9.74375
5.81451
9.84599
4.51654
8.64793
5.03423
8.08772
9.38708
9.12891
8.34252
4.86168
3.6145
0.516393
-0.0175388
0.615783
-0.268687
0.885228
-0.175105
2.45838
183.165
240
