9  82
9  97
13  7
13  72
13  84
13  95
14  16
14  63
14  81
14  98
16  15
16  17
16  62
16  64
16  87
16  92
18  82
18  97
20  11
20  29
20  50
20  68
21  4
21  31
21  32
21  47
21  48
21  75
27  80
27  82
27  84
27  95
27  97
28  0
28  6
28  7
28  72
28  73
28  79
28  98
28  99
29  81
30  3
30  63
30  76
31  16
33  8
33  87
33  92
34  71
36  82
36  97
37  15
37  17
37  62
37  64
41  1
41  78
41  84
41  95
42  23
42  56
42  98
45  81
45  82
45  97
46  7
46  10
46  69
47  72
49  63
50  11
50  29
50  68
51  4
51  50
51  75
52  31
52  48
52  87
52  92
53  16
54  82
55  95
55  97
56  32
56  47
56  80
56  84
56  98
61  81
62  99
63  82
64  7
65  97
68  72
70  95
70  98
71  15
71  17
71  62
71  64
72  63
72  82
72  84
72  87
72  92
75  85
75  94
75  97
77  81
82  82
85  97
85  98
86  16
86  95
87  80
88  7
89  84
91  9
91  29
91  70
92  50
92  82
93  87
93  92
94  4
94  75
94  76
94  81
95  97
96  72
102  82
102  98
103  95
105  97
106  84
107  99
109  6
109  73
111  81
113  82
115  87
115  92
116  97
119  98
121  95
124  0
124  79
124  82
124  84
126  97
128  81
129  7
133  72
135  82
135  97
136  98
138  87
138  92
139  84
139  95
141  81
142  80
143  16
144  97
145  99
146  82
151  3
151  50
152  29
153  81
153  97
153  98
154  84
156  72
157  82
158  95
159  4
160  75
162  87
162  92
162  97
163  71
164  63
165  81
168  82
169  84
170  11
170  68
170  98
171  16
171  97
171  99
177  95
178  81
179  82
180  97
184  30
184  84
187  87
187  92
188  64
189  97
190  82
191  81
192  98
193  15
195  17
195  62
196  95
196  99
198  97
199  84
200  80
201  82
204  81
207  7
207  16
207  87
207  97
208  31
208  48
208  72
208  92
208  95
210  3
212  82
213  49
214  84
214  98
216  97
217  81
220  95
221  99
223  82
223  87
225  97
226  63
226  92
228  94
229  84
230  81
232  73
232  95
234  82
234  97
235  1
235  32
235  47
236  56
236  98
239  87
241  69
242  81
242  97
243  92
244  84
244  95
245  82
245  99
251  16
252  71
253  97
254  87
255  95
256  82
257  98
259  80
260  92
263  63
265  84
265  97
266  81
266  95
267  82
269  87
274  97
275  82
276  94
277  92
277  95
279  98
280  15
281  17
283  82
283  97
284  73
284  87
285  11
286  84
288  48
288  85
288  95
291  81
291  82
292  97
293  79
294  92
296  15
297  17
299  82
299  87
299  95
301  97
301  98
302  47
305  8
305  11
306  84
307  82
310  95
310  97
311  92
312  48
314  87
315  15
315  17
315  81
315  82
316  63
318  32
319  97
320  80
321  95
322  98
323  82
326  84
328  1
328  79
328  87
328  92
328  94
328  97
331  11
331  82
332  95
335  56
336  15
337  17
337  81
337  97
339  82
341  69
342  87
343  95
344  48
344  92
344  98
344  99
345  9
346  84
346  97
347  82
348  47
353  95
354  97
355  82
356  87
357  81
360  92
361  97
362  73
362  84
363  95
365  15
365  82
365  98
367  60
367  81
368  17
368  99
369  97
370  87
372  62
372  63
373  72
373  95
374  16
375  84
376  80
376  92
377  81
377  82
377  94
377  97
379  64
382  11
383  95
384  3
384  87
385  97
385  99
387  81
387  98
388  84
389  82
392  16
392  72
392  92
393  95
393  97
397  71
397  81
398  87
400  97
401  82
401  84
402  99
403  95
406  81
407  97
408  92
408  98
410  72
411  87
413  82
413  95
414  16
414  81
414  84
414  97
415  7
417  29
417  50
418  4
418  75
419  3
419  99
421  72
421  97
422  81
422  94
422  98
423  68
423  92
423  95
424  87
425  82
427  63
427  84
428  7
428  97
430  81
432  29
432  50
433  4
433  72
433  75
433  95
435  97
436  98
436  99
437  80
437  82
437  87
438  81
438  92
440  16
440  73
440  84
442  95
442  97
443  7
446  72
446  81
449  29
449  50
449  82
449  97
450  87
450  98
451  1
451  4
451  75
451  95
453  84
453  92
453  99
454  81
455  71
456  97
460  7
460  72
460  95
461  56
461  82
462  81
463  31
463  87
463  97
464  94
464  98
466  84
468  92
469  29
469  50
469  95
470  16
470  81
470  97
470  99
473  4
473  69
473  75
473  82
474  23
475  72
476  87
477  97
478  3
478  81
478  95
478  98
479  30
479  63
479  84
480  7
482  92
484  97
485  6
485  82
486  81
487  95
487  99
488  87
491  72
491  97
492  84
492  98
493  29
493  50
494  81
495  80
496  92
496  95
497  82
498  97
500  87
502  16
504  4
504  81
504  84
504  94
504  97
504  99
505  95
506  78
506  82
507  0
507  73
509  75
510  85
510  92
510  97
512  87
513  81
513  82
514  95
514  98
516  84
516  97
517  15
517  17
520  82
520  99
521  48
522  11
522  81
522  97
523  95
524  87
524  92
525  79
527  82
527  97
528  32
528  47
528  84
530  15
530  17
530  63
531  81
532  95
532  97
534  82
536  87
536  99
537  16
537  97
538  48
538  92
538  98
539  11
540  81
540  84
541  82
541  95
542  94
542  97
544  15
544  17
545  71
547  97
548  79
548  82
548  87
549  9
549  81
550  95
552  84
552  92
552  97
552  99
554  80
555  47
555  82
556  3
557  97
558  48
558  81
559  1
559  11
559  95
560  15
560  17
560  32
560  87
561  98
562  82
562  97
563  62
563  64
564  84
566  92
567  81
567  95
567  97
568  99
569  82
571  56
572  16
572  73
572  87
572  97
575  95
576  81
576  82
576  84
577  17
577  97
578  15
578  94
579  63
579  79
580  69
580  92
582  48
582  82
582  97
583  11
583  87
583  95
584  76
584  98
584  99
585  81
587  97
588  82
588  84
591  95
592  81
592  97
593  92
594  47
594  82
594  87
597  15
597  17
597  72
597  97
597  98
599  81
599  95
599  99
600  82
600  84
602  97
604  7
605  16
605  87
606  81
606  82
606  92
607  72
607  95
607  97
608  50
609  29
609  80
609  98
611  4
611  11
611  75
612  48
612  82
612  84
612  94
612  97
613  81
614  99
615  95
616  87
617  97
618  7
618  72
618  82
619  17
619  92
620  15
620  81
620  98
621  32
622  63
622  82
622  95
622  97
624  84
625  3
625  79
626  7
626  50
626  71
626  98
627  29
627  81
627  82
627  87
628  95
628  97
629  80
629  99
630  4
630  72
630  75
631  63
632  8
632  92
632  98
633  73
633  82
634  81
634  95
635  7
635  76
635  84
635  97
637  87
638  16
638  98
639  82
640  95
641  63
641  80
641  81
641  84
641  92
642  72
642  97
644  7
644  98
644  99
645  82
645  87
645  94
647  29
647  50
647  84
647  95
648  6
648  81
649  8
649  16
649  92
649  97
650  10
650  98
651  82
652  76
653  4
653  7
653  75
653  84
653  85
653  97
654  63
654  80
655  23
655  72
655  81
656  78
656  82
656  98
657  62
657  64
657  68
657  97
658  31
659  49
659  84
659  87
659  99
660  70
660  92
660  95
661  16
661  82
661  97
662  6
662  81
662  98
663  0
663  7
665  62
665  64
665  84
665  97
666  82
667  68
667  80
668  31
668  98
669  10
669  72
669  81
669  97
670  92
671  8
671  82
671  84
672  29
672  50
672  87
673  7
673  76
673  95
673  97
673  99
674  16
674  62
674  64
674  98
675  85
676  81
676  82
677  84
677  97
678  0
678  23
678  68
679  4
679  6
679  31
679  78
679  92
680  63
680  75
680  80
680  95
680  98
681  82
681  87
681  97
683  32
683  64
683  81
683  84
684  7
684  62
684  72
686  92
686  95
686  98
687  82
687  97
687  99
688  16
688  87
689  84
690  81
691  3
691  63
691  82
692  95
692  97
692  98
693  80
694  92
695  82
696  7
696  10
696  84
696  87
697  19
697  81
697  97
698  95
698  98
699  82
700  72
700  85
701  29
701  71
701  99
702  8
702  50
702  76
702  97
703  63
704  70
704  81
704  82
704  95
706  87
706  98
707  15
707  17
707  92
707  94
707  97
708  80
708  84
710  82
711  11
711  48
711  81
712  95
712  97
714  30
715  47
715  99
716  1
716  82
716  87
718  56
718  97
720  73
720  92
720  95
721  17
722  15
722  82
724  79
724  84
726  97
728  69
728  81
728  82
729  11
731  87
732  48
739  97
745  82
746  94
756  97
760  82
761  98
762  95
764  84
771  97
774  82
781  92
785  97
788  82
789  98
790  84
792  95
793  81
799  87
799  97
801  82
812  97
814  82
814  84
814  92
814  98
817  95
820  81
825  97
827  82
830  87
