86
64
97
63
75
17
39
13
81
77
5
50
3
70
25
12
3
40
80
84
44
4
15
2
57
74
76
20
44
30
23
48
52
34
78
46
6
54
61
82
92
3
98
46
25
88
40
14
20
67
13
40
87
82
22
57
70
42
53
58
92
22
62
93
4
8
46
38
97
21
26
29
32
75
40
88
95
28
48
83
47
97
12
76
26
39
35
42
20
89
21
5
6
39
30
51
63
59
42
61
87
48
6
30
60
39
63
75
71
74
57
22
39
72
64
99
51
77
36
44
57
67
71
46
92
65
94
88
76
53
22
71
20
80
51
79
43
63
2
91
3
18
97
22
6
55
58
24
8
51
47
55
74
27
75
66
73
53
77
69
54
31
64
50
24
1
25
38
7
65
44
57
62
90
23
81
48
0
11
64
39
46
68
67
61
28
45
58
24
98
36
29
6
12
1
31
63
28
83
55
64
85
87
78
35
67
93
37
57
40
57
22
58
37
80
2
45
5
53
76
23
91
81
75
31
0
21
14
32
13
67
58
37
56
82
75
12
4
0
57
62
30
11
50
71
56
12
81
67
69
18
52
84
56
60
39
92
13
28
88
56
62
74
78
97
11
21
87
57
76
19
71
88
18
69
86
63
78
80
55
90
52
13
82
99
51
59
65
74
2
7
58
40
11
37
31
63
54
10
36
73
75
16
88
32
95
43
56
92
37
10
22
66
18
55
68
56
0
24
5
46
61
99
34
7
26
42
81
1
53
45
68
42
62
46
72
93
36
8
85
58
16
83
88
45
7
50
94
22
93
15
40
28
60
47
91
57
12
36
14
69
96
63
64
77
47
82
18
79
71
71
56
49
12
73
5
20
21
82
11
39
29
27
54
15
82
69
77
88
58
12
22
54
3
30
0
6
29
95
61
21
64
54
69
32
77
72
49
50
7
34
57
17
14
32
26
58
43
44
77
2
10
39
68
27
72
3
17
29
69
60
23
73
65
53
7
44
13
55
20
41
28
78
37
59
15
42
6
69
51
14
32
65
33
12
68
50
29
31
20
16
74
27
29
8
79
11
32
2
63
3
51
59
19
45
50
78
37
26
44
21
16
18
10
44
59
30
57
36
67
35
52
54
55
2
60
18
56
64
36
19
31
82
68
0
64
97
32
47
62
87
10
70
84
16
92
6
78
85
23
63
7
86
49
80
8
95
82
76
98
7
98
50
75
4
70
66
46
28
18
49
62
18
33
78
0
66
8
13
14
7.46165
1.14906
0.838738
5.23158
5.02013
5.27834
5.04103
5.37182
0.555208
7.26579
0.917162
0.429989
0.709459
9.25144
5.1644
2.90518
5.84581
0.000286715
9.3088
1.22164
3.96792
9.60662
4.65111
7.28384
2.31578
6.67256
7.25527
7.59426
4.21149
3.34995
9.85943
7.90166
3.71808
2.77364
7.65135
8.77796
6.61083
0.998374
6.63255
1.76049
0.711181
0.259942
0.720422
0
9.92862
1.88353
8.12445
7.85881
7.16515
0.904666
5.98724
3.0731
5.41847
5.34537
2.57552
4.75437
6.41587
9.39747
0.285719
2.68278
1.05879
0.364763
8.62874
3.85094
1.35792
0.986415
4.98602
3.32026
1.36975
2.35159
0.517598
6.98608
5.99729
4.79566
7.24447
3.30167
3.17349
6.73179
5.43361
2.36877
7.31673
3.30473
7.24198
7.26493
2.79263
4.77262
5.00937
3.80047
8.33431
4.82595
0.0616564
1.0913
8.20009
6.99281
5.76821
4.75933
5.03266
6.51773
1.57256
9.52499
8.28548
7.73966
7.32609
9.0799
5.03423
8.73959
9.97038
3.40653
6.36957
7.53334
9.01949
0.703313
5.50799
3.88097
3.45786
3.03884
0.654284
8.12855
6.88118
3.86225
2.13685
5.5436
3.32448
3.42052
9.38076
0.831176
8.54811
0.0563865
9.83499
2.51257
4.09193
1.12982
5.70282
4.51733
0.4581
7.51146
1.24681
0.643643
2.66554
3.08294
4.95185
6.01808
0.798741
3.21243
5.26711
7.41168
6.32649
4.26184
8.11943
4.33774
2.14987
0.359181
1.51255
2.57702
6.12703
0.879564
6.74278
8.39718
2.51775
9.999
5.458
0.252824
6.82034
6.23336
5.54961
1.88982
8.28978
7.51861
9.59819
6.38032
8.40459
8.82056
9.87476
8.74683
0.420711
0.811036
4.69021
1.49545
1.44079
0.616416
4.69963
1.55697
8.51067
2.05558
1.84569
8.21406
0.194151
5.4571
3.54045
5.08607
3.69548
4.58087
2.93872
1.13036
0.000370431
8.90717
2.8864
6.18271
7.90289
9.51259
3.91808
5.2236
0.735581
0.709427
5.33105
4.63118
4.30947
5.2419
8.8839
6.57111
1.91252
7.0689
0.799095
9.06611
1.57
3.41118
4.8523
7.80038
4.37684
2.10731
4.8026
3.30445
5.204
0.540072
3.29794
8.90372
2.63674
8.83902
7.38078
8.50064
5.50181
0.880196
1.74101
2.0474
5.38829
2.29399
7.9806
7.87446
6.86122
2.64715
3.42565
4.61889
8.45477
9.17345
4.04789
4.31298
0.665417
0.416035
7.62917
8.9005
8.52884
4.64628
9.62351
5.70942
6.45865
1.52679
9.54554
7.82369
1.55862
4.15926
6.7819
4.09439
3.23721
8.92804
4.92251
9.57623
5.75414
9.61678
0.950672
5.51853
8.87275
7.77109
6.45859
8.43953
6.88032
6.81788
7.76202
2.99324
0.753609
8.84012
3.64675
0.123419
9.88702
2.22812
4.022
5.59877
8.79349
4.34737
2.4421
2.28056
4.68371
6.56215
8.61352
4.01873
8.25589
7.90921
3.41617
4.54687
2.33093
4.44591
9.84199
4.98002
1.38945
8.95639
3.93672
0
4.39307
2.94114
0.491658
7.50589
4.70517
6.95439
1.62926
3.73602
8.59109
5.24332
1.60644
5.68448
0.221809
6.01588
8.23474
2.84459
5.05173
6.77004
6.68494
2.97167
8.66382
9.05875
2.93492
1.34623
9.10221
4.92119
0.22302
6.60491
0.430192
2.23277
2.00536
4.31792
1.49666
8.17939
2.84192
2.98007
5.09687
1.30568
8.43226
6.63273
0.00081749
1.79097
3.23195
8.28518
3.8651
8.53466
5.62988
8.36514
0.632106
2.62144
0.79265
5.88751
5.20823
6.97356
3.55131
4.67403
1.90927
1.08203
9.4636
9.55725
2.47812
3.96841
8.37308
4.97905
7.16624
8.25866
8.42369
6.87413
7.48909
3.25498
5.52079
2.3898
9.04367
9.83716
9.93326
8.21005
7.9929
3.23378
4.21687
0.00270705
9.1842
0.59858
2.654
4.63199
6.40805
4.75543
0.0752157
1.26565
7.67909
9.99913
1.87649
9.71696
8.09247
3.43846
0.778748
6.69382
6.41983
7.37633
4.59006
9.84156
9.99969
3.99025
2.69101
9.93925
4.11001
3.04435
1.68181
9.57763
4.83288
6.0013
4.77079
3.11077
1.95198
2.93539
7.8801
6.56868
0.283672
1.26918
4.73753
3.70971
4.17325
9.97559
4.44132
9.12964
7.33959
3.40535
7.21128
1.68513
5.0793
5.87307
4.54759
9.07441
6.70962
7.35832
1.96896
8.1554
5.7733
0.346241
9.97629
1.05551
5.66044
9.08092
9.26099
2.68915
-0.0192433
0.645026
-0.504329
-0.315437
-0.189519
2.58268
124.162
120
