46  76
51  70
58  3
58  14
60  69
61  71
64  9
65  90
71  65
77  60
78  19
81  41
84  2
84  77
101  82
107  14
126  60
127  19
132  65
136  10
137  8
140  89
146  2
146  77
147  38
152  97
155  3
162  89
163  10
163  65
164  8
170  9
184  89
184  97
189  38
190  3
197  86
198  9
199  66
199  81
200  10
202  8
203  74
206  89
208  3
208  96
214  86
216  97
217  9
218  81
222  66
227  89
228  17
229  3
231  74
231  86
235  96
237  81
244  9
248  86
253  66
256  81
262  54
263  96
265  86
266  15
269  20
269  52
274  30
274  74
275  81
277  40
280  91
282  15
282  55
282  86
283  47
284  80
287  20
287  52
290  96
293  81
296  66
299  30
299  86
302  15
306  40
308  91
309  20
310  52
311  81
314  80
315  86
317  96
323  55
326  15
328  47
328  81
331  86
335  74
336  30
337  20
337  91
339  9
340  52
342  96
345  81
346  86
347  80
348  66
356  15
358  17
358  40
361  81
361  86
364  3
367  91
367  96
372  20
376  86
377  81
379  52
381  80
382  9
390  86
391  15
391  96
393  81
395  30
396  91
397  74
398  66
404  86
408  81
412  3
412  55
414  80
414  96
415  20
418  86
423  81
424  52
424  91
425  9
429  47
431  15
431  86
436  96
437  40
437  81
444  80
444  86
445  66
451  3
451  81
451  91
453  9
453  74
453  89
457  20
457  86
457  96
458  8
458  10
458  97
461  30
461  38
462  3
463  89
465  81
466  9
466  65
470  10
470  52
470  86
471  8
471  15
472  97
473  3
473  89
474  80
476  91
477  96
478  38
479  81
480  9
482  86
484  10
484  89
485  3
485  8
487  97
488  65
489  66
492  81
494  86
495  9
495  89
497  96
498  3
498  38
499  10
500  20
500  68
501  8
501  17
501  54
501  91
502  97
503  80
505  81
506  55
506  74
506  86
506  89
509  15
511  9
512  3
513  40
514  52
516  10
516  96
517  65
517  89
517  97
518  30
518  81
518  86
520  8
523  38
527  3
527  19
527  60
527  65
527  91
528  9
528  89
529  2
529  14
529  77
529  86
531  66
531  81
532  97
534  96
537  19
537  60
538  10
538  65
539  49
539  89
540  86
541  2
541  8
541  14
541  77
543  3
544  81
546  9
547  97
548  19
548  47
548  60
550  65
550  89
551  86
552  96
554  2
554  77
555  14
555  38
557  74
557  81
560  3
560  19
560  60
561  89
562  10
562  65
562  86
562  90
563  69
563  71
563  76
563  97
564  14
565  8
565  70
566  9
566  41
566  82
569  2
569  77
569  81
569  96
571  90
572  66
572  69
572  71
572  89
573  19
573  60
573  76
573  86
574  14
576  65
577  3
578  41
578  70
578  82
578  97
580  90
582  69
582  71
582  81
583  21
583  89
584  14
584  76
586  2
586  77
587  58
588  19
588  60
589  90
590  10
590  86
591  65
591  82
592  41
592  69
592  70
593  8
593  71
593  89
593  97
594  76
595  14
597  13
597  93
597  96
598  38
598  90
598  98
599  5
599  70
601  11
601  76
601  83
603  69
604  82
604  89
605  19
605  60
605  71
605  93
606  2
606  70
606  77
607  13
607  14
607  65
607  90
607  98
608  41
608  76
608  97
609  62
610  5
613  83
613  93
614  70
614  89
615  69
616  76
616  90
616  98
617  13
617  82
618  25
618  71
620  14
621  93
622  5
622  70
623  10
623  97
624  8
624  60
624  76
624  89
625  19
625  65
625  90
625  98
626  83
627  41
628  13
629  69
629  77
630  2
630  82
630  93
631  70
632  62
633  71
633  76
634  14
634  89
634  90
634  98
636  5
638  86
638  97
639  81
639  83
639  93
640  13
640  70
642  3
642  76
643  9
643  82
644  89
644  90
644  96
644  98
645  65
645  69
646  60
647  19
647  86
648  93
649  81
650  14
650  27
650  38
650  41
650  71
651  70
653  97
654  3
654  89
654  90
655  9
655  10
655  83
656  5
656  8
656  66
656  74
656  76
656  86
657  82
658  77
658  96
659  2
659  81
664  69
664  89
664  90
665  86
666  65
667  3
667  14
668  9
668  71
668  91
668  97
669  81
670  15
670  20
670  80
671  52
671  60
671  82
672  19
672  96
673  30
674  86
674  89
674  90
675  17
678  66
679  40
679  81
680  74
681  3
682  9
682  55
682  91
682  97
683  15
683  86
684  20
684  89
685  10
685  80
686  52
686  96
687  47
688  65
689  8
689  81
691  77
692  30
692  86
693  2
694  89
695  38
696  3
696  97
697  9
697  15
697  91
699  20
699  81
700  19
700  96
701  80
701  86
702  40
702  52
703  60
704  66
704  89
709  81
710  55
710  74
710  86
710  97
711  3
712  91
713  9
713  15
714  54
714  89
714  96
716  10
717  20
717  30
718  80
719  81
719  86
721  52
722  47
728  86
728  91
728  96
729  81
731  15
732  40
732  66
735  80
737  17
737  20
737  59
737  86
741  81
743  52
744  91
751  30
753  15
754  80
761  55
