194  41
203  53
214  42
225  32
225  87
235  8
240  59
242  96
244  28
250  72
251  58
262  41
268  8
270  96
277  70
281  59
283  87
286  28
286  53
294  29
298  96
312  42
315  8
325  58
326  96
335  19
335  60
337  30
337  49
340  24
340  55
349  59
350  34
352  96
353  19
353  60
358  30
358  49
365  24
365  55
369  8
375  19
375  60
376  96
386  30
386  49
397  71
399  96
400  20
400  83
403  24
403  55
405  19
405  21
405  60
412  71
415  9
415  50
415  83
418  20
424  51
428  30
428  49
430  21
430  71
431  83
439  45
440  20
445  60
446  19
447  83
449  50
450  51
452  71
453  38
455  26
457  37
459  47
459  92
461  24
462  50
462  55
464  7
464  83
466  51
467  38
469  20
469  21
470  9
471  26
476  37
476  50
478  92
479  71
480  83
481  47
483  38
484  49
485  30
485  51
486  56
491  19
491  26
492  50
492  60
494  7
496  83
498  92
501  37
502  38
508  51
510  50
511  20
512  83
513  47
513  71
516  26
519  92
522  29
526  24
526  38
528  83
529  28
530  50
530  55
536  51
537  19
537  37
538  21
538  60
540  49
541  30
541  92
544  83
550  26
553  50
553  71
556  38
558  7
560  83
563  92
564  20
568  47
568  51
572  28
575  83
576  96
579  19
579  50
580  8
580  60
581  59
585  28
586  58
586  92
587  96
588  24
590  83
591  55
592  49
593  30
593  70
594  8
594  71
597  59
598  29
599  96
601  9
603  41
605  83
606  28
606  53
607  87
608  29
608  32
608  58
609  42
611  8
611  96
614  72
615  41
615  51
616  20
616  21
617  59
618  29
619  83
620  53
621  19
622  60
622  87
623  96
624  28
626  32
626  42
627  23
629  29
629  41
630  8
631  70
633  83
633  96
635  71
636  53
637  61
638  51
638  58
638  81
638  87
639  72
640  17
640  57
641  29
641  30
641  34
641  49
641  59
642  96
643  55
644  24
644  28
644  41
645  77
646  61
647  42
647  69
648  81
648  97
649  32
651  27
651  96
652  17
653  8
653  57
654  29
654  87
656  53
656  61
658  81
660  96
661  19
661  60
662  41
663  77
663  83
666  17
667  61
668  28
668  57
668  97
669  29
669  81
669  96
670  69
671  59
671  87
675  42
676  83
678  51
678  72
678  96
679  61
680  8
680  53
680  81
682  17
682  27
683  32
683  41
684  58
685  28
685  29
686  30
686  50
687  49
687  57
688  51
688  77
688  83
688  87
688  96
689  20
690  71
692  45
693  97
695  28
696  92
697  18
697  55
697  83
698  29
698  98
699  38
700  19
700  21
700  22
700  50
700  60
700  62
701  24
701  26
701  96
703  2
703  37
703  51
706  10
706  18
706  83
708  82
708  98
710  47
710  92
711  52
711  62
712  22
715  18
715  38
715  83
717  7
717  50
718  98
719  20
719  26
719  71
720  2
720  9
724  37
724  62
725  18
725  22
725  92
727  10
727  82
727  83
728  98
734  38
735  56
736  18
738  52
738  98
739  62
741  2
741  22
748  82
766  98
