167  89
176  55
184  31
193  71
208  40
234  4
242  88
247  82
247  97
248  55
261  82
261  97
270  6
270  73
271  26
271  53
275  82
275  97
283  88
289  82
289  97
291  71
303  82
303  97
315  55
316  89
317  82
317  88
317  97
330  82
330  97
335  6
335  73
340  26
340  53
343  82
343  97
344  24
348  8
349  91
356  82
356  97
359  75
361  90
363  24
368  91
369  82
369  97
374  8
381  82
381  97
387  24
388  91
392  90
393  82
393  97
395  18
405  82
405  97
408  91
409  90
413  8
413  48
413  75
415  39
417  2
417  82
417  97
419  24
421  0
421  72
423  90
425  74
428  91
429  48
433  39
437  2
437  90
438  43
440  1
447  72
448  0
448  48
448  91
451  90
456  39
458  74
461  24
464  2
465  90
467  91
471  48
478  8
479  90
486  39
486  91
488  23
491  72
493  90
494  0
501  48
503  2
504  91
507  90
512  24
513  82
513  97
520  90
521  82
521  91
521  97
529  82
529  97
531  39
533  74
533  90
535  6
535  73
537  26
537  53
537  82
537  97
538  91
540  48
540  75
541  43
545  82
545  97
546  90
547  8
549  28
551  2
553  82
553  97
554  91
559  90
560  24
561  18
561  82
561  97
568  6
568  73
569  1
569  82
569  97
570  87
570  91
572  26
572  53
572  90
573  72
577  82
577  97
578  0
584  90
585  48
585  82
585  88
585  97
586  39
586  91
592  55
593  82
593  97
594  71
595  88
596  89
596  90
601  4
601  82
601  91
601  97
605  24
605  88
606  55
608  61
609  82
609  89
609  97
610  8
611  71
611  90
613  91
615  31
617  40
617  77
617  82
617  88
617  97
618  89
619  79
620  7
622  5
622  55
623  56
625  82
625  91
625  97
626  6
626  31
626  73
627  89
628  4
629  88
630  36
630  40
630  77
631  78
632  71
632  91
633  82
633  97
635  23
635  26
635  53
636  7
636  51
636  79
637  89
638  31
639  91
640  18
640  55
641  9
641  82
641  88
641  97
642  5
642  77
642  92
642  98
644  23
645  40
645  51
646  75
646  91
647  89
649  32
649  82
649  97
650  24
651  61
652  31
653  88
653  90
653  91
654  18
654  23
655  9
655  51
656  77
656  98
657  7
657  79
657  82
657  89
657  97
659  71
659  92
660  91
661  55
662  40
665  23
665  82
665  88
665  97
666  51
667  89
667  91
668  8
668  31
669  36
670  5
671  9
671  18
671  98
672  4
672  77
672  78
673  82
673  97
674  91
675  32
676  90
677  88
677  89
678  23
678  92
680  51
681  82
681  97
682  40
684  91
685  7
686  88
686  90
687  31
687  55
687  79
687  89
688  82
688  97
690  56
692  88
693  28
694  24
695  2
695  61
695  82
695  97
696  70
696  90
697  48
697  71
697  81
698  87
698  88
698  91
699  6
699  56
701  39
702  28
702  82
702  97
703  73
704  47
706  90
708  72
708  74
709  0
709  70
710  81
711  2
711  26
711  88
712  28
712  56
712  91
714  87
716  90
717  48
721  61
723  28
723  88
723  97
724  70
724  81
725  39
726  56
728  47
730  2
735  28
735  87
736  88
738  81
741  70
742  56
