8  82
9  97
12  7
13  63
13  72
13  84
13  95
13  98
14  16
14  81
16  15
16  17
16  62
16  64
16  82
16  87
16  92
18  97
20  11
20  29
20  50
20  68
21  4
21  31
21  32
21  47
21  48
21  75
24  80
24  82
25  76
26  7
26  95
26  98
27  63
27  84
27  97
28  0
28  6
28  8
28  72
28  73
28  79
28  99
29  81
31  3
31  16
32  82
33  87
33  92
34  71
36  97
37  15
37  17
37  62
37  64
39  95
39  98
40  82
41  1
41  56
41  78
41  84
42  7
42  23
44  63
45  81
45  97
46  10
46  69
47  72
49  80
49  82
50  11
50  68
52  29
52  31
52  48
52  50
52  87
52  92
52  98
53  4
53  16
53  75
53  95
55  97
56  32
56  47
56  84
58  82
61  7
61  81
62  99
64  63
65  97
65  98
67  76
67  82
67  95
70  15
70  72
71  17
71  62
71  64
72  84
72  87
72  92
75  80
75  85
75  94
75  97
76  82
77  81
78  98
80  7
82  95
85  8
85  82
85  97
86  16
88  84
89  29
89  50
90  4
90  75
91  9
91  63
91  70
91  98
93  81
93  87
93  92
94  49
94  72
94  82
95  97
97  95
100  7
104  82
105  80
105  84
105  97
105  98
107  99
108  73
109  6
109  81
115  82
115  87
115  92
115  95
116  97
122  98
123  72
123  84
124  0
124  79
125  81
126  82
127  29
127  50
127  97
132  4
133  75
133  95
137  82
138  87
138  92
138  97
139  98
141  81
141  84
147  97
148  82
150  7
151  72
152  16
152  81
152  95
152  99
156  84
156  97
156  98
159  82
160  3
162  87
162  92
163  81
164  97
168  68
169  11
169  71
170  82
171  72
171  84
171  95
172  97
173  16
173  98
174  81
174  99
176  80
180  97
181  82
185  50
185  84
186  81
187  87
187  92
188  30
188  64
188  97
190  29
190  95
192  15
192  82
193  98
194  62
195  17
196  97
196  99
198  3
198  81
199  16
199  84
203  82
204  97
207  31
207  48
207  95
210  81
210  87
210  92
212  97
213  84
214  82
215  98
218  95
218  99
220  97
222  81
224  87
225  63
225  71
225  82
226  92
227  84
228  97
229  95
231  94
232  16
233  73
234  81
235  32
236  47
236  80
236  82
236  97
237  1
237  56
237  98
238  87
240  95
240  99
241  69
242  84
242  92
244  97
246  81
247  82
251  95
252  63
252  87
252  97
257  84
258  81
258  82
258  92
258  98
260  97
262  95
263  99
266  87
269  73
269  82
271  72
271  94
272  95
272  97
274  92
277  84
280  82
280  87
280  98
282  95
283  97
284  81
288  82
288  85
290  15
290  17
290  63
290  92
292  80
292  95
292  97
293  11
294  87
296  48
296  82
298  84
301  79
301  97
302  1
302  95
302  98
304  15
304  17
304  82
305  56
306  92
307  47
308  87
310  11
310  81
310  97
312  82
312  95
315  69
316  48
316  94
318  9
319  15
319  84
319  97
320  17
320  32
320  82
322  87
322  92
322  95
323  98
328  79
328  82
328  97
332  11
332  95
333  81
334  73
336  82
336  87
336  97
338  15
338  84
338  92
340  17
342  63
342  95
343  81
344  97
345  98
345  99
348  82
349  87
350  80
351  84
352  95
352  97
353  47
353  81
354  16
354  92
356  48
359  97
360  72
360  82
361  94
361  99
362  87
362  95
363  81
364  84
365  3
366  97
366  98
369  92
370  62
372  16
372  82
372  95
373  81
373  97
375  87
376  71
377  84
377  99
378  64
380  97
382  95
383  81
384  72
384  82
384  92
387  97
387  98
388  87
390  84
391  81
392  95
393  16
393  99
394  7
394  97
395  72
396  82
397  3
397  63
398  4
398  60
398  75
399  81
399  92
400  29
400  50
401  87
401  97
401  98
402  95
403  84
405  94
406  72
407  7
407  81
408  82
408  97
409  99
410  80
412  95
413  4
413  73
413  75
414  87
414  92
415  81
415  84
415  97
415  98
416  29
416  50
417  16
419  68
419  72
420  82
422  7
422  97
423  81
425  99
427  71
427  84
429  97
429  98
431  4
431  75
431  81
432  72
432  82
434  29
434  50
434  95
436  97
438  87
439  7
439  81
439  84
439  92
441  99
443  95
443  97
443  98
444  82
445  16
446  72
447  81
450  3
450  87
450  97
451  84
452  4
452  75
452  95
453  92
455  81
456  82
457  29
457  30
457  50
457  97
457  98
457  99
458  7
458  31
459  1
461  95
462  72
462  87
463  81
463  84
464  97
467  92
467  94
468  82
469  80
470  95
471  23
471  63
471  97
472  56
472  81
473  99
474  87
475  84
476  98
477  16
477  97
478  82
479  69
479  95
481  81
481  92
483  97
485  82
486  87
487  84
487  95
488  6
488  97
489  15
489  17
489  73
489  99
490  81
492  11
492  82
493  97
494  48
495  92
495  95
498  79
498  82
498  87
498  97
499  81
499  84
500  94
501  15
501  17
501  98
502  32
502  47
503  95
503  97
504  78
504  82
505  99
506  0
506  63
507  11
508  81
508  97
509  87
509  92
510  82
510  85
511  48
511  84
511  95
513  16
513  97
514  15
514  17
516  82
517  71
517  81
518  97
519  95
520  79
520  87
521  99
522  82
523  84
523  92
523  97
524  9
524  11
524  98
526  81
527  95
528  15
528  17
528  80
528  82
528  97
529  47
531  48
531  87
533  3
533  97
534  1
534  32
534  82
534  94
535  81
535  84
535  95
536  92
537  99
538  97
540  73
540  82
542  87
543  11
543  56
543  95
543  97
544  15
544  17
544  81
546  82
546  98
547  84
548  63
548  97
549  92
550  16
550  79
551  69
551  95
552  81
552  82
552  99
553  87
553  97
555  48
555  62
558  82
558  97
559  81
559  84
559  95
560  98
561  72
562  15
562  17
562  64
562  92
563  97
564  87
565  82
566  81
567  94
567  95
567  99
568  7
570  4
570  75
570  76
570  97
571  11
571  29
571  50
571  72
571  84
572  98
573  81
575  87
575  92
575  95
576  82
577  97
578  7
578  98
579  47
579  80
580  16
580  63
580  81
581  95
582  72
582  82
582  84
582  99
584  8
584  97
584  98
586  7
586  87
587  4
587  29
587  50
587  75
587  81
587  95
588  76
588  82
588  92
589  63
590  98
591  80
591  97
593  84
593  95
594  7
594  72
594  81
594  82
596  3
596  98
597  71
597  87
597  99
598  97
599  63
600  82
600  94
601  8
601  81
601  84
601  92
601  95
602  98
603  7
603  80
604  16
605  97
606  4
606  29
606  50
606  75
606  76
606  82
607  72
607  84
608  81
608  98
611  6
611  49
611  87
611  92
611  97
612  7
612  10
612  82
612  99
613  84
614  95
614  98
615  16
615  80
615  81
617  85
617  97
618  23
618  78
618  82
619  84
620  72
620  98
621  92
622  7
622  8
622  70
622  81
623  63
623  97
624  82
624  87
625  6
625  84
626  98
626  99
627  16
627  76
627  95
628  80
629  4
629  50
629  75
629  81
629  97
630  29
630  82
631  84
631  92
632  10
632  98
633  7
634  72
635  97
636  81
636  82
637  84
637  87
638  98
639  85
639  95
640  16
640  99
641  80
641  92
641  97
642  6
642  23
642  78
642  82
643  81
643  84
644  7
644  98
647  97
648  82
649  63
649  72
649  84
649  87
650  8
650  81
650  95
650  98
651  92
653  97
654  16
654  80
654  82
654  99
655  84
656  7
656  76
656  87
656  95
656  98
657  4
657  50
657  75
657  81
658  29
658  92
659  10
659  97
660  63
660  82
661  84
662  95
662  98
663  70
663  85
663  87
664  3
664  6
664  72
664  81
664  97
665  82
666  92
667  80
668  7
668  95
668  98
668  99
669  82
669  97
670  81
670  84
671  63
672  71
673  82
673  87
674  16
674  95
674  97
674  98
676  81
676  94
677  15
677  17
677  68
678  73
678  82
679  92
679  97
680  72
681  95
682  11
682  48
682  81
682  84
682  99
683  87
684  82
684  97
685  80
688  17
688  79
688  95
689  1
689  15
689  30
689  81
689  97
690  82
690  98
691  56
692  32
692  92
693  87
694  47
694  84
694  97
695  95
696  82
696  99
697  11
697  69
697  81
698  48
699  97
700  94
701  17
702  15
702  82
702  95
703  73
703  87
705  92
707  97
708  82
709  31
709  95
710  79
712  84
713  87
714  82
715  11
715  17
715  97
716  15
716  95
717  9
717  48
718  92
720  82
723  32
723  47
723  97
724  87
725  95
726  82
727  94
731  17
731  97
732  15
732  82
737  11
738  82
739  62
739  97
741  48
743  79
744  82
745  98
746  97
749  17
750  15
750  81
750  82
750  84
751  64
753  97
755  92
756  82
760  95
760  97
762  82
763  11
763  87
766  92
767  47
767  60
767  95
767  97
768  17
768  82
769  15
769  48
772  87
773  97
773  98
774  82
774  95
775  84
776  81
777  92
777  97
780  32
780  82
781  87
781  95
781  97
782  81
782  94
782  99
785  82
785  84
785  97
786  98
787  81
787  95
788  17
788  73
788  79
788  92
789  15
789  72
789  82
789  97
790  11
790  87
791  98
792  95
793  63
793  80
793  81
793  82
793  84
793  97
793  99
794  7
795  1
795  92
796  16
796  82
796  87
796  97
796  98
797  50
797  95
798  4
798  29
798  48
798  56
798  72
798  75
798  84
799  62
799  64
799  69
799  81
799  82
799  97
801  3
801  63
801  68
801  92
801  98
802  0
802  7
802  31
802  82
802  87
802  95
802  97
803  80
803  84
804  32
804  47
804  94
804  99
805  16
805  81
805  82
805  97
806  62
806  64
806  71
806  98
807  85
807  92
807  95
808  17
808  72
808  82
808  84
808  97
809  87
810  6
810  15
810  63
810  68
810  76
811  7
811  8
811  31
811  81
811  82
811  97
811  98
812  50
812  95
813  4
813  29
813  62
813  64
813  75
813  80
813  84
814  0
814  82
814  92
814  97
815  16
815  23
815  73
815  78
815  99
816  87
817  32
817  81
817  82
817  95
817  97
817  98
818  84
819  47
819  63
819  68
819  72
820  7
820  82
820  97
821  10
821  11
821  31
821  62
821  64
821  92
822  95
823  81
823  82
823  84
823  87
823  97
823  98
824  80
825  16
826  82
826  85
826  97
826  99
827  0
827  95
828  3
828  6
828  84
828  92
828  94
829  48
829  62
829  63
829  64
829  68
829  81
829  82
829  97
829  98
830  7
830  19
830  50
830  72
830  87
831  4
831  17
831  29
831  75
832  31
832  32
832  76
832  82
832  95
832  97
833  49
833  84
