0 0.510727 0.500054 5.75318e-07 0s
1 0.517875 0.500179 2.24036e-06 2.77414s
2 0.52503 0.500766 1.24271e-05 2.73581s
3 0.597575 0.50203 8.14204e-05 2.73084s
4 0.597575 0.503426 0.000109688 2.89697s
5 0.604286 0.507756 0.000302324 2.8687s
6 0.622754 0.512209 0.000439483 2.81394s
7 0.622754 0.516922 0.000597649 2.86917s
8 0.622754 0.519041 0.000683607 2.82984s
9 0.622754 0.521187 0.000794209 2.81777s
10 0.622754 0.522046 0.000873896 2.82299s
11 0.622754 0.523612 0.000970225 2.82899s
12 0.622754 0.525871 0.00102952 2.8064s
13 0.646411 0.529633 0.00123691 2.90246s
14 0.646411 0.528819 0.00138308 2.82223s
15 0.646411 0.53132 0.00146904 2.8768s
16 0.646411 0.530594 0.00148596 2.88745s
17 0.648755 0.530437 0.0015498 2.86374s
18 0.648755 0.531092 0.00160624 2.86359s
19 0.648755 0.532313 0.00165931 2.86689s
20 0.680373 0.535652 0.00188324 2.93434s
21 0.680373 0.537812 0.00206776 2.83161s
22 0.680373 0.536552 0.00208403 2.95452s
23 0.680373 0.537307 0.00214165 2.86304s
24 0.680373 0.540104 0.00222347 2.84672s
25 0.680373 0.54127 0.00244312 2.84387s
26 0.763207 0.541843 0.00268641 2.83911s
27 0.763207 0.543323 0.002743 2.84494s
28 0.763207 0.540417 0.00284171 2.85776s
29 0.763207 0.540553 0.00294141 2.85835s
30 0.763207 0.541509 0.00290927 2.79318s
31 0.763207 0.547154 0.00304812 2.82616s
32 0.763207 0.544902 0.00310719 2.86503s
33 0.763207 0.543823 0.00323996 2.84442s
34 0.763207 0.547734 0.00354766 2.84018s
35 0.763207 0.548918 0.00375738 2.81769s
36 0.763207 0.552994 0.0039148 2.81497s
37 0.763207 0.553978 0.00399552 2.9697s
38 0.763207 0.556411 0.00416452 2.87999s
39 0.763207 0.552535 0.00424214 2.79506s
40 0.763207 0.552047 0.00420929 2.8793s
41 0.763207 0.555355 0.00423524 2.84711s
42 0.763207 0.556922 0.00444699 2.888s
43 0.763207 0.552817 0.00442458 2.80161s
44 0.763207 0.554768 0.00446103 2.88999s
45 0.763207 0.555126 0.00435616 2.7787s
46 0.763207 0.552793 0.00454622 2.87225s
47 0.763207 0.555606 0.00440209 2.86285s
48 0.763207 0.55536 0.00449392 2.82808s
49 0.763207 0.551143 0.00455833 2.8907s
50 0.763207 0.556274 0.00454653 2.83656s
51 0.763207 0.553821 0.00456818 2.91978s
52 0.763207 0.551722 0.00457892 2.80779s
53 0.763207 0.552204 0.00446979 2.85326s
54 0.763207 0.552824 0.00444604 2.90716s
55 0.763207 0.554299 0.00454423 2.81199s
56 0.763207 0.555917 0.00480754 2.82159s
57 0.763207 0.555839 0.0050596 2.87693s
58 0.763207 0.560526 0.0051956 2.88618s
59 0.763207 0.558859 0.00527563 2.81953s
60 0.763207 0.558713 0.00533805 2.77534s
61 0.763207 0.555965 0.00542133 2.7896s
62 0.763207 0.556857 0.00525662 2.86751s
63 0.763207 0.557892 0.00512383 2.87682s
64 0.763207 0.560814 0.00513016 2.87281s
65 0.763207 0.560811 0.00506539 2.82823s
66 0.763207 0.5557 0.00541827 2.79461s
67 0.763207 0.554658 0.00534612 2.7929s
68 0.763207 0.557808 0.00539674 2.79057s
69 0.763207 0.558876 0.00551747 2.85691s
70 0.776174 0.556806 0.00579815 2.84333s
71 0.776174 0.55799 0.00575165 2.83898s
72 0.776174 0.559885 0.00563572 2.86708s
73 0.776174 0.561111 0.00598023 2.89652s
74 0.776174 0.562698 0.00602621 2.91531s
75 0.776174 0.560705 0.00624753 2.87782s
76 0.776174 0.562538 0.0062426 3.01223s
77 0.776174 0.564096 0.00630464 2.87929s
78 0.776174 0.562349 0.0064089 2.83728s
79 0.776174 0.564958 0.00636736 2.83422s
80 0.776174 0.565899 0.00655551 2.84248s
81 0.776174 0.56495 0.00643052 2.93561s
82 0.776174 0.567205 0.00666362 2.83014s
83 0.776174 0.566025 0.00695827 2.87357s
84 0.776174 0.564253 0.00692173 2.92938s
85 0.776174 0.56604 0.00667485 2.90717s
86 0.776174 0.56349 0.00667897 2.93894s
87 0.776174 0.56237 0.0064775 2.81222s
88 0.776174 0.563164 0.00651254 2.88203s
89 0.776174 0.560531 0.00658532 2.82748s
90 0.776174 0.566288 0.00674385 2.85609s
91 0.776174 0.563016 0.00693493 2.88407s
92 0.776174 0.563928 0.0069488 2.88213s
93 0.776174 0.566042 0.0066918 2.86762s
94 0.776174 0.568544 0.00684075 2.88439s
95 0.776174 0.568189 0.00690848 3.06608s
96 0.776174 0.56596 0.00710027 2.90729s
97 0.776174 0.562563 0.00711417 2.97415s
98 0.776174 0.564403 0.00723673 2.84195s
99 0.776174 0.566763 0.00740557 2.91963s
100 0.776174 0.566874 0.00736735 2.8374s
101 0.776174 0.568288 0.00733194 2.84247s
102 0.776174 0.564681 0.00732783 2.82013s
103 0.776174 0.569031 0.00694161 2.86068s
104 0.776174 0.566456 0.00713516 2.95811s
105 0.776174 0.563513 0.00692976 2.92933s
106 0.776174 0.567912 0.00685135 2.92942s
107 0.776174 0.566558 0.00699254 2.84193s
108 0.777248 0.567271 0.00738254 2.87306s
109 0.777248 0.568464 0.00758097 2.82802s
110 0.777248 0.572579 0.00733101 2.86558s
111 0.777248 0.569624 0.00736306 2.837s
112 0.777248 0.574171 0.00743776 2.88667s
113 0.777248 0.568704 0.00789042 2.9273s
114 0.777248 0.567588 0.00782192 2.83906s
115 0.777248 0.56998 0.00790099 2.85378s
116 0.777248 0.569131 0.00797662 2.8795s
117 0.777248 0.57337 0.00818461 2.909s
118 0.777248 0.5747 0.00817312 2.93745s
119 0.777248 0.569307 0.00816992 2.89726s
120 0.777248 0.572385 0.00786712 2.79507s
121 0.777248 0.569465 0.00788813 2.86195s
122 0.777248 0.573331 0.00795493 2.88814s
123 0.777248 0.568791 0.00792132 2.84728s
124 0.777248 0.573583 0.00809944 2.88267s
125 0.777248 0.570337 0.00804793 2.87123s
126 0.777248 0.5731 0.00801034 2.92753s
127 0.777248 0.573611 0.00810024 2.91364s
128 0.777248 0.567294 0.00856075 2.78917s
129 0.777248 0.572627 0.0085609 2.87049s
130 0.777248 0.579104 0.00862812 2.82491s
131 0.777248 0.576596 0.00890245 2.89412s
132 0.777248 0.574505 0.00885305 2.86515s
133 0.777248 0.577315 0.00840644 2.89155s
134 0.79001 0.578903 0.00844046 2.94526s
135 0.79001 0.578656 0.00863049 2.87867s
136 0.79001 0.57328 0.00887111 2.83096s
137 0.79001 0.573442 0.0089211 2.80955s
138 0.79001 0.571652 0.008769 2.83338s
139 0.79001 0.573512 0.0086106 2.88287s
140 0.793002 0.572719 0.00882023 2.88781s
141 0.793002 0.574408 0.00874944 2.90685s
142 0.793002 0.574028 0.00843271 2.90249s
143 0.793002 0.572144 0.00838867 2.8683s
144 0.793002 0.57139 0.00858157 2.88285s
145 0.793002 0.574622 0.00815324 2.90372s
146 0.793002 0.572151 0.00850749 2.84216s
147 0.793002 0.581902 0.00875112 2.96797s
148 0.793002 0.580063 0.00939747 2.91346s
149 0.793002 0.578848 0.00952267 2.9547s
150 0.793002 0.580254 0.00975405 2.8899s
151 0.793002 0.581952 0.00984538 2.80609s
152 0.793002 0.580331 0.00960977 2.88758s
153 0.793002 0.582075 0.00964782 2.93537s
154 0.793002 0.579248 0.00993705 2.86021s
155 0.793002 0.583526 0.0099848 2.92596s
156 0.793002 0.582258 0.0104455 2.86834s
157 0.793002 0.577972 0.00992939 2.87883s
158 0.793002 0.578611 0.00993539 2.81806s
159 0.793002 0.582013 0.0104158 2.93516s
160 0.793002 0.581917 0.0103734 2.89458s
161 0.795271 0.582521 0.0104802 2.84116s
162 0.795271 0.580805 0.0100993 3.04303s
163 0.795271 0.580354 0.0105395 2.84068s
164 0.795271 0.579852 0.0105592 2.91742s
165 0.795271 0.58222 0.0108358 2.89323s
166 0.795271 0.585318 0.0105529 2.92564s
167 0.795271 0.589023 0.0106892 2.90941s
168 0.795271 0.587433 0.0106823 3.00151s
169 0.795271 0.587074 0.0108621 2.89448s
170 0.795271 0.582288 0.011074 2.98431s
171 0.795271 0.585487 0.0111822 2.90053s
172 0.795271 0.586676 0.0108481 2.94015s
173 0.795271 0.589579 0.0109254 2.82492s
174 0.795271 0.595062 0.0113616 2.86286s
175 0.795271 0.588737 0.01161 2.92381s
176 0.795271 0.587347 0.0113021 2.84333s
177 0.795271 0.588624 0.0110244 2.9194s
178 0.795271 0.585037 0.0109348 2.88526s
179 0.795271 0.583794 0.0111756 2.92638s
180 0.799348 0.59144 0.0112375 2.95321s
181 0.799348 0.584149 0.0113145 2.88342s
182 0.799348 0.589207 0.0113137 2.93619s
183 0.799348 0.586893 0.0112895 2.95539s
184 0.799348 0.589077 0.0115314 2.89419s
185 0.799348 0.588813 0.0113638 2.85956s
186 0.799348 0.591248 0.0113024 2.8927s
187 0.799348 0.583916 0.0114357 3.91546s
188 0.799348 0.585199 0.0118512 2.92186s
189 0.799348 0.589189 0.0119091 2.91906s
190 0.799348 0.585525 0.0118471 2.88716s
191 0.799348 0.583867 0.0119205 2.89574s
192 0.799348 0.586052 0.0115487 2.85743s
193 0.799348 0.593353 0.0117543 3.34443s
194 0.799348 0.592975 0.0117033 2.87427s
195 0.799348 0.588288 0.0119586 2.85385s
196 0.803438 0.596678 0.0113909 2.97133s
197 0.803438 0.589779 0.0116944 2.89245s
198 0.803438 0.590081 0.0118073 2.93677s
199 0.803438 0.586076 0.011916 2.91498s
200 0.803438 0.587341 0.0120361 2.84277s
201 0.803438 0.582593 0.0117355 2.81725s
202 0.803438 0.578991 0.0114822 2.87534s
203 0.803438 0.583444 0.0111542 2.88054s
204 0.803438 0.584829 0.0111458 3.00427s
205 0.803438 0.58637 0.0113605 2.95826s
206 0.803438 0.589378 0.0115312 2.85592s
207 0.803438 0.589601 0.0117303 2.82098s
208 0.803438 0.587218 0.0114362 2.89431s
209 0.803438 0.584646 0.0107914 2.8453s
210 0.803438 0.589021 0.0107655 2.8727s
211 0.803438 0.584762 0.0115181 2.85672s
212 0.803438 0.589409 0.0113504 2.93708s
213 0.803438 0.586113 0.0116655 2.86247s
214 0.803438 0.587894 0.0115648 2.90446s
215 0.803438 0.590862 0.0117925 2.90821s
216 0.803438 0.582289 0.0119974 2.87319s
217 0.803438 0.584627 0.0119682 2.84454s
218 0.803438 0.588766 0.0113094 2.84112s
219 0.803438 0.588119 0.0116059 2.89161s
220 0.803438 0.592524 0.0116755 2.8733s
221 0.803438 0.590314 0.0115771 2.95072s
222 0.803438 0.590808 0.0116139 2.95551s
223 0.803438 0.595846 0.0118405 2.85908s
224 0.803438 0.59156 0.0121411 2.90332s
225 0.803438 0.585901 0.0116515 2.86721s
226 0.803438 0.588917 0.0116385 2.91689s
227 0.803438 0.586716 0.0118118 2.83208s
228 0.803438 0.588156 0.0114704 2.8738s
229 0.803438 0.587572 0.0115471 2.88678s
230 0.803438 0.589649 0.0114223 2.90881s
231 0.803438 0.584041 0.0116898 2.90491s
232 0.803438 0.585978 0.0114785 2.88073s
233 0.803438 0.587986 0.0116947 2.88159s
234 0.803438 0.587097 0.0116461 2.84027s
235 0.803438 0.583595 0.0116171 2.9115s
236 0.803438 0.584585 0.0113671 2.90694s
237 0.803438 0.587673 0.0109875 2.89389s
238 0.803438 0.588149 0.0116272 2.9055s
239 0.803438 0.586502 0.011632 2.90888s
240 0.803438 0.588397 0.0116405 2.9263s
241 0.803438 0.588065 0.0116507 2.92942s
242 0.803438 0.588717 0.0121424 2.92213s
243 0.803438 0.587959 0.0121262 2.90261s
244 0.803438 0.58349 0.0118262 2.88383s
245 0.803438 0.588446 0.0117291 2.88722s
246 0.803438 0.589276 0.0119457 2.89689s
247 0.803438 0.589343 0.0115044 2.92411s
248 0.803438 0.583603 0.0113255 2.83628s
249 0.803438 0.584473 0.0108931 2.96234s
250 0.803438 0.594956 0.0107126 2.87217s
251 0.803438 0.589165 0.0115724 2.84055s
252 0.803438 0.587933 0.011334 2.94649s
253 0.803438 0.587786 0.0114097 2.87006s
254 0.803438 0.58556 0.0114698 2.89009s
255 0.803438 0.586554 0.0114265 2.82994s
256 0.803438 0.586856 0.0114533 2.92088s
257 0.803438 0.588299 0.0110696 2.86906s
258 0.803438 0.591187 0.011196 2.91536s
259 0.803438 0.587381 0.0114466 2.92586s
260 0.803438 0.58284 0.0114619 2.87671s
261 0.803438 0.587296 0.0109653 2.89184s
262 0.803438 0.584962 0.01106 2.85722s
263 0.803438 0.589342 0.0110852 2.91074s
264 0.803438 0.590039 0.0116694 2.85441s
265 0.803438 0.589288 0.0119204 2.86298s
266 0.803438 0.592234 0.0112964 2.87881s
267 0.818868 0.589433 0.0115085 2.88065s
268 0.818868 0.585183 0.0114348 2.88332s
269 0.818868 0.586006 0.0112466 2.84152s
270 0.818868 0.581748 0.0113042 2.90447s
271 0.818868 0.587426 0.0111192 2.8272s
272 0.829207 0.589656 0.0114202 2.89113s
273 0.829207 0.583742 0.0118889 2.86627s
274 0.829207 0.585289 0.0114682 2.80862s
275 0.829207 0.589791 0.0118091 2.86463s
276 0.829207 0.593276 0.0121197 2.9134s
277 0.829207 0.5938 0.0119665 2.84833s
278 0.829207 0.589546 0.0117507 2.94748s
279 0.829207 0.58747 0.0116101 2.91997s
280 0.829207 0.582105 0.0116564 2.80837s
281 0.829207 0.584186 0.011287 2.97239s
282 0.829207 0.587541 0.0116342 2.92976s
283 0.829207 0.584444 0.0117415 2.81583s
284 0.829207 0.585884 0.0113949 2.84092s
285 0.829207 0.587867 0.0111195 2.80213s
286 0.829207 0.586612 0.011314 2.87115s
287 0.829207 0.586727 0.0118517 2.83473s
288 0.829207 0.586952 0.0114997 2.81811s
289 0.829207 0.59 0.011589 2.84777s
290 0.829207 0.590444 0.0114219 2.88746s
291 0.829207 0.585477 0.0118476 2.889s
292 0.829207 0.58607 0.0117447 2.85085s
293 0.829207 0.585521 0.0113371 2.89735s
294 0.829207 0.583863 0.0113659 2.8846s
295 0.829207 0.582998 0.0109789 2.8903s
296 0.829207 0.585946 0.0112473 2.86196s
297 0.829207 0.590511 0.0113766 2.88764s
298 0.829207 0.58527 0.0117398 2.88834s
299 0.829207 0.58756 0.0116135 2.85473s
300 0.829207 0.594873 0.0115544 2.94195s
301 0.829207 0.593566 0.0112805 2.85363s
302 0.829207 0.591017 0.0117182 2.92566s
303 0.829207 0.587647 0.0116916 2.87605s
304 0.829207 0.589798 0.0121979 2.83072s
305 0.829207 0.58692 0.0120123 2.87094s
306 0.829207 0.588938 0.0121879 3.1318s
307 0.829207 0.588691 0.0121861 2.95049s
308 0.829207 0.589892 0.0120133 2.87731s
309 0.829207 0.59326 0.0122468 2.87474s
310 0.829207 0.591393 0.0124006 2.91727s
311 0.829207 0.596555 0.0119153 3.08503s
312 0.829207 0.592978 0.0120347 2.91745s
313 0.829207 0.590632 0.0119936 2.88863s
314 0.829207 0.590627 0.0119536 2.89184s
315 0.829207 0.589411 0.0119252 2.87693s
316 0.829207 0.59369 0.0118231 2.84017s
317 0.829207 0.58921 0.0120491 2.88124s
318 0.829207 0.593352 0.0116662 2.96059s
319 0.829207 0.591006 0.0114599 2.9159s
320 0.829207 0.593754 0.011466 2.93371s
321 0.829207 0.590911 0.0115618 2.95898s
322 0.829207 0.592092 0.0115039 2.90959s
323 0.829207 0.587856 0.0113852 2.88767s
324 0.829207 0.588665 0.0110268 2.85189s
325 0.829207 0.576807 0.0112838 2.88268s
326 0.829207 0.580079 0.0111701 2.92355s
327 0.829207 0.588721 0.0110972 2.93617s
328 0.829207 0.587927 0.0113191 2.9111s
329 0.829207 0.590285 0.0118335 2.92911s
330 0.829207 0.592279 0.0111716 2.97086s
331 0.829207 0.590097 0.0112585 2.96507s
332 0.829207 0.593606 0.0112009 2.90001s
333 0.829207 0.58812 0.0120119 2.92872s
334 0.829207 0.592378 0.0120865 2.95428s
335 0.829207 0.58792 0.012148 2.82246s
336 0.829207 0.589975 0.0123112 2.8593s
337 0.829207 0.590224 0.0113762 2.9372s
338 0.829207 0.588663 0.0117855 2.94516s
339 0.829207 0.589924 0.0120892 2.92436s
340 0.829207 0.594808 0.0116427 2.90973s
341 0.829207 0.593899 0.0121989 2.87375s
342 0.829207 0.589764 0.0123245 2.90599s
343 0.829207 0.585761 0.0124718 2.82664s
344 0.829207 0.589245 0.0115775 2.88538s
345 0.829207 0.594995 0.0121015 2.89157s
346 0.829207 0.590142 0.0122889 2.89236s
347 0.829207 0.588236 0.0123044 2.90529s
348 0.829207 0.591725 0.0121602 2.96087s
349 0.829207 0.588398 0.0119493 2.91097s
350 0.829207 0.590514 0.0118029 2.90256s
351 0.829207 0.589264 0.0117636 2.9626s
352 0.829207 0.59074 0.0122208 2.86129s
353 0.829207 0.593666 0.012004 2.99285s
354 0.829207 0.590049 0.0124347 3.04301s
355 0.829207 0.587642 0.0127103 2.94742s
356 0.829207 0.586776 0.0125402 2.92893s
357 0.829207 0.593306 0.0124739 2.88625s
358 0.829207 0.590323 0.0120515 2.92238s
359 0.829207 0.588088 0.0119771 2.91407s
360 0.829207 0.586945 0.0119294 2.84707s
361 0.829207 0.589305 0.0117301 2.85983s
362 0.829207 0.591236 0.0122027 2.86115s
363 0.829207 0.588484 0.0118844 2.89969s
364 0.829207 0.597942 0.0120418 2.97061s
365 0.829207 0.594181 0.0123588 2.99143s
366 0.829207 0.591246 0.012296 2.92768s
367 0.829207 0.590563 0.012371 2.86353s
368 0.829207 0.597001 0.012131 2.86875s
369 0.829207 0.599416 0.0119475 2.92701s
370 0.829207 0.592139 0.0120925 3.6444s
371 0.829207 0.595401 0.0124649 3.15754s
372 0.829207 0.590467 0.0124384 2.89187s
373 0.829207 0.58852 0.0126409 2.88747s
374 0.829207 0.589672 0.0125157 2.91391s
375 0.829207 0.594103 0.0123472 2.87687s
376 0.829207 0.595941 0.0126772 2.8825s
377 0.829207 0.592899 0.0127674 2.87756s
378 0.829207 0.594392 0.0125517 2.82493s
379 0.829207 0.595974 0.0128298 2.89415s
380 0.829207 0.596633 0.0130167 2.92149s
381 0.829207 0.596519 0.0124958 2.86453s
382 0.829207 0.597472 0.0126391 2.93111s
383 0.829207 0.596654 0.0129546 2.89755s
384 0.829207 0.596614 0.012419 2.93688s
385 0.829207 0.600114 0.0123498 2.91689s
386 0.829207 0.597946 0.0127797 2.9471s
387 0.829207 0.59181 0.0120737 2.90322s
388 0.829207 0.59205 0.0122861 2.99944s
389 0.829207 0.589062 0.0123565 2.97602s
390 0.829207 0.588068 0.0123745 2.95517s
391 0.829207 0.589682 0.0121504 2.89458s
392 0.829207 0.589295 0.0117057 2.88902s
393 0.829207 0.589317 0.0117854 2.90996s
394 0.829207 0.587895 0.0123883 2.89215s
395 0.829207 0.593674 0.0126788 3.8768s
396 0.829207 0.595121 0.0125416 2.9339s
397 0.829207 0.598139 0.0124236 2.88187s
398 0.829207 0.59492 0.012476 2.97246s
399 0.829207 0.592219 0.0128938 2.8965s
400 0.829207 0.591937 0.0121399 2.90394s
401 0.829207 0.591935 0.0117663 2.85317s
402 0.829207 0.588471 0.0119101 2.87097s
403 0.829207 0.588795 0.0116663 2.85685s
404 0.829207 0.593418 0.0115012 3.88916s
405 0.829207 0.592996 0.0111721 2.91968s
406 0.829207 0.598249 0.0123691 2.92418s
407 0.829207 0.591604 0.0124789 2.93209s
408 0.829207 0.594223 0.012078 2.86219s
409 0.829207 0.591483 0.0123964 2.90371s
410 0.829207 0.592037 0.0123467 2.89859s
411 0.829207 0.591716 0.0120921 2.97089s
412 0.829207 0.592393 0.0122345 2.94797s
413 0.829207 0.592626 0.0126412 2.98818s
414 0.829207 0.587856 0.0129028 2.94278s
415 0.829207 0.581957 0.0127226 2.90809s
416 0.829207 0.584799 0.0125188 2.88196s
417 0.829207 0.59812 0.012567 2.92024s
418 0.829207 0.598581 0.0125802 2.8549s
419 0.829207 0.593769 0.0131288 2.8695s
420 0.829207 0.592995 0.0128257 2.88431s
421 0.829207 0.594352 0.0130196 2.90788s
422 0.829207 0.595854 0.012843 2.90313s
423 0.829207 0.591856 0.0130937 2.86415s
424 0.829207 0.58807 0.0129661 2.90928s
425 0.829207 0.597205 0.0127649 2.94426s
426 0.829207 0.595889 0.012793 2.85252s
427 0.829207 0.601258 0.0127902 2.89471s
428 0.829207 0.598982 0.0123435 2.85304s
429 0.829207 0.596735 0.0128074 2.88623s
430 0.829207 0.593876 0.0131901 2.94067s
431 0.829207 0.596313 0.0128054 2.89849s
432 0.829207 0.596007 0.0127405 2.92285s
433 0.829207 0.596288 0.0127449 2.83493s
434 0.829207 0.592627 0.0128739 2.86782s
435 0.829207 0.595161 0.0121191 2.85249s
436 0.829207 0.594365 0.0121154 2.87884s
437 0.829207 0.596006 0.0121746 2.98725s
438 0.829207 0.5932 0.0122492 2.90828s
439 0.829207 0.596829 0.0129293 2.86627s
440 0.829207 0.597324 0.0129682 2.82759s
441 0.829207 0.596396 0.0128475 2.89523s
442 0.829207 0.590208 0.0127567 2.88258s
443 0.829207 0.589277 0.0122336 2.86899s
444 0.829207 0.588106 0.0123362 2.92071s
445 0.829207 0.594382 0.0131039 2.9684s
446 0.829207 0.596375 0.0129939 2.89448s
447 0.829207 0.59422 0.0131509 2.86153s
448 0.829207 0.597476 0.0133687 2.841s
449 0.829207 0.594602 0.0135775 2.9537s
450 0.829207 0.591221 0.0131821 2.8344s
451 0.829207 0.589952 0.0128879 2.90057s
452 0.829207 0.588667 0.0128366 2.90383s
453 0.829207 0.595968 0.0123016 2.84641s
454 0.829207 0.594848 0.0123837 2.82491s
455 0.829207 0.588251 0.0123897 2.86339s
456 0.829207 0.587785 0.0126549 2.77918s
457 0.829207 0.590826 0.0123845 2.88563s
458 0.829207 0.589456 0.0123528 2.89358s
459 0.829207 0.592573 0.0127444 2.81333s
460 0.829207 0.599739 0.0126156 2.82812s
461 0.829207 0.598696 0.012852 2.92881s
462 0.829207 0.597226 0.0129199 2.9802s
463 0.829207 0.589237 0.0125248 2.8227s
464 0.829207 0.594928 0.012448 2.88195s
465 0.829207 0.595269 0.0123414 2.86972s
466 0.829207 0.597615 0.0122636 2.88466s
467 0.829207 0.597298 0.0122188 2.88608s
468 0.829207 0.597972 0.0120751 2.86468s
469 0.829207 0.589732 0.0122375 2.89664s
470 0.829207 0.59347 0.0122633 2.83594s
471 0.829207 0.589119 0.0122324 2.95463s
472 0.829207 0.593524 0.0118401 2.86358s
473 0.829207 0.590738 0.0118216 2.98137s
474 0.829207 0.597326 0.011947 2.94701s
475 0.829207 0.600624 0.0122204 2.9787s
476 0.829207 0.601411 0.0124559 2.97642s
477 0.829207 0.599944 0.0125565 2.94824s
478 0.829207 0.59018 0.0127053 2.90151s
479 0.829207 0.597174 0.0128428 2.93097s
480 0.829207 0.598456 0.0126668 2.85467s
481 0.829207 0.596784 0.0132527 2.90718s
482 0.829207 0.59739 0.0131403 2.92148s
483 0.829207 0.598885 0.0125918 2.87579s
484 0.829207 0.590888 0.0133282 2.88638s
485 0.829207 0.589 0.0125194 2.86605s
486 0.829207 0.592045 0.0123338 2.85711s
487 0.829207 0.594539 0.0123931 2.89979s
488 0.829207 0.597113 0.0120963 2.86794s
489 0.829207 0.596737 0.0127021 2.83293s
490 0.829207 0.597294 0.0126593 2.89746s
491 0.829207 0.595627 0.0127994 2.91598s
492 0.829207 0.595374 0.0131239 2.86169s
493 0.829207 0.594578 0.0131659 2.94362s
494 0.829207 0.609119 0.0130803 2.91224s
495 0.829207 0.600121 0.0134339 2.84179s
496 0.829207 0.592475 0.013511 2.85079s
497 0.829207 0.597068 0.0129882 2.91066s
498 0.829207 0.592453 0.012885 2.85907s
499 0.829207 0.592555 0.0128167 2.89154s
500 0.835324 0.590686 0.0135412 2.91121s
501 0.835324 0.589225 0.0129587 2.97611s
502 0.835324 0.58872 0.0123952 2.91884s
503 0.835324 0.596845 0.0129213 2.89199s
504 0.835324 0.590547 0.0125347 2.88015s
505 0.835324 0.598252 0.0123846 2.91535s
506 0.835324 0.594598 0.0126403 2.94141s
507 0.835324 0.590652 0.012913 2.91571s
508 0.835324 0.59487 0.013246 2.84747s
509 0.835324 0.595393 0.0132835 2.88653s
510 0.835324 0.593815 0.0130185 2.92257s
511 0.835324 0.593233 0.0128902 2.91227s
512 0.835324 0.59396 0.0130564 2.85646s
513 0.835324 0.597549 0.0127667 2.98225s
514 0.835324 0.591048 0.0124539 2.93475s
515 0.835324 0.584259 0.0120823 2.92285s
516 0.835324 0.590963 0.0119594 2.8854s
517 0.835324 0.596001 0.0124874 2.89747s
518 0.835324 0.598597 0.0126894 2.91105s
519 0.835324 0.602717 0.0121557 2.97724s
520 0.835324 0.595785 0.0127682 2.85862s
521 0.835324 0.595918 0.0127393 2.85686s
522 0.835324 0.593666 0.0133008 2.85069s
523 0.835324 0.590732 0.0131611 2.90299s
524 0.835324 0.594048 0.0128452 2.976s
525 0.835324 0.590813 0.0129447 2.88283s
526 0.835324 0.596469 0.0123422 2.87618s
527 0.835324 0.598917 0.0119568 3.04694s
528 0.835324 0.593197 0.0126813 2.95027s
529 0.835324 0.597115 0.0122918 2.97165s
530 0.835324 0.597075 0.0123284 2.95412s
531 0.835324 0.596955 0.0122697 2.93325s
532 0.835324 0.593297 0.0131839 2.90926s
533 0.835324 0.594178 0.0130992 2.93973s
534 0.835324 0.58843 0.0128881 2.921s
535 0.835324 0.590163 0.0130026 2.89688s
536 0.835324 0.594161 0.0128519 2.88579s
537 0.835324 0.596912 0.0126679 2.8931s
538 0.835324 0.592635 0.012786 2.88375s
539 0.835471 0.597439 0.013517 2.91477s
540 0.835471 0.60058 0.0135314 2.91182s
541 0.835471 0.602856 0.0133047 2.91895s
542 0.835471 0.597686 0.0135204 2.95154s
543 0.835471 0.593943 0.0134061 2.9692s
544 0.835471 0.594444 0.0130204 2.87367s
545 0.835471 0.591273 0.0128864 2.88227s
546 0.835471 0.593784 0.0129806 2.87855s
547 0.835471 0.590495 0.0131868 2.84366s
548 0.835471 0.59493 0.013188 2.92879s
549 0.835471 0.594073 0.0133666 2.90779s
550 0.835471 0.599478 0.0134989 2.87575s
551 0.835471 0.594134 0.0133209 2.97716s
552 0.835471 0.595243 0.0132131 2.85812s
553 0.835471 0.589162 0.012956 2.89475s
554 0.835471 0.592072 0.0123669 2.92648s
555 0.835471 0.589057 0.0126305 2.84015s
556 0.835471 0.587897 0.0126667 2.96983s
557 0.835471 0.591822 0.0130509 2.9335s
558 0.835471 0.592421 0.0131669 2.88086s
559 0.835471 0.594149 0.0136842 2.89385s
560 0.835471 0.592338 0.013326 2.86212s
561 0.835471 0.593706 0.0130611 2.91081s
562 0.835471 0.597668 0.0126675 2.86261s
563 0.835471 0.602481 0.0131209 2.90568s
564 0.835471 0.602439 0.0134395 2.85023s
565 0.835471 0.595172 0.0142435 2.89804s
566 0.835471 0.600835 0.0138716 2.91181s
567 0.835471 0.595587 0.013489 2.90252s
568 0.835471 0.597273 0.0134815 2.86297s
569 0.835471 0.595125 0.0131725 2.95213s
570 0.835471 0.59579 0.0132658 2.90013s
571 0.835471 0.596771 0.0126534 2.9395s
572 0.835471 0.595287 0.0130327 2.93496s
573 0.835471 0.594437 0.0130426 2.89835s
574 0.835471 0.591866 0.0130354 2.88138s
575 0.835471 0.594604 0.0131462 2.92245s
576 0.835471 0.597774 0.0130189 2.9046s
577 0.835471 0.593525 0.0132462 2.88846s
578 0.835471 0.592359 0.0129189 2.86739s
579 0.835471 0.595704 0.0130182 2.94292s
580 0.835471 0.592206 0.0129738 3.00276s
581 0.835471 0.587504 0.0127861 2.92517s
582 0.835471 0.586392 0.0129487 2.88534s
583 0.835471 0.589706 0.0128411 2.93747s
584 0.835471 0.588887 0.0126399 2.89855s
585 0.835471 0.594296 0.0126321 2.9026s
586 0.835471 0.601664 0.0124163 2.91147s
587 0.835471 0.600336 0.0129428 2.87365s
588 0.835471 0.592861 0.013016 2.86738s
589 0.835471 0.59334 0.0132116 2.9494s
590 0.835471 0.595772 0.0132344 2.88793s
591 0.835471 0.595204 0.0132671 2.98105s
592 0.835471 0.593464 0.0130768 2.89769s
593 0.835471 0.592838 0.0132203 2.9136s
594 0.835471 0.598341 0.0137184 2.92825s
595 0.835471 0.597433 0.0137704 2.91633s
596 0.835471 0.599382 0.0132745 2.91994s
597 0.835471 0.592526 0.0138252 2.89784s
598 0.835471 0.593769 0.0130384 2.94395s
599 0.835471 0.599527 0.0128879 2.86497s
600 0.835471 0.596 0.0133733 2.94916s
601 0.835471 0.593478 0.0136255 2.91213s
602 0.835471 0.596944 0.013447 2.83784s
603 0.835471 0.592734 0.0136592 3.79985s
604 0.835471 0.599549 0.0136092 2.96262s
605 0.835471 0.602343 0.0136058 2.87937s
606 0.835471 0.594737 0.0138427 3.01782s
607 0.835471 0.60264 0.0137871 2.84998s
608 0.835471 0.592517 0.0136502 2.92866s
609 0.835471 0.589773 0.0133707 2.91542s
610 0.835471 0.595017 0.0130101 2.86572s
611 0.835471 0.59611 0.0134281 2.97403s
612 0.835471 0.598427 0.0132865 2.86273s
613 0.835471 0.602356 0.0131839 2.88409s
614 0.835471 0.596479 0.0134163 2.87395s
615 0.835471 0.599006 0.0134827 2.88594s
616 0.835471 0.595008 0.0135307 2.87538s
617 0.835471 0.599117 0.0128838 2.85573s
618 0.835471 0.59465 0.0130709 2.83778s
619 0.835471 0.594342 0.013298 2.89226s
620 0.835471 0.594483 0.0134822 2.94886s
621 0.835471 0.597928 0.0128593 2.90937s
622 0.835471 0.594912 0.0135073 2.93412s
623 0.835471 0.592766 0.0133854 2.89034s
624 0.835471 0.592949 0.0133127 2.85669s
625 0.835471 0.595743 0.013413 2.9544s
626 0.835471 0.596292 0.0134816 2.81903s
627 0.835471 0.602537 0.0132062 2.86894s
628 0.835471 0.59544 0.0140033 2.85977s
629 0.835471 0.592646 0.0141958 2.82665s
630 0.835471 0.599598 0.0132655 3.01439s
631 0.835471 0.594587 0.0135016 2.91054s
632 0.835471 0.596696 0.0132834 2.82726s
633 0.835471 0.59959 0.0132272 2.83331s
634 0.835471 0.599868 0.0136548 2.844s
635 0.835471 0.59688 0.0138779 2.90266s
636 0.835471 0.601065 0.013703 2.83335s
637 0.835471 0.598712 0.0139873 2.86362s
638 0.835471 0.602338 0.014065 2.91174s
639 0.835471 0.597395 0.0142917 3.00259s
640 0.835471 0.596007 0.0139386 2.86957s
641 0.835471 0.599217 0.0136627 2.87125s
642 0.835471 0.594225 0.0134888 2.90931s
643 0.835471 0.58852 0.0132646 2.83855s
644 0.835471 0.59127 0.0130936 2.87142s
645 0.835471 0.590277 0.0125096 2.91061s
646 0.835471 0.59165 0.0126603 2.90058s
647 0.835471 0.59431 0.0123201 2.87626s
648 0.835471 0.592228 0.0121995 2.82986s
649 0.835471 0.593828 0.0126705 2.86587s
650 0.835471 0.592984 0.0127346 2.90754s
651 0.835471 0.597565 0.0128234 2.87296s
652 0.835471 0.592264 0.0132272 2.88864s
653 0.835471 0.590072 0.0129583 2.85423s
654 0.835471 0.591767 0.0127361 2.86736s
655 0.835471 0.591524 0.0127293 2.85896s
656 0.835471 0.590938 0.0127996 2.87864s
657 0.835471 0.590312 0.012742 2.83487s
658 0.835471 0.589704 0.0131799 2.86527s
659 0.835471 0.592706 0.0130179 2.85437s
660 0.835471 0.584993 0.013227 2.89184s
661 0.835471 0.583379 0.0129513 2.83576s
662 0.835471 0.586431 0.0128799 2.9208s
663 0.835471 0.590101 0.0131722 2.84032s
664 0.835471 0.592279 0.0132741 2.86672s
665 0.835471 0.589457 0.0131312 2.84336s
666 0.835471 0.588397 0.0132483 2.87684s
667 0.835471 0.599899 0.0136949 2.89554s
668 0.835471 0.599891 0.0142383 2.88205s
669 0.835471 0.600694 0.0138656 3.00216s
670 0.835471 0.604484 0.0140986 2.93066s
671 0.835471 0.596215 0.0141731 2.82341s
672 0.835471 0.597052 0.0137872 2.85033s
673 0.835471 0.595131 0.0140342 2.84255s
674 0.835471 0.593875 0.0136574 2.89285s
675 0.835471 0.592756 0.0134845 2.94054s
676 0.835471 0.597782 0.0131508 2.87102s
677 0.835471 0.596043 0.0135253 2.91755s
678 0.835471 0.597205 0.0133637 2.91494s
679 0.835471 0.596525 0.0133781 2.86045s
680 0.835471 0.597535 0.0133151 2.85324s
681 0.835471 0.60482 0.0137566 2.92029s
682 0.835471 0.600758 0.0139035 2.88758s
683 0.835471 0.598696 0.0139742 2.89263s
684 0.835471 0.597111 0.0139668 2.92568s
685 0.835471 0.596011 0.0139215 2.91025s
686 0.835471 0.596324 0.0137973 2.87591s
687 0.835471 0.598668 0.0137893 2.89173s
688 0.835471 0.597298 0.0138327 2.82379s
689 0.835471 0.591507 0.013885 2.85699s
690 0.835471 0.592189 0.0134781 2.87049s
691 0.835471 0.591016 0.0133103 2.86512s
692 0.835471 0.592149 0.0132229 2.91821s
693 0.835471 0.591184 0.0131425 2.87271s
694 0.835471 0.597025 0.0127714 2.89665s
695 0.835471 0.593724 0.0126047 2.86142s
696 0.835471 0.590986 0.0129181 2.84942s
697 0.835471 0.59487 0.012839 2.95293s
698 0.835471 0.592458 0.0128846 2.83808s
699 0.835471 0.58742 0.0128384 2.87626s
700 0.835471 0.590918 0.0128276 2.84866s
701 0.835471 0.590224 0.0127811 2.85793s
702 0.835471 0.59025 0.0122638 2.8263s
703 0.835471 0.593562 0.0125706 2.9328s
704 0.835471 0.598021 0.0126897 2.91574s
705 0.835471 0.593101 0.0130365 2.80757s
706 0.835471 0.600353 0.0128509 2.83709s
707 0.835471 0.599746 0.0127335 2.82777s
708 0.835471 0.596033 0.0133756 2.84345s
709 0.835471 0.593486 0.0130322 2.8973s
710 0.835471 0.596885 0.0134955 2.87013s
711 0.835471 0.591482 0.0136625 2.83298s
712 0.835471 0.59631 0.0134242 2.86399s
713 0.835471 0.599968 0.0134119 2.85509s
714 0.835471 0.600595 0.0133337 2.86691s
715 0.835471 0.591355 0.0133317 2.84933s
716 0.835471 0.594089 0.0130578 2.83715s
717 0.835471 0.595324 0.0130424 2.92288s
718 0.835471 0.594035 0.013176 2.91401s
719 0.835471 0.586993 0.0128568 2.79684s
720 0.835471 0.596763 0.0123613 2.82658s
721 0.835471 0.593083 0.012913 2.88716s
722 0.835471 0.588308 0.013382 2.90915s
723 0.835471 0.591229 0.0128144 2.95485s
724 0.835471 0.594611 0.012589 2.80751s
725 0.835471 0.589814 0.0128126 2.85791s
726 0.835471 0.595909 0.0128712 2.82781s
727 0.835471 0.5938 0.0131068 2.82198s
728 0.835471 0.596046 0.0132828 2.87074s
729 0.835471 0.594336 0.0134349 2.79759s
730 0.835471 0.595586 0.013012 2.86794s
731 0.835471 0.590469 0.0135661 2.83672s
732 0.835471 0.601075 0.0135979 3.00456s
733 0.835471 0.598687 0.0133817 2.94314s
734 0.835471 0.592127 0.0135167 2.91921s
735 0.835471 0.601578 0.0129301 2.89862s
736 0.835471 0.592108 0.0132192 2.83978s
737 0.835471 0.592438 0.0129745 2.88439s
738 0.835471 0.598241 0.0126823 2.82883s
739 0.835471 0.599292 0.0127578 2.8184s
740 0.835471 0.602962 0.013409 3.01209s
741 0.835471 0.595342 0.0138328 2.92806s
742 0.835471 0.593957 0.0134714 2.88709s
743 0.835471 0.597186 0.0130609 2.89909s
744 0.835471 0.591274 0.0130299 2.88042s
745 0.835471 0.591637 0.0129746 2.83034s
746 0.835471 0.592359 0.0126763 2.9888s
747 0.835471 0.588777 0.0126779 2.85829s
748 0.835471 0.596204 0.0124866 2.93637s
749 0.835471 0.58876 0.0129443 2.90982s
750 0.835471 0.582887 0.0121924 2.86989s
751 0.835471 0.585189 0.0122611 3.00464s
752 0.835471 0.585701 0.0124728 2.86306s
753 0.850341 0.591426 0.0127574 2.81482s
754 0.850341 0.594261 0.0127088 2.87371s
755 0.850341 0.594655 0.0130262 2.89551s
756 0.850341 0.593957 0.0136236 2.85295s
757 0.850341 0.596198 0.0134466 2.91511s
758 0.850341 0.592856 0.014198 2.91402s
759 0.850341 0.599349 0.0137721 2.89495s
760 0.850341 0.597061 0.0134879 2.84244s
761 0.850341 0.596024 0.0141124 2.80142s
762 0.850341 0.602944 0.0140355 2.8228s
763 0.850341 0.598124 0.0140254 2.86652s
764 0.850341 0.594433 0.0138621 2.88911s
765 0.850341 0.59397 0.0139729 2.87248s
766 0.850341 0.596769 0.0138661 2.81301s
767 0.850341 0.592849 0.0137647 2.87775s
768 0.850341 0.59246 0.013606 2.86106s
769 0.850341 0.599909 0.0132432 2.83824s
770 0.850341 0.599184 0.0140101 2.79817s
771 0.850341 0.591526 0.0140111 2.88222s
772 0.850341 0.598241 0.0134972 2.81714s
773 0.850341 0.591589 0.0144113 2.88711s
774 0.850341 0.591931 0.0137875 2.86354s
775 0.850341 0.596261 0.0133084 2.95216s
776 0.850341 0.598657 0.0136375 2.86312s
777 0.850341 0.601748 0.0134527 2.95953s
778 0.850341 0.591438 0.013495 2.86108s
779 0.850341 0.592242 0.0134759 2.8253s
780 0.850341 0.595126 0.0130221 2.87778s
781 0.850341 0.595061 0.0131036 2.9663s
782 0.850341 0.600832 0.0134179 2.87265s
783 0.850341 0.595758 0.0136343 3.0366s
784 0.850341 0.589882 0.0130748 2.98644s
785 0.850341 0.594402 0.0125495 2.85646s
786 0.850341 0.594183 0.0131454 2.86777s
787 0.850341 0.591609 0.0129497 2.91627s
788 0.850341 0.58937 0.0128408 2.88547s
789 0.850341 0.590558 0.0125836 2.85376s
790 0.850341 0.588466 0.012799 2.92085s
791 0.850341 0.593112 0.0129955 2.867s
792 0.850341 0.590851 0.0131987 2.94646s
793 0.850341 0.590959 0.0128627 2.84364s
794 0.850341 0.594138 0.0127658 2.95461s
795 0.850341 0.591456 0.013517 2.92792s
796 0.850341 0.596184 0.0129971 2.92098s
797 0.850341 0.593213 0.013451 2.908s
798 0.850341 0.595594 0.013206 2.91486s
799 0.850341 0.594207 0.0133032 2.90666s
800 0.850341 0.594876 0.0130027 2.87203s
801 0.850341 0.59278 0.0132913 2.88097s
802 0.850341 0.596818 0.0133955 2.84638s
803 0.850341 0.601954 0.0133439 2.89837s
804 0.850341 0.594532 0.0136513 2.82481s
805 0.850341 0.58673 0.0133317 2.89605s
806 0.850341 0.589887 0.0130433 2.89225s
807 0.850341 0.587926 0.0129246 2.87297s
808 0.850341 0.594378 0.013223 2.91272s
809 0.850341 0.596091 0.0136689 2.82295s
810 0.850341 0.594387 0.0135035 2.85735s
811 0.850341 0.593271 0.0134655 2.8304s
812 0.850341 0.592636 0.0130944 2.96256s
813 0.850341 0.591578 0.0136411 3.85749s
814 0.850341 0.59572 0.0135267 2.91407s
815 0.850341 0.596597 0.0136258 2.83856s
816 0.850341 0.587884 0.0135675 2.78374s
817 0.850341 0.588066 0.0133851 2.85923s
818 0.850341 0.590197 0.0137499 2.83102s
819 0.850341 0.591554 0.0134226 2.92548s
820 0.850341 0.590916 0.0132929 2.9035s
821 0.850341 0.589065 0.0137045 2.84417s
822 0.850341 0.587927 0.0134027 2.9759s
823 0.850341 0.591223 0.0133001 2.85905s
824 0.850341 0.596172 0.0130294 2.85955s
825 0.858905 0.597175 0.0132129 2.86267s
826 0.858905 0.597072 0.0131638 2.87385s
827 0.858905 0.596146 0.0134898 2.97085s
828 0.858905 0.599616 0.0134004 2.85922s
829 0.858905 0.59873 0.0138189 2.86703s
830 0.858905 0.595702 0.0136659 2.95638s
831 0.858905 0.598302 0.0142118 2.87536s
832 0.858905 0.596484 0.014255 2.9526s
833 0.858905 0.600126 0.0140449 2.8855s
834 0.858905 0.595192 0.0145695 2.7892s
835 0.858905 0.598674 0.0141841 2.89539s
836 0.858905 0.594508 0.0147028 2.94206s
837 0.858905 0.595172 0.0145279 2.86243s
838 0.858905 0.596791 0.0149404 2.88699s
839 0.858905 0.598919 0.0148315 2.81939s
840 0.858905 0.600222 0.0143958 2.85873s
841 0.858905 0.601445 0.0140775 2.86838s
842 0.858905 0.600823 0.0147059 2.86166s
843 0.858905 0.599319 0.0141728 2.86344s
844 0.858905 0.594688 0.0139707 2.86427s
845 0.858905 0.595792 0.013866 2.86443s
846 0.858905 0.595833 0.014133 2.89148s
847 0.858905 0.598647 0.014481 2.87189s
848 0.858905 0.596939 0.014373 2.92416s
849 0.858905 0.596847 0.0141125 2.87757s
850 0.858905 0.592958 0.0137031 2.88867s
851 0.858905 0.600239 0.0136648 2.97058s
852 0.858905 0.59479 0.013944 2.82622s
853 0.858905 0.598625 0.0141089 2.9091s
854 0.858905 0.592136 0.0143984 2.84504s
855 0.858905 0.598943 0.0139787 2.90131s
856 0.858905 0.594714 0.0144243 2.85888s
857 0.858905 0.594623 0.0144098 2.89412s
858 0.858905 0.593414 0.0143045 2.91133s
859 0.858905 0.597542 0.0136667 2.88506s
860 0.858905 0.595148 0.0138602 2.85461s
861 0.858905 0.592014 0.013881 2.85012s
862 0.858905 0.595837 0.013775 2.89644s
863 0.858905 0.59251 0.0136364 2.86519s
864 0.858905 0.595221 0.0132375 2.78555s
865 0.858905 0.594191 0.0132824 2.8521s
866 0.858905 0.589876 0.0135947 2.84589s
867 0.858905 0.586614 0.0134853 2.89134s
868 0.858905 0.595171 0.0130982 2.95494s
869 0.858905 0.587827 0.0136263 2.86342s
870 0.858905 0.588425 0.0133068 2.90001s
871 0.858905 0.593602 0.0136838 2.85371s
872 0.858905 0.597279 0.0133662 2.87996s
873 0.858905 0.591825 0.0136433 2.8169s
874 0.858905 0.593652 0.0135373 2.88517s
875 0.858905 0.600177 0.013662 2.82328s
876 0.858905 0.599275 0.013731 2.84176s
877 0.858905 0.598707 0.0135624 2.90138s
878 0.858905 0.59883 0.0140439 2.86918s
879 0.858905 0.598611 0.0140374 2.90315s
880 0.858905 0.59361 0.0140628 2.84537s
881 0.858905 0.593597 0.0134273 2.8346s
882 0.858905 0.595569 0.0132403 2.8573s
883 0.858905 0.592427 0.0135212 2.85594s
884 0.858905 0.589592 0.0138263 2.81786s
885 0.858905 0.597215 0.0139771 2.86613s
886 0.858905 0.597934 0.0133797 2.93292s
887 0.858905 0.598546 0.0131818 2.86264s
888 0.858905 0.600444 0.0129732 2.97473s
889 0.858905 0.596274 0.0140677 2.82995s
890 0.858905 0.593485 0.014144 2.87189s
891 0.858905 0.598749 0.0138215 2.84432s
892 0.858905 0.597395 0.0135623 2.9028s
893 0.858905 0.600454 0.0136819 2.88359s
894 0.858905 0.596959 0.013951 2.92544s
895 0.858905 0.597526 0.0143418 2.86586s
896 0.858905 0.602887 0.0140144 2.84401s
897 0.858905 0.59809 0.0146424 2.87234s
898 0.858905 0.601663 0.0144391 2.89162s
899 0.858905 0.600348 0.0144697 2.89656s
900 0.858905 0.59818 0.0137276 2.92382s
901 0.858905 0.599419 0.0140016 2.8352s
902 0.858905 0.597655 0.0144777 2.89876s
903 0.858905 0.598102 0.0142121 2.83566s
904 0.858905 0.606123 0.0141822 2.85299s
905 0.858905 0.596501 0.0145451 2.84174s
906 0.858905 0.59907 0.0148414 2.84366s
907 0.858905 0.609305 0.0149817 2.83313s
908 0.858905 0.606087 0.0148831 2.89329s
909 0.858905 0.60604 0.0149628 2.94714s
910 0.858905 0.599374 0.0159519 2.8675s
911 0.858905 0.604268 0.0153523 2.88711s
912 0.858905 0.598567 0.0154611 2.8477s
913 0.858905 0.604186 0.0145267 2.87415s
914 0.858905 0.598469 0.015013 2.8291s
915 0.858905 0.600124 0.0148623 2.95904s
916 0.858905 0.598342 0.0152471 2.94843s
917 0.858905 0.60268 0.0152245 2.93177s
918 0.858905 0.600766 0.0150983 2.95791s
919 0.858905 0.598968 0.0148324 3.41984s
920 0.858905 0.601245 0.01554 2.93325s
921 0.858905 0.595793 0.0153528 2.83179s
922 0.858905 0.594458 0.014769 2.91524s
923 0.858905 0.596139 0.0145618 2.89117s
924 0.858905 0.598436 0.0149293 3.00283s
925 0.858905 0.595217 0.0146144 2.90453s
926 0.858905 0.590972 0.0149441 2.87578s
927 0.858905 0.593559 0.0150328 2.81082s
928 0.858905 0.596265 0.0145326 2.84026s
929 0.858905 0.590199 0.0143329 2.83304s
930 0.858905 0.59298 0.0137533 2.83854s
931 0.858905 0.591669 0.0139311 2.82237s
932 0.858905 0.592063 0.0138164 2.88216s
933 0.858905 0.59563 0.0134747 2.94116s
934 0.858905 0.594199 0.0141332 2.92624s
935 0.858905 0.59648 0.013425 2.82984s
936 0.858905 0.599704 0.0138002 2.86195s
937 0.858905 0.593393 0.0141899 2.84424s
938 0.858905 0.600882 0.0143894 2.95124s
939 0.858905 0.598636 0.0144665 2.83323s
940 0.858905 0.595783 0.0146828 2.8707s
941 0.858905 0.593868 0.0145851 2.8847s
942 0.858905 0.594621 0.0145656 2.92207s
943 0.858905 0.595087 0.0144906 2.92604s
944 0.858905 0.592571 0.0147533 2.86904s
945 0.858905 0.59204 0.014474 2.87673s
946 0.858905 0.595773 0.0140666 2.86061s
947 0.858905 0.594587 0.0142401 2.99579s
948 0.858905 0.591332 0.0139687 2.93537s
949 0.858905 0.59603 0.0144085 2.88072s
950 0.858905 0.596671 0.0140534 2.90786s
951 0.858905 0.59211 0.014219 2.94502s
952 0.858905 0.595387 0.0145066 2.83878s
953 0.858905 0.593071 0.0144689 2.82906s
954 0.858905 0.599611 0.015525 2.99087s
955 0.858905 0.601204 0.0150025 2.90731s
956 0.858905 0.596631 0.0146573 2.93994s
957 0.858905 0.602061 0.0145333 2.95623s
958 0.858905 0.597682 0.0148186 2.8554s
959 0.858905 0.603333 0.0149259 2.8909s
960 0.858905 0.60183 0.014917 2.8952s
961 0.858905 0.599151 0.014311 2.89405s
962 0.858905 0.591042 0.0145872 2.83176s
963 0.858905 0.592512 0.0142869 2.84731s
964 0.858905 0.590752 0.0146719 2.90932s
965 0.858905 0.5941 0.014869 2.90689s
966 0.858905 0.597259 0.0147289 2.89509s
967 0.858905 0.596039 0.0141965 2.84769s
968 0.858905 0.594891 0.014403 2.82368s
969 0.858905 0.597975 0.0147156 2.84431s
970 0.858905 0.595862 0.0144073 2.8936s
971 0.858905 0.593147 0.0148078 2.88664s
972 0.858905 0.600331 0.0144683 2.85368s
973 0.858905 0.592508 0.0147601 2.87878s
974 0.858905 0.593863 0.0142736 2.84722s
975 0.858905 0.589217 0.0142752 2.88316s
976 0.858905 0.588221 0.0143537 2.81024s
977 0.858905 0.586354 0.0140274 2.84459s
978 0.858905 0.591768 0.013942 2.82327s
979 0.858905 0.594413 0.0141285 2.84639s
980 0.858905 0.596383 0.0141478 2.87143s
981 0.858905 0.597576 0.0141717 2.87647s
982 0.858905 0.594015 0.0143802 2.87842s
983 0.941344 0.600948 0.0153111 2.84957s
984 0.941344 0.599018 0.0154303 2.82082s
985 0.941344 0.599364 0.0154951 2.82015s
986 0.941344 0.596596 0.0150597 2.83875s
987 0.941344 0.588623 0.0150895 2.89466s
988 0.941344 0.595995 0.0145609 2.90477s
989 0.941344 0.593519 0.0146126 2.83691s
990 0.941344 0.59251 0.0151014 2.97124s
991 0.941344 0.599305 0.01487 2.85944s
992 0.941344 0.597133 0.0153184 2.86597s
993 0.941344 0.607875 0.0150531 2.84124s
994 0.941344 0.602376 0.0154419 2.86433s
995 0.941344 0.603156 0.0152867 2.85915s
996 0.941344 0.599092 0.0150264 2.85755s
997 0.941344 0.597519 0.0148328 2.86465s
998 0.941344 0.604649 0.0147226 2.93427s
999 0.941344 0.599589 0.015463 2.88962s
1000 0.941344 0.602881 0.0158733 2.83973s
1001 0.941344 0.60255 0.0160246 2.82479s
1002 0.941344 0.597187 0.0152886 2.86192s
1003 0.941344 0.600287 0.0157368 2.87349s
1004 0.941344 0.597501 0.0154511 2.94839s
1005 0.941344 0.600958 0.0150673 2.84488s
1006 0.941344 0.598286 0.0154807 2.89018s
1007 0.941344 0.593679 0.0153841 2.92458s
1008 0.941344 0.595975 0.0153335 2.87293s
1009 0.941344 0.596926 0.0145339 2.88428s
1010 0.941344 0.600364 0.0154232 2.85715s
1011 0.941344 0.598608 0.0154275 2.82474s
1012 0.941344 0.597438 0.0152224 2.84061s
1013 0.941344 0.596235 0.0153945 2.89413s
1014 0.941344 0.600064 0.0155332 2.85683s
1015 0.941344 0.596335 0.0155477 2.90568s
1016 0.941344 0.601141 0.0153391 2.8446s
1017 0.941344 0.604353 0.0157249 2.87006s
1018 0.941344 0.592603 0.0157942 2.87813s
1019 0.941344 0.593868 0.0151458 2.84416s
1020 0.941344 0.59857 0.0151229 2.93437s
1021 0.941344 0.599682 0.0148476 2.90033s
1022 0.941344 0.598394 0.0151752 2.93142s
1023 0.941344 0.599178 0.015575 2.79164s
1024 0.941344 0.592997 0.0159532 3.73814s
1025 0.941344 0.591623 0.0151361 2.81397s
1026 0.941344 0.582318 0.0142983 2.86763s
1027 0.941344 0.595006 0.0146464 2.82558s
1028 0.941344 0.598759 0.0148093 2.85567s
1029 0.941344 0.592858 0.0155951 2.88392s
1030 0.941344 0.593131 0.0151564 2.89527s
1031 0.941344 0.593277 0.0151419 2.9086s
1032 0.941344 0.592284 0.0156234 2.88246s
1033 0.941344 0.601542 0.0160264 2.86495s
1034 0.941344 0.600866 0.0160989 2.87357s
1035 0.941344 0.592804 0.0157538 2.88721s
1036 0.941344 0.594946 0.0152717 2.88979s
1037 0.941344 0.594537 0.0153262 2.86242s
1038 0.941344 0.596623 0.0154638 2.83609s
1039 0.941344 0.592329 0.0152207 2.89092s
1040 0.941344 0.597957 0.0151343 2.84428s
1041 0.941344 0.593841 0.0152696 2.88779s
1042 0.941344 0.593298 0.015178 2.96239s
1043 0.941344 0.587894 0.0151278 2.89356s
1044 0.941344 0.591186 0.0148027 2.83402s
1045 0.941344 0.594411 0.0151171 2.89015s
1046 0.941344 0.595774 0.0151637 2.91238s
1047 0.941344 0.596272 0.0149318 2.86612s
1048 0.941344 0.595579 0.0147284 2.83988s
1049 0.941344 0.592257 0.0145045 2.81823s
1050 0.941344 0.59058 0.0140685 2.83429s
1051 0.941344 0.590874 0.0146659 2.80889s
1052 0.941344 0.593088 0.0144879 2.88484s
1053 0.941344 0.592514 0.0145091 2.84809s
1054 0.941344 0.591222 0.0143964 2.9163s
1055 0.941344 0.592616 0.0138354 2.86332s
1056 0.941344 0.591091 0.0142844 2.88982s
1057 0.941344 0.591699 0.014472 2.87024s
1058 0.941344 0.590037 0.0140852 2.83867s
1059 0.941344 0.585217 0.0148253 2.89062s
1060 0.941344 0.594136 0.0143275 2.87091s
1061 0.941344 0.595297 0.0146077 2.83983s
1062 0.941344 0.598543 0.015431 2.91331s
1063 0.941344 0.601068 0.0159493 2.9105s
1064 0.941344 0.604686 0.0165771 2.84672s
1065 0.941344 0.603259 0.016903 2.8653s
1066 0.941344 0.599932 0.017443 2.90146s
1067 0.941344 0.60296 0.0171217 2.88522s
1068 0.941344 0.599495 0.0172231 2.90748s
1069 0.941344 0.604333 0.0169422 2.84487s
1070 0.941344 0.602652 0.0165122 2.8479s
1071 0.941344 0.602208 0.0174269 2.87874s
1072 0.941344 0.60159 0.0168213 2.86339s
1073 0.941344 0.598726 0.0170604 2.86028s
1074 0.941344 0.596594 0.0169564 2.86564s
1075 0.941344 0.607068 0.0170346 2.93337s
1076 0.941344 0.596447 0.0171161 2.89845s
1077 0.941344 0.59949 0.0168954 2.95217s
1078 0.941344 0.601371 0.0170799 2.84146s
1079 0.941344 0.604435 0.0166636 2.82492s
1080 0.941344 0.602052 0.0175018 2.89259s
1081 0.941344 0.604925 0.0171918 2.8508s
1082 0.941344 0.609812 0.0174754 2.84432s
1083 0.941344 0.603793 0.0176482 2.89869s
1084 0.941344 0.606787 0.0173304 2.93943s
1085 0.941344 0.605477 0.0171168 2.91966s
1086 0.941344 0.600689 0.0168057 2.92382s
1087 0.941344 0.600239 0.0169425 2.88777s
1088 0.941344 0.595232 0.0170113 2.83665s
1089 0.941344 0.60156 0.0167731 2.87805s
1090 0.941344 0.606386 0.0172515 2.79105s
1091 0.941344 0.599107 0.0173272 2.84226s
1092 0.941344 0.603207 0.0173202 2.83045s
1093 0.941344 0.595641 0.0173837 2.89031s
1094 0.941344 0.607632 0.0166787 2.89894s
1095 0.941344 0.598093 0.0171637 2.86559s
1096 0.941344 0.595551 0.0164374 2.88327s
1097 0.941344 0.594245 0.0165955 2.88642s
1098 0.941344 0.603848 0.016616 2.85591s
1099 0.941344 0.598352 0.0166129 2.8486s
1100 0.941344 0.602536 0.0161997 2.83503s
1101 0.941344 0.604292 0.016463 2.8879s
1102 0.941344 0.601308 0.0169524 2.88345s
1103 0.941344 0.59774 0.0176197 2.82156s
1104 0.941344 0.603063 0.0176214 2.85041s
1105 0.941344 0.597473 0.0173092 2.79951s
1106 0.941344 0.595524 0.0161826 2.82887s
1107 0.941344 0.605495 0.0155745 2.94228s
1108 0.941344 0.600411 0.0161259 2.87674s
1109 0.941344 0.603655 0.0161207 2.86863s
1110 0.941344 0.593834 0.0164759 2.8579s
1111 0.941344 0.59766 0.0165778 2.85151s
1112 0.941344 0.605871 0.0158904 2.85547s
1113 0.941344 0.600934 0.0165136 2.84096s
1114 0.941344 0.601455 0.0169255 2.85328s
1115 0.941344 0.606816 0.017142 2.87272s
1116 0.941344 0.60631 0.01692 2.84946s
1117 0.941344 0.605309 0.0168163 2.88046s
1118 0.941344 0.601223 0.0170499 2.90158s
1119 0.941344 0.605173 0.0164964 2.83234s
1120 0.941344 0.597529 0.0166534 2.90343s
1121 0.941344 0.593385 0.0169316 2.79934s
1122 0.941344 0.598669 0.0166661 2.91941s
1123 0.941344 0.602357 0.0173067 2.85499s
1124 0.941344 0.601157 0.017256 2.90582s
1125 0.941344 0.599842 0.0165586 2.90232s
1126 0.941344 0.599144 0.0166075 2.87104s
1127 0.941344 0.599191 0.0165514 2.84855s
1128 0.941344 0.593342 0.0167213 2.8005s
1129 0.941344 0.592024 0.016223 2.85835s
1130 0.941344 0.592197 0.0159198 2.81953s
1131 0.941344 0.598698 0.0159354 2.90303s
1132 0.941344 0.595672 0.0161502 2.8703s
1133 0.941344 0.598383 0.0163077 2.92138s
1134 0.941344 0.595132 0.0164471 2.87981s
1135 0.941344 0.597913 0.0166481 2.86821s
1136 0.941344 0.598968 0.0166482 2.89516s
1137 0.941344 0.597806 0.0166626 2.78962s
1138 0.941344 0.605829 0.0172736 2.90101s
1139 0.941344 0.604664 0.0172254 2.98507s
1140 0.941344 0.606935 0.0174461 2.92753s
1141 0.941344 0.609369 0.0174342 2.88752s
1142 0.941344 0.606999 0.0179394 2.84043s
1143 0.941344 0.59973 0.0179745 2.87933s
1144 0.941344 0.598369 0.0182886 2.84511s
1145 0.941344 0.597526 0.0180745 2.84084s
1146 0.941344 0.594803 0.0177419 2.89842s
1147 0.941344 0.596917 0.0175766 2.86621s
1148 0.941344 0.603177 0.0175475 2.91376s
1149 0.941344 0.605553 0.0176269 2.93411s
1150 0.941344 0.603956 0.0174393 2.89243s
1151 0.941344 0.607348 0.0177144 2.88509s
1152 0.941344 0.608853 0.018005 2.94609s
1153 0.941344 0.604441 0.0173723 2.97485s
1154 0.941344 0.598123 0.0176601 2.93093s
1155 0.941344 0.600263 0.01773 2.87414s
1156 0.941344 0.598352 0.0171336 2.85117s
1157 0.941344 0.60201 0.0172414 2.81486s
1158 0.941344 0.599381 0.0174346 2.88011s
1159 0.941344 0.594646 0.0168817 2.88535s
1160 0.941344 0.601231 0.0167793 2.85011s
1161 0.941344 0.595481 0.0169542 2.85776s
1162 0.941344 0.600197 0.0168063 2.89617s
1163 0.941344 0.606888 0.0171844 2.90524s
1164 0.941344 0.603027 0.0172897 2.93039s
1165 0.941344 0.601903 0.0171764 2.85596s
1166 0.941344 0.599684 0.0179508 2.95338s
1167 0.941344 0.599833 0.0172329 2.82599s
1168 0.941344 0.598653 0.0173824 2.88881s
1169 0.941344 0.598954 0.0172848 2.9311s
1170 0.941344 0.601219 0.0172618 2.83708s
1171 0.941344 0.606493 0.0172692 2.9044s
1172 0.941344 0.601694 0.0175735 2.87578s
1173 0.941344 0.605612 0.0180238 2.92158s
1174 0.941344 0.603926 0.0181602 2.88917s
1175 0.941344 0.599966 0.0173546 2.86375s
1176 0.941344 0.59932 0.0174471 2.82818s
1177 0.941344 0.594441 0.0171644 2.85918s
1178 0.941344 0.604222 0.0170997 2.82347s
1179 0.941344 0.605302 0.017321 2.87064s
1180 0.941344 0.601876 0.0177963 2.84391s
1181 0.941344 0.595342 0.0176875 2.82102s
1182 0.941344 0.598437 0.0174984 2.97267s
1183 0.941344 0.594259 0.0168698 2.86778s
1184 0.941344 0.594833 0.0163962 2.90762s
1185 0.941344 0.597002 0.0165289 2.99875s
1186 0.941344 0.601163 0.0171765 2.89932s
1187 0.941344 0.597825 0.0172317 2.81901s
1188 0.941344 0.599738 0.0177986 2.77249s
1189 0.941344 0.595301 0.0175335 2.85368s
1190 0.941344 0.596526 0.0170912 2.88128s
1191 0.941344 0.598056 0.0170419 2.94793s
1192 0.941344 0.594894 0.0170867 2.80974s
1193 0.941344 0.593887 0.0171665 2.84907s
1194 0.941344 0.593474 0.0171262 2.88428s
1195 0.941344 0.599043 0.0171902 2.85504s
1196 0.941344 0.599848 0.0175134 2.894s
1197 0.941344 0.601242 0.0179774 2.86761s
1198 0.941344 0.603912 0.0179708 2.92522s
1199 0.941344 0.604995 0.0179269 2.8442s
1200 0.941344 0.598573 0.018298 2.86387s
1201 0.941344 0.596642 0.0173274 2.81309s
1202 0.941344 0.60107 0.0168811 2.84623s
1203 0.941344 0.605223 0.0176365 2.8639s
1204 0.941344 0.593951 0.0172946 2.88591s
1205 0.941344 0.598147 0.0175328 2.87154s
1206 0.941344 0.598955 0.0174345 2.87832s
1207 0.941344 0.596714 0.017265 2.826s
1208 0.941344 0.604605 0.0175799 2.88792s
1209 0.941344 0.609678 0.0190405 2.90157s
1210 0.941344 0.610601 0.0180072 2.90052s
1211 0.941344 0.610021 0.0186122 2.87314s
1212 0.941344 0.609871 0.0186318 2.90172s
1213 0.941344 0.604216 0.0186249 2.874s
1214 0.941344 0.605476 0.0187596 2.87574s
1215 0.941344 0.611528 0.0189499 2.85136s
1216 0.941344 0.612825 0.0197034 2.87487s
1217 0.941344 0.609537 0.0196556 2.84819s
1218 0.941344 0.609554 0.0202002 2.89886s
1219 0.941344 0.61312 0.0195823 2.90043s
1220 0.941344 0.606881 0.0191991 2.88709s
1221 0.941344 0.615861 0.0193475 2.80613s
1222 0.941344 0.611411 0.0191133 2.93346s
1223 0.941344 0.607067 0.0188797 2.92834s
1224 0.941344 0.610255 0.0186482 2.83599s
1225 0.941344 0.608744 0.0188921 2.82498s
1226 0.941344 0.604154 0.018605 2.80117s
1227 0.941344 0.598619 0.0187391 2.93182s
1228 0.941344 0.601854 0.0186101 2.87564s
1229 0.941344 0.607383 0.0186256 2.86846s
1230 0.941344 0.605326 0.0188398 2.91979s
1231 0.941344 0.603157 0.0185895 2.87985s
1232 0.941344 0.605753 0.0186927 2.89352s
1233 0.941344 0.601481 0.0183209 2.82329s
1234 0.941344 0.598221 0.018775 2.88123s
1235 0.941344 0.605417 0.0185255 3.8142s
1236 0.941344 0.606453 0.0190055 2.93002s
1237 0.941344 0.607242 0.0190439 2.8759s
1238 0.941344 0.607718 0.0192932 2.89354s
1239 0.941344 0.606168 0.0192311 2.9084s
1240 0.941344 0.605319 0.0186027 2.8498s
1241 0.941344 0.604543 0.0182748 2.82526s
1242 0.941344 0.604168 0.0177531 2.91623s
1243 0.941344 0.598714 0.0181256 2.82599s
1244 0.941344 0.602349 0.0181034 2.90198s
1245 0.941344 0.604821 0.0181476 2.90774s
1246 0.941344 0.600456 0.0182104 2.83111s
1247 0.941344 0.605663 0.0181158 2.85317s
1248 0.941344 0.601191 0.0190291 2.81833s
1249 0.941344 0.601488 0.0192451 2.83004s
1250 0.941344 0.605242 0.0190468 2.87061s
1251 0.941344 0.603222 0.01885 2.87936s
1252 0.941344 0.60559 0.0187728 2.89479s
1253 0.941344 0.603195 0.0189783 2.853s
1254 0.941344 0.603792 0.0186896 2.87358s
1255 0.941344 0.61144 0.019096 2.85771s
1256 0.941344 0.611258 0.0191522 2.85815s
1257 0.941344 0.610711 0.0189661 2.85977s
1258 0.941344 0.608608 0.018292 2.81976s
1259 0.941344 0.606665 0.0182688 2.94667s
1260 0.941344 0.609249 0.0179901 2.84877s
1261 0.941344 0.607349 0.0185301 2.98179s
1262 0.941344 0.606943 0.0187095 2.8791s
1263 0.941344 0.606341 0.0185613 2.92683s
1264 0.941344 0.60247 0.0188162 2.84154s
1265 0.941344 0.606875 0.0183721 2.86092s
1266 0.941344 0.606227 0.0187517 2.91804s
1267 0.941344 0.604777 0.019431 2.86076s
1268 0.941344 0.601408 0.0183283 2.88052s
1269 0.941344 0.606022 0.01878 2.88229s
1270 0.941344 0.610913 0.0186908 2.87041s
1271 0.941344 0.6061 0.0186705 2.86017s
1272 0.941344 0.600486 0.018915 2.92761s
1273 0.941344 0.601614 0.0188685 2.8427s
1274 0.941344 0.605357 0.0189294 2.87448s
1275 0.941344 0.603423 0.0190163 2.86377s
1276 0.941344 0.602813 0.0193186 2.82457s
1277 0.941344 0.608588 0.0190504 2.98397s
1278 0.941344 0.602344 0.0192137 2.96312s
1279 0.941344 0.604321 0.0184528 2.81605s
1280 0.941344 0.610894 0.0185649 2.88841s
1281 0.941344 0.609351 0.0189036 2.85004s
1282 0.941344 0.603073 0.0195389 2.96354s
1283 0.941344 0.598299 0.0193738 2.8599s
1284 0.941344 0.597138 0.0184993 2.83746s
1285 0.941344 0.600273 0.0178393 2.83346s
1286 0.941344 0.598656 0.0180383 2.89046s
1287 0.941344 0.605264 0.018772 2.93173s
1288 0.941344 0.607378 0.0185711 2.86821s
1289 0.941344 0.601257 0.0192475 2.85733s
1290 0.941344 0.611041 0.0191686 2.84633s
1291 0.941344 0.607505 0.0200216 2.92519s
1292 0.941344 0.610724 0.0197524 2.8863s
1293 0.941344 0.610672 0.0192526 2.84862s
1294 0.941344 0.605024 0.0188677 2.80937s
1295 0.941344 0.604138 0.0186378 2.90188s
1296 0.941344 0.603333 0.0183994 2.82962s
1297 0.941344 0.60377 0.0187831 2.88375s
1298 0.941344 0.601708 0.0183269 2.88866s
1299 0.941344 0.606916 0.0187337 2.8538s
1300 0.941344 0.607482 0.0188953 2.87795s
1301 0.941344 0.599577 0.0191448 2.91596s
1302 0.941344 0.610252 0.0183498 2.92715s
1303 0.941344 0.606013 0.0185113 2.83603s
1304 0.941344 0.602088 0.0187256 2.81867s
1305 0.941344 0.603609 0.0181203 2.92454s
1306 0.941344 0.6046 0.0185565 2.84715s
1307 0.941344 0.604921 0.0185849 2.82748s
1308 0.941344 0.601277 0.0191287 2.89446s
1309 0.941344 0.605117 0.0185249 2.87752s
1310 0.941344 0.608518 0.0186934 2.8771s
1311 0.941344 0.603839 0.0188325 2.90077s
1312 0.941344 0.597689 0.0189338 2.85618s
1313 0.941344 0.599957 0.0182471 2.91474s
1314 0.941344 0.600637 0.0179736 2.85089s
1315 0.941344 0.609325 0.0182956 2.94113s
1316 0.941344 0.610965 0.0193027 2.87468s
1317 0.941344 0.608934 0.019183 2.847s
1318 0.941344 0.607794 0.0189213 2.9555s
1319 0.941344 0.60851 0.0195396 2.88504s
1320 0.941344 0.608884 0.0201107 2.88662s
1321 0.941344 0.61401 0.0198099 2.88907s
1322 0.941344 0.61339 0.0201204 2.84532s
1323 0.941344 0.607741 0.0201705 2.84277s
1324 0.941344 0.607105 0.0199766 2.97543s
1325 0.941344 0.607948 0.0195649 2.83126s
1326 0.941344 0.617826 0.0198452 2.90837s
1327 0.941344 0.609559 0.0200809 2.83751s
1328 0.941344 0.604041 0.0195345 2.88154s
1329 0.941344 0.611343 0.019772 2.83859s
1330 0.941344 0.614844 0.0195104 2.9096s
1331 0.941344 0.611089 0.0203902 2.87263s
1332 0.941344 0.613504 0.0201941 2.88651s
1333 0.941344 0.608736 0.0202097 2.91451s
1334 0.941344 0.604065 0.020251 2.89395s
1335 0.941344 0.603848 0.0207676 2.9437s
1336 0.941344 0.602664 0.0202232 2.87583s
1337 0.941344 0.603331 0.0202417 2.86652s
1338 0.941344 0.606833 0.0194029 2.86211s
1339 0.941344 0.602664 0.0195078 2.83188s
1340 0.941344 0.601912 0.0197038 2.83017s
1341 0.941344 0.604103 0.0194974 2.9078s
1342 0.941344 0.605708 0.0193719 2.88728s
1343 0.941344 0.609348 0.0198846 2.89983s
1344 0.941344 0.609234 0.0201152 2.85332s
1345 0.941344 0.607555 0.0196991 2.86925s
1346 0.941344 0.612857 0.0201619 2.93284s
1347 0.941344 0.613295 0.0204189 2.83135s
1348 0.941344 0.611362 0.0207304 2.84811s
1349 0.941344 0.6065 0.0206519 2.78794s
1350 0.941344 0.612864 0.0208715 2.97202s
1351 0.941344 0.606033 0.0204962 2.81376s
1352 0.941344 0.60686 0.0207386 2.81221s
1353 0.941344 0.61023 0.020852 2.88815s
1354 0.941344 0.611885 0.0209574 2.88167s
1355 0.941344 0.610775 0.0208733 2.90861s
1356 0.941344 0.609646 0.0204205 2.85483s
1357 0.941344 0.604358 0.0199016 2.94926s
1358 0.941344 0.606632 0.0201429 2.8526s
1359 0.941344 0.605425 0.0200812 2.97257s
1360 0.941344 0.606955 0.020425 2.89051s
1361 0.941344 0.601515 0.0205431 2.83793s
1362 0.941344 0.599091 0.0204014 2.87219s
1363 0.941344 0.600913 0.0198251 2.7927s
1364 0.941344 0.609573 0.0196488 2.8505s
1365 0.941344 0.606647 0.0197156 2.99801s
1366 0.941344 0.601912 0.0202422 2.84352s
1367 0.941344 0.605044 0.0198279 2.84379s
1368 0.941344 0.609298 0.0198095 2.86271s
1369 0.941344 0.606246 0.0203702 2.8801s
1370 0.941344 0.608374 0.0195958 2.86024s
1371 0.941344 0.607165 0.0192147 2.85987s
1372 0.941344 0.605069 0.0190992 2.85623s
1373 0.941344 0.604192 0.0189785 2.8795s
1374 0.941344 0.607671 0.0193934 2.90684s
1375 0.941344 0.605679 0.0188792 2.88305s
1376 0.941344 0.604129 0.0192066 2.88335s
1377 0.941344 0.604147 0.0186005 2.82234s
1378 0.941344 0.602631 0.0186972 2.87284s
1379 0.941344 0.610997 0.0184453 2.86546s
1380 0.941344 0.607104 0.0187845 2.88091s
1381 0.941344 0.610858 0.0187349 2.91251s
1382 0.941344 0.601467 0.0187935 2.93897s
1383 0.941344 0.598833 0.0185235 2.91712s
1384 0.941344 0.602359 0.0189265 2.88489s
1385 0.941344 0.602627 0.0191803 2.87023s
1386 0.941344 0.605742 0.0194057 2.91487s
1387 0.941344 0.605343 0.0190637 3.01243s
1388 0.941344 0.612377 0.0188715 2.84895s
1389 0.941344 0.609097 0.0194435 2.97862s
1390 0.941344 0.60736 0.0197377 2.8742s
1391 0.941344 0.613122 0.0195972 2.86501s
1392 0.941344 0.606851 0.0192583 2.83538s
1393 0.941344 0.613433 0.0193765 2.95352s
1394 0.941344 0.608425 0.0197338 2.82203s
1395 0.941344 0.608709 0.0197938 2.88091s
1396 0.941344 0.609676 0.0196538 2.85418s
1397 0.941344 0.612316 0.0191268 2.8232s
1398 0.941344 0.607466 0.0192712 2.82672s
1399 0.941344 0.611882 0.0189693 2.88573s
1400 0.941344 0.603091 0.018867 2.86815s
1401 0.941344 0.608032 0.0185584 2.86874s
1402 0.941344 0.598682 0.0189547 2.83729s
1403 0.941344 0.604247 0.0184878 2.88722s
1404 0.941344 0.604213 0.0183114 2.86565s
1405 0.941344 0.600574 0.0181995 2.80809s
1406 0.941344 0.591836 0.0186958 2.89471s
1407 0.941344 0.604586 0.0181578 2.87552s
1408 0.941344 0.60622 0.018358 2.83732s
1409 0.941344 0.603402 0.0186429 2.83863s
1410 0.941344 0.603575 0.0188078 2.83177s
1411 0.941344 0.60322 0.0196968 2.95006s
1412 0.941344 0.602193 0.0192298 2.79937s
1413 0.941344 0.603334 0.0189915 2.90917s
1414 0.941344 0.600306 0.0180982 2.86948s
1415 0.941344 0.598684 0.0180846 2.85485s
1416 0.941344 0.603622 0.0190033 2.85155s
1417 0.941344 0.604022 0.0191188 2.84805s
1418 0.941344 0.601589 0.0190495 2.83441s
1419 0.941344 0.605644 0.0191344 2.93273s
1420 0.941344 0.602624 0.0189025 2.80745s
1421 0.941344 0.598069 0.019106 2.9156s
1422 0.941344 0.600239 0.0189411 2.84269s
1423 0.941344 0.601847 0.0186207 3.02032s
1424 0.941344 0.599253 0.018877 2.94104s
1425 0.941344 0.603719 0.0183296 2.83444s
1426 0.941344 0.59964 0.0188527 2.86984s
1427 0.941344 0.604366 0.0190098 2.89903s
1428 0.941344 0.607825 0.0191319 2.88973s
1429 0.941344 0.607597 0.0190864 2.89318s
1430 0.941344 0.604168 0.0194999 2.9131s
1431 0.941344 0.607108 0.0195997 2.85938s
1432 0.941344 0.600749 0.0194908 2.82784s
1433 0.941344 0.606587 0.0193429 2.89029s
1434 0.941344 0.612775 0.0196711 2.88749s
1435 0.941344 0.605419 0.0202183 2.84005s
1436 0.941344 0.599047 0.0203214 2.88929s
1437 0.941344 0.604633 0.0198013 2.93321s
1438 0.941344 0.595898 0.0196786 2.91025s
1439 0.941344 0.597514 0.0190073 2.84524s
1440 0.941344 0.600882 0.0189364 2.88905s
1441 0.941344 0.605232 0.019725 2.84253s
1442 0.941344 0.603869 0.0192822 2.82047s
1443 0.941344 0.601986 0.0195709 2.85203s
1444 0.941344 0.602576 0.0195299 2.83534s
1445 0.941344 0.605234 0.0190292 3.88335s
1446 0.941344 0.605879 0.0182643 2.90374s
1447 0.941344 0.60242 0.0190305 2.83594s
1448 0.941344 0.594733 0.0194685 2.8357s
1449 0.941344 0.599365 0.0187246 2.85922s
1450 0.941344 0.596025 0.0184978 2.94405s
1451 0.941344 0.598527 0.0181252 2.91537s
1452 0.941344 0.601182 0.0186164 2.86868s
1453 0.941344 0.605385 0.0189738 2.96807s
1454 0.941344 0.604407 0.0192135 2.95012s
1455 0.941344 0.606639 0.019477 2.85781s
1456 0.941344 0.611683 0.0191678 2.9273s
1457 0.941344 0.600822 0.0193841 2.8466s
1458 0.941344 0.600311 0.0194178 2.87748s
1459 0.941344 0.599007 0.0191502 2.85525s
1460 0.941344 0.606819 0.0196095 2.90739s
1461 0.941344 0.599881 0.0192337 2.95296s
1462 0.941344 0.602915 0.0188414 2.94658s
1463 0.941344 0.595319 0.0189745 2.80909s
1464 0.941344 0.601499 0.0185945 2.87002s
1465 0.941344 0.603097 0.0187566 2.88768s
1466 0.941344 0.60195 0.0186389 2.89791s
1467 0.941344 0.603552 0.0188284 2.83546s
1468 0.941344 0.605411 0.0187835 2.90233s
1469 0.941344 0.599751 0.0191523 2.83846s
1470 0.941344 0.605115 0.0186681 2.88003s
1471 0.941344 0.604212 0.0192004 2.90631s
1472 0.941344 0.605234 0.0197948 2.87562s
1473 0.941344 0.604065 0.0187056 2.87578s
1474 0.941344 0.600533 0.0188774 2.84214s
1475 0.941344 0.603015 0.0192325 2.85551s
1476 0.941344 0.610488 0.0192765 2.96597s
1477 0.941344 0.607375 0.0193027 2.88709s
1478 0.941344 0.603937 0.0191817 2.95325s
1479 0.941344 0.606931 0.0195217 2.85002s
1480 0.941344 0.60556 0.0191357 2.88361s
1481 0.941344 0.605337 0.0188971 2.93044s
1482 0.941344 0.605797 0.0187618 2.86769s
1483 0.941344 0.599933 0.0190414 2.82174s
1484 0.941344 0.603764 0.0188132 2.90785s
1485 0.941344 0.609318 0.020024 2.87306s
1486 0.941344 0.603808 0.0198774 2.8835s
1487 0.941344 0.601498 0.0199632 2.95249s
1488 0.941344 0.604706 0.0202248 2.82328s
1489 0.941344 0.611247 0.0201211 2.85342s
1490 0.941344 0.612275 0.0202551 2.91469s
1491 0.941344 0.610791 0.0204108 2.87668s
1492 0.941344 0.607922 0.0201887 2.83929s
1493 0.941344 0.602271 0.0205601 2.89813s
1494 0.941344 0.603931 0.0199693 2.92515s
1495 0.941344 0.604417 0.020093 2.85017s
1496 0.941344 0.601896 0.0194597 2.8249s
1497 0.941344 0.610427 0.0193814 2.86104s
1498 0.941344 0.60597 0.0191661 2.8673s
1499 0.941344 0.602259 0.0192512 2.90207s
1500 0.941344 0.606782 0.018808 2.87004s
