30  76
33  69
33  71
35  14
35  70
35  90
46  41
48  60
48  65
49  19
53  77
54  2
58  3
58  82
63  9
82  14
86  19
86  60
95  65
101  2
101  77
107  10
108  8
110  89
117  38
121  97
124  3
125  65
131  89
132  10
133  8
138  9
150  97
151  89
153  38
158  3
163  10
165  8
169  9
169  86
171  66
171  81
172  89
174  74
176  3
180  96
180  97
185  86
187  9
189  81
192  66
193  89
197  3
198  17
199  74
201  86
205  96
207  81
212  9
217  86
219  66
225  81
228  54
231  96
233  86
236  74
243  15
243  81
245  20
246  52
249  86
251  30
254  40
257  66
257  91
257  96
258  55
259  15
259  47
260  80
261  81
262  20
263  52
265  86
274  30
277  15
278  81
281  20
281  40
281  86
283  91
283  96
284  52
288  80
294  55
295  74
295  81
297  86
298  47
299  15
303  9
305  20
306  30
308  96
310  52
310  91
312  66
312  81
312  86
318  17
319  80
323  40
325  15
327  86
328  81
331  3
332  96
336  20
338  91
341  86
344  52
344  81
347  9
351  80
355  86
355  96
356  15
356  30
359  74
359  81
361  66
366  91
369  86
370  55
374  81
375  20
377  96
378  3
382  86
383  80
385  52
386  47
388  9
388  81
393  91
394  15
395  86
396  40
398  96
402  81
405  66
406  3
408  86
408  89
409  9
412  74
413  8
413  10
413  80
413  97
416  81
417  3
417  38
418  96
419  20
419  89
419  91
420  86
422  9
422  30
423  65
426  8
426  10
428  97
429  3
429  81
430  89
432  52
432  86
434  38
435  15
436  9
438  96
440  10
441  3
441  8
441  89
442  81
443  80
443  97
444  86
445  91
446  65
446  66
451  9
452  89
454  3
455  38
455  81
456  10
456  86
457  68
457  96
458  8
458  17
458  97
459  54
463  74
463  89
467  9
468  3
468  81
468  86
473  65
473  97
474  10
474  89
476  96
477  8
480  19
480  38
480  60
480  86
481  81
482  2
482  77
483  3
483  14
483  65
485  9
485  89
486  66
488  97
490  19
490  60
491  86
494  2
494  65
494  77
494  81
494  96
495  10
495  14
495  49
496  89
498  8
499  3
501  19
501  60
502  86
503  97
504  9
506  65
507  2
507  77
507  81
507  89
509  14
511  38
512  96
513  19
513  60
513  86
516  3
516  74
518  89
518  97
519  10
519  65
520  14
520  81
521  71
521  76
521  90
522  2
522  8
522  69
522  77
524  70
525  41
525  82
526  19
526  60
529  14
529  89
530  71
530  90
531  69
531  76
533  65
533  97
537  41
537  70
537  82
539  2
539  14
539  77
539  90
540  21
540  71
540  89
541  19
541  60
541  69
542  76
543  58
548  10
548  65
548  90
548  97
549  82
550  8
550  14
551  41
551  69
551  71
551  89
552  70
554  76
555  38
557  90
558  19
558  60
559  2
559  77
560  11
562  14
562  69
562  82
562  89
563  71
563  97
565  65
566  76
566  90
567  41
567  70
571  13
571  93
572  98
573  5
573  76
573  89
574  70
575  14
575  69
575  82
575  83
575  90
576  71
577  19
577  60
578  97
579  93
581  10
581  13
581  76
581  98
582  8
582  70
582  77
583  2
583  62
583  65
583  89
584  5
584  90
586  41
587  83
587  93
588  82
589  14
589  69
589  76
590  70
590  71
590  98
591  13
592  25
593  89
593  90
593  97
598  60
599  19
600  93
601  82
602  5
602  65
603  89
603  90
604  14
604  86
605  69
606  71
606  81
607  38
608  3
608  76
608  97
609  9
609  41
609  96
610  77
612  2
612  86
613  8
613  10
613  89
613  90
615  81
615  82
617  66
619  3
620  9
620  86
621  14
622  96
622  97
623  65
623  89
623  90
624  19
624  60
624  69
624  74
624  81
625  71
628  86
629  82
630  3
631  9
633  27
633  81
633  89
633  90
634  66
635  91
635  96
636  15
636  20
636  86
636  97
637  52
637  80
638  30
640  17
641  10
641  14
641  40
642  3
642  81
643  9
643  55
643  89
644  86
645  8
645  47
645  77
646  65
646  74
647  2
647  15
648  20
648  96
649  91
650  38
650  52
650  97
651  81
652  19
652  80
653  30
653  60
653  66
653  86
653  89
655  3
656  9
659  40
660  15
660  81
661  20
661  96
662  82
662  86
663  89
663  91
664  52
664  55
664  97
668  3
668  47
668  80
669  81
670  9
670  65
671  54
671  86
672  10
672  30
672  74
673  89
674  15
674  96
675  66
676  20
677  8
678  81
678  91
678  97
680  52
680  86
681  40
682  3
683  89
685  9
685  80
687  81
687  96
689  15
689  86
692  55
692  97
693  20
693  89
693  91
695  30
696  17
696  38
696  81
697  3
698  52
698  86
700  96
701  9
701  47
702  66
702  80
703  59
703  89
705  74
705  81
706  10
706  15
706  97
707  86
708  68
708  91
711  40
712  20
713  3
713  89
713  96
714  8
714  81
716  86
718  9
719  52
719  80
720  97
723  81
723  89
724  91
725  86
726  15
726  30
726  96
730  3
732  66
732  81
733  89
734  86
734  97
735  20
736  9
736  80
737  55
739  96
740  91
741  81
743  86
744  52
747  74
748  15
750  81
752  86
752  96
754  40
754  80
756  91
759  47
759  81
760  20
760  86
765  96
767  89
768  66
768  81
768  86
769  30
772  52
772  80
772  91
772  97
773  15
776  3
776  86
776  89
777  9
777  81
778  96
784  86
784  89
784  97
785  10
786  8
786  81
788  20
788  91
789  3
789  74
789  80
790  38
791  9
791  96
792  86
792  89
795  81
796  97
799  15
799  65
800  66
800  86
800  89
802  3
802  52
803  10
803  19
803  60
803  90
804  2
804  8
804  77
804  81
804  91
804  96
805  9
805  14
806  17
806  40
806  55
806  76
806  82
807  70
807  80
808  30
808  86
808  89
808  93
808  97
808  98
809  69
809  71
810  65
810  90
811  13
811  83
812  41
812  64
812  76
813  5
813  27
813  59
813  70
813  81
814  14
814  38
814  49
815  19
815  39
815  60
815  93
815  98
816  3
816  20
816  82
816  86
816  89
817  24
817  32
817  88
817  90
817  96
818  2
818  76
818  77
818  99
819  13
819  64
819  69
819  70
819  71
820  9
820  91
820  97
821  27
821  59
821  62
821  65
821  83
822  81
822  93
822  98
823  5
823  10
823  49
824  14
824  76
824  80
824  86
824  89
824  90
825  8
825  70
826  39
826  41
826  64
826  74
826  82
828  13
828  15
828  60
829  19
829  27
829  59
829  88
829  93
829  98
830  24
830  32
830  47
830  69
830  71
830  96
831  3
831  66
831  76
831  81
831  83
831  90
831  99
832  70
832  86
832  89
832  97
833  49
833  52
