13  85
13  94
15  29
15  50
16  5
16  10
16  33
16  46
16  69
16  74
17  36
17  43
19  21
19  22
19  28
19  34
19  45
19  51
19  57
19  58
20  4
20  75
21  25
21  54
23  8
23  11
23  68
23  71
25  86
25  93
26  80
26  81
26  98
26  99
27  85
27  94
29  30
29  31
29  48
29  49
30  23
30  56
30  88
30  91
33  50
34  29
35  12
35  33
35  67
36  46
37  5
37  74
38  10
38  69
40  36
40  43
41  94
42  85
44  21
44  58
45  22
45  34
45  45
45  57
47  4
48  28
48  40
48  51
49  39
49  75
51  86
53  98
54  66
55  50
55  80
55  93
55  94
55  99
56  13
56  25
56  54
56  85
58  81
59  33
60  29
61  8
61  71
65  46
66  11
66  68
67  36
67  43
67  91
68  88
68  94
70  5
70  74
70  85
73  10
73  69
73  87
78  0
78  79
80  86
82  80
82  94
82  99
84  85
85  98
86  50
89  92
92  93
96  94
98  81
98  85
100  29
100  36
100  43
101  21
101  58
107  56
109  80
109  99
110  85
110  94
112  45
113  8
113  34
113  71
118  46
119  57
119  91
119  93
120  22
121  88
122  33
122  85
124  81
124  94
125  29
125  86
127  4
127  75
131  23
134  98
138  28
138  51
138  85
140  80
141  99
143  93
144  94
149  81
153  85
155  46
158  49
160  74
163  31
164  94
165  30
165  54
167  93
168  69
168  85
171  29
172  21
173  28
173  45
174  81
174  86
176  48
178  5
180  91
182  88
183  74
184  94
186  98
187  85
190  92
194  54
200  10
201  21
201  80
204  45
204  94
204  99
205  49
205  69
206  28
208  85
210  31
211  74
215  57
215  68
215  88
218  25
224  86
224  94
225  93
226  69
227  12
229  75
229  85
235  54
237  21
239  57
239  88
239  98
244  94
245  68
246  91
250  85
253  80
254  81
258  46
259  99
262  39
263  88
264  94
268  69
271  57
271  85
275  45
275  50
275  86
277  74
279  5
281  28
284  94
285  93
286  88
288  68
291  75
292  85
293  21
293  69
294  98
299  12
299  54
303  74
304  45
304  49
304  94
305  31
306  0
306  80
306  81
307  11
307  85
309  33
311  28
311  93
311  99
315  91
316  29
316  46
316  58
319  85
322  81
323  23
324  94
325  86
327  21
327  93
328  34
331  85
333  29
333  92
336  66
336  74
337  94
338  81
339  36
339  43
339  85
340  80
341  99
343  46
343  93
344  22
345  8
345  71
347  29
347  85
347  94
348  98
351  43
352  36
354  23
355  50
355  80
355  81
355  85
356  99
357  94
359  93
362  67
363  8
363  29
363  71
363  85
363  87
365  43
366  36
366  94
370  80
371  51
371  85
371  86
371  99
372  50
372  81
373  92
374  94
375  4
375  46
375  88
375  98
376  93
377  33
377  91
381  43
381  85
382  36
382  94
383  56
384  50
385  80
385  86
386  8
386  71
386  99
389  75
390  10
390  94
390  98
391  85
393  33
397  50
398  4
398  94
399  43
399  86
400  36
400  80
401  85
401  87
401  99
405  98
406  56
406  94
411  50
411  85
412  33
413  86
414  94
415  71
415  80
416  8
416  99
420  5
420  25
420  43
420  58
420  98
421  34
421  36
421  85
422  51
422  94
425  30
425  48
427  13
427  50
428  86
429  10
430  80
430  94
431  85
431  99
432  4
432  5
432  58
433  25
433  34
434  33
435  51
435  98
437  94
441  56
441  85
443  86
443  87
444  30
444  36
444  43
444  48
444  50
444  91
444  94
445  5
445  80
446  58
446  99
447  34
448  25
450  51
450  98
451  85
451  94
452  10
452  71
454  88
456  8
458  86
458  94
459  5
460  80
461  58
461  85
461  99
462  33
463  34
463  50
465  94
465  98
468  25
470  85
471  36
472  43
472  51
472  86
472  94
473  81
473  93
474  30
475  80
476  99
477  85
479  94
480  98
481  29
482  48
484  50
484  85
485  93
486  81
486  87
486  94
487  86
490  80
491  85
491  99
492  4
492  29
492  46
496  94
497  92
498  23
498  85
498  93
499  81
500  71
502  36
502  43
502  45
503  8
503  28
503  74
504  21
504  54
504  75
505  29
507  80
507  91
508  46
508  69
509  85
510  31
510  49
510  88
510  99
511  93
512  81
514  57
515  45
515  94
516  28
516  74
517  21
517  68
518  69
519  54
519  75
524  88
526  57
528  12
529  45
529  69
530  74
531  28
531  31
531  49
532  21
532  39
532  68
534  46
534  85
537  54
538  88
539  57
543  92
547  0
548  69
550  68
552  88
554  57
554  94
556  22
558  12
567  85
567  88
568  69
571  57
571  91
573  68
576  45
576  74
577  28
578  21
579  75
580  39
580  94
581  54
582  69
582  88
589  31
589  49
589  85
591  57
591  74
591  93
592  45
592  81
593  28
593  46
594  21
597  69
597  75
597  88
598  85
600  54
600  94
601  29
601  68
602  93
603  11
603  81
604  46
604  85
605  80
605  86
605  98
605  99
607  66
607  94
608  23
608  74
610  45
610  85
611  29
612  28
613  21
613  92
613  93
613  94
614  43
614  81
615  36
616  80
616  85
616  86
616  98
616  99
617  50
619  94
621  8
621  33
621  71
622  85
623  5
623  12
623  29
624  58
625  10
625  34
625  94
626  51
626  91
627  4
627  25
627  56
627  80
627  86
627  93
627  98
627  99
628  22
628  50
628  87
629  43
630  11
630  33
631  88
632  36
632  40
632  81
633  5
633  10
633  85
634  30
634  48
634  67
634  94
635  58
637  34
638  22
638  51
638  91
639  4
639  86
639  98
640  25
640  79
642  10
642  11
642  33
644  5
644  13
647  58
649  22
650  34
650  91
653  10
653  67
654  51
656  11
656  40
658  30
660  22
661  94
663  48
663  91
664  85
670  79
672  10
672  11
673  22
676  91
678  4
678  67
687  22
688  94
689  91
690  85
691  11
693  10
700  40
702  91
703  5
703  22
704  10
704  58
705  25
705  34
706  51
706  94
707  33
708  86
708  98
710  4
710  85
711  94
712  80
712  99
713  11
714  5
714  50
715  67
715  91
716  10
716  33
716  58
716  85
716  94
717  30
718  34
718  48
718  86
718  93
718  98
719  25
720  51
720  81
721  22
721  85
721  87
721  94
722  36
722  43
722  56
722  80
722  99
723  29
723  50
724  4
725  71
726  5
726  8
726  33
726  85
726  94
728  46
728  86
728  93
728  98
729  91
730  58
730  74
730  81
731  85
731  88
731  94
732  29
732  75
732  80
732  99
733  10
733  23
733  45
733  50
734  21
734  36
734  43
734  69
734  92
735  28
735  54
737  46
737  57
737  85
738  34
738  93
739  94
740  31
740  49
741  81
742  68
742  74
742  88
745  69
745  86
746  98
749  75
752  71
754  80
754  87
755  99
769  85
774  94
795  85
800  94
819  85
824  93
824  94
