143  8
147  19
147  60
154  30
154  49
156  59
162  24
162  55
179  96
180  58
202  19
202  60
217  8
222  30
222  49
224  96
232  70
244  24
245  55
251  59
262  19
262  60
262  96
291  8
291  30
291  49
296  96
315  58
319  19
319  60
324  96
325  24
325  55
338  59
347  8
348  96
352  34
353  28
354  71
356  30
356  49
357  20
357  83
362  21
370  71
371  96
373  19
373  29
373  60
373  83
374  9
374  50
376  20
382  51
388  21
388  71
389  83
395  55
396  24
399  20
399  45
405  83
410  71
416  49
417  30
422  83
423  60
424  19
428  21
429  20
430  9
433  51
437  71
438  83
454  83
464  24
464  55
467  50
470  20
470  71
470  83
471  51
472  38
473  19
473  26
473  60
475  30
475  37
475  49
477  47
478  50
478  92
481  7
484  38
485  83
486  51
487  26
490  50
492  37
494  21
495  92
496  47
498  38
500  28
500  56
501  83
502  29
503  50
504  26
504  51
506  7
508  71
512  37
513  92
514  38
516  83
517  20
518  19
518  50
520  60
521  47
524  26
525  51
530  24
531  83
532  92
533  38
534  49
534  50
534  55
536  30
539  37
544  28
546  83
548  71
549  7
549  26
549  51
551  92
552  50
555  38
556  9
559  47
561  83
562  19
563  60
568  21
569  20
571  92
572  50
575  28
575  83
578  37
578  51
578  96
580  49
581  8
583  26
583  30
583  59
585  38
586  24
587  28
587  55
587  58
588  71
589  83
589  96
591  92
593  70
594  8
598  59
600  19
600  29
600  60
600  96
602  50
603  83
605  28
606  41
606  58
607  53
608  8
609  29
609  42
610  32
611  87
611  96
613  72
615  59
616  41
616  45
617  51
617  83
618  53
619  29
621  20
622  28
622  42
622  96
623  49
624  8
625  30
625  32
625  70
625  87
627  41
628  23
629  29
630  58
630  83
631  53
631  71
632  72
632  96
633  34
635  59
636  55
637  24
637  42
637  60
637  61
638  19
639  41
639  81
639  87
640  17
640  21
640  28
640  29
640  51
641  57
641  96
642  8
643  32
644  77
644  83
645  53
646  61
647  69
648  97
649  81
650  96
651  27
652  17
652  29
652  41
653  57
654  87
655  42
656  61
657  83
658  59
658  72
659  81
659  96
661  77
662  28
662  53
664  8
664  58
665  17
665  29
666  32
666  51
666  61
667  41
667  57
667  97
668  96
669  69
669  81
670  30
670  83
670  87
671  49
672  71
673  20
674  9
674  28
676  50
676  51
676  60
677  19
677  42
678  96
679  29
682  53
682  83
684  27
684  28
684  70
684  92
685  41
686  87
687  51
688  29
688  55
689  8
689  18
689  59
690  38
690  96
690  98
691  24
691  50
691  83
692  22
692  23
692  62
694  26
695  2
695  28
696  37
697  18
698  10
698  47
698  92
699  82
699  98
700  83
702  52
702  96
703  7
703  22
703  62
704  21
705  71
706  18
707  38
707  50
707  51
708  98
709  83
711  2
711  20
712  60
712  92
713  19
713  49
714  30
714  96
715  26
715  62
716  18
716  22
717  10
717  82
718  58
718  83
718  98
721  37
722  8
722  56
725  50
726  18
726  47
726  96
727  38
727  52
727  83
727  92
728  98
729  62
730  2
731  22
733  59
736  82
736  83
737  18
738  96
738  98
739  71
741  24
741  26
742  7
742  28
742  92
744  10
744  50
744  55
744  62
745  83
748  22
748  98
749  18
749  19
749  60
750  96
752  38
753  83
755  2
755  37
756  20
756  82
757  8
757  49
757  92
758  98
759  30
761  28
761  29
761  83
761  96
762  51
763  18
763  21
763  62
765  50
766  47
768  9
768  98
769  22
769  29
769  83
770  87
770  96
771  28
772  26
772  51
772  92
773  52
773  71
774  41
775  50
775  59
775  81
777  53
777  61
777  82
777  83
778  18
778  29
778  96
778  98
780  38
780  42
781  17
781  28
781  32
782  19
782  51
782  57
783  60
783  87
784  58
784  81
784  97
785  50
785  83
786  62
786  72
786  96
787  29
787  61
787  77
787  92
788  8
788  10
788  24
788  98
789  41
789  55
792  28
793  2
793  51
793  69
793  81
793  83
794  17
794  22
794  96
795  18
795  20
795  53
796  29
796  37
796  50
796  57
796  70
796  87
797  49
797  61
798  30
798  82
798  98
800  97
801  42
801  83
802  81
802  96
803  92
804  28
804  32
805  51
806  29
806  41
806  77
807  71
808  50
808  98
809  17
809  26
809  27
809  61
809  83
810  87
810  96
811  7
811  81
812  38
812  59
813  57
815  18
816  60
817  19
817  28
817  29
817  53
817  83
818  51
818  62
818  96
818  98
819  21
819  47
819  72
819  92
819  97
820  82
821  8
821  50
821  81
822  61
822  69
824  87
825  83
826  96
828  17
828  41
828  98
829  29
830  22
830  42
830  81
832  28
833  51
833  83
