8  82
9  97
12  84
13  7
13  16
13  63
13  72
13  95
13  98
14  81
15  87
15  92
16  15
16  17
16  62
16  64
16  82
18  97
20  11
20  29
20  50
20  68
21  4
21  31
21  32
21  47
21  48
21  75
24  82
25  6
25  80
25  84
26  95
26  98
27  7
27  76
27  97
28  0
28  63
28  72
28  73
28  79
28  99
29  16
29  81
30  8
31  3
31  87
31  92
32  82
34  71
36  23
36  78
36  97
37  15
37  17
37  62
37  64
39  10
39  84
39  95
39  98
40  82
41  1
41  56
44  7
45  63
45  81
45  97
46  69
47  72
49  82
49  87
50  11
50  16
50  68
50  92
51  80
52  29
52  31
52  48
52  50
52  98
53  4
53  75
53  95
54  84
55  97
56  32
56  47
58  82
61  85
62  81
62  99
63  7
65  63
65  97
65  98
67  82
67  95
69  87
70  76
70  84
70  92
71  15
71  17
71  62
71  64
73  72
75  70
75  94
75  97
76  82
77  80
78  98
79  81
81  95
83  16
85  82
85  97
86  8
87  84
88  7
90  9
90  87
91  63
91  92
91  98
94  82
95  97
96  95
97  49
97  81
103  6
103  82
103  98
104  80
104  84
105  97
106  73
107  99
108  7
108  72
111  95
112  82
112  87
113  29
113  81
113  92
114  50
115  98
116  4
116  75
116  97
121  82
122  84
124  0
124  79
125  63
126  95
127  97
127  98
129  81
130  7
130  82
132  80
134  72
135  87
136  92
138  97
140  84
141  82
143  29
143  98
144  95
145  50
145  81
149  4
149  75
149  97
152  82
159  84
159  87
160  92
160  97
160  98
161  81
161  99
163  82
163  95
166  72
169  11
170  68
170  97
171  16
173  81
174  82
175  84
177  98
178  97
182  95
183  3
184  72
184  81
184  87
185  82
185  92
186  97
186  99
187  29
187  50
189  15
189  84
191  16
191  64
192  71
194  17
194  97
194  98
195  62
195  81
196  82
198  4
199  7
199  75
201  95
202  97
203  84
204  72
205  81
206  31
207  48
207  82
208  99
209  87
210  92
210  97
211  98
213  30
214  16
214  80
216  81
217  3
217  84
218  82
218  97
220  95
226  97
228  81
229  82
230  99
231  84
233  47
234  32
234  87
234  97
234  98
235  92
237  95
238  71
240  81
240  82
242  16
242  97
245  84
248  87
248  95
250  97
251  82
251  92
251  99
252  81
256  94
256  98
258  95
258  97
259  73
259  84
262  1
262  82
262  87
263  56
263  63
264  81
266  97
267  69
267  92
268  95
270  85
273  82
273  84
273  99
274  80
274  97
276  81
276  87
278  16
278  95
279  98
282  92
282  97
284  3
284  82
287  84
288  81
288  95
289  73
290  87
290  97
294  63
294  94
295  82
295  99
298  92
298  95
298  97
300  81
301  84
301  98
304  87
307  82
308  95
308  97
314  1
314  92
315  82
317  56
317  97
318  15
318  17
318  87
318  95
321  11
323  82
323  84
323  98
324  9
324  48
326  97
327  69
328  79
328  81
328  95
330  92
331  15
331  17
331  82
331  87
333  47
334  80
335  97
336  63
336  94
337  11
338  95
339  82
340  73
342  32
342  48
342  97
343  84
344  87
345  15
345  17
345  98
346  81
346  92
347  82
348  95
349  97
354  99
356  81
356  84
357  87
357  97
358  95
359  79
359  82
361  92
365  72
365  97
366  81
367  16
367  98
368  95
369  84
370  87
371  82
371  99
372  97
374  62
376  81
376  92
378  94
378  95
379  97
380  64
382  84
383  71
383  82
383  87
386  81
386  97
387  95
388  63
388  72
388  99
389  16
389  98
391  92
393  3
393  80
393  97
395  82
395  84
396  81
396  87
396  95
400  97
405  95
405  99
406  81
406  92
407  82
407  97
408  84
409  87
411  98
414  16
414  72
414  95
414  97
415  73
415  81
419  82
419  94
421  84
421  92
421  97
422  68
422  87
422  99
423  81
423  95
425  72
425  98
426  7
428  97
429  1
429  29
429  50
430  4
430  75
431  81
431  82
432  95
433  84
435  71
435  87
435  97
436  72
436  92
438  56
438  98
439  7
439  81
439  99
441  95
442  63
442  97
443  16
443  82
444  29
444  50
445  84
446  3
446  4
446  75
447  81
447  87
448  72
449  97
450  95
451  69
451  92
451  98
452  80
454  7
455  81
455  82
456  97
456  99
457  84
459  87
459  94
459  95
461  29
461  50
462  72
463  81
463  97
464  98
465  4
465  31
465  75
465  92
467  82
468  95
469  84
470  23
470  30
470  97
471  81
471  87
472  7
472  99
474  16
477  95
477  97
479  82
479  92
480  81
480  98
481  84
483  6
483  87
483  97
485  73
486  82
486  95
487  72
488  97
488  99
489  81
492  63
493  15
493  17
493  82
493  84
493  92
493  97
494  85
495  11
495  87
495  95
496  94
497  48
498  81
498  97
499  82
500  47
503  97
504  15
504  17
504  95
504  98
504  99
505  79
505  82
505  84
506  0
507  81
507  87
507  92
508  11
508  32
508  97
510  78
511  16
511  82
512  48
512  80
512  95
513  97
516  15
516  17
516  81
517  82
517  84
518  97
519  87
520  95
520  99
521  9
521  47
521  92
523  11
523  71
523  82
523  97
524  3
525  81
527  79
527  98
528  95
528  97
529  15
529  17
529  48
529  82
529  84
530  87
531  94
533  97
534  1
534  81
535  60
535  82
535  92
536  95
536  99
538  97
539  63
540  11
540  32
541  82
541  84
541  87
543  15
543  17
543  81
543  97
544  73
544  95
545  56
547  16
547  82
548  92
548  97
549  47
549  48
549  98
551  81
551  99
552  87
552  95
553  82
553  84
553  97
554  69
557  62
557  72
558  79
558  81
558  97
559  15
559  17
560  11
560  82
560  95
561  92
561  98
562  64
563  7
563  87
564  50
564  97
565  29
565  81
565  84
565  94
566  4
566  75
566  99
567  80
568  72
568  95
571  97
572  81
573  82
573  98
574  87
574  92
576  95
577  7
577  16
577  84
578  97
579  50
579  72
579  76
579  81
580  29
580  63
580  82
580  98
581  99
582  4
582  95
583  75
585  7
585  87
585  97
586  80
586  81
586  82
586  98
587  8
587  92
588  84
588  95
589  3
589  63
591  72
592  82
592  97
592  98
593  81
594  7
594  76
594  95
596  50
596  87
596  99
597  29
598  80
598  82
598  94
598  98
599  63
599  84
599  97
600  81
600  92
600  95
601  4
602  71
602  75
603  7
604  8
604  72
604  82
604  98
605  84
605  97
606  16
607  81
607  87
610  80
610  82
610  92
610  98
611  76
611  84
611  95
611  97
611  99
612  7
613  49
614  6
614  81
615  10
616  63
616  82
616  98
617  16
617  29
617  50
617  84
617  97
618  72
619  85
620  92
621  23
621  81
621  87
622  7
622  78
622  82
622  98
623  80
623  84
623  97
624  4
624  75
624  95
625  8
625  70
626  99
628  6
628  81
628  82
628  98
629  16
629  84
629  97
630  92
632  76
633  7
633  72
634  82
634  87
634  98
635  10
635  81
635  84
635  97
636  80
636  95
640  82
640  92
640  98
640  99
641  29
641  50
641  84
641  85
641  97
642  16
642  63
642  81
644  7
645  6
645  23
646  78
646  82
646  98
647  84
647  87
647  97
648  95
649  72
649  80
649  81
650  92
651  4
652  75
652  82
652  98
653  8
653  84
653  97
654  87
654  95
654  99
656  7
656  16
656  81
657  3
657  63
657  92
658  82
658  98
659  84
659  97
660  76
660  95
661  87
662  80
663  10
663  81
663  82
664  92
664  97
664  98
665  70
665  72
665  84
665  85
666  95
667  6
667  82
668  7
668  63
668  99
669  29
669  81
669  87
669  97
670  50
670  98
671  82
672  95
674  97
675  80
675  81
675  82
676  15
676  17
676  94
677  71
677  84
677  92
677  98
678  73
679  16
679  87
679  95
679  97
680  11
680  48
680  68
681  81
681  82
682  72
682  99
684  75
684  97
685  4
686  95
687  15
687  17
687  82
688  1
688  47
688  81
689  79
689  84
689  87
689  97
690  92
691  56
692  32
693  82
693  95
694  11
694  97
695  48
696  81
696  99
697  69
697  98
699  15
699  17
699  82
699  87
699  97
700  30
700  94
700  95
701  84
703  92
704  73
705  82
707  95
707  97
709  87
711  11
711  47
711  82
712  15
712  17
712  31
712  48
712  79
714  81
714  95
715  97
716  92
717  9
717  82
719  87
721  95
723  32
723  82
723  97
726  94
727  15
727  17
729  82
730  11
731  97
732  92
733  48
735  82
738  87
738  97
739  62
741  82
742  84
742  95
743  47
744  15
744  17
745  97
746  79
747  82
749  98
750  64
752  97
753  11
753  82
759  48
759  82
759  95
759  97
762  15
762  17
762  87
763  92
765  82
766  95
766  97
768  84
771  82
771  87
771  97
773  81
773  95
774  92
775  97
777  82
777  98
778  84
779  11
779  81
779  97
780  32
780  87
780  94
780  95
780  99
781  15
781  17
783  82
783  97
784  81
785  92
786  95
786  98
787  48
787  82
787  97
788  73
788  84
789  47
789  72
789  87
790  81
791  82
791  95
791  97
791  98
791  99
792  63
792  79
792  80
793  1
793  7
793  84
793  92
794  16
794  82
794  97
795  81
796  56
796  87
796  95
796  98
797  82
797  97
798  29
798  50
798  62
798  64
798  69
798  72
798  84
799  3
799  92
800  4
800  63
800  68
800  75
800  82
800  97
801  0
801  7
801  15
801  17
801  31
801  81
801  95
801  98
802  80
802  94
802  99
803  16
803  32
803  82
803  84
803  87
803  97
805  47
805  62
805  64
805  71
805  92
806  82
806  85
806  95
806  97
806  98
807  11
807  81
808  63
808  72
808  84
809  6
809  68
809  82
809  97
810  7
810  8
810  31
810  76
810  87
811  95
811  98
812  62
812  64
812  80
812  82
812  92
812  97
813  0
813  16
813  23
813  78
813  81
813  84
813  99
814  29
814  50
815  82
815  97
816  32
816  48
816  73
816  95
817  4
817  63
817  75
817  87
817  98
818  68
818  82
818  84
818  97
819  7
819  10
819  72
819  81
819  92
820  31
820  62
820  64
821  47
821  82
821  95
821  97
823  15
823  16
823  17
823  80
823  84
823  98
824  82
824  87
824  97
824  99
825  3
825  81
825  85
826  0
826  92
826  94
826  95
827  6
827  60
827  63
827  82
827  97
828  62
828  68
828  84
829  7
829  19
829  64
829  98
830  82
830  97
831  31
831  32
831  72
831  81
831  87
831  95
832  49
832  76
833  29
833  50
833  82
833  84
833  92
833  97
