46  76
51  70
58  3
59  14
60  69
61  71
64  9
65  90
79  65
81  41
89  19
89  60
95  2
95  77
95  82
102  14
105  90
131  19
131  60
138  65
148  2
148  77
149  10
150  8
153  89
159  38
164  97
165  3
166  65
174  8
174  10
174  89
178  9
194  97
195  89
197  38
199  3
207  10
208  8
210  9
210  86
212  66
213  81
216  3
216  74
216  89
221  96
224  97
227  86
228  9
231  81
234  66
236  3
236  89
239  17
242  74
244  86
247  96
248  9
250  10
250  81
257  97
261  86
262  66
269  81
270  54
274  96
278  86
281  15
281  74
283  20
284  52
287  81
288  30
292  40
294  86
294  91
296  55
297  15
297  47
298  80
300  20
301  52
301  66
301  96
305  81
310  86
312  30
316  15
320  20
320  40
320  91
322  52
322  81
326  86
327  80
327  96
334  55
338  15
338  47
338  74
339  81
341  9
341  86
346  20
346  30
348  91
349  52
352  66
352  96
355  81
356  86
359  17
359  80
366  15
366  40
367  3
371  81
371  86
376  91
376  96
379  20
384  9
385  52
385  86
387  81
392  80
399  15
399  86
399  96
400  30
400  74
401  66
402  81
404  91
413  86
415  3
416  55
417  81
419  20
421  96
424  80
426  86
427  9
428  52
431  91
432  47
432  81
437  15
439  86
441  3
441  40
442  89
442  96
443  9
446  81
447  8
447  97
448  10
449  66
450  38
452  3
452  86
453  89
454  80
455  65
456  9
456  74
457  91
460  8
460  81
461  20
462  10
462  97
463  96
464  3
464  30
464  89
465  86
467  38
471  9
473  52
474  81
475  8
475  89
476  15
477  3
477  86
477  97
478  10
478  65
482  91
483  80
483  96
486  89
487  9
487  81
488  38
489  86
490  68
491  3
491  66
492  8
492  97
497  10
497  89
500  81
501  86
502  96
503  17
503  54
504  9
504  65
506  3
508  89
508  97
509  19
509  60
510  74
511  2
511  14
511  77
512  8
513  81
513  86
514  65
515  38
519  10
519  19
519  60
519  89
521  96
522  3
522  9
523  2
523  14
523  77
524  97
525  65
525  86
526  81
528  49
530  19
530  60
530  89
532  66
534  8
536  86
537  2
537  14
537  65
537  77
539  3
539  81
539  96
540  97
541  89
542  9
542  19
543  60
544  10
547  14
547  86
548  69
548  71
548  76
548  90
550  38
550  65
551  70
552  2
552  41
552  81
552  82
552  89
553  77
556  19
556  97
557  3
557  14
557  60
557  69
557  71
557  90
557  96
558  76
559  86
560  8
561  74
563  89
564  70
564  82
565  41
565  65
566  90
567  14
567  69
567  71
569  21
569  76
570  2
571  77
572  19
572  58
572  97
573  10
573  60
574  89
575  90
577  82
578  14
578  69
578  71
579  41
579  70
581  65
581  76
584  90
585  89
587  11
587  70
588  13
588  76
588  93
588  97
589  8
589  98
590  5
590  14
590  19
590  69
590  71
590  82
591  60
592  2
592  77
592  83
594  90
595  41
595  70
596  76
596  89
596  93
597  38
598  13
598  65
598  98
600  62
601  5
603  69
603  70
603  71
603  82
603  97
604  14
604  76
604  83
604  90
604  93
606  10
607  89
607  98
609  13
609  25
611  19
611  60
611  70
612  76
613  5
613  93
614  90
615  41
617  2
617  65
617  82
617  83
617  89
617  98
618  69
618  71
618  77
618  97
619  14
620  13
620  70
621  8
621  76
622  93
623  62
624  90
625  86
626  81
627  89
628  5
628  98
629  3
630  9
631  82
631  96
633  97
634  60
634  69
634  86
634  90
635  14
635  19
635  71
635  83
636  81
637  89
638  65
639  10
639  41
640  66
641  3
641  76
642  9
642  70
643  86
644  90
644  96
645  82
646  81
647  38
647  89
648  74
648  97
649  2
649  77
652  14
652  86
653  69
654  3
654  90
654  91
655  9
655  27
655  71
656  8
656  15
656  20
656  81
657  52
657  80
657  89
658  30
658  96
659  66
659  82
660  65
661  19
661  60
661  86
662  40
663  97
664  55
665  81
666  47
667  3
667  17
667  89
668  9
668  15
668  91
669  10
669  20
670  86
671  52
672  80
672  96
674  74
675  30
675  81
677  89
678  97
679  86
681  3
681  40
681  66
682  9
682  15
683  20
683  65
683  91
684  2
684  77
685  81
686  52
686  96
687  55
687  89
688  86
689  8
689  80
691  38
691  47
692  97
693  19
695  81
696  3
696  30
697  9
697  15
697  86
697  89
698  91
699  20
700  10
700  96
703  52
705  40
705  81
706  74
706  80
706  86
706  97
707  54
707  89
708  66
712  3
714  9
714  15
714  91
714  96
715  81
715  86
718  20
719  55
723  30
723  52
724  80
724  86
725  81
728  96
730  47
730  91
733  15
733  86
735  81
736  17
739  20
739  40
742  80
747  52
747  66
747  91
777  59
