8  82
9  97
12  7
13  63
13  72
13  84
13  95
13  98
14  16
14  81
16  15
16  17
16  62
16  64
16  82
16  87
16  92
18  97
20  11
20  29
20  50
20  68
21  4
21  31
21  32
21  47
21  48
21  75
24  80
24  82
25  7
25  76
26  95
26  98
27  63
27  84
27  97
28  0
28  6
28  8
28  72
28  73
28  79
28  81
28  99
31  3
31  16
32  82
33  87
33  92
34  71
36  97
37  15
37  17
37  62
37  64
39  95
39  98
40  7
41  1
41  56
41  78
41  82
41  84
42  23
43  81
44  29
44  50
44  63
44  72
45  4
45  75
45  97
46  10
46  69
50  11
50  68
50  80
50  82
52  31
52  48
52  87
52  92
52  98
53  16
53  95
55  97
56  7
56  32
56  47
56  84
58  81
59  82
62  72
62  99
65  97
67  98
68  63
69  82
69  95
71  15
71  17
71  62
71  64
72  84
72  87
72  92
73  81
74  29
74  50
75  85
75  94
75  97
76  4
77  75
78  76
79  7
79  82
83  98
85  72
85  97
86  95
87  16
89  80
89  81
89  82
89  84
91  9
91  70
93  87
93  92
95  97
99  82
99  98
103  95
105  81
105  97
106  84
107  99
109  6
109  73
110  82
111  7
114  97
115  72
115  87
115  92
115  98
118  81
119  29
119  50
121  82
121  84
121  95
123  97
124  0
124  79
126  4
126  75
128  16
130  81
132  82
132  97
132  98
133  99
135  3
135  72
136  49
136  84
138  87
138  92
139  95
141  97
142  81
143  82
144  80
145  71
149  98
150  97
151  84
153  16
154  81
154  82
157  99
158  95
159  97
162  7
162  87
162  92
163  30
165  82
166  63
166  84
167  81
167  97
169  68
169  72
170  98
171  11
175  97
176  82
177  95
180  81
181  84
181  99
182  3
183  97
184  16
185  87
185  92
186  64
187  82
189  95
191  97
191  98
193  81
195  15
195  17
195  62
196  84
198  82
199  97
200  87
200  95
201  80
202  92
205  81
205  99
206  63
207  97
208  48
209  82
210  31
211  84
211  94
211  95
212  98
213  73
215  87
216  1
216  97
217  56
218  71
218  81
219  92
220  82
221  69
222  95
225  97
227  84
230  16
230  87
231  82
232  99
233  95
233  98
235  32
235  92
237  47
237  97
238  81
241  63
242  82
244  95
245  87
248  84
249  97
252  82
252  92
254  94
254  98
255  95
256  73
257  80
258  97
260  82
260  87
262  15
262  17
263  81
266  11
266  95
267  97
268  82
269  48
269  84
269  92
274  79
274  87
275  98
276  82
276  97
277  15
277  17
277  95
280  47
284  82
285  11
285  97
286  92
287  81
288  85
288  87
288  95
290  84
292  48
292  63
292  82
294  15
294  17
294  97
295  1
296  98
297  8
297  32
298  95
300  82
302  56
302  87
302  92
302  94
303  97
306  79
308  82
308  95
309  11
309  69
310  81
310  84
312  97
314  15
314  17
316  80
316  82
316  87
317  98
318  9
318  92
318  95
321  97
322  48
324  82
325  47
328  95
329  84
329  97
330  81
330  87
331  73
331  99
334  92
335  82
337  97
338  95
338  98
340  81
342  84
343  60
343  87
345  97
346  72
347  16
347  63
347  82
347  99
348  94
348  95
350  81
350  92
352  97
355  84
356  87
357  3
358  95
359  82
359  97
359  98
360  81
363  99
365  16
365  72
366  92
366  97
368  84
368  95
369  71
369  87
370  81
371  82
373  97
376  80
377  62
378  64
378  95
379  81
379  99
380  97
380  98
381  84
381  92
382  87
383  72
383  82
386  16
387  7
387  81
387  97
388  95
389  3
390  4
390  29
390  50
391  75
392  94
394  72
394  84
394  97
394  98
395  81
395  82
395  87
396  92
396  99
398  95
400  7
401  97
403  81
404  63
405  4
405  29
405  50
406  72
406  75
406  84
407  82
408  87
408  95
408  97
408  98
411  16
411  73
411  81
411  92
413  99
415  7
415  97
417  95
418  68
418  72
418  84
419  81
419  82
421  50
421  71
421  87
422  1
422  29
422  97
422  98
423  4
424  75
426  92
426  95
427  81
429  97
430  84
430  99
431  82
432  7
432  72
433  56
434  87
435  81
435  94
435  95
436  80
436  97
436  98
440  16
441  92
442  50
442  84
443  3
443  29
443  81
443  82
443  97
444  95
445  30
445  69
446  87
447  99
448  4
450  75
450  97
452  72
452  81
453  95
453  98
454  84
455  82
455  92
456  31
456  63
457  97
458  87
461  81
462  95
463  97
464  82
464  99
466  84
469  92
469  97
470  81
470  87
471  23
471  82
471  95
472  16
473  94
474  15
474  17
475  73
475  97
477  11
477  98
478  82
478  84
479  81
480  48
480  95
481  97
481  99
482  87
483  92
484  79
485  82
486  15
486  17
487  6
487  97
488  47
488  81
489  32
489  95
490  84
492  11
492  82
493  97
494  87
497  48
497  80
497  81
497  92
498  95
498  99
499  15
499  17
499  82
499  97
500  98
502  84
504  63
504  97
505  0
506  81
506  82
506  87
507  79
507  95
509  11
509  94
509  97
510  85
511  92
512  16
512  78
513  15
513  17
513  82
514  84
514  97
514  99
515  71
515  81
515  95
516  47
517  48
518  87
519  82
519  97
520  9
523  95
523  98
524  32
524  81
524  97
525  1
525  92
526  82
526  84
529  17
529  87
529  97
530  3
530  11
530  15
530  99
531  95
533  81
533  82
534  97
537  56
537  73
538  84
539  79
539  92
539  95
539  97
540  82
540  87
542  48
542  81
544  69
544  94
544  97
544  98
545  99
546  16
547  17
547  82
547  95
549  15
549  72
549  81
549  97
550  84
551  63
551  87
552  92
555  7
555  80
555  82
555  95
555  97
556  62
556  81
556  98
559  50
559  72
560  29
560  99
561  4
561  64
561  75
562  84
562  87
562  97
563  81
563  95
565  92
567  98
568  7
568  82
569  97
570  72
570  81
570  95
572  76
573  87
573  98
574  11
574  50
574  63
574  82
574  84
575  99
576  7
576  16
576  29
576  95
576  97
577  80
577  81
578  4
578  75
578  92
578  94
579  98
580  82
581  8
581  72
582  95
583  97
584  7
584  63
584  81
584  87
585  98
586  82
586  84
587  76
588  3
588  95
589  80
590  97
590  99
591  71
591  81
591  92
591  98
592  50
592  82
593  7
593  72
594  29
595  63
596  84
596  87
596  95
597  97
597  98
598  4
598  75
598  81
598  82
599  8
601  16
602  7
602  80
602  84
603  97
603  98
604  76
604  82
604  92
605  81
605  99
606  49
606  72
608  6
608  84
609  10
609  95
609  97
609  98
610  82
610  87
612  7
612  81
613  16
613  50
614  29
614  84
614  85
614  92
615  23
615  80
615  97
615  98
616  78
616  82
619  81
620  63
620  70
620  72
620  84
620  99
621  4
621  8
621  97
621  98
622  7
622  75
622  82
622  95
623  6
623  87
624  92
625  16
626  76
626  81
626  84
627  97
627  98
628  80
628  82
629  10
631  95
632  84
633  7
633  81
633  87
633  92
633  97
633  98
634  72
634  82
634  99
636  63
636  85
637  95
638  16
638  50
638  84
639  23
639  97
639  98
640  29
640  78
640  81
640  82
640  92
641  6
641  80
641  87
643  95
644  84
645  7
645  97
645  98
646  82
647  63
647  81
648  92
648  99
649  4
649  72
649  87
649  95
650  75
651  82
651  97
651  98
653  8
653  84
654  80
654  81
655  82
655  95
656  3
656  16
656  76
656  97
657  94
657  98
658  7
659  63
659  82
659  87
661  81
661  92
661  95
661  97
662  73
662  99
664  15
665  17
665  72
665  82
665  84
666  71
666  97
667  98
668  81
668  95
669  48
669  50
669  87
670  11
671  29
671  82
671  97
672  1
673  47
674  56
674  92
675  81
676  15
676  79
676  95
676  97
676  99
677  17
677  68
677  82
677  84
679  30
679  32
679  87
681  97
682  69
682  94
683  81
683  82
684  95
685  48
686  11
686  97
687  92
689  15
689  73
689  82
689  84
689  87
690  17
691  95
691  99
692  80
693  97
695  47
695  81
695  82
699  79
699  87
699  95
700  92
701  82
701  97
703  98
704  15
704  17
704  48
705  11
706  9
706  31
707  82
707  95
708  94
709  87
709  97
712  32
713  82
713  92
715  95
717  97
719  82
719  87
720  15
720  17
722  95
725  47
725  82
725  97
726  92
727  1
727  84
728  11
728  48
729  87
729  95
731  82
732  79
732  97
735  73
736  94
736  95
737  17
737  82
738  15
738  62
738  92
739  87
739  97
740  98
741  56
743  82
743  95
744  69
745  60
745  97
748  81
749  82
749  84
749  87
749  97
750  92
750  95
752  64
753  97
754  11
755  17
755  81
755  82
755  99
756  48
757  15
757  95
757  97
759  84
759  87
761  81
761  82
761  97
761  98
762  92
763  94
763  95
765  82
765  97
766  72
766  99
767  81
767  98
768  47
768  84
768  87
769  82
769  95
769  97
770  7
770  32
770  63
770  92
771  16
771  80
772  98
773  81
773  82
773  84
773  97
774  95
775  4
775  17
775  75
775  79
775  87
776  72
776  82
776  97
777  3
777  15
777  29
777  50
777  64
777  92
777  98
777  99
778  7
778  62
778  84
779  63
779  68
779  81
779  82
779  95
779  97
780  16
780  31
781  0
781  11
782  32
782  73
782  80
782  82
782  87
782  97
782  98
783  71
783  84
784  6
784  47
784  64
784  85
784  92
784  95
785  48
785  62
785  81
785  82
785  97
786  72
787  7
787  98
788  63
788  68
788  82
788  84
788  97
788  99
789  16
789  31
789  76
789  87
789  94
789  95
790  4
790  10
791  8
791  75
791  81
791  82
791  92
791  97
792  23
792  62
792  64
792  78
792  98
793  0
793  80
793  84
794  29
794  50
794  82
794  95
794  97
795  17
795  32
796  7
796  87
797  63
797  68
797  72
797  81
797  82
797  97
798  15
798  84
798  92
798  98
799  6
799  16
799  31
799  70
799  95
799  99
800  47
800  62
800  64
800  82
800  97
803  81
803  82
803  84
803  85
803  87
803  97
804  80
804  95
804  98
805  92
806  0
806  3
806  7
806  82
806  97
807  63
807  68
808  4
808  62
808  64
808  72
808  84
809  1
809  19
809  75
809  81
809  82
809  95
809  97
810  16
810  31
810  32
810  87
810  98
811  99
812  76
812  82
812  92
812  97
813  11
813  49
813  84
814  10
814  29
814  50
814  95
815  80
815  81
815  82
815  94
815  97
816  98
817  7
817  48
817  62
817  64
817  87
818  6
818  17
818  63
818  68
818  82
818  84
818  97
819  8
819  23
819  78
819  92
820  47
820  56
820  71
820  72
820  95
821  81
821  82
821  97
822  0
822  15
822  16
822  31
822  98
823  84
823  99
824  82
824  85
824  87
824  97
825  95
826  80
826  92
827  62
827  64
827  79
827  81
827  82
827  97
828  7
828  32
828  84
828  98
830  4
830  63
830  82
830  97
831  68
831  87
831  95
832  75
833  72
833  81
833  82
833  84
833  92
833  97
