157  36
158  11
159  34
160  55
161  58
162  67
166  40
171  9
179  21
182  62
188  36
190  11
191  34
195  58
197  7
201  63
207  42
207  55
210  67
216  9
219  36
219  40
221  11
224  34
226  27
231  58
234  21
240  43
249  36
249  55
252  62
252  67
253  11
256  34
261  40
263  9
266  27
266  58
279  36
280  7
282  55
284  11
285  67
287  34
290  63
291  21
296  43
297  40
298  42
300  58
301  62
304  27
308  36
309  9
312  55
314  11
316  67
317  34
324  12
327  48
329  40
334  58
336  7
337  36
340  55
343  27
344  62
344  67
345  43
346  11
347  21
347  81
349  34
352  48
354  63
358  47
358  92
359  84
360  19
360  40
362  42
363  43
364  9
364  39
364  48
367  55
368  46
368  47
368  92
370  84
372  19
372  67
373  35
376  49
377  48
378  92
379  47
381  39
381  84
382  43
385  19
386  46
388  62
388  92
391  40
391  47
391  48
392  84
393  7
395  55
398  92
399  19
401  39
402  35
402  67
403  84
404  43
404  47
406  46
406  48
408  92
411  49
413  6
413  33
413  94
413  95
414  84
415  19
416  46
418  47
418  92
421  22
421  94
421  95
422  6
422  17
422  33
422  48
423  63
425  84
426  39
426  46
426  55
427  90
428  40
428  92
428  99
429  73
429  94
429  95
431  6
431  33
431  43
432  47
433  19
436  84
437  42
437  46
437  94
437  95
438  22
438  92
439  17
440  6
440  33
442  48
445  94
445  95
446  81
447  84
448  47
448  90
448  92
449  46
449  99
450  6
450  33
451  35
451  73
453  94
453  95
454  19
458  22
458  39
458  84
458  92
460  17
461  6
461  33
461  46
461  94
461  95
466  47
468  73
468  92
469  84
469  90
469  94
469  95
471  72
471  99
472  6
472  33
472  97
473  20
473  85
474  46
474  71
476  0
476  73
477  94
477  95
478  19
478  92
479  72
480  84
480  97
482  20
482  85
483  4
484  6
484  22
484  33
484  71
485  70
485  73
485  94
485  95
486  17
486  47
486  49
488  46
488  72
488  92
488  97
489  0
491  84
491  85
492  20
492  90
493  94
493  95
494  71
494  73
494  99
496  97
497  6
497  33
497  48
497  72
498  92
500  85
501  39
501  94
501  95
502  84
503  20
503  46
504  0
504  4
504  19
504  73
504  97
505  71
507  47
507  72
508  92
508  94
509  70
509  85
509  95
511  6
511  33
512  76
512  97
513  84
514  73
515  20
515  90
516  94
517  71
517  72
517  95
517  99
518  85
518  92
519  46
520  97
521  0
521  22
522  17
523  84
524  94
524  95
525  73
526  6
526  33
527  85
527  92
528  20
528  72
528  97
529  48
530  47
530  71
532  4
532  94
532  95
533  19
533  84
536  85
536  92
536  97
537  46
537  73
538  90
539  94
539  95
540  35
540  72
540  99
541  0
542  6
542  20
542  33
543  84
544  71
544  97
545  85
545  92
546  70
546  94
546  95
549  39
549  73
552  72
552  97
553  76
553  84
553  94
553  95
554  47
554  52
554  64
554  85
554  92
555  46
555  71
555  79
557  20
557  57
558  6
559  32
559  33
559  48
560  90
560  94
560  95
560  97
561  52
561  56
561  64
561  77
562  73
562  76
563  19
563  79
563  84
563  85
563  92
563  99
565  0
565  72
566  71
567  57
567  94
567  95
568  97
569  52
569  64
570  22
571  17
571  32
571  76
572  79
572  85
572  92
573  84
574  20
574  46
574  94
574  95
575  56
575  77
576  6
576  73
576  97
577  4
577  33
577  52
577  64
578  47
578  57
578  71
579  72
581  76
581  79
581  85
581  88
581  92
581  94
581  95
582  84
583  90
584  97
586  99
587  48
588  94
588  95
590  85
590  92
591  19
591  73
591  84
592  32
592  46
592  97
593  20
593  49
594  6
595  0
595  33
595  39
595  72
595  94
595  95
598  92
599  43
599  47
599  48
599  55
599  67
599  71
599  85
600  84
600  97
601  40
602  94
602  95
603  62
605  90
606  7
606  92
607  73
608  85
608  97
608  99
609  55
609  67
609  84
609  94
609  95
610  43
610  46
610  63
611  42
612  40
612  48
613  6
613  33
613  72
614  92
615  20
616  19
616  62
616  94
616  95
616  97
617  85
618  70
618  84
619  11
619  35
619  36
619  48
619  55
619  67
620  34
620  47
620  58
621  27
622  7
622  43
622  92
623  9
623  17
623  22
623  40
623  94
623  95
624  21
624  81
624  97
625  12
625  73
626  11
626  36
626  48
626  85
626  90
627  34
627  84
628  58
629  27
629  46
629  63
629  71
629  99
630  55
630  62
630  67
630  92
630  94
630  95
631  42
632  72
632  97
633  6
633  9
633  33
633  36
633  39
634  11
634  48
635  21
635  34
635  40
635  43
635  85
636  12
636  58
636  84
637  94
637  95
638  0
638  27
638  92
640  7
640  20
640  36
640  47
640  97
641  19
641  67
642  11
642  48
642  55
643  34
643  73
644  9
644  85
644  94
644  95
645  58
645  84
645  90
646  62
646  92
647  21
647  27
648  36
648  40
648  43
648  46
648  97
648  99
650  11
650  12
650  48
651  34
651  63
651  94
651  95
652  6
652  33
652  72
653  67
653  85
654  58
654  84
654  92
655  55
655  71
656  9
656  36
656  42
656  97
657  27
658  48
658  94
658  95
659  11
659  17
659  81
660  4
660  34
660  73
661  21
661  47
662  7
662  85
662  92
663  22
663  40
663  43
663  84
663  90
664  12
664  20
664  58
664  97
665  36
665  62
665  94
665  95
666  19
666  46
666  67
667  48
667  99
668  11
668  27
668  55
669  9
669  34
670  92
671  6
671  33
671  49
671  72
671  85
672  39
672  84
672  94
672  95
672  97
673  75
674  36
674  58
676  48
677  0
677  21
677  73
678  11
678  71
678  92
678  94
678  95
679  27
679  34
679  40
679  43
679  85
680  63
680  67
680  84
680  97
681  12
681  47
681  90
682  55
683  9
683  36
684  46
684  52
684  64
684  94
684  95
685  48
685  58
685  76
685  79
685  86
686  62
686  92
686  99
687  20
687  35
687  85
688  57
688  84
688  97
689  7
689  11
689  33
689  71
690  6
690  34
690  42
690  72
690  94
690  95
691  19
691  32
691  52
691  56
691  64
692  27
692  77
693  36
693  79
694  48
694  73
694  76
694  92
695  21
695  67
695  85
696  40
696  84
696  94
696  95
696  97
697  43
697  55
697  58
697  70
698  9
698  57
699  52
699  64
699  81
699  90
700  11
700  12
701  34
701  71
701  92
702  46
702  47
702  79
702  94
702  95
703  85
703  97
704  17
704  32
704  36
704  48
704  51
704  56
704  76
704  84
705  99
706  27
706  77
707  52
707  64
708  33
708  72
708  88
708  92
708  94
708  95
709  6
709  22
709  57
709  58
710  20
710  62
710  97
711  39
711  67
711  73
711  79
711  85
712  0
712  11
712  84
713  34
713  55
714  48
714  71
714  76
714  94
714  95
715  9
715  21
715  36
715  40
715  92
716  19
716  43
716  64
717  52
717  90
717  97
718  63
719  85
720  27
720  46
720  84
720  94
720  95
721  12
722  47
722  58
722  92
723  4
723  7
724  11
724  48
724  97
724  99
725  34
726  94
726  95
727  6
727  33
727  36
727  67
727  72
727  85
728  84
729  55
729  73
729  92
731  97
732  94
732  95
733  9
733  42
734  27
734  40
734  48
735  20
735  58
735  85
735  90
736  11
736  43
736  62
736  84
736  92
737  21
737  34
738  46
738  94
738  95
738  97
739  36
741  19
743  47
743  81
743  85
743  92
743  99
744  84
744  94
744  95
745  48
745  67
745  97
746  12
747  6
747  33
747  55
748  73
749  11
749  58
750  34
750  39
750  72
750  92
750  94
750  95
751  27
751  85
752  36
752  84
752  97
753  9
753  90
754  40
754  49
755  0
755  17
756  46
756  48
756  94
756  95
757  35
757  92
758  43
759  85
759  97
760  84
761  22
761  99
762  20
762  21
762  71
762  94
762  95
763  7
763  11
763  47
763  67
764  34
764  58
764  92
765  33
765  36
765  55
765  63
765  73
766  6
766  19
766  62
766  97
767  48
767  85
768  84
768  94
768  95
769  27
769  72
771  90
771  92
773  9
773  12
773  97
774  46
774  94
774  95
775  40
775  85
776  84
777  11
778  34
778  36
778  48
778  92
778  99
779  71
780  43
780  58
780  94
780  95
780  97
781  42
782  67
782  73
783  47
783  55
783  85
784  6
784  33
784  70
784  84
785  81
785  92
786  20
786  94
786  95
787  27
787  97
788  39
788  72
789  48
789  90
790  19
790  21
791  84
791  85
792  0
792  11
792  36
792  46
792  92
792  94
792  95
793  34
794  97
796  9
796  99
797  4
797  58
797  62
798  40
798  94
798  95
799  84
799  85
799  92
800  48
800  73
801  97
802  6
802  33
802  55
802  67
803  7
803  17
803  43
803  47
804  94
804  95
806  36
806  84
806  92
807  12
807  22
807  27
807  90
808  11
809  46
810  34
810  85
810  94
810  95
812  48
812  63
813  92
813  99
814  84
815  19
815  58
816  94
816  95
818  86
820  92
821  21
822  84
823  9
823  36
823  40
823  55
824  47
824  67
825  11
826  35
826  48
827  81
828  27
829  34
