224  13
229  14
232  88
239  19
240  21
240  94
269  87
273  88
281  41
282  97
284  74
285  94
292  13
304  19
306  14
307  88
318  72
320  31
321  26
322  94
330  87
331  21
336  50
337  88
345  79
353  97
354  13
354  94
363  88
365  19
374  14
379  87
386  79
386  94
389  74
391  25
392  47
394  61
396  8
401  75
407  97
408  25
411  47
412  13
413  21
414  27
415  61
416  45
420  8
428  27
429  25
434  75
435  47
435  52
441  61
455  25
456  8
462  52
463  54
465  32
466  18
467  47
468  71
472  4
475  0
477  54
480  32
482  61
483  18
483  34
487  71
489  25
493  54
496  27
497  4
498  32
499  0
499  52
503  18
508  5
508  66
509  65
512  54
512  58
512  71
513  52
520  32
520  82
521  66
523  5
523  65
526  53
528  0
529  18
529  29
529  58
532  52
534  34
535  4
536  54
536  60
536  66
537  91
538  0
538  85
539  7
539  65
543  82
544  92
545  38
545  48
546  71
548  60
549  0
549  5
549  32
549  58
549  91
551  85
553  66
558  7
559  65
564  18
565  54
566  92
567  0
567  52
568  82
571  5
573  66
575  53
577  58
579  63
587  27
587  32
592  47
593  25
594  79
596  45
597  8
597  61
597  74
599  14
599  27
599  75
600  13
602  79
603  97
604  21
605  88
606  94
608  19
609  72
611  79
611  87
613  47
614  25
615  14
615  31
615  41
616  13
616  88
617  74
618  94
620  26
621  19
623  79
623  97
625  21
626  50
627  87
627  88
630  72
630  94
633  16
634  14
635  13
636  19
636  31
638  88
639  41
643  94
644  87
644  97
649  88
652  21
654  19
656  74
656  94
657  13
657  14
661  88
662  87
666  97
667  31
669  94
673  88
675  19
677  41
680  87
682  94
684  13
685  72
685  88
686  14
686  26
688  21
689  97
695  94
696  79
697  88
699  87
700  19
705  79
708  94
709  88
711  25
712  47
712  61
712  97
713  8
714  72
714  74
714  79
715  13
716  31
718  75
718  87
719  48
720  27
721  88
721  94
722  14
724  79
726  19
727  50
728  25
730  47
730  61
731  27
731  45
732  88
733  8
734  94
735  21
735  74
735  79
735  97
736  87
740  52
741  54
742  27
743  88
744  18
744  32
744  34
745  31
745  71
745  75
746  0
747  41
747  79
747  94
748  25
748  65
748  66
749  4
749  5
749  72
750  13
750  91
751  47
751  48
751  52
751  60
751  61
751  82
751  85
752  45
753  58
754  0
755  27
755  54
755  92
756  7
758  8
759  38
759  87
759  91
760  18
760  32
760  97
761  60
761  65
761  66
761  85
762  0
763  52
763  71
764  5
766  29
767  82
768  91
769  48
769  92
770  58
771  34
771  85
772  60
773  7
774  20
775  53
779  38
783  91
793  4
