171  19
171  60
191  9
191  70
237  19
237  60
265  92
266  93
272  80
278  65
285  9
285  70
288  95
294  93
296  92
297  4
298  87
299  19
299  60
306  80
329  92
330  87
337  86
342  99
344  14
351  84
353  87
355  75
356  19
356  60
356  86
357  66
358  72
361  7
366  99
368  9
368  70
375  87
376  86
376  92
378  14
384  84
391  99
396  86
396  87
397  66
407  73
409  92
411  19
411  60
416  86
416  87
417  99
421  84
431  75
435  87
436  86
437  92
443  70
443  99
445  9
446  14
453  87
456  86
458  84
461  19
461  60
461  92
463  66
468  99
471  87
471  93
475  80
475  86
477  92
478  13
481  95
482  65
485  93
488  87
493  80
493  92
493  99
494  86
495  6
495  84
498  13
500  4
500  93
505  19
505  60
505  87
505  95
508  9
508  70
509  65
509  92
511  80
513  86
515  93
516  7
516  72
518  99
521  87
524  13
524  92
529  66
530  80
530  84
530  93
530  95
532  86
537  76
537  87
538  66
539  24
539  77
539  92
540  7
542  73
542  99
543  6
543  88
544  74
545  93
548  14
548  19
548  60
548  66
549  11
549  80
550  76
550  86
552  65
552  87
553  24
553  44
553  77
554  92
556  95
558  7
558  66
560  88
560  93
561  13
563  84
564  76
565  28
565  74
565  99
567  87
568  80
568  86
568  92
569  4
569  9
569  24
569  66
569  70
570  77
575  93
577  11
578  88
580  76
581  66
581  87
582  7
582  92
582  95
585  86
587  80
587  99
589  24
589  60
590  19
590  77
590  93
592  44
592  75
594  66
594  74
594  84
595  87
596  88
596  92
600  76
601  86
605  93
606  13
606  80
607  99
608  87
609  92
609  95
613  72
614  3
614  13
615  2
615  55
616  66
616  86
619  65
620  5
620  91
620  93
621  87
622  92
623  13
623  14
623  84
624  68
625  3
625  80
626  99
627  2
627  9
627  35
627  55
627  70
628  60
628  72
628  73
629  92
630  19
630  86
632  13
633  46
634  87
635  57
635  91
635  93
636  92
636  95
637  3
637  51
637  53
637  73
637  78
638  5
639  1
640  2
641  55
642  13
643  46
643  86
643  92
645  72
645  80
645  99
647  6
647  57
647  68
647  73
647  87
649  84
650  3
650  78
650  92
650  93
651  53
651  91
653  1
653  13
654  46
656  2
656  86
657  55
657  73
657  92
658  35
659  87
660  5
661  57
663  95
663  99
664  13
664  78
664  80
664  92
665  3
665  72
665  93
666  46
667  53
667  91
668  73
669  86
670  1
670  19
670  60
671  87
671  92
673  18
674  84
675  2
676  13
676  55
677  57
678  92
679  70
679  93
680  46
680  73
681  68
681  78
681  86
681  99
682  14
682  80
683  3
683  9
683  28
683  87
683  91
684  66
685  92
688  13
688  53
688  95
690  88
691  72
692  51
692  87
692  93
693  7
693  75
693  76
694  1
694  5
694  66
694  77
694  86
695  6
695  24
698  33
698  92
699  2
699  80
699  84
699  87
699  99
700  22
700  91
701  13
701  26
701  55
703  4
704  6
704  93
705  65
705  66
705  88
706  19
706  60
706  87
707  33
708  74
708  86
710  3
710  11
710  76
710  92
711  22
712  7
712  77
712  95
713  1
713  6
713  87
714  24
714  26
716  80
716  93
717  33
717  66
717  99
719  78
720  87
720  88
722  86
722  92
723  6
723  22
723  84
726  44
727  51
727  87
728  26
728  33
728  93
730  66
730  76
732  9
732  61
733  70
733  80
734  6
734  77
734  87
734  92
735  1
735  95
735  99
736  7
736  86
737  22
737  24
737  88
740  33
740  93
741  87
742  74
743  19
743  66
744  60
745  6
745  26
746  92
747  84
748  87
749  86
750  80
751  78
752  11
752  93
752  99
753  22
753  88
754  33
754  76
754  87
757  6
757  66
757  92
757  95
760  13
760  87
762  1
762  65
762  77
762  86
763  14
763  93
764  91
765  92
766  7
766  24
766  26
766  80
766  87
767  78
768  99
769  33
770  1
770  6
770  84
770  88
771  13
771  92
772  22
772  66
772  87
773  3
773  86
774  72
774  73
774  93
775  78
776  2
776  51
777  55
777  92
778  1
778  28
778  46
778  87
779  19
779  60
779  91
779  95
780  57
781  76
782  13
782  80
783  9
783  78
783  92
784  73
784  86
784  87
784  99
785  6
785  93
786  33
786  53
786  70
787  1
787  66
787  88
789  92
790  35
790  87
791  5
791  46
791  78
792  3
792  26
792  84
794  13
794  22
794  91
795  57
795  72
795  73
795  77
795  86
795  92
796  1
796  68
796  87
796  93
797  4
798  2
798  7
798  80
799  28
800  78
800  99
801  6
801  24
801  55
801  74
801  92
801  95
802  87
803  66
804  88
805  46
806  1
806  33
806  86
807  13
807  53
807  73
807  75
807  92
807  93
808  51
808  87
809  91
810  78
813  19
813  57
813  60
813  76
813  92
814  80
814  84
814  87
816  99
817  1
817  3
817  44
817  86
818  93
819  14
819  92
820  6
820  78
820  87
821  66
821  73
821  88
822  13
822  46
823  22
823  72
823  95
825  91
825  92
826  87
828  2
828  28
828  86
829  1
829  65
829  93
830  80
831  92
832  26
832  78
832  87
832  99
833  33
