392  92
405  17
405  65
411  42
417  46
433  92
440  8
445  4
445  60
448  30
448  91
468  92
479  17
480  65
483  50
485  16
498  92
503  56
507  24
510  46
512  50
519  16
525  92
526  7
547  17
549  84
549  92
550  30
555  50
568  56
572  92
573  16
585  4
592  7
593  46
593  92
594  60
609  17
609  84
610  50
612  92
620  26
622  24
631  92
632  56
637  16
638  30
649  92
652  42
654  65
655  84
657  91
658  7
658  47
664  8
666  17
666  50
667  46
667  47
667  92
670  1
672  42
673  25
675  3
675  65
675  76
676  47
677  54
679  91
684  7
684  32
684  47
684  92
686  25
688  14
688  56
689  37
690  54
691  3
691  66
691  76
692  32
692  47
693  15
693  64
694  84
695  71
696  48
696  88
697  42
698  31
699  23
699  32
700  4
700  8
700  92
701  25
701  47
701  65
702  14
702  87
702  91
703  62
704  37
705  33
705  54
706  16
706  32
706  49
706  72
707  78
707  95
710  3
710  76
711  19
711  29
711  60
711  75
713  63
713  87
714  32
714  47
715  23
715  56
715  88
716  7
716  62
716  72
717  71
718  14
720  25
720  33
721  37
723  13
723  55
724  29
724  49
724  54
725  87
726  32
727  63
729  95
730  53
731  62
732  84
733  23
734  75
736  19
738  72
739  29
742  87
746  63
