390  85
395  83
395  96
425  6
426  39
426  72
426  85
434  83
434  96
446  58
450  88
452  6
456  27
456  85
457  33
466  83
466  96
472  28
482  85
486  6
487  81
494  83
494  88
494  96
509  58
522  43
523  6
530  39
533  72
538  43
538  88
542  44
542  81
544  10
548  47
550  27
554  67
555  8
556  43
562  6
563  14
567  17
576  88
577  43
583  85
584  81
585  25
588  83
588  96
594  58
598  47
598  85
598  94
600  32
601  6
602  33
603  83
603  96
608  73
609  7
609  40
610  94
613  85
614  32
616  46
616  47
618  39
618  83
618  96
619  73
621  54
623  21
623  36
623  94
626  52
626  91
627  51
628  98
631  7
631  73
632  40
634  36
636  83
636  96
637  65
639  54
639  94
640  35
640  69
641  71
643  21
645  73
646  12
646  36
646  91
649  98
651  46
652  52
657  62
665  35
665  69
668  36
668  91
669  71
670  21
671  98
675  73
678  65
683  36
688  40
690  91
691  73
692  7
692  94
694  52
694  98
696  12
698  32
698  83
698  96
699  54
699  71
700  36
700  85
703  94
707  47
707  65
709  14
709  25
710  83
710  96
711  69
711  85
712  6
712  81
713  43
715  32
716  8
716  64
716  88
718  72
724  10
726  44
734  94
735  58
741  15
