11  8
11  22
11  57
11  71
15  6
15  73
18  19
18  60
19  81
19  98
20  35
20  44
23  13
23  66
24  8
24  22
24  26
24  53
24  57
24  71
24  80
24  99
25  18
25  61
25  82
25  97
29  14
29  65
30  2
30  77
30  86
30  93
33  6
33  73
34  29
34  50
38  22
39  8
39  57
39  71
39  81
39  98
40  85
40  94
41  19
41  60
46  44
49  35
51  80
51  99
52  97
55  22
55  66
55  82
56  8
57  57
58  6
58  71
58  73
60  25
60  54
61  13
61  81
61  98
63  11
63  68
67  61
67  86
68  53
68  93
73  26
76  17
76  62
77  8
77  22
79  97
81  57
82  18
82  33
82  46
83  19
83  60
83  71
84  44
84  80
84  99
86  81
87  98
90  82
93  38
94  41
106  6
106  8
106  73
106  97
107  22
107  85
108  94
111  66
113  81
115  98
119  86
120  57
122  80
122  93
122  99
123  50
125  71
132  82
132  97
136  44
141  35
142  61
142  81
143  98
145  8
152  22
152  65
154  14
157  97
158  80
158  99
161  81
162  77
171  8
171  53
172  94
174  98
178  6
178  82
181  66
181  81
181  97
183  86
183  99
185  80
186  2
186  93
190  44
198  65
201  8
201  81
204  97
206  94
206  98
208  57
208  99
210  77
211  80
213  22
217  85
219  53
220  71
220  81
227  6
227  82
232  99
235  98
237  81
238  80
239  57
239  61
240  94
241  60
242  19
242  22
244  71
246  8
247  86
251  57
251  81
251  93
252  98
255  22
255  73
256  99
261  71
263  8
263  57
264  60
264  80
264  81
265  19
269  22
270  98
273  94
276  82
277  57
277  81
279  65
280  99
281  71
281  97
282  8
282  13
284  22
287  98
292  57
292  80
294  60
296  19
296  71
296  81
299  98
300  6
300  22
300  85
302  26
307  14
307  73
307  99
308  57
309  2
311  71
311  98
312  86
313  29
314  80
315  81
316  93
317  22
323  98
324  85
325  57
326  82
328  71
331  99
332  8
333  26
333  81
333  97
335  14
335  22
335  98
336  80
337  73
338  19
339  60
341  2
342  57
344  71
346  35
349  18
349  82
349  85
349  98
350  38
353  13
355  99
357  80
357  81
359  26
360  35
364  82
366  18
366  29
367  98
371  13
375  85
376  35
377  86
378  80
378  99
379  14
379  73
379  82
380  98
381  71
383  93
385  81
385  97
386  57
390  22
391  98
393  18
394  2
397  26
399  8
399  71
399  80
400  85
401  57
401  81
401  99
402  98
404  22
413  81
413  98
414  19
414  60
415  8
416  80
417  57
417  99
418  71
419  22
419  94
423  81
428  8
428  98
429  77
431  6
431  85
432  97
433  22
434  53
434  57
434  81
435  65
437  99
438  8
438  94
439  80
440  44
441  66
442  86
445  50
445  61
445  97
447  41
447  93
448  81
452  53
452  98
453  44
453  77
453  82
456  66
457  6
457  99
458  94
458  97
460  80
462  93
463  61
464  65
464  73
464  81
467  44
467  50
471  97
472  25
473  66
473  68
476  62
477  33
477  93
479  73
483  44
484  97
485  61
492  93
494  53
494  66
496  99
497  73
497  97
498  50
501  16
502  44
503  30
508  93
510  25
510  97
513  61
513  82
514  86
515  68
516  19
517  73
520  66
523  97
524  93
524  98
525  44
526  81
528  33
530  80
532  62
534  99
535  94
536  8
536  97
538  81
540  73
540  93
543  8
545  22
546  6
546  53
547  80
547  81
547  98
548  77
549  50
549  57
549  97
550  19
550  99
551  8
552  22
552  44
552  94
553  61
553  65
554  66
555  71
556  81
556  98
557  60
558  57
558  80
561  82
561  99
562  8
562  22
563  71
563  85
564  98
565  81
566  57
570  35
570  71
571  80
572  6
572  13
572  14
572  82
572  86
573  26
573  60
573  98
574  2
575  18
575  94
578  29
578  99
579  85
581  35
583  82
585  6
585  13
585  54
585  86
586  11
589  17
589  46
593  18
596  81
598  98
599  86
600  80
609  6
612  82
625  63
652  98
653  81
674  99
677  97
684  93
687  80
689  98
691  81
698  82
714  86
722  99
724  98
726  81
728  97
729  85
734  80
751  82
751  94
752  93
758  98
760  81
769  99
779  97
780  80
783  86
792  98
794  81
803  82
815  99
821  93
825  98
826  80
827  81
830  97
