312  96
317  4
318  53
320  8
320  51
324  2
324  76
329  18
330  42
351  96
374  73
379  4
382  53
385  51
385  96
387  8
392  2
393  76
405  18
408  42
414  96
439  4
441  96
443  53
447  51
450  8
457  2
458  76
465  96
475  18
477  33
479  42
480  68
480  98
481  0
486  70
487  72
487  96
494  4
497  33
499  53
501  98
503  51
507  8
508  96
510  29
511  85
514  2
515  76
516  14
517  65
519  58
521  73
523  85
525  29
526  13
526  66
527  96
528  92
530  47
531  14
532  65
534  20
535  85
537  18
539  32
543  42
544  29
545  4
545  94
545  96
547  47
550  53
558  98
560  68
561  0
563  33
570  70
570  72
571  17
583  98
623  98
627  68
628  0
628  33
640  98
642  67
643  70
643  72
650  33
650  68
652  0
656  98
664  96
672  58
673  2
673  76
673  98
675  96
676  18
678  33
678  42
680  68
684  0
684  47
685  51
685  85
686  8
686  96
688  4
688  70
688  72
689  53
690  98
691  2
691  29
691  32
692  47
692  76
693  14
693  65
693  85
696  94
697  32
698  18
698  50
698  96
701  42
701  47
701  51
701  66
701  85
702  8
702  13
702  26
702  71
702  75
703  32
704  29
704  92
704  94
705  4
705  14
705  65
706  28
707  47
707  53
707  73
707  98
708  50
709  32
709  85
709  96
712  2
712  6
712  26
712  33
712  47
712  71
712  75
712  94
715  76
716  32
716  77
716  83
717  3
717  28
717  61
718  14
718  37
718  47
718  65
718  85
719  29
719  50
720  51
720  68
720  94
720  96
721  8
722  13
722  32
722  66
723  26
723  75
724  47
724  71
724  98
725  4
725  27
725  83
726  18
727  32
727  77
727  85
728  0
728  3
728  53
728  94
729  28
729  61
730  37
730  42
730  46
730  47
730  50
731  96
732  11
732  79
732  81
733  14
733  32
733  65
734  6
735  7
735  9
735  29
735  59
735  75
735  83
736  26
736  85
736  94
737  71
738  47
739  77
740  3
741  32
741  46
742  28
742  61
743  8
743  37
743  50
744  2
744  11
744  21
744  79
744  81
745  51
745  83
745  85
745  87
745  94
747  32
747  47
749  4
749  75
750  26
750  96
751  7
751  9
751  13
751  14
751  65
751  66
752  53
752  71
752  77
753  3
753  32
753  46
754  29
754  52
754  85
754  94
755  12
755  47
755  83
756  28
756  62
756  81
757  61
758  11
758  37
758  50
758  79
759  32
761  47
761  73
761  96
762  94
763  76
763  85
765  6
765  32
765  75
765  83
766  26
766  46
767  77
768  3
768  47
769  8
769  71
769  81
771  7
771  14
771  65
771  94
772  9
772  51
772  85
772  96
772  98
773  28
773  32
773  92
774  2
774  50
774  61
775  29
776  47
776  83
777  4
777  21
778  37
780  18
780  53
781  85
781  94
782  42
783  96
786  98
788  33
817  89
