5
59
62
94
91
29
26
4
68
5
14
28
57
74
66
48
66
11
31
28
39
72
24
82
6
13
37
82
38
30
15
81
59
21
74
29
50
56
12
83
22
24
16
88
86
89
1
65
78
94
70
36
12
33
20
64
48
55
7
94
24
76
57
99
49
77
65
90
51
4
87
15
81
28
43
73
27
5
63
90
27
34
99
25
31
77
80
53
43
9
63
59
5
15
89
98
72
87
49
44
47
23
29
59
71
80
62
26
50
93
64
35
85
28
32
30
83
90
7
43
35
43
80
15
85
86
38
4
46
9
49
62
38
50
58
6
42
71
41
64
40
70
17
4
38
19
68
7
87
49
13
83
66
0
55
92
93
10
58
98
75
0
35
85
60
24
18
30
36
82
88
48
93
47
70
87
42
1
72
92
13
96
61
5
65
35
87
37
70
99
41
12
98
93
65
42
31
76
68
14
54
50
55
19
94
77
64
73
87
31
99
20
80
18
24
83
67
7
26
44
48
87
6
88
25
59
92
31
39
37
70
17
81
75
15
87
57
42
80
83
67
29
89
50
96
20
56
51
8
70
55
50
12
22
35
5
6
45
1
43
53
6
60
88
78
13
49
40
69
16
25
20
6
52
16
3
28
77
63
55
48
47
14
15
60
9
72
64
11
94
75
62
38
78
81
48
35
10
67
11
26
23
40
45
87
89
71
53
10
79
82
19
39
91
36
20
16
26
22
38
43
94
25
0
36
81
55
13
61
12
23
20
54
98
88
71
35
32
22
74
62
20
11
24
36
86
17
87
60
52
85
56
54
50
24
9
28
8
2
49
92
2
62
90
26
10
65
4
86
72
46
8
48
81
84
85
1
11
91
80
14
21
34
75
35
63
74
76
37
48
90
72
51
94
80
27
96
48
68
8
18
24
3
31
13
59
36
68
21
51
13
73
62
26
43
7
72
55
68
6
12
24
50
61
78
53
30
47
38
13
54
33
49
59
31
9
38
32
74
78
50
56
22
44
20
10
37
35
0
69
28
36
72
42
46
14
25
15
22
63
16
60
58
55
53
42
0
50
43
22
7
33
22
63
11
56
41
46
20
43
20
8
36
56
5
10
41
69
43
67
5
32
61
17
21
40
22
76
3
44
7
55
9
42
73
67
62
81
4
99
67
49
51
7
34
14
29
96
3
98
9
49
53
29
10
83
88
24
98
7
51
2
10
82
47
3
49
74
30
78
66
42
73
36
76
0
61
59
18
47
5.5574
4.61848
3.18888
4.85407
6.50281
2.10245
5.75244
2.94606
9.02058
5.9018
9.76079
9.79114
4.62605
7.78591
8.35657
2.82051
4.54944
4.20814
8.03315
6.40532
0.631712
2.54896
0.0443661
7.22964
4.86319
4.44952
7.36985
8.60022
9.99626
0.666037
5.93459
2.56472
8.12216
9.45519
6.20823
7.40897
8.67012
4.16398
7.76014
1.27833
2.05811
9.8676
5.08301
0.903606
0.969741
1.86806
8.83567
6.2273
4.51525
6.77736
3.78878
1.2797
2.50511
4.58326
8.59341
2.55856
3.79656
0.163832
5.33989
1.926
3.95123
3.9166
3.61696
6.42478
6.58066
2.02145
2.7506
3.42015
9.99899
7.66422
4.23563
1.09054
8.80464
1.55819
0.994809
0.663072
1.13432
2.10293
6.77041
2.17827
5.78082
7.16175
5.55736
2.15343
8.40255
4.41769
8.53293
2.42461
3.5386
8.95305
1.27683
4.94131
0.365339
1.15637
3.45262
0.807619
3.94909
4.7155
7.40927
7.67247
3.83766
6.00731
3.41289
7.39064
2.74454
8.39752
0.566658
0.803863
2.514
3.59298
9.64222
1.82879
6.17441
0.471921
0.865972
3.99632
6.20753
3.14709
3.13019
4.60946
6.65775
9.03158
7.03673
6.8489
7.73535
4.92342
5.37495
8.12356
8.2113
7.06768
4.24165
2.5691
5.58706
0.282623
7.92389
3.63564
7.40361
2.81564
7.54511
7.33096
0.153143
7.26189
5.13012
5.86697
2.46288
4.23433
7.30529
1.653
9.92586
2.23234
3.03628
5.79242
9.9678
1.05571
1.51573
8.2883
2.01716
2.06891
6.58636
9.38523
2.1074
8.68442
5.98646
2.82261
3.83295
5.66148
0.205584
1.60458
0.488918
8.76114
0.883395
6.65531
7.39238
2.36341
0.354175
3.36962
8.48468
1.56962
0.0527691
7.84168
8.77017
2.99722
9.81708
8.46034
3.7057
4.16799
3.30395
0.204739
0.0630188
9.74032
8.13163
0.223111
3.33893
4.55855
0.747328
6.28295
3.34726
3.13994
7.41095
0.707214
5.40106
7.25432
7.87029
1.35619
2.52647
6.57745
4.56802
1.8136
6.31961
5.69972
4.97708
7.93118
7.54561
6.89483
8.30064
9.79819
6.89041
4.27394
1.96946
0.547457
2.97304
6.7351
0.00346123
2.35383
5.88939
6.14198
8.24875
5.29542
6.07393
7.07862
5.74454
2.03828
2.60851
0.45534
5.70953
7.32374
1.12816
7.61195
5.3192
5.18513
8.41034
0.0986589
6.99189
6.21663
8.05338
1.0986
6.8537
7.31454
6.28809
0
1.10503
9.45001
8.9569
5.54981
8.35208
6.45274
7.37554
9.14818
7.60651
8.89297
9.91682
9.46597
4.79071
5.24902
1.30972
7.22766
4.54603
9.88318
5.04333
7.43224
5.89449
1.30229
3.32815
4.2226
1.29022
8.20329
7.15683
1.33435
3.55903
6.74326
9.09767
7.6639
9.25309
10
6.83504
0.0316664
4.2718
1.64924
7.10593
5.45991
7.31972
2.72143
2.77307
4.37032
8.21719
9.96753
8.81376
9.15718
8.14071
5.98024
5.35577
7.85738
6.09392
3.42525
1.59304
8.88907
8.94481
2.61457
5.094
6.08567
1.1735
2.24431
5.68235
3.3516
8.15386
0.569151
6.98229
4.64998
2.76032
9.1104
8.10204
6.33654
9.93773
7.26178
4.45213
8.22459
2.14257
5.52595
3.71162
2.14696
6.5385
9.65049
3.46426
2.14179
6.71251
6.85305
5.43005
0.842463
9.20354
6.67655
3.7715
6.46704
0.00213656
2.72548
9.13602
2.5624
0.768932
5.23115
0.825069
10
1.9801
1.06728
2.21684
6.5638
0.573507
5.4457
2.46375
9.05107
7.8092
3.87751
5.02903
3.67824
4.15138
7.52944
7.93998
4.09904
0.780501
5.11005
4.21893
3.01651
1.26519
9.54485
5.77763
7.46669
1.48155
1.89208
5.70568
0.292156
8.25176
6.2403
4.01226
8.95295
7.89654
2.95626
8.64294
1.084
6.37577
5.01256
2.9829
4.79534
9.71475
9.88167
8.24514
9.99426
9.15472
4.68123
7.43273
0.013515
7.21474
4.09592
0.00268379
2.45074
0.0682635
2.49159
7.88674
7.25199
3.81935
5.48899
0.976138
6.7128
6.46082
5.03619
9.11162
0.950802
1.72876
2.83994
7.52656
1.34675
6.98055
9.56922
1.0925
3.33289
1.40058
2.72251
3.89559
9.54561
1.9078
4.71712
0.963368
8.57527
7.38768
9.65987
9.91282
1.99305
3.61863
4.89212
8.13124
5.31499
0
9.86439
2.57586
9.01887
5.32857
2.47368
4.6966
1.8164
9.52653
1.75565
3.31028
4.87567
0.054188
-0.0528763
-0.346125
-0.218422
5.4188
-0.211632
164.142
130
