8  13
8  66
12  1
12  12
12  67
12  78
13  11
13  15
13  26
13  39
13  53
13  64
13  68
13  87
13  92
14  7
14  38
14  40
14  41
15  10
15  34
15  45
15  69
15  72
16  37
16  42
17  13
17  66
18  14
19  24
19  32
19  55
19  65
20  30
20  71
21  8
21  31
21  47
21  88
21  91
22  48
22  49
25  67
26  1
26  12
26  78
26  87
26  92
27  13
27  39
27  66
28  15
28  26
28  53
28  64
29  7
29  11
29  68
30  38
30  40
30  41
32  72
33  21
33  58
34  10
34  34
34  36
34  43
34  45
34  69
37  37
37  42
38  13
38  66
40  87
40  92
41  14
41  67
43  1
43  12
43  78
43  88
43  91
44  39
45  24
45  55
46  15
46  32
46  64
46  65
47  7
47  26
47  30
47  53
48  71
49  11
49  68
50  13
50  31
50  66
51  38
51  40
51  41
52  8
53  73
54  6
54  18
54  61
55  72
55  87
55  92
56  47
58  49
60  10
60  48
60  69
61  34
61  45
61  67
63  13
64  12
64  39
64  66
66  1
66  78
68  42
68  88
68  91
69  37
70  87
71  7
71  92
72  15
72  64
73  26
73  53
74  14
78  11
78  13
78  68
81  66
83  40
86  87
87  38
87  41
87  92
90  39
90  67
92  24
92  32
94  55
96  13
96  91
97  12
97  88
100  30
100  66
100  87
101  72
103  1
104  78
104  92
106  7
106  71
107  15
109  31
111  13
112  10
113  87
117  41
117  65
118  42
118  69
119  66
121  92
122  45
123  34
126  64
126  87
127  39
128  13
128  91
129  53
130  88
131  15
132  26
132  79
133  0
138  87
139  92
141  14
142  66
145  11
145  67
146  24
147  13
148  41
148  68
150  87
155  42
157  92
160  7
160  15
162  87
162  91
163  88
167  13
167  40
168  66
174  39
174  87
175  92
179  8
179  37
179  71
180  10
183  12
186  87
187  41
190  13
193  38
193  92
195  15
196  32
197  78
198  87
198  91
199  1
199  66
200  88
205  42
210  87
212  92
214  13
219  24
219  30
221  47
222  7
222  87
223  39
228  31
230  14
230  41
231  92
232  15
232  67
233  66
233  87
235  91
238  13
238  88
244  87
250  92
255  87
256  72
257  64
258  49
260  39
260  42
261  71
262  13
263  26
263  53
264  7
266  87
269  92
270  10
270  15
270  66
272  91
274  32
275  41
275  88
277  87
285  14
286  11
287  69
288  92
289  48
289  68
290  13
290  87
293  30
294  39
295  45
296  34
297  24
298  31
302  21
303  7
303  12
304  61
304  87
307  58
307  92
308  67
309  91
310  40
313  88
314  87
321  13
321  78
323  1
324  87
326  66
326  92
330  15
330  39
334  87
336  41
337  42
339  55
340  32
342  38
343  13
344  71
344  91
345  92
346  7
346  65
346  87
347  14
348  1
349  12
351  26
351  88
352  10
352  45
354  43
355  53
359  91
361  1
362  87
363  12
363  68
364  92
367  39
368  37
369  36
370  30
371  26
372  45
372  87
377  10
377  31
377  66
380  13
381  64
382  87
383  15
383  92
385  67
386  91
387  7
387  41
388  88
389  24
391  87
392  42
398  13
399  66
400  87
402  92
404  15
404  39
409  14
409  71
409  87
410  72
412  41
414  32
417  13
418  87
420  11
421  92
422  42
424  66
425  88
426  24
427  15
427  87
432  7
432  8
432  91
436  87
437  13
440  78
440  92
441  41
443  39
445  87
450  40
450  69
452  30
452  66
454  87
455  15
458  13
459  31
459  92
460  42
462  34
463  87
463  88
466  67
471  71
472  87
473  91
474  41
478  24
478  92
479  13
479  14
481  87
482  7
482  66
484  15
488  47
490  38
490  87
497  92
499  87
500  88
502  10
504  42
508  87
509  41
511  53
512  91
514  66
516  15
516  92
517  87
520  64
521  61
524  13
526  87
534  49
534  87
535  39
535  92
537  24
537  88
540  13
542  41
542  68
542  87
544  32
545  7
545  15
545  66
546  42
550  87
550  91
553  39
554  14
554  30
554  37
554  71
554  92
556  11
556  13
557  31
558  87
559  67
561  78
562  1
562  12
563  10
565  26
565  45
565  91
566  87
569  7
570  53
570  72
571  1
572  12
572  55
573  13
573  15
573  39
573  65
573  92
574  32
574  41
574  66
574  87
574  88
575  21
575  68
577  10
577  45
577  91
578  26
580  1
582  12
582  24
582  87
585  42
587  48
588  14
588  53
589  91
590  1
590  13
590  45
590  68
590  87
591  30
591  40
592  26
592  92
593  10
593  12
594  11
594  71
595  7
595  39
597  31
598  87
600  68
601  1
601  15
601  21
601  91
604  45
605  12
605  36
605  43
605  66
606  6
606  11
606  41
606  69
606  73
606  87
608  13
608  26
609  53
610  67
610  88
611  10
611  68
611  92
612  0
612  1
613  91
614  87
616  32
618  11
618  12
618  34
619  39
620  45
620  78
621  26
621  67
622  53
622  87
623  7
623  68
623  76
623  88
624  1
624  3
625  42
625  91
626  69
627  13
628  34
628  78
629  11
629  38
630  24
630  58
630  67
630  87
630  92
631  10
631  14
631  15
632  12
632  26
633  17
633  43
633  53
634  36
634  64
634  88
635  62
636  68
636  78
637  1
637  66
638  45
638  87
638  91
639  34
640  11
640  41
640  67
642  69
645  26
645  53
645  78
646  21
646  71
646  87
646  88
647  13
647  39
648  12
648  30
649  92
650  68
650  91
651  1
651  34
651  67
653  7
653  10
653  11
653  58
654  6
654  73
654  87
655  78
656  31
657  15
658  53
658  79
658  88
659  26
659  45
661  69
662  67
662  87
663  91
665  13
665  34
666  12
666  42
666  66
666  68
666  78
667  1
667  11
668  92
670  32
670  87
670  88
671  41
672  53
674  26
674  67
675  39
676  8
676  91
677  40
677  72
677  78
678  87
679  10
679  14
680  34
681  12
681  24
681  47
681  65
682  11
682  66
682  88
683  45
683  49
684  1
684  13
684  48
684  68
684  69
685  15
686  40
686  72
686  87
687  7
687  43
687  53
687  67
687  92
688  91
689  78
690  58
691  26
693  87
694  36
694  47
694  65
694  88
695  40
696  12
696  34
696  66
696  72
698  8
698  49
699  11
699  48
700  87
700  91
701  67
702  41
702  71
702  78
703  1
703  13
703  68
704  39
704  53
704  92
705  40
705  42
705  61
706  88
707  66
707  72
707  87
708  30
708  65
709  10
709  64
710  26
710  37
710  38
710  47
710  69
711  13
711  45
711  92
712  12
712  55
712  91
713  15
714  66
714  87
715  8
715  34
715  40
715  49
716  67
716  78
717  11
717  31
717  48
717  64
718  88
718  92
719  38
719  72
720  7
720  13
720  18
720  37
721  66
721  87
722  53
723  1
724  55
724  65
724  68
724  69
724  91
725  64
725  92
726  40
727  14
727  32
728  38
729  12
729  47
729  66
730  26
730  88
731  37
731  78
732  8
732  67
732  72
732  87
732  92
733  24
733  39
734  13
734  64
736  34
736  49
736  91
737  55
737  66
738  11
738  38
738  40
739  48
739  87
739  92
740  69
741  45
742  37
742  53
742  88
743  13
743  64
743  65
744  1
744  66
746  21
746  72
746  87
746  92
747  12
747  68
748  38
748  78
748  91
750  67
751  26
751  40
752  8
752  13
752  47
752  55
752  66
753  7
753  64
753  87
753  92
754  88
755  10
755  18
755  37
757  41
758  69
759  38
760  11
760  15
760  30
760  66
760  87
760  91
760  92
761  13
761  34
761  39
762  72
763  58
764  49
764  53
764  64
765  1
765  42
766  12
766  40
766  65
766  78
766  88
767  71
767  87
767  92
768  66
769  37
769  48
769  55
769  67
770  68
771  13
771  38
772  91
773  45
774  14
774  26
774  87
774  92
775  24
775  64
776  8
776  66
778  31
778  41
778  69
778  88
779  15
780  72
781  13
781  87
781  92
782  10
782  32
782  40
782  47
783  7
783  11
784  91
785  37
785  38
785  66
785  78
786  12
786  53
787  64
788  1
788  39
788  67
788  87
788  92
789  34
790  42
790  55
790  88
791  13
794  66
795  65
795  68
795  87
795  92
796  91
798  26
800  15
800  38
800  40
800  72
800  73
801  36
801  41
801  49
801  64
802  13
802  43
802  69
802  87
802  88
802  92
803  37
803  66
805  6
805  71
806  45
806  78
807  12
808  8
808  91
809  11
809  87
809  92
810  67
811  53
812  10
812  48
813  1
813  13
813  66
814  88
816  7
816  55
816  64
816  87
816  92
817  38
817  39
819  24
820  14
820  30
820  91
821  40
821  42
823  29
823  34
823  66
823  87
823  92
824  47
824  68
824  72
825  13
825  15
825  37
826  26
826  88
827  41
830  78
830  87
830  92
831  69
832  12
832  91
