24  2
25  7
25  72
26  81
26  98
28  26
28  40
28  77
29  39
29  99
31  87
33  86
35  19
35  49
35  67
38  54
41  71
42  60
43  92
44  53
45  95
46  80
46  84
47  93
50  12
50  30
56  2
56  81
57  98
58  25
58  99
59  87
63  86
67  1
67  8
67  78
69  26
70  40
78  7
79  39
79  72
85  87
85  99
88  67
91  86
92  81
94  4
94  98
97  76
100  54
103  2
107  19
107  49
108  59
109  87
110  99
112  71
116  86
117  73
119  20
122  92
124  95
126  26
126  77
132  87
133  99
134  40
136  34
136  81
137  80
137  84
139  98
140  86
143  46
145  93
154  99
155  44
155  67
155  87
160  35
167  89
174  99
176  26
186  81
188  49
189  98
193  99
195  86
211  99
224  81
225  26
225  98
229  99
230  7
230  72
231  27
234  52
234  92
237  60
239  5
239  74
239  81
240  98
242  2
246  99
247  95
248  7
248  72
254  81
255  19
255  98
259  49
262  27
263  99
266  52
267  80
267  84
268  60
269  7
269  72
269  81
270  98
273  89
275  4
275  26
279  99
280  93
281  5
282  74
283  81
284  76
285  98
295  7
295  72
295  99
297  81
299  98
301  19
306  30
311  81
311  99
313  98
319  60
322  52
323  27
325  81
326  99
327  7
327  72
327  98
329  26
337  49
337  87
339  80
339  81
340  53
341  98
341  99
348  30
350  92
351  80
353  53
353  81
354  75
355  3
355  98
362  45
363  33
363  80
365  89
366  7
366  72
366  90
367  53
367  81
368  98
369  95
372  30
375  80
377  19
380  81
381  98
383  53
383  74
384  5
384  86
385  84
387  80
393  81
394  98
395  60
395  75
399  80
400  3
402  53
404  30
406  81
407  7
407  72
407  98
408  90
410  52
410  93
411  80
418  27
419  81
420  98
423  80
424  53
432  81
433  98
435  45
435  80
442  87
445  81
446  98
447  30
447  80
449  33
450  7
450  53
450  72
454  19
456  90
457  81
458  80
458  98
463  92
465  60
466  77
466  93
467  12
468  25
469  39
469  80
469  81
470  8
470  98
472  92
474  40
476  77
476  93
478  12
479  60
480  25
480  53
480  80
481  6
481  39
481  81
481  92
482  98
483  8
486  93
487  77
488  74
490  12
490  40
490  72
490  92
491  7
491  80
493  81
494  5
494  98
495  25
496  60
497  52
497  95
498  84
499  39
501  30
501  75
502  27
502  80
502  99
505  81
505  90
505  93
506  98
511  26
511  99
512  49
513  53
513  80
516  81
517  86
517  98
519  3
520  99
522  19
524  26
524  80
526  87
526  89
527  72
527  81
528  7
528  49
528  86
528  98
529  99
530  2
530  4
530  34
531  46
531  54
531  67
532  71
534  76
534  87
535  19
537  40
537  86
538  81
538  99
539  26
539  98
540  2
542  54
542  67
542  87
544  71
546  73
546  86
547  99
548  39
549  19
549  81
550  98
551  2
551  87
552  40
554  49
554  54
554  67
555  86
556  26
556  99
557  89
558  71
560  81
560  87
561  98
563  2
564  86
565  19
565  99
566  7
567  67
567  72
568  54
569  40
569  87
571  81
572  39
572  98
573  86
574  71
574  99
575  5
575  27
576  2
576  4
576  26
577  52
578  87
580  73
582  67
582  81
582  86
583  19
583  98
583  99
584  54
585  80
586  49
586  74
587  34
587  87
589  40
591  2
591  76
591  86
592  89
592  99
593  71
593  81
594  80
594  98
596  87
597  46
598  95
599  26
599  30
601  53
602  7
602  67
602  72
602  99
603  80
604  39
604  81
604  92
605  93
605  98
606  86
608  60
609  77
609  84
610  12
611  8
611  49
611  90
611  99
612  25
612  80
612  92
613  93
615  81
616  98
619  30
619  53
619  77
620  60
620  92
621  12
621  80
621  93
621  99
622  98
623  7
623  39
624  8
624  84
625  25
625  81
626  1
626  6
626  26
626  77
628  59
628  92
628  98
629  93
630  44
630  80
630  89
631  7
631  16
631  99
632  84
633  12
633  77
634  60
634  98
635  72
635  81
636  1
636  92
637  93
638  8
638  75
639  7
639  25
639  45
639  80
640  49
640  53
640  77
640  84
640  98
641  59
641  99
642  90
644  30
644  33
644  44
644  52
644  83
644  92
645  39
645  81
645  93
646  27
646  98
647  7
647  12
648  1
648  77
648  80
648  84
649  3
649  60
651  99
652  16
652  40
652  92
652  98
653  93
654  8
655  25
655  59
655  81
656  7
656  77
656  84
657  74
657  80
658  98
659  26
660  92
660  99
661  1
661  6
661  44
662  12
662  93
664  53
664  77
664  84
664  98
665  7
665  81
666  60
666  80
668  89
668  92
669  99
670  39
670  49
670  72
670  98
671  93
672  5
672  30
672  59
672  83
672  84
673  8
673  77
674  25
675  7
675  80
675  81
675  90
676  1
676  40
676  92
676  98
677  86
677  87
678  99
680  12
680  39
680  93
683  84
684  16
684  19
684  80
684  81
684  87
684  92
685  2
685  40
685  60
685  86
685  98
686  44
687  26
687  99
688  54
688  72
688  77
688  95
689  67
689  81
689  93
690  39
691  53
691  71
691  78
692  2
692  87
692  92
693  4
693  20
693  80
693  86
694  35
694  40
694  81
695  63
695  72
695  95
696  98
696  99
697  8
697  19
698  25
698  93
699  2
699  81
700  87
701  78
701  86
701  92
702  30
702  80
702  95
703  39
703  54
703  72
704  20
704  67
704  81
704  89
705  99
706  98
707  2
707  35
707  71
708  76
708  87
708  96
709  12
709  81
709  86
709  90
710  95
711  40
711  72
711  80
712  19
712  49
712  52
712  78
714  63
714  81
714  99
715  2
715  26
716  73
716  87
716  98
717  20
717  27
717  86
718  95
719  54
719  72
719  81
720  80
721  53
721  67
722  35
723  2
723  99
724  78
724  81
724  87
725  86
726  95
726  98
727  71
728  72
729  19
729  80
729  81
732  2
732  20
732  75
732  87
732  99
733  86
734  30
734  81
734  95
734  96
736  98
737  5
737  72
737  78
738  80
739  54
739  81
739  89
740  35
740  63
740  67
740  87
741  2
741  86
741  99
742  34
742  95
743  92
744  40
744  81
744  93
745  26
745  90
745  98
746  72
746  74
747  19
747  80
748  39
748  87
749  81
749  86
750  2
750  20
750  92
750  95
750  98
750  99
751  71
752  7
752  53
752  77
752  78
752  84
752  93
754  40
754  49
754  60
754  81
755  98
756  46
756  72
756  80
756  87
757  3
757  86
757  92
758  95
759  39
759  81
759  84
759  99
760  2
760  7
760  77
760  93
760  98
761  54
762  1
762  12
762  67
763  25
763  35
764  81
764  87
764  92
764  96
765  8
765  40
765  59
765  80
765  86
765  98
766  72
766  84
766  95
767  19
767  45
768  7
768  30
768  93
768  99
769  60
769  77
769  78
769  81
770  39
770  98
771  2
771  44
771  92
772  20
772  87
773  80
773  84
773  86
773  89
774  26
774  83
775  98
776  1
776  7
776  81
776  93
776  95
777  40
777  99
778  53
778  77
778  92
779  90
780  27
780  71
780  84
780  87
780  98
781  12
781  33
781  80
781  86
782  39
782  52
783  25
783  49
783  59
784  16
784  93
785  6
785  7
785  92
785  98
786  60
786  81
786  99
787  8
787  73
787  77
787  84
789  80
790  98
791  4
792  92
792  93
793  1
794  7
795  44
795  84
795  98
795  99
796  81
797  77
797  80
800  92
800  93
800  98
801  83
803  12
803  84
804  7
804  99
805  26
805  59
805  60
805  80
805  98
806  81
806  87
807  89
808  25
808  76
808  77
808  92
808  93
809  53
809  86
810  98
811  84
812  90
812  99
813  1
813  80
813  81
813  87
814  7
814  8
815  39
815  40
815  74
815  98
816  92
816  93
817  30
817  86
818  49
818  81
818  95
819  84
820  77
820  98
820  99
821  19
821  72
821  80
821  87
822  2
823  81
824  92
824  93
825  7
825  86
825  95
825  98
826  5
827  40
827  84
828  39
828  60
828  81
829  44
829  54
829  67
829  80
829  87
829  99
830  72
830  98
831  12
832  2
832  83
832  92
832  93
833  77
833  81
833  86
833  95
