9  43
10  32
10  36
11  47
12  33
12  46
12  89
12  90
13  20
13  59
15  34
15  45
16  4
16  5
16  75
16  76
16  87
16  92
17  24
17  39
17  40
17  55
17  74
18  3
18  38
18  41
19  43
19  83
20  31
20  36
20  48
20  84
20  95
21  32
21  96
23  7
23  28
23  47
23  51
23  72
23  82
23  97
24  90
25  46
25  89
26  33
27  60
28  19
28  59
29  20
30  43
31  25
31  54
31  88
31  91
32  36
32  87
32  92
34  14
34  32
34  34
34  45
35  5
35  76
36  90
37  4
37  26
37  47
37  53
37  75
38  24
38  39
38  40
38  55
39  83
39  89
40  46
40  65
40  74
41  3
42  33
42  38
42  43
42  84
42  95
43  41
44  96
45  36
46  59
47  0
47  79
48  32
48  82
48  90
49  20
49  97
50  87
50  92
51  31
51  48
53  89
54  47
55  43
55  69
58  46
59  5
60  76
60  83
61  34
61  36
61  45
61  90
62  85
62  94
64  33
65  32
66  7
66  28
66  72
67  51
67  84
67  95
68  89
69  92
70  24
70  43
70  55
70  87
70  96
71  4
71  40
71  75
72  39
72  59
74  88
74  90
74  91
76  10
76  47
78  82
79  20
80  97
81  36
81  74
81  83
83  3
83  46
83  89
85  32
87  43
87  90
89  92
90  87
91  38
91  41
93  5
94  84
95  95
96  33
98  76
99  89
99  96
101  90
103  83
108  36
108  43
108  47
110  32
111  92
112  60
112  87
114  19
115  82
115  90
116  59
116  89
117  34
117  97
121  46
123  20
123  45
125  83
125  84
126  95
127  92
128  33
129  75
129  90
130  48
131  24
132  96
133  89
134  43
135  87
135  91
136  88
142  32
142  90
142  92
143  34
144  5
147  83
149  20
150  89
151  7
151  36
155  82
156  76
156  90
157  33
157  84
157  92
157  97
158  87
158  95
159  75
161  14
164  24
164  43
167  96
168  83
168  89
169  47
169  90
171  40
173  31
178  32
178  46
179  48
180  92
181  90
182  87
185  89
186  95
188  39
188  83
190  84
191  90
193  91
194  4
194  38
195  55
196  43
197  5
199  25
200  59
200  82
200  97
201  28
203  89
203  90
203  95
204  96
207  87
208  92
209  39
210  88
211  26
213  85
216  36
216  90
217  38
219  91
220  60
220  95
221  89
222  83
223  47
224  82
224  97
225  84
229  90
231  36
232  87
234  28
235  92
236  43
237  32
237  95
238  39
238  74
239  89
241  47
242  90
242  96
243  82
243  97
247  36
247  54
248  91
249  25
256  87
256  89
257  43
257  84
258  38
261  47
261  82
261  92
261  97
262  41
263  3
263  32
263  90
264  36
266  51
267  88
268  40
268  89
272  84
273  83
273  94
276  95
278  53
279  19
279  41
280  82
280  89
280  96
280  97
281  87
283  43
283  90
286  36
286  92
287  84
288  40
288  45
288  54
289  47
289  88
291  51
291  89
300  41
300  89
301  96
302  84
303  90
305  74
306  3
307  87
309  89
312  33
312  40
312  72
312  88
312  92
315  65
315  83
316  96
317  19
317  84
317  94
318  89
321  95
322  20
322  90
323  36
323  47
323  74
325  51
326  41
328  3
329  53
329  89
332  82
332  84
332  97
333  87
335  88
338  92
341  89
341  90
344  32
344  36
344  40
344  43
347  84
348  82
348  97
349  96
353  47
353  89
355  83
358  87
360  88
360  90
360  95
362  41
362  43
362  84
362  91
363  32
364  54
364  82
364  92
364  97
365  89
366  36
369  94
376  46
377  84
377  89
379  90
380  82
380  97
381  4
383  23
383  43
383  87
384  47
385  51
385  88
386  32
387  40
388  56
388  89
389  55
390  36
390  92
391  84
394  59
394  83
396  82
396  96
396  97
397  19
397  90
397  95
400  89
405  43
406  84
407  87
408  90
409  41
409  88
409  95
410  91
411  34
412  32
412  82
412  97
413  39
414  38
415  36
416  47
416  89
416  92
418  28
418  90
421  60
421  85
421  95
424  31
425  43
426  90
427  26
427  83
428  82
428  97
429  32
429  91
430  25
430  39
431  38
432  76
432  87
433  90
433  95
434  5
435  43
437  46
437  96
439  83
439  89
440  28
440  90
441  92
445  32
445  76
446  95
447  90
448  5
448  59
448  91
449  14
449  39
449  60
451  38
451  83
454  45
454  90
454  94
455  69
455  85
455  92
456  33
456  75
457  20
457  24
457  46
458  87
459  34
459  95
460  76
460  82
460  89
461  7
461  48
461  97
462  90
463  5
464  83
464  92
467  33
467  75
468  20
468  91
469  24
470  26
470  34
470  79
470  90
472  95
473  25
473  28
473  92
474  39
476  48
476  96
477  76
477  83
477  90
478  7
478  38
479  33
480  20
480  46
480  75
480  89
481  5
482  24
482  34
483  84
483  92
484  87
484  90
485  95
486  59
488  91
490  83
491  14
491  85
491  90
492  43
494  32
498  76
498  90
498  95
499  82
499  97
500  89
501  43
502  39
503  5
503  60
503  83
505  32
505  36
507  90
508  38
508  91
509  47
509  87
510  84
511  89
511  95
512  82
513  97
515  96
516  88
517  92
518  36
518  90
520  89
521  84
522  47
524  28
524  40
526  36
526  41
526  82
526  96
527  43
527  89
527  97
528  74
529  3
531  47
531  51
532  84
532  87
533  88
534  89
534  95
536  4
536  55
537  19
537  36
537  45
537  96
538  54
538  94
539  53
540  31
540  59
540  72
540  74
540  87
541  3
541  46
541  89
542  65
543  40
543  84
544  10
545  0
546  4
546  41
546  92
547  33
547  45
547  55
548  89
548  90
548  96
549  87
551  59
551  88
553  31
553  46
553  74
555  3
555  72
557  4
557  45
558  87
558  89
559  55
560  96
563  47
563  59
563  82
566  46
567  87
568  74
568  89
569  4
569  31
569  45
571  90
572  3
572  55
572  96
573  72
573  92
574  33
575  65
576  59
576  87
577  0
577  84
578  85
578  89
580  36
581  46
582  45
582  97
583  4
584  83
584  96
585  74
585  87
586  55
586  89
587  31
591  3
591  59
591  84
593  89
593  90
594  87
595  47
595  72
596  45
596  96
597  36
597  88
598  46
599  4
600  89
600  92
602  82
602  84
602  97
603  10
604  47
604  95
605  36
605  40
605  74
605  90
606  20
607  41
607  89
608  43
608  51
608  96
609  33
610  32
610  87
610  94
611  90
611  91
612  83
613  84
614  82
614  88
614  95
614  97
615  43
617  90
617  92
618  32
619  39
621  20
621  38
622  34
622  75
622  83
622  89
623  24
623  76
623  90
624  5
624  33
625  19
625  48
625  92
625  95
628  7
628  91
630  43
632  20
632  34
633  75
633  92
635  24
635  90
636  83
639  85
644  79
649  82
651  89
653  97
654  48
655  87
660  90
666  92
675  89
679  95
682  90
686  84
688  87
693  83
696  92
697  89
699  96
703  90
717  87
718  89
720  95
723  90
724  92
725  82
726  84
730  97
735  83
738  89
739  96
742  88
743  90
745  87
746  91
751  92
758  89
758  95
762  90
764  84
772  87
773  82
775  83
777  89
778  92
778  96
778  97
781  90
795  95
796  89
799  87
800  90
801  84
804  92
814  83
815  89
816  88
817  96
819  82
819  90
821  91
825  87
825  97
830  92
831  95
