30  99
32  27
33  85
39  52
47  25
47  54
47  80
56  6
60  99
61  12
65  85
69  74
69  82
76  67
77  26
85  59
87  44
87  99
88  27
93  85
105  80
107  93
112  99
119  85
126  61
131  48
132  5
135  99
136  31
136  82
138  89
139  52
144  85
145  12
147  93
149  74
157  27
157  82
158  26
158  94
158  99
162  59
162  80
167  85
168  89
170  54
171  6
171  61
177  12
177  82
177  93
179  99
184  74
189  85
193  66
196  41
197  82
198  89
199  99
204  26
206  93
209  85
213  80
215  59
216  82
218  99
220  12
224  27
228  85
228  89
234  74
234  93
235  82
236  99
246  85
247  61
249  13
251  44
252  52
253  99
254  82
257  80
257  89
261  93
263  85
267  6
269  99
273  82
276  26
276  27
279  85
280  12
281  97
285  99
295  85
297  80
300  99
311  85
315  33
315  46
315  99
318  31
318  48
323  25
324  54
326  85
327  27
329  33
329  99
330  46
331  3
331  76
332  31
332  48
334  80
336  56
341  67
341  85
342  52
343  99
346  25
346  33
346  46
347  6
348  31
348  48
356  85
357  99
358  54
365  33
365  46
365  80
367  31
367  48
369  94
369  99
371  3
371  27
371  85
372  52
373  76
375  80
376  73
378  44
379  25
379  35
380  94
380  99
385  52
385  80
385  85
388  27
389  46
390  31
390  33
390  48
391  94
391  99
395  73
395  80
398  38
401  58
402  94
403  21
404  52
406  80
407  35
412  67
412  99
413  85
413  94
416  80
417  31
418  48
418  54
419  73
420  46
420  52
421  33
422  99
424  94
425  27
426  80
426  85
432  99
435  94
436  80
438  25
438  52
438  85
442  99
443  27
446  80
447  94
450  31
450  48
450  85
452  99
455  6
457  35
459  33
459  46
462  85
464  99
474  85
476  99
477  41
481  82
483  12
483  54
484  80
484  93
485  89
486  85
487  3
487  44
487  74
487  99
488  48
488  76
489  31
489  59
491  26
491  82
492  61
494  12
497  85
497  93
498  89
498  99
500  54
500  74
501  6
501  82
502  33
504  46
504  59
506  12
507  26
508  85
509  99
510  61
510  93
511  82
512  89
515  74
519  12
519  25
519  85
520  99
521  54
521  82
522  59
523  93
526  26
526  80
526  89
527  48
529  31
530  85
530  99
531  82
532  61
533  74
534  12
534  80
535  27
536  94
537  93
539  99
541  52
541  85
542  80
543  89
545  33
545  94
546  46
548  27
548  99
549  82
550  80
552  67
552  85
553  52
553  73
554  94
557  99
558  80
562  27
562  48
563  85
563  94
564  31
566  6
566  52
566  80
566  97
566  99
567  53
567  67
568  5
568  20
569  86
570  18
570  25
570  90
572  94
574  80
574  85
574  99
575  97
576  35
576  44
576  67
576  73
578  5
578  27
578  53
579  20
580  86
581  52
581  94
582  18
582  80
582  90
582  99
584  97
585  33
585  38
585  85
586  25
586  46
586  67
588  5
590  53
590  80
590  94
590  99
591  20
592  86
593  97
594  90
595  27
595  85
596  18
597  31
597  52
597  67
598  48
598  80
598  99
599  94
600  5
602  97
603  53
604  25
604  86
605  20
605  85
606  80
606  99
607  90
608  73
608  94
609  3
609  67
611  97
612  18
613  5
614  27
614  52
614  80
614  99
615  85
616  86
617  94
618  76
619  82
620  53
622  80
622  93
622  99
623  90
624  12
624  89
625  33
625  46
625  54
625  85
626  94
628  82
629  74
630  80
630  99
631  26
631  59
631  97
632  31
633  6
633  35
633  48
633  52
633  93
634  27
635  85
635  94
636  12
636  61
636  89
637  82
638  80
638  99
642  54
644  74
644  85
644  93
644  94
646  80
646  82
646  99
647  26
648  59
648  89
649  12
650  97
653  52
653  94
654  80
654  85
654  86
654  99
655  27
655  82
655  90
656  67
656  93
657  61
657  73
659  5
659  97
660  20
660  25
660  44
660  54
661  74
661  89
662  80
662  94
662  99
663  12
663  33
663  46
663  53
664  82
664  85
665  18
665  23
665  86
665  96
665  98
666  48
666  66
666  77
667  26
667  31
667  54
667  90
668  21
668  41
668  67
668  75
668  93
668  97
669  59
669  80
670  99
671  94
672  78
673  5
673  85
673  96
673  98
674  23
674  52
674  66
675  77
675  82
675  89
676  20
676  54
676  86
677  27
677  80
677  97
678  21
678  99
679  25
679  75
679  90
680  53
680  94
681  67
681  96
681  98
683  18
683  23
683  66
683  85
685  77
685  80
686  97
686  99
687  54
688  5
688  86
689  6
689  21
689  78
689  94
689  98
690  96
691  75
691  90
692  80
692  85
693  23
693  66
694  20
694  99
695  67
695  97
696  77
697  52
697  98
698  94
699  31
699  46
699  48
699  54
699  80
699  96
700  27
700  53
700  86
701  25
701  85
702  21
702  99
703  33
703  66
704  23
704  90
704  97
705  18
705  75
705  98
706  5
706  80
707  94
708  77
708  96
710  67
710  73
710  78
710  85
710  99
712  50
712  54
712  76
712  86
713  80
713  97
713  98
715  66
716  20
716  21
716  23
716  94
717  90
717  96
718  99
719  35
719  85
720  75
720  80
721  52
721  77
721  98
722  97
724  53
724  86
725  94
725  99
726  5
726  27
726  54
726  96
727  3
727  25
727  66
727  67
727  80
728  85
729  23
729  98
730  90
731  97
732  99
733  18
733  21
733  31
733  48
734  38
734  80
734  94
735  96
736  77
736  86
737  85
737  98
738  46
738  54
739  75
739  99
740  78
740  82
740  97
741  66
741  80
742  20
743  33
743  90
743  93
743  94
744  23
744  52
744  89
744  96
745  67
745  98
746  44
746  85
746  99
747  12
747  54
748  25
748  80
748  82
748  86
749  5
749  27
749  74
749  81
749  83
749  97
750  2
750  13
751  56
752  4
752  21
752  53
752  58
752  94
753  6
753  77
753  93
753  96
753  98
753  99
755  25
755  26
755  59
755  80
755  85
755  89
756  1
756  61
756  81
756  82
756  90
757  54
757  66
757  83
758  2
758  12
758  13
758  97
759  56
760  86
760  99
761  23
761  74
761  94
761  98
762  4
762  25
762  58
762  80
762  96
763  31
763  48
763  75
763  81
763  93
764  67
764  82
764  85
765  83
766  13
766  52
766  73
766  89
767  2
767  54
767  97
767  99
768  56
768  90
769  18
769  80
769  98
770  5
770  12
770  25
770  29
770  81
770  94
771  1
771  27
771  96
772  26
772  58
772  59
772  82
772  86
773  4
773  46
773  61
773  77
773  83
773  85
773  93
774  99
775  13
775  20
775  66
775  74
776  33
776  80
776  97
777  2
777  21
777  56
777  81
777  89
778  25
778  54
778  98
779  94
780  82
780  90
780  96
781  23
781  83
781  85
781  99
783  12
783  58
783  80
783  86
783  93
784  13
784  67
785  4
785  81
785  97
787  2
787  25
787  53
787  56
787  94
788  52
788  82
788  89
788  99
789  83
790  1
790  80
790  85
791  74
792  26
793  27
793  31
793  48
793  59
793  81
793  90
794  5
794  13
794  35
794  93
794  97
795  61
795  86
795  94
795  99
796  25
796  58
796  82
797  12
797  80
797  83
798  2
798  6
798  56
798  85
799  4
799  89
800  98
801  81
802  99
804  80
804  82
804  94
805  13
805  83
805  93
806  85
809  81
809  99
810  33
810  46
810  56
810  58
811  2
811  80
811  89
812  52
812  82
813  83
813  94
814  3
814  12
814  74
814  85
815  1
815  25
816  4
816  93
816  99
817  26
817  81
818  13
818  27
818  44
818  80
819  59
820  82
822  83
822  94
823  85
823  89
823  99
824  56
825  61
825  73
825  80
825  81
826  2
826  25
827  58
827  93
827  97
828  48
828  76
828  82
829  31
830  86
830  94
830  99
831  83
831  85
831  90
831  96
831  98
832  13
832  80
833  12
833  81
