119  67
130  98
138  51
139  3
141  29
149  73
152  99
160  67
166  98
172  49
191  81
195  99
197  98
198  62
203  67
205  51
216  14
221  29
224  98
225  73
226  3
232  99
246  81
249  42
249  98
251  67
268  51
270  98
272  7
273  49
273  83
277  29
287  24
289  34
289  83
289  98
290  7
296  10
305  83
307  49
310  10
314  2
314  69
314  77
314  88
315  3
315  7
319  28
321  83
324  10
328  24
329  2
329  47
329  77
330  32
330  69
337  83
339  10
340  28
343  82
343  97
345  69
347  2
347  77
348  53
351  96
352  72
359  69
361  55
364  96
365  51
367  28
368  72
369  2
369  77
370  30
375  10
375  69
376  47
376  50
377  32
377  96
381  91
382  28
385  72
385  81
387  30
389  50
389  76
390  55
390  96
391  12
392  82
392  97
393  69
394  28
397  2
397  77
397  81
399  26
403  50
403  96
404  65
405  72
406  30
406  76
407  28
409  81
410  12
413  69
417  96
418  10
420  45
420  50
421  28
421  81
426  51
427  76
428  30
429  72
431  96
432  2
432  77
432  91
434  70
434  81
435  69
436  12
440  28
444  96
445  55
452  82
452  97
456  10
457  96
459  83
460  69
468  7
470  83
472  2
472  10
472  77
478  51
481  83
482  98
484  7
484  24
484  96
485  29
486  88
488  49
488  51
490  10
491  32
492  47
492  83
492  98
495  3
498  29
500  67
502  7
502  98
503  83
505  49
508  51
509  99
510  14
510  67
512  73
512  98
513  29
514  83
515  3
515  9
517  81
521  62
521  67
522  98
522  99
524  7
525  24
525  49
525  83
525  88
527  73
529  29
532  98
533  67
534  81
535  99
536  83
538  42
541  3
542  98
544  73
545  67
547  83
548  29
548  99
550  7
550  49
550  62
551  51
552  81
552  98
555  34
558  83
560  4
561  10
561  51
562  98
567  96
569  14
569  83
569  88
570  2
570  69
570  77
575  10
577  96
578  28
578  72
579  81
582  50
582  82
582  83
582  97
583  69
585  30
586  12
587  28
587  96
588  76
588  81
590  6
591  80
593  2
593  72
593  77
593  91
594  12
594  50
594  55
597  17
597  81
597  96
601  6
601  30
601  65
602  80
603  12
603  37
603  98
605  76
607  81
610  50
613  6
613  12
613  80
617  17
617  81
620  98
623  12
625  76
625  80
627  6
629  81
631  75
633  45
635  37
637  80
637  98
643  6
645  17
649  80
654  98
655  12
657  81
661  6
661  80
666  12
666  81
671  98
672  50
673  80
673  96
675  81
676  28
676  76
677  30
678  12
680  72
682  96
683  6
684  28
684  81
685  50
685  69
685  80
686  98
687  83
688  65
690  10
690  96
692  12
692  81
693  2
693  17
693  28
693  30
693  51
693  77
693  98
694  72
694  91
695  24
695  55
695  69
695  83
698  96
699  7
700  10
700  29
700  67
701  51
701  99
702  81
702  82
702  97
702  98
703  49
703  83
704  32
704  47
706  3
707  73
709  67
710  88
711  98
711  99
713  29
719  81
720  83
721  62
722  73
725  99
742  42
