387  6
420  58
423  39
426  72
433  6
437  27
438  88
454  33
466  43
478  6
486  43
491  44
495  10
497  88
507  81
511  43
511  67
515  58
521  6
524  8
526  17
526  39
534  72
541  43
542  88
545  47
558  27
558  81
561  6
562  44
567  10
569  14
576  43
581  88
583  85
588  83
588  96
592  25
596  85
597  47
597  94
599  32
601  33
602  83
602  96
604  73
607  28
608  7
608  40
609  94
613  81
614  54
614  85
615  36
615  46
616  73
616  83
616  96
617  21
620  32
620  91
621  52
622  51
622  94
623  98
626  36
629  73
630  40
631  7
632  35
632  69
633  65
636  71
637  21
638  12
640  91
644  98
647  52
648  62
658  35
659  69
662  91
665  21
666  71
666  98
678  65
699  91
700  36
702  35
703  69
703  73
704  94
706  54
707  71
707  83
707  96
708  98
710  85
711  32
713  36
714  94
715  47
716  64
716  73
718  25
718  83
718  96
719  6
720  85
721  14
721  40
722  65
723  81
724  7
724  43
726  8
726  88
728  39
728  72
729  46
729  58
734  15
