8  13
8  66
12  1
12  12
12  67
12  78
13  11
13  15
13  26
13  53
13  64
13  68
13  87
13  92
14  38
14  39
14  40
14  41
15  7
15  10
15  34
15  45
15  69
15  72
16  37
16  42
17  13
17  66
19  14
19  24
19  55
19  65
20  91
21  8
21  32
21  47
21  71
21  88
22  30
22  31
22  48
22  49
25  12
26  1
26  67
26  78
26  87
26  92
27  13
27  66
28  15
28  26
28  53
28  64
28  68
29  11
30  38
30  39
30  41
31  40
32  7
32  21
32  72
33  10
33  45
33  58
34  34
34  36
34  43
34  69
37  37
37  42
38  13
38  66
40  87
40  92
41  12
41  91
42  1
43  67
43  78
43  88
45  14
45  24
45  55
46  15
46  26
46  53
46  64
46  65
47  68
49  11
50  13
50  39
50  66
51  38
51  41
51  71
52  8
52  40
53  6
53  7
53  32
54  18
54  30
54  61
54  73
55  47
55  72
55  87
55  92
56  31
56  45
57  10
57  49
59  12
60  48
60  69
61  1
61  34
63  13
63  91
64  66
64  67
66  78
68  26
68  42
68  88
69  37
70  53
71  15
71  64
71  87
71  92
73  68
74  39
78  11
79  13
81  66
82  12
83  7
84  1
85  40
86  91
87  14
87  38
87  41
87  87
87  92
88  45
92  24
93  10
93  55
94  67
97  88
98  0
98  13
100  26
101  72
102  66
104  78
104  87
104  92
106  39
108  53
111  91
115  12
116  32
116  69
117  1
117  65
120  68
121  87
121  92
122  13
123  15
123  64
125  34
126  71
128  7
129  88
130  30
130  66
136  79
138  31
139  87
139  92
147  11
147  39
147  91
151  13
154  67
154  87
157  92
162  42
162  66
164  14
165  41
165  88
167  87
170  13
170  15
170  21
170  40
175  92
180  37
180  87
184  7
184  91
185  8
189  66
191  13
192  39
192  41
193  24
193  87
193  92
195  38
195  42
198  15
199  78
201  88
204  10
205  87
209  71
212  32
212  92
214  13
217  87
220  66
221  47
222  91
226  41
229  87
231  15
231  92
234  7
234  30
236  39
237  67
238  13
238  88
240  14
240  31
241  42
241  87
250  92
251  26
252  24
253  87
254  66
254  72
255  53
255  64
258  49
260  91
263  13
265  87
266  41
267  15
269  92
273  88
277  87
278  68
279  39
282  12
283  45
284  7
286  10
286  11
287  48
287  71
288  13
288  69
288  87
288  92
290  66
296  32
296  42
297  34
298  91
299  1
299  87
306  15
306  58
307  92
309  41
310  14
310  87
311  88
313  13
313  40
319  24
320  39
321  30
321  61
321  78
321  87
322  67
326  66
326  92
327  31
328  7
332  87
336  91
337  55
338  13
341  15
343  38
343  87
345  92
346  65
347  42
348  88
351  41
354  87
358  43
359  39
362  13
362  66
362  71
364  87
364  92
368  37
369  10
370  36
371  91
373  12
373  26
373  32
374  1
375  7
376  14
376  53
377  45
378  87
383  64
383  92
384  68
386  1
386  12
386  88
386  91
390  26
393  45
397  39
399  1
399  21
399  53
401  12
401  67
401  87
401  91
402  10
402  30
402  92
410  26
410  31
411  72
411  87
412  45
415  68
416  1
418  7
418  13
420  87
420  91
421  92
423  11
423  15
423  88
425  66
427  41
429  87
430  24
431  42
434  13
434  39
438  8
438  87
439  14
439  69
440  92
443  15
444  78
445  32
447  71
447  87
448  66
451  41
452  13
455  40
456  87
458  7
459  92
460  42
461  88
464  24
464  34
465  87
467  15
472  13
474  87
475  66
475  91
478  92
479  41
483  87
485  47
487  67
489  38
492  87
493  15
497  92
499  88
500  42
516  92
517  64
517  91
522  87
535  92
537  49
537  88
546  87
550  37
554  92
557  91
561  11
567  78
568  87
569  55
573  92
575  88
577  65
578  72
579  48
589  87
592  92
593  40
596  91
610  87
611  92
613  88
616  69
620  53
630  87
630  92
635  91
636  38
640  34
642  64
647  68
649  92
650  87
650  88
668  92
670  87
674  91
679  12
687  92
689  78
689  88
690  87
696  67
698  8
699  11
700  26
701  66
706  92
710  87
712  91
725  92
727  88
729  87
732  37
733  40
738  72
744  92
748  87
751  47
751  91
752  53
759  1
761  66
763  92
765  88
767  87
770  10
774  64
775  58
781  38
781  69
782  92
783  68
786  87
789  91
794  12
800  55
801  92
802  45
802  88
803  13
804  34
805  87
806  65
809  78
811  67
819  73
820  92
822  6
824  87
827  91
828  49
828  66
830  26
832  11
