24  7
24  72
25  81
25  98
28  2
28  77
33  39
33  40
39  19
39  26
39  60
40  99
43  87
43  92
44  53
46  84
46  95
47  80
47  86
47  93
48  49
50  12
50  67
50  81
51  98
55  30
58  7
58  54
58  72
59  25
67  8
67  71
67  78
68  1
74  99
75  81
76  27
76  98
77  52
88  5
88  74
97  26
99  81
100  98
105  99
110  59
112  7
112  72
113  20
118  87
118  92
123  81
124  98
127  2
127  77
129  4
131  95
133  84
133  99
134  19
134  76
135  60
139  49
142  80
145  86
145  93
146  81
147  98
158  99
160  26
168  81
169  98
171  7
171  72
173  34
178  44
180  35
180  46
181  99
189  81
190  98
202  89
203  99
209  27
209  81
210  98
214  52
216  26
223  99
226  49
231  81
232  92
233  72
234  7
234  98
236  87
242  99
252  95
261  99
263  84
268  26
270  80
274  40
276  86
278  39
279  93
279  99
283  87
287  2
287  67
289  54
290  86
291  71
293  40
296  87
296  99
301  39
303  2
303  49
304  19
304  86
305  67
306  73
309  54
309  87
313  71
313  99
314  89
317  26
317  40
318  86
320  4
324  87
325  2
325  81
326  98
329  99
334  76
338  81
339  98
341  19
342  30
344  7
344  72
345  60
345  99
347  92
351  5
351  81
352  98
353  74
360  99
361  27
361  52
363  26
364  81
365  98
366  72
367  7
371  49
373  95
375  99
377  60
377  81
378  98
383  80
383  84
385  53
390  81
390  89
390  99
391  98
392  30
394  72
394  80
396  7
397  53
399  75
400  3
403  5
403  81
404  98
405  80
406  74
407  33
407  45
411  34
411  53
411  90
412  93
414  30
416  81
417  80
417  98
418  27
418  52
422  19
423  60
423  92
425  77
425  93
426  12
427  25
427  53
428  8
429  80
429  81
430  72
430  98
431  7
433  39
433  92
436  93
437  75
437  77
439  12
440  6
441  25
441  80
442  60
443  3
443  8
443  92
444  30
445  53
446  40
447  93
450  39
450  77
453  12
453  80
453  90
453  92
456  25
458  93
461  8
463  92
464  77
465  80
467  53
469  12
469  93
470  39
473  92
475  25
476  40
476  45
477  80
480  93
481  77
482  6
483  8
484  92
485  95
487  84
488  12
489  80
490  33
491  30
491  93
493  53
495  39
495  92
498  25
499  81
499  98
501  77
501  80
502  90
502  93
503  87
504  60
506  92
510  81
510  98
511  8
511  12
512  80
513  93
515  86
516  92
517  72
518  7
520  40
520  60
521  81
521  98
523  80
524  53
524  93
525  77
528  92
529  39
529  99
531  19
531  25
532  81
532  98
534  80
535  52
536  27
537  26
537  74
538  30
538  99
539  5
539  49
539  72
540  7
543  81
543  98
545  80
547  87
547  99
548  75
548  86
550  19
551  26
552  2
552  67
552  89
553  90
554  54
554  81
554  98
555  71
556  87
557  86
557  99
558  4
558  49
558  72
559  2
559  46
560  95
561  81
562  76
564  67
564  78
565  87
566  19
566  20
566  86
567  2
567  26
567  54
567  99
568  35
568  40
569  71
569  95
570  63
570  73
570  81
574  87
575  2
575  86
576  78
577  67
578  95
579  81
581  20
581  54
582  72
583  2
583  87
583  96
584  86
585  35
585  71
587  95
587  99
588  81
589  78
593  40
595  63
596  67
596  89
596  95
597  2
597  81
598  20
598  87
604  78
605  95
606  35
606  81
608  84
612  72
623  96
685  98
739  98
743  84
755  81
758  92
768  93
792  98
799  80
805  87
807  81
809  99
813  86
823  95
