350  85
358  41
364  48
370  72
371  26
375  59
380  85
392  79
394  6
401  33
407  83
409  41
412  90
416  55
417  77
420  19
420  75
424  52
427  48
443  72
445  26
445  55
449  36
449  77
457  19
457  59
457  75
466  80
469  52
472  51
475  85
477  90
486  41
486  48
490  85
499  12
501  44
502  6
504  83
505  85
509  72
510  79
513  26
515  41
519  25
520  85
523  33
526  90
529  59
534  85
540  83
542  44
542  48
548  85
551  41
557  98
561  12
562  85
565  51
566  55
568  77
568  80
568  90
570  72
571  5
573  19
573  75
573  79
574  26
577  85
578  83
578  98
580  80
581  52
581  71
587  8
588  55
590  18
591  61
591  71
591  99
593  48
593  77
593  80
595  2
595  24
597  4
597  8
597  60
598  6
599  27
599  59
600  74
601  71
602  99
603  19
603  75
606  80
607  8
608  36
609  2
609  24
610  43
611  5
611  28
612  31
612  71
613  4
613  7
613  60
614  20
614  53
614  99
615  38
616  55
617  27
617  76
618  8
618  73
619  80
620  3
621  52
621  61
622  18
622  89
624  71
625  24
625  31
625  77
626  2
626  99
627  74
628  7
628  38
629  53
629  94
630  8
630  20
632  4
632  60
632  80
633  28
635  81
636  74
638  94
638  99
639  27
639  71
639  73
640  31
641  38
643  8
643  89
644  24
644  54
645  7
645  80
646  2
646  53
648  0
648  43
650  75
650  99
653  19
653  71
655  20
656  5
658  80
659  60
659  85
660  55
661  4
664  35
665  8
665  51
666  98
667  41
669  85
672  90
673  77
675  44
675  72
676  26
676  48
677  83
679  85
684  33
684  59
685  41
690  79
697  85
698  44
699  12
699  83
702  98
706  85
715  85
719  33
722  5
722  83
723  80
723  98
724  41
724  85
724  90
726  44
728  79
728  99
730  48
730  51
731  5
731  71
731  72
732  8
733  26
733  80
734  85
735  74
736  94
737  6
737  35
738  24
738  55
738  98
738  99
739  38
739  81
740  2
740  52
742  28
742  31
743  19
743  74
743  75
744  7
744  27
744  94
745  46
745  53
745  71
745  80
746  4
746  60
746  77
746  89
747  0
747  8
747  20
748  67
748  96
748  99
750  38
750  81
752  35
752  73
752  74
752  94
754  18
755  24
755  61
756  31
758  2
758  28
758  99
760  94
761  7
762  38
762  46
762  53
762  74
762  81
764  0
764  89
765  96
766  35
766  80
767  20
767  27
768  67
768  94
768  99
769  4
770  8
770  60
771  71
772  31
772  74
773  5
774  85
775  24
775  81
776  80
777  43
778  38
778  44
778  73
778  99
779  98
780  28
782  85
784  5
784  41
785  90
793  51
794  83
