83
89
20
77
86
92
25
22
88
94
57
90
2
83
24
2
62
38
74
83
22
74
10
77
89
22
14
68
94
11
80
52
70
25
52
1
55
21
21
52
74
37
51
24
24
91
57
8
12
50
96
64
46
18
52
22
45
92
78
58
52
31
65
42
63
56
20
85
57
32
84
76
50
33
66
26
22
34
77
39
17
41
74
56
57
95
15
79
52
77
44
13
48
54
43
14
81
82
63
71
64
56
57
47
88
58
52
4
72
16
43
52
95
79
20
10
50
56
80
93
80
29
98
48
24
72
81
64
55
70
57
7
82
81
25
84
56
0
3
71
79
41
59
6
2
28
34
94
17
69
44
26
7
8
21
67
20
49
92
40
89
84
54
66
86
5
20
80
69
55
40
21
39
59
92
58
44
24
0
20
6
11
97
39
40
53
86
51
2
48
78
0
67
47
92
16
10
13
84
50
8
79
38
1
13
88
31
37
98
34
99
70
53
65
5
59
8
88
28
24
75
47
72
52
27
15
44
60
55
62
27
79
10
83
49
56
72
69
50
62
71
50
15
6
49
83
97
44
57
95
79
58
36
68
23
69
20
76
99
19
28
49
83
23
4
69
68
13
10
92
32
50
90
28
48
10
17
14
12
40
97
22
30
74
14
34
61
2
51
75
9
54
26
2
91
68
15
95
18
39
80
56
69
75
13
87
21
76
60
17
32
77
58
64
46
55
4
40
3
25
98
70
12
8
1
84
76
62
28
10
85
44
12
27
51
77
66
36
98
64
92
2
81
51
19
38
29
90
56
75
61
73
55
53
9
60
13
41
90
23
64
34
75
51
57
3
8
97
15
9
28
49
67
50
20
3
31
6
9
0
87
67
73
74
72
94
97
47
69
19
76
18
94
3
52
51
33
36
80
1
65
43
77
25
17
63
59
0
3
9
60
34
3
1
39
63
43
16
13
24
34
36
7
29
53
9
26
39
44
35
46
39
29
56
47
18
36
53
65
27
24
49
39
71
58
56
68
48
17
77
31
69
78
27
76
47
22
53
25
48
66
64
67
73
25
29
51
11
77
34
13
25
31
43
72
11
20
29
9
63
65
22
48
25
71
13
43
30
76
31
67
64
34
29
54
72
53
32
10
79
83
3
71
5
27
30
12
61
28
18
79
88
52
64
77
56
71
57
32
76
76
71
70
85
20
72
0
4
73
97
17
6
94
90
46
23
10
44
20
51
47
52
26
77
58
0
78
23
19
72
16.053
4.29905
9.57206
8.80618
1.81946
17.9713
17.6069
0.214622
14.6804
4.38729
17.9651
10.0073
5.09817
4.02604
15.9949
9.64291
13.2586
6.79587
10.9136
16.8367
4.48668
9.11738
6.88338
7.23698
16.1562
5.77663
2.92679
7.80727
9.45754
7.65061
15.453
9.67218
15.0273
16.1197
18.6108
18.2867
10.3067
4.67355
0.39863
9.06288
17.0375
12.365
9.11631
15.605
3.99463
7.20626
5.20388
19.293
1.5543
19.2709
12.6843
10.1356
7.63668
18.0873
5.56251
14.8883
6.86459
14.8785
3.54967
2.24953
0.172838
7.65272
14.3242
5.53196
11.4728
10.8047
9.97634
17.4557
14.7734
5.75698
4.77432
18.8451
9.67011
9.65461
6.98377
13.5419
12.3259
1.24689
2.11431
14.7589
11.8555
18.5432
1.54665
5.21983
12.2283
13.1103
14.3937
3.058
18.982
17.4284
5.1594
8.3286
9.05124
2.99082
14.4033
20
16.1991
10.5154
18.284
19.3257
3.36749
10.2544
10.727
1.95756
17.4344
16.1784
6.82367
10.7253
3.82137
0.934871
10.6795
11.5686
3.78418
8.2146
6.07393
0.67244
19.4887
3.72643
0.649866
6.41045
10.7783
8.87496
0
17.4901
3.31596
19.0809
1.80031
9.85772
0
1.25332
18.8773
3.09098
18.1607
14.2037
14.3426
11.0375
16.9305
11.8048
5.02994
0.318496
12.8212
6.29716
3.1514
6.6444
12.0406
6.89274
16.9008
1.79238
11.5891
6.35675
13.4886
14.5324
9.19392
15.4059
10.5095
13.4792
9.20011
18.1867
5.80913
1.74036
7.69754
4.91944
4.78646
16.7398
7.86569
19.1978
19.983
9.69625
17.8405
10.3006
10.4818
11.0647
3.2894
5.81586
8.56704
0.246263
3.77912
14.4049
3.59281
16.0679
3.05986
5.16939
3.62116
18.7739
3.73261
7.97708
0
17.5992
15.4881
0.682538
6.80045
16.6261
8.03327
6.08327
8.53666
7.87562
10.5409
1.22466
4.05832
19.2523
9.50815
8.165
5.51121
6.09805
3.78438
12.5124
0.125114
1.61218
11.8339
10.337
19.9121
19.4894
4.44198
6.48409
8.02158
11.2822
7.30646
3.04267
2.56415
0.0178188
17.0981
6.83959
5.63688
6.81781
18.0187
3.28507
14.5138
8.10622
11.4794
7.80258
19.3216
15.8989
7.33356
1.0053
2.92947
5.5984
16.4026
2.23551
19.9077
0.678787
15.5778
14.0155
11.1373
11.521
9.37647
15.2757
8.60114
7.84369
18.2936
6.03201
2.23699
0
14.3799
15.0528
13.3401
4.67753
0.916769
6.16101
11.065
6.2121
2.56802
11.1791
10.1949
14.7267
2.1203
3.95735
9.16857
2.6077
12.3189
13.0444
17.3442
3.28558
19.8606
0.0364181
1.79788
11.2444
18.485
10.007
18.8373
10.1725
3.21404
11.2498
5.71242
17.87
19.794
17.8425
7.44846
14.2874
7.00719
3.63938
15.8866
10.0869
11.7962
13.8355
3.5349
13.1887
1.21678
12.6404
12.5076
8.26227
8.12093
17.6089
1.46265
15.8679
1.72181
13.9252
2.90119
4.82615
5.77909
8.90438
9.63239
16.2355
7.49879
17.5025
11.426
8.53305
16.9135
2.08874
6.77484
7.58891
8.76452
2.54164
9.70433
16.7072
11.4445
0
2.28365
1.63665
5.54853
16.5653
13.658
14.022
12.7253
14.6891
17.7312
1.55332
6.01913
8.94003
10.8792
4.48397
3.83473
18.9647
3.3568
10.7364
3.11598
8.83635
13.58
12.2513
16.7918
17.0277
11.8635
9.55723
8.43868
11.0252
17.8358
10.8383
8.82911
5.66787
9.96986
15.8255
1.19001
18.3382
20
15.693
4.2839
8.86517
4.3191
0.106364
17.6171
0
7.7156
2.08291
10.2273
6.27926
1.86584
16.6965
0.26423
4.66436
5.28021
19.3447
16.5152
14.4451
7.74148
17.0753
2.6804
3.96565
9.49548
17.3867
3.41104
7.49951
11.6348
8.40561
13.103
17.9162
19.1834
9.67176
11.0789
4.9909
16.482
16.5035
0.72674
19.2362
7.64609
17.946
10.6597
12.165
15.8308
16.3736
18.3517
10.0293
14.0732
1.67916
15.7463
16.2302
6.71786
6.88492
3.28626
10.1465
7.84207
9.58283
4.28446
16.1837
4.2779
13.3529
13.7182
16.993
8.79036
4.98958
10.8888
15.1545
7.30596
18.3709
19.0406
4.44175
8.38385
17.6009
3.52686
4.43333
10.2244
15.754
14.6549
12.9696
17.7246
12.152
8.36955
16.2986
1.8235
3.15997
12.5882
2.78438
-0.446312
-0.321404
-0.621901
0.0844806
-45.5912
-1.35223
89.3927
160
