169  2
169  84
171  96
176  55
180  29
192  73
195  91
202  18
208  14
211  84
211  96
214  43
221  59
242  2
246  84
250  91
270  21
270  58
271  80
271  99
272  4
277  84
283  85
283  94
284  15
285  55
285  64
291  80
291  99
293  21
293  58
308  77
308  95
312  80
312  99
315  6
315  94
316  85
316  88
318  24
324  21
324  58
326  95
329  77
333  36
341  75
341  83
341  88
342  24
342  50
343  61
344  65
345  95
347  6
347  20
357  77
357  83
362  50
363  81
364  61
364  65
364  95
368  88
370  23
372  20
372  24
373  83
378  36
383  95
388  50
389  65
390  83
391  61
395  88
396  77
397  14
402  95
404  81
406  6
406  7
407  80
407  99
416  85
416  94
419  21
419  58
421  95
422  80
422  88
422  99
424  64
425  15
434  84
437  80
437  99
439  2
439  85
439  91
439  94
442  73
445  21
445  58
448  84
452  55
453  80
453  99
454  96
457  18
458  2
458  29
458  91
459  43
462  14
462  59
463  84
467  73
467  96
470  98
473  18
473  55
474  59
475  29
475  56
477  40
478  84
478  91
479  39
480  32
480  96
481  14
482  2
482  62
484  93
488  59
489  1
492  40
493  18
493  96
494  68
495  29
495  39
498  72
499  98
500  32
500  89
503  14
504  59
504  62
506  93
506  96
509  4
509  40
514  39
518  18
519  84
519  96
520  29
521  59
525  91
526  1
527  32
529  93
530  40
531  14
531  98
532  55
532  96
533  84
537  43
537  62
538  2
539  56
542  73
543  91
545  39
545  80
545  96
545  99
547  84
549  18
552  85
552  94
553  59
554  58
555  21
557  80
557  95
557  99
560  65
561  88
562  15
563  64
564  84
565  77
565  83
565  91
566  61
567  24
569  20
569  95
570  80
570  99
571  85
571  94
572  50
573  6
575  65
576  83
577  88
578  36
578  47
579  81
580  17
580  20
582  61
582  86
585  78
586  95
587  83
589  11
589  50
593  39
594  47
596  20
597  40
598  17
601  86
602  23
605  75
