0 0.58526 0.497825 0.000892801 0s
1 0.635273 0.527146 0.000650331 5.58407s
2 0.648924 0.553099 0.000925001 5.45114s
3 0.681492 0.573173 0.00122854 5.56053s
4 0.745348 0.596709 0.00183508 5.53569s
5 0.745348 0.610085 0.00205183 5.50983s
6 0.745348 0.628807 0.00194302 5.60615s
7 0.755794 0.644557 0.00230733 5.60505s
8 0.763516 0.650617 0.00274039 5.51644s
9 0.763516 0.665456 0.00281357 5.54302s
10 0.763516 0.667489 0.00305482 5.50607s
11 0.763516 0.640282 0.0076977 5.56976s
12 0.824501 0.645329 0.00687015 5.50045s
13 0.824501 0.64275 0.00860003 5.51715s
14 0.825015 0.663004 0.00878613 5.56306s
15 0.825015 0.672867 0.00998343 5.58307s
16 0.825015 0.679706 0.0119685 5.54049s
17 0.825015 0.69155 0.015554 5.44942s
18 0.825015 0.703612 0.019305 5.51814s
19 0.825015 0.689122 0.0204798 5.56876s
20 0.825015 0.699183 0.0199066 5.50276s
21 0.825015 0.737912 0.0105348 5.59458s
22 0.825015 0.742862 0.00937267 5.5952s
23 0.825015 0.728669 0.0112298 5.51749s
24 0.825015 0.7544 0.00862473 5.59127s
25 0.825015 0.742025 0.0106382 5.52275s
26 0.825015 0.743359 0.0101793 5.57361s
27 0.825015 0.750594 0.00920236 5.55139s
28 0.825015 0.750302 0.0095977 5.57547s
29 0.825015 0.744315 0.00997479 5.54477s
30 0.825015 0.742764 0.00916626 5.55436s
31 0.825015 0.71436 0.0194072 5.56663s
32 0.825015 0.728099 0.0180957 5.49346s
33 0.825015 0.725988 0.0186197 5.51317s
34 0.825015 0.718683 0.0190616 5.56588s
35 0.825015 0.713497 0.0196532 5.50262s
36 0.825015 0.733232 0.0174965 5.55237s
37 0.825015 0.723186 0.0180883 5.5045s
38 0.825015 0.734198 0.0176564 5.58666s
39 0.825015 0.722805 0.0183427 5.52127s
40 0.825015 0.712813 0.0198135 5.53094s
41 0.825015 0.766761 0.00742086 5.56985s
42 0.825015 0.764122 0.00813629 5.56424s
43 0.825015 0.754687 0.00867098 5.58048s
44 0.825015 0.7679 0.00783027 5.50445s
45 0.825015 0.749012 0.00961219 5.57661s
46 0.825015 0.75368 0.00867015 5.554s
47 0.825015 0.746879 0.00960887 5.57433s
48 0.825015 0.756842 0.00839321 5.52768s
49 0.825015 0.761 0.00836723 7.44674s
50 0.825015 0.76489 0.00778252 5.58024s
51 0.825015 0.709588 0.020434 5.53023s
52 0.825015 0.71698 0.0188752 5.48215s
53 0.825015 0.73223 0.0174039 5.53643s
54 0.825015 0.740245 0.0157882 5.51749s
55 0.825015 0.720848 0.0184704 5.50447s
56 0.825015 0.740826 0.0159779 5.51358s
57 0.825015 0.711253 0.0197768 5.56313s
58 0.825015 0.732212 0.0171615 5.50239s
59 0.825015 0.708429 0.0195083 5.60283s
60 0.825015 0.722452 0.0188408 5.59784s
61 0.825015 0.746149 0.00993541 5.58787s
62 0.825015 0.754071 0.00766587 5.51692s
63 0.825015 0.736043 0.00972604 5.60822s
64 0.825015 0.76651 0.00712361 5.52194s
65 0.825015 0.753878 0.00882068 5.56379s
66 0.825015 0.756074 0.00846269 5.57157s
67 0.825015 0.762439 0.00774124 5.54583s
68 0.825015 0.74927 0.00901865 5.56211s
69 0.825015 0.757311 0.00799834 5.55282s
70 0.825015 0.742351 0.00983938 5.51702s
71 0.825015 0.722575 0.0189856 5.57001s
72 0.825015 0.734732 0.0169403 5.52338s
73 0.825015 0.717989 0.0181535 5.53413s
74 0.825015 0.728605 0.0179468 5.54408s
75 0.825015 0.732462 0.0180072 5.5119s
76 0.825015 0.736978 0.0166189 5.51476s
77 0.825015 0.742869 0.0154703 5.51466s
78 0.825015 0.723151 0.0173372 5.527s
79 0.825015 0.707795 0.0206067 5.58561s
80 0.825015 0.723421 0.0185138 5.48002s
81 0.825015 0.759192 0.00868102 5.54852s
82 0.825015 0.752064 0.00870157 5.50684s
83 0.825015 0.751213 0.00859601 5.52547s
84 0.825015 0.754324 0.00819956 5.51035s
85 0.825015 0.769403 0.00752428 5.53081s
86 0.825015 0.755991 0.00897145 5.55551s
87 0.825015 0.74574 0.00961598 5.58811s
88 0.825015 0.765828 0.00708866 5.51145s
89 0.825015 0.769169 0.00735842 5.51046s
90 0.825015 0.738356 0.010223 5.51505s
91 0.825015 0.721532 0.0177276 5.48765s
92 0.825015 0.732703 0.0168465 5.53558s
93 0.825015 0.740046 0.0155799 5.55415s
94 0.825015 0.731233 0.0182074 5.46978s
95 0.825015 0.72581 0.0182233 5.52677s
96 0.825015 0.72371 0.0184864 5.51861s
97 0.825015 0.725322 0.0173748 5.48314s
98 0.825015 0.704658 0.0203056 5.58387s
99 0.825015 0.728418 0.0169708 5.52678s
100 0.825015 0.724583 0.0184692 5.55415s
101 0.825015 0.760571 0.00905223 5.68769s
102 0.825015 0.769657 0.00736501 5.62917s
103 0.825015 0.745892 0.00937697 5.63351s
104 0.825015 0.755289 0.0081326 5.51636s
105 0.825015 0.75827 0.00900534 5.49114s
106 0.825015 0.750192 0.00929556 5.59464s
107 0.825015 0.762051 0.00819574 5.50725s
108 0.825015 0.769755 0.0069849 5.58204s
109 0.825015 0.775255 0.00676723 5.56642s
110 0.825015 0.760379 0.00811563 5.57473s
111 0.825015 0.7116 0.0201329 5.56067s
112 0.825015 0.729833 0.0179587 5.4903s
113 0.825015 0.726361 0.0175017 5.59035s
114 0.825015 0.729685 0.0168194 5.49122s
115 0.825015 0.706566 0.0196722 5.53239s
116 0.825015 0.73073 0.0173114 5.46569s
117 0.825015 0.723471 0.0186553 5.50467s
118 0.825015 0.708416 0.0193594 5.53332s
119 0.825015 0.71193 0.0187621 5.47579s
120 0.825015 0.707297 0.0214671 5.51387s
121 0.825015 0.762705 0.00793749 5.51048s
122 0.825015 0.74755 0.00893713 5.5087s
123 0.825015 0.755091 0.00860314 5.50819s
124 0.825015 0.755223 0.0085399 5.54013s
125 0.825015 0.76036 0.0079851 5.50147s
126 0.825015 0.753535 0.00833176 5.60082s
127 0.825015 0.760195 0.00838693 5.53953s
128 0.825015 0.758538 0.0078278 5.52902s
129 0.825015 0.76282 0.00790023 5.59766s
130 0.825015 0.745482 0.00983899 5.55122s
131 0.825015 0.739199 0.0163234 5.50574s
132 0.825015 0.704583 0.0211209 5.52255s
133 0.825015 0.703034 0.0202667 5.50578s
134 0.825015 0.698033 0.0224873 5.51989s
135 0.825015 0.721518 0.0191277 5.52695s
136 0.825015 0.714081 0.0185493 5.49913s
137 0.825015 0.737342 0.0166464 5.53881s
138 0.825015 0.701973 0.0208717 5.50707s
139 0.825015 0.71794 0.0187415 5.56291s
140 0.825015 0.70827 0.0204821 5.57676s
141 0.825015 0.766195 0.00806189 5.57841s
142 0.825015 0.76536 0.00799932 5.61981s
143 0.825015 0.756035 0.00815417 5.58182s
144 0.825015 0.756304 0.00869368 5.52025s
145 0.825015 0.751301 0.00827395 5.57026s
146 0.825015 0.761468 0.00820365 5.56895s
147 0.825015 0.752034 0.00975569 5.61685s
148 0.825015 0.744681 0.00880823 5.63933s
149 0.825015 0.753827 0.00900969 5.51841s
150 0.825015 0.750588 0.00818711 5.51806s
151 0.825015 0.713118 0.0192843 5.54294s
152 0.825015 0.711001 0.019876 5.47174s
153 0.825015 0.713008 0.0180731 5.5591s
154 0.825015 0.720703 0.0193037 5.53342s
155 0.825015 0.713781 0.0192822 5.53815s
156 0.825015 0.719136 0.0186663 5.55415s
157 0.825015 0.706828 0.0205459 5.54536s
158 0.825015 0.70797 0.021029 6.86737s
159 0.825015 0.725633 0.0178689 5.58523s
160 0.825015 0.719697 0.017959 5.5429s
161 0.825015 0.730613 0.0108996 5.54743s
162 0.825015 0.760112 0.00846007 5.55903s
163 0.825015 0.750189 0.0091856 5.56721s
164 0.825015 0.751773 0.00884901 5.53366s
165 0.825015 0.755103 0.00832423 5.5987s
166 0.825015 0.76287 0.00765241 5.53255s
167 0.825015 0.752182 0.00889707 5.52551s
168 0.825015 0.757165 0.00813989 5.61244s
169 0.825015 0.762177 0.00780693 5.55609s
170 0.825015 0.763676 0.0073112 5.55965s
171 0.825015 0.724839 0.0177443 5.55529s
172 0.825015 0.709191 0.0192746 5.6765s
173 0.825015 0.70121 0.0193353 5.50298s
174 0.825015 0.710287 0.0208454 5.50818s
175 0.825015 0.724163 0.0195945 5.52648s
176 0.825015 0.731568 0.0180828 5.49219s
177 0.825015 0.719466 0.0198246 5.51335s
178 0.825015 0.71878 0.0194314 5.61421s
179 0.825015 0.729425 0.0177842 5.48645s
180 0.825015 0.718361 0.0196943 5.51354s
181 0.825015 0.747407 0.00939385 5.56227s
182 0.825015 0.762203 0.00845005 5.53009s
183 0.825015 0.763561 0.00757698 5.54739s
184 0.825015 0.756369 0.00887675 5.49902s
185 0.825015 0.763294 0.00785819 5.59027s
186 0.825015 0.755959 0.00874139 5.57134s
187 0.825015 0.759317 0.00842278 5.52609s
188 0.825015 0.746868 0.00966974 5.55021s
189 0.825015 0.756443 0.00815877 5.50734s
190 0.825015 0.7487 0.00973575 5.52029s
191 0.825015 0.713126 0.0189153 5.49329s
192 0.825015 0.711191 0.0187614 5.50928s
193 0.825015 0.717632 0.01827 5.49454s
194 0.825015 0.725624 0.0177167 5.55198s
195 0.825015 0.71981 0.0189548 5.51732s
196 0.825015 0.716399 0.0196105 5.51507s
197 0.825015 0.749865 0.0147707 5.5034s
198 0.825015 0.72781 0.0181586 5.54647s
199 0.825015 0.713903 0.0199522 5.45359s
200 0.825015 0.723323 0.0184065 5.61341s
201 0.825015 0.752689 0.00848133 5.52632s
202 0.825015 0.752369 0.00929697 5.57067s
203 0.825015 0.744927 0.0100599 5.5244s
204 0.825015 0.745853 0.0100073 5.53701s
205 0.825015 0.754177 0.00874614 5.5055s
206 0.825015 0.762975 0.00860046 5.53879s
207 0.825015 0.742586 0.0100723 5.54368s
208 0.825015 0.757495 0.00866764 5.53782s
209 0.825015 0.741403 0.00988018 5.62633s
210 0.825015 0.756505 0.00867833 5.49891s
211 0.825015 0.716221 0.0188962 5.46757s
212 0.825015 0.71267 0.0185625 5.46826s
213 0.825015 0.709073 0.0204017 5.53674s
214 0.825015 0.720162 0.0178806 5.55006s
215 0.825015 0.709398 0.0195525 5.56174s
216 0.825015 0.717925 0.0192352 5.55653s
217 0.825015 0.707221 0.0198599 5.46885s
218 0.825015 0.709905 0.0200753 5.54544s
219 0.825015 0.715208 0.0186944 5.51527s
220 0.825015 0.719301 0.0189681 5.5284s
221 0.825015 0.75567 0.00861587 5.5223s
222 0.825015 0.739013 0.0100915 5.49283s
223 0.825015 0.747257 0.00974786 5.54519s
224 0.825015 0.756201 0.008187 5.55777s
225 0.825015 0.741793 0.00958371 5.51815s
226 0.825015 0.748591 0.00939794 5.5407s
227 0.825015 0.750429 0.00878161 5.53838s
228 0.825015 0.746669 0.010563 5.5626s
229 0.825015 0.765084 0.00771308 5.54712s
230 0.825015 0.762661 0.0080356 5.59357s
231 0.825015 0.718953 0.0180414 5.54985s
232 0.825015 0.724495 0.0178874 5.4948s
233 0.825015 0.711273 0.0195705 5.51686s
234 0.825015 0.714619 0.0199584 5.49537s
235 0.825015 0.726748 0.0178603 5.56272s
236 0.825015 0.744272 0.0150253 5.53672s
237 0.825015 0.731313 0.0170406 5.57573s
238 0.825015 0.733215 0.0163948 5.52117s
239 0.825015 0.733329 0.0178111 5.52913s
240 0.825015 0.733069 0.017862 5.49008s
241 0.825015 0.756135 0.00823663 5.56592s
242 0.825015 0.758282 0.00861339 5.55287s
243 0.825015 0.752521 0.00831473 5.57381s
244 0.825015 0.745224 0.0103992 5.49058s
245 0.825015 0.757459 0.00889194 5.61142s
246 0.825015 0.755827 0.00829406 5.54452s
247 0.825015 0.761389 0.00806708 5.60819s
248 0.825015 0.748415 0.0102366 5.53354s
249 0.825015 0.752121 0.00870374 5.61261s
250 0.825015 0.74601 0.00974841 5.57652s
251 0.825015 0.724222 0.0176321 5.52263s
252 0.825015 0.727931 0.0181482 5.50681s
253 0.825015 0.713003 0.0204466 5.59869s
254 0.825015 0.71663 0.0191206 5.44901s
255 0.825015 0.722082 0.0194085 5.56399s
256 0.825015 0.72341 0.0185743 5.50687s
257 0.825015 0.731247 0.0173267 5.48743s
258 0.825015 0.703031 0.020539 5.54977s
259 0.825015 0.708549 0.0208003 5.52802s
260 0.825015 0.725488 0.01765 5.56242s
261 0.825015 0.746773 0.00910547 5.54543s
262 0.825015 0.762241 0.00772504 5.56842s
263 0.825015 0.764467 0.00781291 5.60209s
264 0.825015 0.766996 0.00734597 5.56114s
265 0.825015 0.769259 0.00758681 5.62709s
266 0.825015 0.748897 0.0095547 5.56583s
267 0.825015 0.760477 0.00803346 5.57068s
268 0.825015 0.756168 0.00857996 6.69717s
269 0.825015 0.761622 0.00841915 5.56677s
270 0.825015 0.749362 0.00927625 5.53329s
271 0.825015 0.714461 0.0196771 5.75257s
272 0.825015 0.720924 0.0184625 5.52998s
273 0.825015 0.728173 0.0173616 5.76266s
274 0.825015 0.717547 0.0188335 5.50671s
275 0.825015 0.725896 0.0173353 5.5773s
276 0.825015 0.721892 0.0181148 5.52285s
277 0.825015 0.727325 0.0172223 5.59588s
278 0.825015 0.720016 0.0194465 5.48319s
279 0.825015 0.704563 0.0207204 5.4766s
280 0.825015 0.711005 0.0193301 5.54037s
281 0.825015 0.757171 0.00726713 5.51523s
282 0.825015 0.755635 0.00869183 5.54349s
283 0.825015 0.752073 0.00847929 5.516s
284 0.825015 0.76263 0.00802479 5.52746s
285 0.825015 0.763322 0.00733523 5.54248s
286 0.825015 0.769819 0.00755926 5.57586s
287 0.825015 0.757059 0.00879545 5.56354s
288 0.825015 0.749536 0.00918405 5.58023s
289 0.825015 0.760294 0.00864468 5.58146s
290 0.825015 0.769598 0.00758635 5.56886s
291 0.825015 0.729027 0.0168506 5.5245s
292 0.825015 0.733 0.0176329 5.54229s
293 0.825015 0.72876 0.0179089 5.49689s
294 0.825015 0.724386 0.018856 5.57356s
295 0.825015 0.721559 0.0186958 5.4937s
296 0.825015 0.726667 0.0180965 5.53523s
297 0.825015 0.731391 0.0169103 5.47571s
298 0.825015 0.723658 0.01912 5.54317s
299 0.825015 0.692419 0.021937 5.55868s
300 0.825015 0.738166 0.0170938 5.51088s
301 0.825015 0.751953 0.00886434 5.57403s
302 0.825015 0.744719 0.00955057 5.52671s
303 0.825015 0.757958 0.00825192 5.65426s
304 0.825015 0.749467 0.00915494 5.53344s
305 0.825015 0.759162 0.00850015 5.60897s
306 0.825015 0.757138 0.00880261 5.50717s
307 0.825015 0.765754 0.00796149 5.55853s
308 0.825015 0.748401 0.0093898 5.56545s
309 0.825015 0.768913 0.00722997 5.51118s
310 0.825015 0.755808 0.00940654 5.61945s
311 0.825015 0.71853 0.0192231 5.51816s
312 0.825015 0.7231 0.0187676 5.58473s
313 0.825015 0.731431 0.0171366 5.57063s
314 0.825015 0.718202 0.0190139 5.53492s
315 0.825015 0.706816 0.0194659 5.51698s
316 0.825015 0.719725 0.0178474 5.52666s
317 0.825015 0.723486 0.0188904 5.56364s
318 0.825015 0.721074 0.0178821 5.49216s
319 0.825015 0.727219 0.0175369 5.50023s
320 0.825015 0.716308 0.0193689 5.50279s
321 0.825015 0.752463 0.00891325 5.49753s
322 0.825015 0.745619 0.0100118 5.56012s
323 0.825015 0.749913 0.0100672 5.50989s
324 0.825015 0.75548 0.00859759 5.53559s
325 0.825015 0.756559 0.00793467 5.57895s
326 0.825015 0.754808 0.00883136 5.51166s
327 0.825015 0.768027 0.00725612 5.62585s
328 0.825015 0.762641 0.00769371 5.54327s
329 0.825015 0.757259 0.00872896 5.51345s
330 0.825015 0.748363 0.00957045 5.55204s
331 0.825015 0.721594 0.0183278 5.50764s
332 0.825015 0.740502 0.0162945 5.52929s
333 0.825015 0.721694 0.0189168 5.4988s
334 0.825015 0.729755 0.018329 5.56242s
335 0.825015 0.713311 0.0189447 5.55912s
336 0.825015 0.722023 0.0177967 5.52671s
337 0.825015 0.723122 0.0188124 5.58351s
338 0.825015 0.713538 0.0199489 5.48814s
339 0.825015 0.707454 0.0191131 5.53072s
340 0.825015 0.716912 0.0193593 5.49311s
341 0.825015 0.748378 0.00942221 5.53213s
342 0.825015 0.763108 0.00845962 5.55865s
343 0.825015 0.767008 0.00702823 5.5867s
344 0.825015 0.769234 0.00763765 5.58277s
345 0.825015 0.762361 0.00828481 5.508s
346 0.825015 0.773771 0.00669056 5.55306s
347 0.825015 0.746581 0.00957313 5.523s
348 0.825015 0.753213 0.00917754 5.53469s
349 0.825015 0.748355 0.00946412 5.61457s
350 0.825015 0.75902 0.00892565 5.54652s
351 0.825015 0.719151 0.0193394 5.54614s
352 0.825015 0.721271 0.0183484 5.44718s
353 0.825015 0.719176 0.0194981 5.48659s
354 0.825015 0.711582 0.019774 5.51602s
355 0.825015 0.732182 0.0172287 5.55644s
356 0.825015 0.713804 0.01952 5.47183s
357 0.825015 0.694311 0.0206055 5.58554s
358 0.825015 0.711866 0.0199108 5.5619s
359 0.825015 0.714771 0.0196032 5.55858s
360 0.825015 0.69975 0.0201596 5.55899s
361 0.825015 0.750255 0.00939748 5.51395s
362 0.825015 0.757887 0.00833413 5.53218s
363 0.825015 0.745462 0.00972133 5.56519s
364 0.825015 0.755368 0.00817914 5.54251s
365 0.825015 0.753307 0.00849874 5.50382s
366 0.825015 0.754167 0.0087658 5.58742s
367 0.825015 0.761151 0.00807795 5.60018s
368 0.825015 0.768185 0.00739215 5.57909s
369 0.825015 0.758239 0.00798145 5.56646s
370 0.825015 0.758302 0.00803958 5.67534s
371 0.825015 0.725059 0.01938 5.49414s
372 0.825015 0.711916 0.0195256 5.5833s
373 0.825015 0.729748 0.0177531 5.55845s
374 0.825015 0.705378 0.0209927 5.54443s
375 0.825015 0.717932 0.0187183 5.52556s
376 0.825015 0.723897 0.0186566 5.5606s
377 0.825015 0.71347 0.0184534 6.72134s
378 0.825015 0.717239 0.0187498 5.54801s
379 0.825015 0.710818 0.0198533 5.53321s
380 0.825015 0.704069 0.0199551 5.47604s
381 0.825015 0.753456 0.00893473 5.58055s
382 0.825015 0.752384 0.00900454 5.58648s
383 0.825015 0.757044 0.00850711 5.54056s
384 0.825015 0.757873 0.0079564 5.57673s
385 0.825015 0.751441 0.00856067 5.54494s
386 0.825015 0.763828 0.00802461 5.54914s
387 0.825015 0.754792 0.00885086 5.56128s
388 0.825015 0.751759 0.0101871 5.4943s
389 0.825015 0.74042 0.0107949 5.49946s
390 0.825015 0.761171 0.00822481 5.63821s
391 0.825015 0.716028 0.0201713 5.50223s
392 0.825015 0.720494 0.0185674 5.52631s
393 0.825015 0.72631 0.0188968 5.54544s
394 0.825015 0.698621 0.0213033 5.52122s
395 0.825015 0.725725 0.0178202 5.46733s
396 0.825015 0.728055 0.0181397 5.49235s
397 0.825015 0.726374 0.0174179 5.54896s
398 0.825015 0.726571 0.0183038 5.5254s
399 0.825015 0.73416 0.0173736 5.53099s
400 0.825015 0.701042 0.0207121 5.54141s
401 0.825015 0.759127 0.00780085 5.5598s
402 0.825015 0.747856 0.00917274 5.55648s
403 0.825015 0.750973 0.00874931 5.5474s
404 0.825015 0.745606 0.0099225 5.55573s
405 0.825015 0.746859 0.00903227 5.51982s
406 0.825015 0.760166 0.00801103 5.54667s
407 0.825015 0.762554 0.00760945 5.61594s
408 0.825015 0.764944 0.00800971 5.51029s
409 0.825015 0.752615 0.00826482 5.57819s
410 0.825015 0.760001 0.0079865 5.51036s
411 0.825015 0.732773 0.0181405 5.49842s
412 0.825015 0.704652 0.0199838 5.54693s
413 0.825015 0.716492 0.0196922 5.51593s
414 0.825015 0.729118 0.0184763 5.5274s
415 0.825015 0.715352 0.0187435 5.50747s
416 0.825015 0.734948 0.0163836 5.52073s
417 0.825015 0.722163 0.0186781 5.48688s
418 0.825015 0.719591 0.0190397 5.56452s
419 0.825015 0.725104 0.0177332 5.46581s
420 0.825015 0.719288 0.0184817 5.51763s
421 0.825015 0.754261 0.00850444 5.60731s
422 0.825015 0.760331 0.00804145 5.5816s
423 0.825015 0.764337 0.00768844 5.56089s
424 0.825015 0.746765 0.00939162 5.68435s
425 0.825015 0.754197 0.00852871 5.57685s
426 0.825015 0.760323 0.00779323 5.55767s
427 0.825015 0.760763 0.00847177 5.52168s
428 0.825015 0.761591 0.00841597 5.52859s
429 0.825015 0.756003 0.00839024 5.61496s
430 0.825015 0.762291 0.00758936 5.52932s
431 0.825015 0.731665 0.0174787 5.56976s
432 0.825015 0.721199 0.0185936 5.50933s
433 0.825015 0.736523 0.0161954 5.58188s
434 0.825015 0.726772 0.017893 5.49947s
435 0.825015 0.71721 0.0195556 5.54423s
436 0.825015 0.720576 0.0187378 5.46471s
437 0.825015 0.718464 0.0185266 5.55368s
438 0.825015 0.72223 0.0187307 5.50691s
439 0.825015 0.71661 0.0199109 5.5019s
440 0.825015 0.713238 0.0197031 5.57541s
441 0.825015 0.776105 0.00602727 5.57396s
442 0.825015 0.748091 0.00936557 5.48479s
443 0.825015 0.757468 0.00819078 5.5604s
444 0.825015 0.766287 0.00758627 5.59589s
445 0.825015 0.770598 0.00686207 5.51354s
446 0.825015 0.759335 0.00849875 5.55409s
447 0.825015 0.767139 0.00744046 5.52549s
448 0.825015 0.764507 0.00724914 5.59578s
449 0.825015 0.749068 0.00927112 5.55921s
450 0.825015 0.762699 0.00784827 5.56556s
451 0.825015 0.728901 0.0185301 5.52475s
452 0.825015 0.732868 0.0171949 5.55105s
453 0.825015 0.73309 0.0179456 5.52087s
454 0.825015 0.728044 0.0182828 5.59667s
455 0.825015 0.735254 0.0167566 5.55504s
456 0.825015 0.714607 0.0197562 5.53027s
457 0.825015 0.719172 0.0187259 5.55236s
458 0.825015 0.70808 0.0199327 5.52367s
459 0.825015 0.722606 0.0180842 5.47554s
460 0.825015 0.723478 0.0178243 5.55398s
461 0.825015 0.753807 0.00801181 5.53571s
462 0.825015 0.749412 0.00918943 5.61046s
463 0.825015 0.739547 0.0099686 5.52876s
464 0.825015 0.772975 0.00664829 5.5276s
465 0.825015 0.759421 0.00843012 5.56743s
466 0.825015 0.754469 0.00850714 5.49922s
467 0.825015 0.750396 0.00868583 5.58304s
468 0.825015 0.767432 0.00713641 5.53826s
469 0.825015 0.761597 0.00740839 5.55291s
470 0.825015 0.75702 0.00849723 5.50996s
471 0.825015 0.715414 0.0188822 5.53866s
472 0.825015 0.731304 0.0176557 5.48656s
473 0.825015 0.718439 0.0200597 5.49331s
474 0.825015 0.714405 0.0198358 5.50173s
475 0.825015 0.71691 0.0188818 5.54566s
476 0.825015 0.711408 0.0203644 5.49578s
477 0.825015 0.725355 0.0178719 5.54709s
478 0.825015 0.722066 0.0186988 5.56416s
479 0.825015 0.716933 0.0194631 5.51469s
480 0.825015 0.71861 0.0181943 5.48431s
481 0.825015 0.75854 0.00867547 5.53197s
482 0.825015 0.742276 0.0103877 5.49449s
483 0.825015 0.751163 0.00885855 5.57652s
484 0.825015 0.747936 0.00897785 5.51578s
485 0.825015 0.737311 0.010488 5.58585s
486 0.825015 0.756804 0.00860751 6.70893s
487 0.825015 0.76392 0.00714599 5.63692s
488 0.825015 0.755806 0.0094529 5.56104s
489 0.825015 0.757585 0.00843322 5.55094s
490 0.825015 0.763817 0.00774215 5.52648s
491 0.825015 0.714788 0.0195262 5.55775s
492 0.825015 0.718483 0.0191729 5.46735s
493 0.825015 0.702894 0.0199676 5.51602s
494 0.825015 0.712804 0.0180503 5.6141s
495 0.825015 0.718098 0.019078 5.51031s
496 0.825015 0.738795 0.0147641 5.54169s
497 0.825015 0.742247 0.016221 5.54628s
498 0.825015 0.711589 0.0195566 5.5042s
499 0.825015 0.719243 0.0191737 5.52249s
500 0.825015 0.712569 0.0179274 5.52646s
501 0.825015 0.743237 0.010263 5.50964s
502 0.825015 0.757587 0.00836038 5.57286s
503 0.825015 0.756971 0.00800284 5.53674s
504 0.825015 0.745033 0.00992031 5.60231s
505 0.825015 0.751654 0.00855871 5.55662s
506 0.825015 0.743722 0.00974781 5.59613s
507 0.825015 0.758568 0.0079468 5.51591s
508 0.825015 0.75177 0.00930616 5.56149s
509 0.825015 0.738764 0.0100448 5.55963s
510 0.825015 0.7538 0.00846054 5.52738s
511 0.825015 0.703948 0.0210351 5.48078s
512 0.825015 0.709711 0.019845 5.48779s
513 0.825015 0.722359 0.0188771 5.5469s
514 0.825015 0.718806 0.0193145 5.49107s
515 0.825015 0.727121 0.0181205 5.54689s
516 0.825015 0.716529 0.0192295 5.51012s
517 0.825015 0.716482 0.0185052 5.47435s
518 0.825015 0.733874 0.0168264 5.53968s
519 0.825015 0.717521 0.0178012 5.56509s
520 0.825015 0.722737 0.0185766 5.48564s
521 0.825015 0.759072 0.00827807 5.54995s
522 0.825015 0.752882 0.00865612 5.517s
523 0.825015 0.748605 0.00972156 5.48955s
524 0.825015 0.7459 0.00968373 5.58968s
525 0.825015 0.756268 0.00906027 5.59556s
526 0.825015 0.745853 0.00956077 5.6076s
527 0.825015 0.76431 0.00780206 5.5975s
528 0.825015 0.746124 0.00937859 5.51592s
529 0.825015 0.754774 0.00868221 5.52551s
530 0.825015 0.763345 0.00783813 5.55492s
531 0.825015 0.707701 0.0195688 5.52418s
532 0.825015 0.712805 0.0201937 5.54115s
533 0.825015 0.716564 0.019304 5.60613s
534 0.825015 0.722205 0.0189015 5.53144s
535 0.825015 0.7091 0.0202123 5.47635s
536 0.825015 0.704496 0.0200037 5.49177s
537 0.825015 0.708553 0.0191979 5.53834s
538 0.825015 0.714604 0.0206526 5.49099s
539 0.825015 0.720378 0.0189798 5.5753s
540 0.825015 0.709923 0.020185 5.51057s
541 0.825015 0.755601 0.00867421 5.54875s
542 0.825015 0.745071 0.0101812 5.54337s
543 0.825015 0.767272 0.00710201 5.63072s
544 0.825015 0.752203 0.00958301 5.54878s
545 0.825015 0.749051 0.00869325 5.57897s
546 0.825015 0.739384 0.0102325 5.54075s
547 0.825015 0.76191 0.00757878 5.54912s
548 0.825015 0.754317 0.00907051 5.498s
549 0.825015 0.770595 0.00706535 5.60151s
550 0.825015 0.759972 0.00784529 5.53263s
551 0.825015 0.728324 0.0179506 5.47314s
552 0.825015 0.720572 0.0196589 5.50811s
553 0.825015 0.731184 0.0182228 5.49938s
554 0.825015 0.733816 0.0171868 5.54444s
555 0.825015 0.719658 0.0182959 5.51671s
556 0.825015 0.745902 0.0155879 5.53031s
557 0.825015 0.713702 0.0195868 5.54861s
558 0.825015 0.714379 0.0186163 5.52914s
559 0.825015 0.722628 0.0189342 5.58825s
560 0.825015 0.725028 0.0181146 5.50552s
561 0.825015 0.75445 0.00868907 5.63482s
562 0.825015 0.763116 0.00741108 5.56008s
563 0.825015 0.757399 0.0087768 5.50906s
564 0.825015 0.760267 0.00874135 5.57483s
565 0.825015 0.749131 0.00917869 5.55821s
566 0.825015 0.743979 0.0101958 5.60756s
567 0.825015 0.745355 0.0097633 5.54017s
568 0.825015 0.738763 0.011 5.59762s
569 0.825015 0.754955 0.00850907 5.50372s
570 0.825015 0.755033 0.00838958 5.52998s
571 0.825015 0.71668 0.0193379 5.56625s
572 0.825015 0.725381 0.0192589 5.48821s
573 0.825015 0.714523 0.0197279 5.50225s
574 0.825015 0.717686 0.0194513 5.51505s
575 0.825015 0.717123 0.0189661 5.54387s
576 0.825015 0.716765 0.0199697 5.53905s
577 0.825015 0.731869 0.0173812 5.50182s
578 0.825015 0.724824 0.0186948 5.50296s
579 0.825015 0.73116 0.0173643 5.51738s
580 0.825015 0.73703 0.0169606 5.55696s
581 0.825015 0.747514 0.00888314 5.53322s
582 0.825015 0.745307 0.00936927 5.56397s
583 0.825015 0.74615 0.00947727 5.49671s
584 0.825015 0.74545 0.00902388 5.5595s
585 0.825015 0.747786 0.0101425 5.54904s
586 0.825015 0.737309 0.0108568 5.53963s
587 0.825015 0.753995 0.00913142 5.54961s
588 0.825015 0.748794 0.00935236 5.54609s
589 0.825015 0.754821 0.00922917 5.53207s
590 0.825015 0.758964 0.00893673 5.5606s
591 0.825015 0.717471 0.020269 5.52555s
592 0.825015 0.722405 0.0191041 5.54264s
593 0.825015 0.719035 0.0199187 5.51993s
594 0.825015 0.732033 0.017545 5.55705s
595 0.825015 0.716959 0.0194499 6.83995s
596 0.825015 0.714027 0.0195673 5.57015s
597 0.825015 0.716815 0.0187427 5.51782s
598 0.825015 0.716784 0.0188963 5.46317s
599 0.825015 0.71695 0.018909 5.57807s
600 0.825015 0.714572 0.0199623 5.52793s
601 0.825015 0.739027 0.0109642 5.56979s
602 0.825015 0.758976 0.00823151 5.59175s
603 0.825015 0.747668 0.0094901 5.51894s
604 0.825015 0.752315 0.00889846 5.58514s
605 0.825015 0.745185 0.00984114 5.51586s
606 0.825015 0.736368 0.0106123 5.57741s
607 0.825015 0.757447 0.00833383 5.54292s
608 0.825015 0.737381 0.0106185 5.62635s
609 0.825015 0.743468 0.010608 5.54237s
610 0.825015 0.758223 0.00883066 5.55666s
611 0.825015 0.70857 0.0200935 5.5655s
612 0.825015 0.715426 0.0189182 5.57628s
613 0.825015 0.713826 0.0197984 5.58529s
614 0.825015 0.70958 0.0208133 5.46828s
615 0.825015 0.706157 0.0207768 5.4895s
616 0.825015 0.713543 0.0198771 5.54727s
617 0.825015 0.710309 0.0191299 5.50477s
618 0.825015 0.713323 0.0195165 5.48376s
619 0.825015 0.716508 0.0194063 5.49556s
620 0.825015 0.712705 0.0189102 5.5019s
621 0.825015 0.746883 0.00899242 5.53882s
622 0.825015 0.7609 0.00751711 5.538s
623 0.825015 0.74042 0.0101824 5.53497s
624 0.825015 0.732669 0.0117092 5.58286s
625 0.825015 0.755189 0.00879222 5.50257s
626 0.825015 0.747788 0.00933367 5.58104s
627 0.825015 0.753396 0.00859949 5.51138s
628 0.825015 0.752289 0.00891314 5.54935s
629 0.825015 0.758184 0.00833918 5.57998s
630 0.825015 0.745538 0.00957905 5.55434s
631 0.825015 0.728335 0.0182934 5.50108s
632 0.825015 0.714721 0.0201688 5.58853s
633 0.825015 0.719167 0.019018 5.51749s
634 0.825015 0.720326 0.0195953 5.51221s
635 0.825015 0.726392 0.0181859 5.52719s
636 0.825015 0.733913 0.0166064 5.6251s
637 0.825015 0.714117 0.0191748 6.34821s
638 0.825015 0.711882 0.018824 5.57034s
639 0.825015 0.727079 0.0176582 5.54313s
640 0.825015 0.725374 0.0175077 5.47658s
641 0.825015 0.752348 0.00958106 5.53295s
642 0.825015 0.754007 0.0087669 5.52351s
643 0.825015 0.752045 0.00887958 5.59389s
644 0.825015 0.743872 0.00975629 5.56763s
645 0.825015 0.75318 0.00932816 5.63461s
646 0.825015 0.762298 0.00865569 5.57231s
647 0.825015 0.766245 0.00730207 5.51647s
648 0.825015 0.763193 0.00807277 5.63142s
649 0.825015 0.754673 0.0084422 5.51229s
650 0.825015 0.744118 0.00988159 5.5675s
651 0.825015 0.720891 0.0186029 5.46653s
652 0.825015 0.704652 0.0198455 5.56059s
653 0.825015 0.725068 0.0186603 5.57319s
654 0.825015 0.716039 0.0188124 5.48837s
655 0.825015 0.69997 0.021178 5.5539s
656 0.825015 0.734585 0.0171444 5.54906s
657 0.825015 0.701907 0.0206223 5.56669s
658 0.825015 0.718658 0.0185768 5.53174s
659 0.825015 0.707568 0.0207278 5.55378s
660 0.825015 0.719069 0.0191206 5.54473s
661 0.825015 0.756322 0.00787299 5.55925s
662 0.825015 0.762405 0.00727889 5.60377s
663 0.825015 0.756938 0.00804321 5.52398s
664 0.825015 0.757633 0.00795075 5.50816s
665 0.825015 0.75839 0.00815458 5.56671s
666 0.825015 0.749946 0.00883579 5.53208s
667 0.825015 0.756919 0.00770893 5.53648s
668 0.825015 0.766108 0.00754128 5.63226s
669 0.825015 0.748325 0.00971379 5.53259s
670 0.825015 0.759803 0.00839362 5.53711s
671 0.825015 0.713186 0.0177051 5.50083s
672 0.825015 0.711764 0.0192537 5.55715s
673 0.825015 0.72586 0.017536 5.52342s
674 0.825015 0.706942 0.0197098 5.542s
675 0.828285 0.722071 0.0184443 5.53427s
676 0.830029 0.730783 0.0174634 5.57418s
677 0.830029 0.728502 0.0182457 5.50024s
678 0.830029 0.773549 0.0121555 5.60479s
679 0.830029 0.770803 0.0126706 5.57305s
680 0.830029 0.778583 0.011855 5.55404s
681 0.830029 0.79618 0.0048472 5.54996s
682 0.830029 0.795316 0.00448517 5.55965s
683 0.830029 0.808441 0.00292134 5.5294s
684 0.830029 0.786716 0.00579371 5.54266s
685 0.830029 0.788204 0.00562901 5.58658s
686 0.830029 0.798927 0.00413534 5.53766s
687 0.830029 0.78072 0.00660687 5.61966s
688 0.830029 0.800042 0.00397217 5.61924s
689 0.830029 0.782791 0.00609153 5.53748s
690 0.830029 0.800943 0.0040723 5.60342s
691 0.830029 0.77984 0.011423 5.4898s
692 0.830029 0.772214 0.0130063 5.58765s
693 0.830029 0.77721 0.0118519 5.52104s
694 0.830029 0.779712 0.0115543 5.62758s
695 0.830029 0.780845 0.0107062 5.599s
696 0.830029 0.783105 0.0109134 5.57235s
697 0.830029 0.766335 0.0142738 5.55294s
698 0.830029 0.787216 0.00915721 5.61807s
699 0.830029 0.792812 0.00883237 5.57074s
700 0.830029 0.802864 0.00622905 5.57322s
701 0.830029 0.801838 0.00397184 5.57116s
702 0.830029 0.793746 0.00529243 5.57889s
703 0.830029 0.799955 0.0040806 5.64476s
704 0.830029 0.787578 0.00556486 6.84214s
705 0.830029 0.793952 0.00490423 5.58003s
706 0.830029 0.808459 0.00273399 5.55082s
707 0.830029 0.794862 0.00505128 5.57396s
708 0.830029 0.794724 0.0045442 5.56313s
709 0.830029 0.794669 0.00477228 5.61593s
710 0.830029 0.797194 0.00446582 5.59488s
711 0.830029 0.785158 0.0100981 5.56481s
712 0.830029 0.788341 0.0100986 5.50336s
713 0.830029 0.776319 0.0118877 5.48271s
714 0.830029 0.777029 0.0117042 5.57208s
715 0.830029 0.782313 0.0104325 5.55532s
716 0.830029 0.783097 0.0107904 5.53567s
717 0.830029 0.790197 0.00924686 5.54517s
718 0.830029 0.780137 0.0107843 5.55789s
719 0.830029 0.785283 0.010423 5.50573s
720 0.830029 0.777301 0.0112975 5.51286s
721 0.830029 0.802424 0.00387454 5.58958s
722 0.830029 0.801303 0.00376417 5.54071s
723 0.830029 0.809105 0.00289013 5.53729s
724 0.830029 0.799865 0.0041233 5.56998s
725 0.830029 0.808409 0.00276012 5.55679s
726 0.830029 0.801656 0.00365517 5.51819s
727 0.830029 0.802255 0.0035847 5.61779s
728 0.830029 0.796753 0.00466021 5.55263s
729 0.830029 0.798673 0.00403862 5.51944s
730 0.830029 0.802617 0.00392123 5.5507s
731 0.830029 0.786227 0.00953663 5.50368s
732 0.830029 0.778114 0.0116446 5.5249s
733 0.830029 0.783789 0.0104717 5.55705s
734 0.830029 0.790259 0.00959437 5.58194s
735 0.830029 0.773133 0.0120066 5.54091s
736 0.830029 0.784732 0.0102844 5.55924s
737 0.830029 0.797712 0.00717857 5.58362s
738 0.830029 0.782468 0.0102774 5.59104s
739 0.830029 0.785174 0.00941395 5.50969s
740 0.830029 0.778592 0.01157 5.51583s
741 0.830029 0.799629 0.00389977 5.62966s
742 0.830029 0.801305 0.00392663 5.55119s
743 0.830029 0.809448 0.00280681 5.59206s
744 0.830029 0.812425 0.00237125 5.60589s
745 0.830029 0.805978 0.00333176 5.5596s
746 0.830029 0.803507 0.0035113 5.57248s
747 0.830029 0.802868 0.00380296 5.50608s
748 0.830029 0.789655 0.00562444 5.57881s
749 0.830029 0.802028 0.00387496 5.58867s
750 0.830029 0.810696 0.0026674 5.56715s
751 0.830029 0.800263 0.00700135 5.60562s
752 0.830029 0.792702 0.00831111 5.54073s
753 0.830029 0.787231 0.00993114 5.57561s
754 0.830029 0.79122 0.0079744 5.51345s
755 0.830029 0.792095 0.00855697 5.56012s
756 0.830029 0.787973 0.00958573 5.5579s
757 0.830029 0.780152 0.0104841 5.57202s
758 0.830029 0.782361 0.0103558 5.50276s
759 0.830029 0.800723 0.00618339 5.5592s
760 0.830029 0.777937 0.011204 5.60227s
761 0.830029 0.816131 0.00181619 5.59386s
762 0.830029 0.803961 0.0036956 5.56516s
763 0.830029 0.796302 0.00427404 5.55031s
764 0.830029 0.801904 0.00380492 5.56884s
765 0.830029 0.79787 0.00424304 5.54959s
766 0.830029 0.797399 0.00420751 5.58361s
767 0.830029 0.802196 0.0037953 5.62138s
768 0.830029 0.813156 0.00230766 5.57673s
769 0.830029 0.796667 0.004433 5.5367s
770 0.830029 0.806894 0.00323505 5.57935s
771 0.830029 0.770374 0.0121291 5.50831s
772 0.830029 0.797428 0.00766798 5.49004s
773 0.830029 0.782586 0.0100329 5.47925s
774 0.830029 0.777738 0.0115132 5.59871s
775 0.830029 0.769645 0.0125665 5.51919s
776 0.830029 0.786311 0.00965241 5.5682s
777 0.830029 0.786357 0.00911083 5.53811s
778 0.830029 0.785097 0.00987134 5.58356s
779 0.830029 0.786122 0.00924945 5.50669s
780 0.830029 0.791313 0.00869477 5.48394s
781 0.830029 0.796359 0.00482126 5.60617s
782 0.830029 0.807356 0.00313008 5.58323s
783 0.830029 0.808018 0.00299218 5.58956s
784 0.830029 0.805966 0.0032952 5.59561s
785 0.830029 0.801022 0.00405931 5.52539s
786 0.830029 0.798007 0.00399287 5.62132s
787 0.830029 0.794 0.00456472 5.54348s
788 0.830029 0.802847 0.00376177 5.54293s
789 0.830029 0.796114 0.00466312 5.58956s
790 0.830029 0.799657 0.00412673 5.54767s
791 0.830029 0.766262 0.0134021 5.60328s
792 0.830029 0.784536 0.0104732 5.5386s
793 0.830029 0.777883 0.0122548 5.50007s
794 0.830029 0.794838 0.00762041 5.51592s
795 0.830029 0.774582 0.0117242 5.47274s
796 0.830029 0.782097 0.011137 5.60014s
797 0.830029 0.779097 0.0116595 5.5213s
798 0.830029 0.762363 0.0139193 5.47068s
799 0.830029 0.770366 0.0129285 5.56046s
800 0.830029 0.780436 0.0107296 5.53654s
801 0.830029 0.800458 0.00373307 5.5397s
802 0.830029 0.806096 0.00327455 5.54676s
803 0.830029 0.807591 0.00300609 5.51203s
804 0.830029 0.811853 0.00265215 5.54201s
805 0.830029 0.795349 0.00472843 5.60014s
806 0.830029 0.809974 0.00255927 5.55405s
807 0.830029 0.803187 0.00357129 5.5937s
808 0.830029 0.803422 0.00343876 5.55276s
809 0.830029 0.796686 0.0045516 5.6063s
810 0.830029 0.809031 0.00273611 5.5342s
811 0.830029 0.779614 0.0115597 5.49184s
812 0.830029 0.767076 0.0140027 5.60127s
813 0.830029 0.759329 0.0143025 6.62471s
814 0.830029 0.787622 0.00979529 5.55689s
815 0.830029 0.783852 0.0097459 5.52309s
816 0.830029 0.774763 0.0115026 5.57656s
817 0.830029 0.801309 0.00644604 5.53946s
818 0.830029 0.785569 0.00939536 5.5814s
819 0.830029 0.762719 0.014832 5.58134s
820 0.830029 0.790877 0.00872185 5.58543s
821 0.830029 0.802435 0.0037798 5.73002s
822 0.830029 0.8009 0.00396254 5.61153s
823 0.830029 0.787225 0.00587126 5.53411s
824 0.830029 0.810006 0.00266018 5.61997s
825 0.830029 0.797423 0.0046371 5.53301s
826 0.830029 0.805048 0.00322862 5.56974s
827 0.830029 0.801814 0.00373611 5.62212s
828 0.830029 0.806368 0.00324624 5.53227s
829 0.830029 0.809651 0.00274805 5.60405s
830 0.830029 0.796436 0.00429987 5.55914s
831 0.830029 0.784258 0.0103237 5.58517s
832 0.830029 0.779209 0.0110365 5.48932s
833 0.830029 0.774542 0.0120141 5.57319s
834 0.830029 0.774053 0.0122992 5.57927s
835 0.830029 0.767249 0.0132674 5.54457s
836 0.830029 0.787455 0.00980903 5.58859s
837 0.830029 0.77988 0.0113775 5.54726s
838 0.830029 0.769895 0.0131816 5.51195s
839 0.830029 0.776422 0.0121064 5.50525s
840 0.830029 0.780332 0.0107563 5.60691s
841 0.830029 0.79415 0.00521843 5.52715s
842 0.830029 0.802893 0.00389088 5.55943s
843 0.830029 0.800082 0.00394649 5.60498s
844 0.830029 0.809412 0.00255091 5.53538s
845 0.830029 0.796347 0.00497308 5.52089s
846 0.830029 0.814703 0.00208458 5.56925s
847 0.830029 0.790246 0.00551749 5.52035s
848 0.830029 0.800262 0.00412818 5.6374s
849 0.830029 0.79917 0.00441021 5.51954s
850 0.830029 0.792371 0.0051437 5.55761s
851 0.830029 0.778382 0.0111757 5.53337s
852 0.830029 0.774059 0.0121486 5.5669s
853 0.830029 0.779527 0.0113322 5.57631s
854 0.830029 0.779749 0.0115855 5.52014s
855 0.830029 0.775891 0.0115348 5.9094s
856 0.830029 0.789127 0.00907431 5.65851s
857 0.830029 0.780023 0.0107178 5.61986s
858 0.830029 0.769329 0.0138985 5.51344s
859 0.830029 0.775809 0.011783 5.53159s
860 0.830029 0.783612 0.0101082 5.5428s
861 0.830029 0.797069 0.00435063 5.64648s
862 0.830029 0.797682 0.00446416 5.60933s
863 0.830029 0.800662 0.00395373 5.63135s
864 0.830029 0.806605 0.00302435 5.59348s
865 0.830029 0.806203 0.00328907 5.59642s
866 0.830029 0.799446 0.00388492 5.8773s
867 0.830029 0.799414 0.00398264 5.54321s
868 0.830029 0.801787 0.0038753 5.54169s
869 0.830029 0.812035 0.00248814 5.58768s
870 0.830029 0.806437 0.00324868 5.58898s
871 0.830029 0.774211 0.012197 5.52256s
872 0.830029 0.775565 0.0119869 5.5445s
873 0.830029 0.795374 0.00741538 5.55714s
874 0.830029 0.779895 0.0112476 5.54399s
875 0.830029 0.769465 0.0129722 5.56135s
876 0.830029 0.789741 0.00881762 5.52178s
877 0.830029 0.790872 0.00849232 5.57061s
878 0.830029 0.789966 0.00904843 5.84043s
879 0.830029 0.761382 0.0147947 5.62983s
880 0.830029 0.771759 0.0133058 5.59699s
881 0.830029 0.794825 0.00459599 5.65385s
882 0.830029 0.80648 0.00313541 5.52861s
883 0.830029 0.807443 0.00286073 5.64466s
884 0.830029 0.803957 0.00347786 5.70982s
885 0.830029 0.794124 0.00491372 5.65705s
886 0.830029 0.801731 0.00400655 5.62728s
887 0.830029 0.793819 0.00524947 6.44564s
888 0.830029 0.800539 0.00389696 5.53954s
889 0.830029 0.798448 0.00439679 5.87566s
890 0.830029 0.807665 0.00301827 5.84692s
891 0.830029 0.772109 0.0125056 5.51363s
892 0.830029 0.780565 0.0115844 5.55725s
893 0.830029 0.770565 0.0126125 5.49652s
894 0.830029 0.770441 0.0127461 6.40686s
895 0.830029 0.78571 0.00998848 5.59521s
896 0.830029 0.786067 0.00976662 5.59309s
897 0.830029 0.781386 0.010749 5.64885s
898 0.830029 0.777129 0.0118086 5.55249s
899 0.830029 0.774601 0.0129491 5.49166s
900 0.830029 0.783206 0.009794 5.53553s
901 0.830029 0.797715 0.00422642 5.52105s
902 0.830029 0.805113 0.00331476 5.69047s
903 0.830029 0.801407 0.00418545 5.5744s
904 0.830029 0.810833 0.00261962 5.6134s
905 0.830029 0.805275 0.00338148 5.55756s
906 0.830029 0.809614 0.0027496 5.56354s
907 0.830029 0.784511 0.00614271 5.55346s
908 0.830029 0.788516 0.00574683 5.56152s
909 0.830029 0.795944 0.00460733 5.58777s
910 0.830029 0.801069 0.00386132 5.60562s
911 0.830029 0.763205 0.0137063 5.5563s
912 0.830029 0.783029 0.0106835 5.52498s
913 0.830029 0.768671 0.0138539 5.63617s
914 0.830029 0.792235 0.00871915 5.69152s
915 0.830029 0.774919 0.0112311 5.58071s
916 0.830029 0.773695 0.0124411 5.56748s
917 0.830029 0.783891 0.0102378 5.52114s
918 0.830029 0.774885 0.0116934 5.55655s
919 0.830029 0.781854 0.0102875 5.57963s
920 0.830029 0.782569 0.0103982 5.54944s
921 0.830029 0.795815 0.00466708 6.80008s
922 0.830029 0.805982 0.00308704 5.58327s
923 0.830029 0.811186 0.00258224 5.55196s
924 0.830029 0.798884 0.00419406 5.60583s
925 0.830029 0.80897 0.0027965 5.69977s
926 0.830029 0.790813 0.00519305 5.65831s
927 0.830029 0.799905 0.00388658 5.54221s
928 0.830029 0.796021 0.00458895 5.56468s
929 0.830029 0.792465 0.00496177 5.56571s
930 0.830029 0.795236 0.00481223 5.55931s
931 0.830029 0.796822 0.00767283 5.53401s
932 0.830029 0.788863 0.00950301 5.65101s
933 0.830029 0.772167 0.0125091 5.52393s
934 0.830029 0.763968 0.0136506 5.62054s
935 0.830029 0.793768 0.00816228 5.52961s
936 0.830029 0.775774 0.0117284 5.71811s
937 0.830029 0.775765 0.0123258 5.49196s
938 0.830029 0.78925 0.00882713 5.51081s
939 0.830029 0.784642 0.0106979 5.65603s
940 0.830029 0.765705 0.0132255 5.48429s
941 0.830029 0.793662 0.00478337 5.70865s
942 0.830029 0.813083 0.00225756 5.55737s
943 0.830029 0.790363 0.00513861 5.5535s
944 0.830029 0.805322 0.00321749 5.61203s
945 0.830029 0.797432 0.00443369 5.6073s
946 0.830029 0.792078 0.00477598 5.53622s
947 0.830029 0.799737 0.00419903 5.53593s
948 0.830029 0.802891 0.00398227 5.65197s
949 0.830029 0.800114 0.00400667 5.59985s
950 0.830029 0.808259 0.00312737 5.63724s
951 0.830029 0.787206 0.0100379 5.52707s
952 0.830029 0.766019 0.0134948 5.51189s
953 0.830029 0.780942 0.0112961 5.55316s
954 0.830029 0.775071 0.0127102 5.52318s
955 0.830029 0.776938 0.0118809 5.51762s
956 0.830029 0.761384 0.0149767 6.46925s
957 0.830029 0.808144 0.00488706 7.16952s
958 0.830029 0.791134 0.00846367 5.56248s
959 0.830029 0.786472 0.010276 5.51784s
960 0.830029 0.798608 0.00744331 5.57584s
961 0.830029 0.80653 0.00327594 5.6424s
962 0.830029 0.811568 0.00268191 5.55053s
963 0.830029 0.803311 0.00389758 5.60229s
964 0.830029 0.79773 0.00406094 5.59971s
965 0.830029 0.803508 0.00355371 5.55792s
966 0.830029 0.801578 0.00388482 5.59379s
967 0.830029 0.800883 0.00369811 5.57377s
968 0.830029 0.798118 0.00418973 5.6029s
969 0.830029 0.799961 0.00427992 5.56698s
970 0.830029 0.797123 0.00443264 5.57019s
971 0.830029 0.773497 0.0114831 5.51482s
972 0.830029 0.777042 0.0119415 5.51072s
973 0.830029 0.763374 0.0135296 5.48153s
974 0.830029 0.782809 0.010525 5.60284s
975 0.830029 0.768025 0.0136735 5.50662s
976 0.830029 0.77546 0.0121558 5.61175s
977 0.830029 0.779688 0.011261 5.53266s
978 0.830029 0.790949 0.00852978 5.59467s
979 0.830029 0.781295 0.0108802 5.52346s
980 0.830029 0.772665 0.0124036 5.60134s
981 0.830029 0.801947 0.00374651 5.53235s
982 0.830029 0.803216 0.0033243 5.57238s
983 0.830029 0.802998 0.00364994 5.51019s
984 0.830029 0.800178 0.00402458 5.63264s
985 0.830029 0.801744 0.00383666 5.57295s
986 0.830029 0.802607 0.00374193 5.5296s
987 0.830029 0.796671 0.00432794 5.56307s
988 0.830029 0.804837 0.00346087 5.57644s
989 0.830029 0.807943 0.00316612 5.57705s
990 0.830029 0.793274 0.0050083 5.57172s
991 0.830029 0.792288 0.00824644 5.57802s
992 0.830029 0.786279 0.00996303 5.54815s
993 0.830029 0.773683 0.0124537 5.51421s
994 0.830029 0.782504 0.0102413 5.54251s
995 0.830029 0.801835 0.00629726 5.5146s
996 0.830029 0.776913 0.0114623 5.52776s
997 0.830029 0.777785 0.0114804 5.47683s
998 0.830029 0.792919 0.00817338 5.63436s
999 0.830029 0.777931 0.0116649 5.55891s
1000 0.830029 0.772228 0.0131057 5.562s
1001 0.830029 0.812844 0.00222592 5.52904s
1002 0.830029 0.797967 0.00434376 5.54448s
1003 0.830029 0.799129 0.00443798 5.54239s
1004 0.830029 0.807321 0.00298133 5.62663s
1005 0.830029 0.80518 0.00328182 5.57324s
1006 0.830029 0.800456 0.00415915 5.52883s
1007 0.830029 0.803444 0.00344296 5.58787s
1008 0.830029 0.80183 0.00378638 5.56863s
1009 0.830029 0.805938 0.00333904 5.6171s
1010 0.830029 0.793912 0.00467723 5.60705s
1011 0.830029 0.794155 0.00802428 5.50509s
1012 0.830029 0.778205 0.0118872 5.52163s
1013 0.830029 0.77587 0.0123057 5.58727s
1014 0.830029 0.791668 0.0083334 5.51792s
1015 0.830029 0.780463 0.0115075 5.5417s
1016 0.830029 0.785251 0.0095935 5.50395s
1017 0.830029 0.79719 0.00733333 5.61688s
1018 0.830029 0.798201 0.0068986 5.50759s
1019 0.830029 0.788252 0.00932843 5.49628s
1020 0.830029 0.759163 0.0153825 5.54835s
1021 0.830029 0.802597 0.00385308 5.62946s
1022 0.830029 0.803487 0.00329514 5.54339s
1023 0.830029 0.802837 0.00368791 5.63416s
1024 0.830029 0.795838 0.00429292 5.56621s
1025 0.830029 0.801422 0.00372978 5.56027s
1026 0.830029 0.812824 0.00226768 5.61099s
1027 0.830029 0.805894 0.00324527 5.51384s
1028 0.830029 0.807248 0.00296665 5.65525s
1029 0.830029 0.796591 0.00417489 6.88779s
1030 0.830029 0.803163 0.0038173 5.61263s
1031 0.830029 0.793389 0.00855533 5.553s
1032 0.830029 0.76267 0.0150034 5.59122s
1033 0.830029 0.77858 0.0120424 5.50945s
1034 0.830029 0.777813 0.0116574 5.58228s
1035 0.830029 0.783127 0.0100807 5.49679s
1036 0.830029 0.784182 0.0102974 5.57364s
1037 0.830029 0.786042 0.00975281 5.527s
1038 0.830029 0.790331 0.00893554 5.55025s
1039 0.830029 0.786047 0.0101308 5.58304s
1040 0.830029 0.793904 0.00799758 5.55689s
1041 0.830029 0.799338 0.00446436 5.52647s
1042 0.830029 0.794273 0.00465053 5.56026s
1043 0.830029 0.794685 0.00469514 5.52896s
1044 0.830029 0.805969 0.00324599 5.51634s
1045 0.830029 0.8041 0.00353302 5.52209s
1046 0.830029 0.800976 0.00394454 5.65004s
1047 0.830029 0.802971 0.0036333 5.57809s
1048 0.830029 0.803832 0.00352739 5.59259s
1049 0.830029 0.804435 0.00347269 5.56704s
1050 0.830029 0.794602 0.00455379 5.5372s
1051 0.830029 0.777792 0.0113373 5.54524s
1052 0.830029 0.797882 0.00752375 5.60862s
1053 0.830029 0.752205 0.0161137 5.5548s
1054 0.830029 0.774142 0.0121536 5.5109s
1055 0.830029 0.791712 0.00847085 5.60161s
1056 0.830029 0.774884 0.0122654 5.60645s
1057 0.830029 0.777169 0.0122907 5.48984s
1058 0.830029 0.781823 0.0110628 5.54197s
1059 0.830029 0.790444 0.00822906 5.5746s
1060 0.831152 0.778242 0.0114537 5.52813s
1061 0.831152 0.796891 0.00420282 5.55116s
1062 0.831152 0.803393 0.00337521 5.51569s
1063 0.831152 0.800591 0.00406419 5.63178s
1064 0.831152 0.789947 0.00583402 5.51889s
1065 0.831152 0.793635 0.00510888 5.57904s
1066 0.831152 0.802119 0.00408459 5.53131s
1067 0.831152 0.801472 0.00389047 5.56612s
1068 0.831152 0.808106 0.00302312 5.54762s
1069 0.831152 0.796802 0.00465436 5.56858s
1070 0.831152 0.800553 0.00397767 5.5899s
1071 0.831152 0.766849 0.0141129 5.55378s
1072 0.831152 0.79162 0.00979611 5.61894s
1073 0.831152 0.78372 0.0107418 5.53396s
1074 0.831152 0.766645 0.0141643 5.492s
1075 0.831152 0.784056 0.00989949 5.54484s
1076 0.831152 0.78313 0.010908 5.53161s
1077 0.831152 0.778242 0.0118097 5.58839s
1078 0.831152 0.765837 0.0139535 5.54351s
1079 0.831152 0.783571 0.0103504 5.58936s
1080 0.831152 0.772053 0.0128099 5.53395s
1081 0.831152 0.789735 0.00579378 5.57716s
1082 0.831152 0.802892 0.00430876 5.58082s
1083 0.831152 0.804997 0.0036672 5.54913s
1084 0.831152 0.793946 0.00502875 5.56503s
1085 0.831152 0.812016 0.00286481 5.61107s
1086 0.831152 0.800307 0.004265 5.53227s
1087 0.831152 0.79236 0.00527906 5.62098s
1088 0.831152 0.793145 0.00510732 5.58006s
1089 0.831152 0.794207 0.00511724 5.5209s
1090 0.831152 0.796209 0.00458557 5.52328s
1091 0.831152 0.806516 0.00570808 5.54581s
1092 0.831152 0.788378 0.0104783 5.4828s
1093 0.831152 0.779867 0.0113559 5.50008s
1094 0.831152 0.788143 0.0098028 5.62804s
1095 0.831152 0.773745 0.0130201 5.57045s
1096 0.831152 0.787519 0.00968923 5.54297s
1097 0.831152 0.759946 0.01542 5.56889s
1098 0.831152 0.770459 0.0138822 5.54334s
1099 0.831152 0.773853 0.0124466 5.76114s
1100 0.831152 0.782655 0.0103374 5.53192s
1101 0.831152 0.808347 0.00324129 5.54771s
1102 0.831152 0.80668 0.0035217 5.5655s
1103 0.831152 0.795321 0.00490881 5.6072s
1104 0.831152 0.796981 0.0047545 5.5839s
1105 0.831152 0.808859 0.0030091 5.58067s
1106 0.831152 0.801178 0.00398391 5.59661s
1107 0.831152 0.794672 0.0047663 5.5292s
1108 0.831152 0.805697 0.00369315 5.57562s
1109 0.831152 0.784143 0.00603954 5.6032s
1110 0.831152 0.796146 0.0044705 5.53945s
1111 0.831152 0.79406 0.00854857 5.57529s
1112 0.831152 0.795842 0.00805553 5.5363s
1113 0.831152 0.791 0.0087928 5.48711s
1114 0.831152 0.778112 0.0115712 5.57444s
1115 0.831152 0.762826 0.0151353 5.49816s
1116 0.831152 0.782366 0.011461 5.54005s
1117 0.831152 0.781563 0.0112387 5.55636s
1118 0.831152 0.785455 0.0100375 5.543s
1119 0.831152 0.792461 0.00907823 5.54513s
1120 0.831152 0.783699 0.0104183 5.55257s
1121 0.831152 0.808762 0.0030096 5.56264s
1122 0.831152 0.801088 0.00404933 5.54494s
1123 0.831152 0.800154 0.0042712 5.551s
1124 0.831152 0.806946 0.0032307 5.57524s
1125 0.831152 0.791475 0.00562387 5.53055s
1126 0.831152 0.808989 0.00320364 5.62291s
1127 0.831152 0.798547 0.00439099 5.55299s
1128 0.831152 0.799842 0.00427538 5.52254s
1129 0.831152 0.803281 0.00356702 5.60692s
1130 0.831152 0.796919 0.00493062 5.555s
1131 0.831152 0.774009 0.012343 5.5535s
1132 0.831152 0.77577 0.0119765 5.48714s
1133 0.831152 0.792114 0.00925806 5.56724s
1134 0.831152 0.787873 0.0104902 5.54085s
1135 0.831152 0.791035 0.00948316 5.551s
1136 0.831152 0.789826 0.00901059 5.51474s
1137 0.831152 0.795241 0.00825306 5.53379s
1138 0.831152 0.77885 0.0119544 6.76057s
1139 0.831152 0.778551 0.0122495 5.56292s
1140 0.831152 0.794775 0.0080301 5.52822s
1141 0.831152 0.799075 0.00442999 5.57507s
1142 0.831152 0.803017 0.00380535 5.60514s
1143 0.831152 0.805564 0.00352751 5.60277s
1144 0.831152 0.811945 0.00263616 5.54645s
1145 0.831152 0.784018 0.00568369 5.599s
1146 0.831152 0.799723 0.00438822 5.54134s
1147 0.831152 0.79922 0.00422666 5.57574s
1148 0.831152 0.786826 0.00618641 5.51752s
1149 0.831152 0.808464 0.00288812 5.57508s
1150 0.831152 0.793843 0.0050746 5.5194s
1151 0.831152 0.764618 0.0126948 5.57004s
1152 0.831152 0.788538 0.00944038 5.54517s
1153 0.831152 0.781056 0.0118584 5.51933s
1154 0.831152 0.784329 0.0102592 5.51447s
1155 0.831152 0.777175 0.0124125 5.55759s
1156 0.831152 0.763924 0.0145042 5.47701s
1157 0.831152 0.776262 0.012404 5.58578s
1158 0.831152 0.778191 0.0110882 5.54222s
1159 0.831152 0.769393 0.0136864 5.51469s
1160 0.831152 0.772515 0.0120052 5.64212s
1161 0.831152 0.798963 0.00434754 5.5766s
1162 0.831152 0.79804 0.00456686 5.56828s
1163 0.831152 0.794401 0.00481405 5.53743s
1164 0.831152 0.792892 0.00537729 5.54371s
1165 0.831152 0.796846 0.00454314 5.59352s
1166 0.831152 0.804922 0.0036177 5.57s
1167 0.831152 0.796569 0.00450422 5.60016s
1168 0.831152 0.806616 0.00354288 5.61056s
1169 0.831152 0.80173 0.00414257 5.5182s
1170 0.831152 0.808432 0.00294837 5.59902s
1171 0.831152 0.777465 0.0123552 5.54637s
1172 0.831152 0.778364 0.0117689 5.50777s
1173 0.831152 0.769296 0.0130557 5.55554s
1174 0.831152 0.765 0.0141914 5.50954s
1175 0.831152 0.786052 0.00999909 5.54668s
1176 0.831152 0.791237 0.00905266 5.53657s
1177 0.831152 0.776805 0.0118387 5.58996s
1178 0.831152 0.772704 0.0130297 5.54798s
1179 0.831152 0.786091 0.0103475 5.61914s
1180 0.831152 0.780321 0.011542 5.53122s
1181 0.831152 0.799354 0.00437512 5.52804s
1182 0.831152 0.80654 0.0033293 5.63033s
1183 0.831152 0.801676 0.00406453 5.55725s
1184 0.831152 0.805371 0.0036312 5.62992s
1185 0.831152 0.794045 0.0050225 5.53158s
1186 0.831152 0.801837 0.00419966 5.607s
1187 0.831152 0.803272 0.00381372 5.64476s
1188 0.831152 0.79885 0.00441596 5.6058s
1189 0.831152 0.807349 0.0033701 5.53201s
1190 0.831152 0.806244 0.00355792 5.52828s
1191 0.831152 0.78136 0.0110514 5.57423s
1192 0.831152 0.783462 0.0109571 5.52906s
1193 0.831152 0.78367 0.010761 5.58993s
1194 0.831152 0.781529 0.0108841 5.49247s
1195 0.831152 0.801127 0.00688258 5.57535s
1196 0.831152 0.7754 0.0114016 5.56191s
1197 0.831152 0.794909 0.00851794 5.54614s
1198 0.831152 0.765126 0.0143973 5.51084s
1199 0.831152 0.795176 0.00810798 5.59066s
1200 0.831152 0.784978 0.0100184 5.55778s
1201 0.831152 0.79738 0.0041912 5.61564s
1202 0.831152 0.798945 0.0044296 5.54472s
1203 0.831152 0.802961 0.0038476 5.53129s
1204 0.831152 0.811553 0.00279891 5.5321s
1205 0.831152 0.789311 0.00532421 5.5445s
1206 0.831152 0.80585 0.00367678 5.54062s
1207 0.831152 0.801674 0.00398857 5.60891s
1208 0.831152 0.802559 0.003934 5.55802s
1209 0.831152 0.803629 0.00364852 5.59097s
1210 0.831152 0.797064 0.00441975 5.55091s
1211 0.831152 0.792059 0.00939028 5.47965s
1212 0.831152 0.782612 0.010973 5.57691s
1213 0.831152 0.786212 0.00973675 5.49911s
1214 0.831152 0.783412 0.0103628 5.52098s
1215 0.831152 0.780217 0.0114479 5.51394s
1216 0.831152 0.792234 0.00896055 5.46303s
1217 0.831152 0.790461 0.00945617 5.52372s
1218 0.831152 0.768135 0.0135626 5.57056s
1219 0.831152 0.770429 0.0125813 5.59955s
1220 0.831152 0.785985 0.0103968 5.47753s
1221 0.831152 0.799638 0.00425788 5.57948s
1222 0.831152 0.795455 0.00470345 5.61336s
1223 0.831152 0.809316 0.00315355 5.56988s
1224 0.831152 0.796741 0.00467458 5.55943s
1225 0.831152 0.793791 0.00477679 5.57431s
1226 0.831152 0.798823 0.00446074 5.60518s
1227 0.831152 0.803386 0.00368879 5.53877s
1228 0.831152 0.806055 0.00329323 5.55122s
1229 0.831152 0.80445 0.00360075 5.60894s
1230 0.831152 0.796952 0.00470554 5.63285s
1231 0.831152 0.778311 0.01169 5.52326s
1232 0.831152 0.767375 0.0137926 5.52949s
1233 0.831152 0.788227 0.00938852 5.56487s
1234 0.831152 0.782107 0.0107647 5.56513s
1235 0.831152 0.773547 0.0122395 5.5334s
1236 0.831152 0.790458 0.00933903 5.53646s
1237 0.831152 0.765293 0.0136788 5.54763s
1238 0.831152 0.760394 0.0152185 5.55229s
1239 0.831152 0.771563 0.0130923 5.55357s
1240 0.831152 0.784994 0.0101668 5.59235s
1241 0.831152 0.798673 0.00448802 5.56413s
1242 0.831152 0.801792 0.00387758 5.5716s
1243 0.831152 0.793246 0.00534094 5.54655s
1244 0.831152 0.814291 0.00224209 5.55329s
1245 0.831152 0.805325 0.00367674 5.55856s
1246 0.831152 0.785567 0.00618345 5.56194s
1247 0.831152 0.801599 0.00391023 6.78939s
1248 0.831152 0.80439 0.00356059 5.62288s
1249 0.831152 0.802334 0.00418555 5.51764s
1250 0.831152 0.803881 0.00369427 5.58623s
1251 0.831152 0.773349 0.0128017 5.51925s
1252 0.831152 0.778258 0.0110985 5.51779s
1253 0.831152 0.782297 0.0102931 5.51439s
1254 0.831152 0.775539 0.0125008 5.55567s
1255 0.831152 0.78168 0.0108132 5.54602s
1256 0.831152 0.786287 0.0105256 5.55955s
1257 0.831152 0.792961 0.00825908 5.56585s
1258 0.831152 0.785151 0.0104463 5.51801s
1259 0.831152 0.774841 0.01275 5.50476s
1260 0.831152 0.783116 0.0110064 5.48294s
1261 0.831152 0.798823 0.00462665 5.57869s
1262 0.831152 0.801689 0.00375227 5.60081s
1263 0.831152 0.807981 0.0032047 5.54835s
1264 0.831152 0.792463 0.00496351 5.59133s
1265 0.831152 0.799014 0.00418444 5.57581s
1266 0.831152 0.800566 0.00406871 5.55933s
1267 0.831152 0.788575 0.00545411 5.5594s
1268 0.831152 0.793686 0.00510521 5.57111s
1269 0.831152 0.799938 0.0043566 5.53967s
1270 0.831152 0.800185 0.00436603 5.60527s
1271 0.831152 0.783343 0.0102593 5.52094s
1272 0.831152 0.78382 0.0113858 5.6099s
1273 0.831152 0.764809 0.0140996 5.50137s
1274 0.831152 0.773924 0.0124131 5.54316s
1275 0.831152 0.799896 0.00752465 5.49494s
1276 0.831152 0.794873 0.00805266 5.5049s
1277 0.831152 0.778973 0.0116176 5.53047s
1278 0.831152 0.798504 0.00778026 5.51354s
1279 0.831152 0.767409 0.0146628 5.49099s
1280 0.831152 0.768371 0.013602 5.58641s
1281 0.831152 0.801647 0.00391829 5.53928s
1282 0.831152 0.801078 0.00442372 6.71764s
1283 0.831152 0.797563 0.00449126 5.63521s
1284 0.831152 0.802201 0.0038869 5.54116s
1285 0.831152 0.793794 0.00477376 5.64187s
1286 0.831152 0.789271 0.00568841 5.51921s
1287 0.831152 0.807075 0.00351819 5.55106s
1288 0.831152 0.795466 0.0048258 5.53193s
1289 0.831152 0.798628 0.00421434 5.59441s
1290 0.831152 0.796288 0.00476056 5.63117s
1291 0.831152 0.773823 0.0126966 5.53589s
1292 0.831152 0.773085 0.0127855 5.55213s
1293 0.831152 0.773303 0.0126417 5.49813s
1294 0.831152 0.781446 0.0114959 5.56866s
1295 0.831152 0.766999 0.0144685 5.57552s
1296 0.831152 0.785745 0.00986878 5.47356s
1297 0.831152 0.770757 0.0136224 5.54192s
1298 0.831152 0.77385 0.012268 5.50132s
1299 0.831152 0.781966 0.0110697 5.57963s
1300 0.831152 0.780556 0.0110955 5.50499s
1301 0.831152 0.791857 0.00532339 5.60204s
1302 0.831152 0.789006 0.00518409 5.55402s
1303 0.831152 0.795903 0.004699 5.57265s
1304 0.831152 0.798495 0.00450791 5.60737s
1305 0.831152 0.802133 0.00387478 5.62227s
1306 0.831152 0.789117 0.00575821 5.54044s
1307 0.831152 0.792352 0.00487682 5.55291s
1308 0.831152 0.807239 0.00320653 5.59808s
1309 0.831152 0.81096 0.00271579 5.56086s
1310 0.831152 0.796895 0.0047309 5.56608s
1311 0.831152 0.783724 0.00965909 5.57314s
1312 0.831152 0.767701 0.0138313 5.5586s
1313 0.831152 0.778739 0.0120852 5.54775s
1314 0.831152 0.783837 0.0110366 5.50608s
1315 0.831152 0.773502 0.0123621 5.5494s
1316 0.831152 0.784639 0.011092 5.53925s
1317 0.831152 0.768284 0.0137613 5.57386s
1318 0.831152 0.775324 0.0126912 5.49312s
1319 0.831152 0.797595 0.00729809 5.58394s
1320 0.831152 0.783152 0.010606 5.59748s
1321 0.831152 0.805584 0.00363373 5.61862s
1322 0.831152 0.800081 0.00417132 5.53139s
1323 0.831152 0.808002 0.00318882 5.60455s
1324 0.831152 0.81443 0.00229178 5.61431s
1325 0.831152 0.799937 0.0039898 5.6023s
1326 0.831152 0.801465 0.0040822 5.61945s
1327 0.831152 0.803311 0.00421727 5.61461s
1328 0.831152 0.804349 0.0036791 5.52702s
1329 0.831152 0.806102 0.00328081 5.57683s
1330 0.831152 0.803399 0.00375991 5.55827s
1331 0.831152 0.789466 0.00950063 5.49137s
1332 0.831152 0.782286 0.0110025 5.51043s
1333 0.831152 0.777631 0.0118687 5.56511s
1334 0.831152 0.786307 0.0100176 5.60414s
1335 0.831152 0.788867 0.00944341 5.58123s
1336 0.831152 0.776109 0.0129068 5.56568s
1337 0.831152 0.794344 0.0083882 5.49655s
1338 0.831152 0.781721 0.0108851 5.57242s
1339 0.831152 0.795824 0.00822851 5.55397s
1340 0.831152 0.776547 0.0118102 5.54013s
1341 0.831152 0.78497 0.00598842 5.51369s
1342 0.831152 0.800094 0.00442087 5.62497s
1343 0.831152 0.797248 0.00479166 5.56821s
1344 0.831152 0.79839 0.00415386 5.65043s
1345 0.831152 0.807239 0.00300211 5.58235s
1346 0.831152 0.806171 0.00331402 5.56468s
1347 0.831152 0.807274 0.00339886 5.68042s
1348 0.831152 0.799605 0.00413883 5.56934s
1349 0.831152 0.792768 0.00494008 5.67216s
1350 0.831152 0.805964 0.00339363 5.52946s
1351 0.831152 0.774713 0.0124385 5.51712s
1352 0.831152 0.793401 0.00847832 5.5916s
1353 0.831152 0.776977 0.0115927 5.55461s
1354 0.831152 0.773484 0.0129917 5.49873s
1355 0.831152 0.768102 0.0134324 5.56937s
1356 0.831152 0.78602 0.0102257 6.99039s
1357 0.831152 0.772227 0.0133294 5.54864s
1358 0.831152 0.770055 0.0134528 5.48804s
1359 0.831152 0.798557 0.00768027 5.55716s
1360 0.831152 0.775601 0.0124339 5.58522s
1361 0.831152 0.802018 0.00390534 5.59307s
1362 0.831152 0.798112 0.00447525 5.63827s
1363 0.831152 0.804421 0.00354598 5.52781s
1364 0.831152 0.805283 0.00343865 5.56798s
1365 0.831152 0.80148 0.00411412 5.59265s
1366 0.831152 0.784534 0.00632245 5.54865s
1367 0.831152 0.797034 0.00492776 5.64532s
1368 0.831152 0.811799 0.00288292 5.62647s
1369 0.831152 0.793994 0.00494925 5.5408s
1370 0.831152 0.807134 0.00320783 5.59095s
1371 0.831152 0.785047 0.010229 5.61602s
1372 0.831152 0.77344 0.0130268 5.54665s
1373 0.831152 0.803519 0.00596918 5.54652s
1374 0.831152 0.778116 0.0113387 5.52764s
1375 0.831152 0.775648 0.0126695 5.60161s
1376 0.831152 0.773044 0.0120727 5.50133s
1377 0.831152 0.790178 0.00914958 5.53157s
1378 0.831152 0.773138 0.0124805 5.51415s
1379 0.831152 0.768603 0.0130701 5.59863s
1380 0.831152 0.784541 0.00999449 5.51946s
1381 0.831152 0.804667 0.00360181 5.59055s
1382 0.831152 0.777441 0.00722764 5.50825s
1383 0.831152 0.807915 0.0029034 5.59256s
1384 0.831152 0.796792 0.00466766 5.61625s
1385 0.831152 0.788722 0.0058465 5.56871s
1386 0.831152 0.791817 0.00544732 5.53666s
1387 0.831152 0.796083 0.00443164 5.59332s
1388 0.831152 0.80452 0.0037655 5.55463s
1389 0.831152 0.794442 0.00504263 5.57258s
1390 0.831152 0.801597 0.0040992 5.57591s
1391 0.831152 0.791402 0.00938435 5.57686s
1392 0.831152 0.799795 0.00783527 5.55161s
1393 0.831152 0.770916 0.013227 5.61987s
1394 0.831152 0.781463 0.0106335 5.60201s
1395 0.831152 0.782408 0.0103489 5.55263s
1396 0.831152 0.775101 0.0129049 5.48941s
1397 0.831152 0.766019 0.0148004 5.56248s
1398 0.831152 0.781494 0.0111765 5.5584s
1399 0.831152 0.778213 0.0111735 5.62952s
1400 0.831152 0.785148 0.0107918 5.60114s
1401 0.831152 0.805162 0.00362819 5.53183s
1402 0.831152 0.800771 0.00410193 5.52834s
1403 0.831152 0.800435 0.00393628 5.52502s
1404 0.831152 0.804426 0.00370938 5.58219s
1405 0.831152 0.801356 0.00420943 5.53821s
1406 0.831152 0.794191 0.00496518 5.58988s
1407 0.831152 0.797167 0.00453121 5.53906s
1408 0.831152 0.79823 0.00464465 5.57694s
1409 0.831152 0.796015 0.0046386 5.55002s
1410 0.831152 0.792815 0.00480886 5.58427s
1411 0.831152 0.776293 0.0118709 5.51783s
1412 0.831152 0.759819 0.0161391 5.52628s
1413 0.831152 0.767735 0.0136915 5.49828s
1414 0.831152 0.782111 0.0109621 5.5551s
1415 0.831152 0.77763 0.0121489 5.52173s
1416 0.831152 0.781342 0.0111725 5.55965s
1417 0.831152 0.789148 0.0093966 5.51708s
1418 0.831152 0.781152 0.0108178 5.50969s
1419 0.831152 0.778884 0.0108343 5.52786s
1420 0.831152 0.77922 0.0108561 5.52566s
1421 0.831152 0.807479 0.00330505 5.64463s
1422 0.831152 0.79082 0.00556298 5.57582s
1423 0.831152 0.806658 0.00346513 5.56871s
1424 0.831152 0.80658 0.00347962 5.61738s
1425 0.831152 0.807955 0.00311255 5.62206s
1426 0.831152 0.802754 0.00363501 5.63276s
1427 0.831152 0.804717 0.00354203 5.51341s
1428 0.831152 0.802385 0.00397774 5.58031s
1429 0.831152 0.807186 0.0034724 5.59366s
1430 0.831152 0.800986 0.00411586 5.58085s
1431 0.831152 0.784505 0.00992269 5.55631s
1432 0.831152 0.789154 0.0094873 5.58717s
1433 0.831152 0.783786 0.0103877 5.50434s
1434 0.831152 0.773945 0.0124768 5.55339s
1435 0.831152 0.784343 0.0107445 5.48843s
1436 0.831152 0.771143 0.0139098 5.53691s
1437 0.831152 0.784363 0.00940207 5.48308s
1438 0.831152 0.780946 0.0116174 5.59011s
1439 0.831152 0.789927 0.00900189 5.55074s
1440 0.831152 0.789152 0.00960623 5.50327s
1441 0.831152 0.794789 0.00497669 5.54951s
1442 0.831152 0.799416 0.00409444 5.60282s
1443 0.831152 0.794012 0.00478784 5.54046s
1444 0.831152 0.787772 0.00562959 5.53948s
1445 0.831152 0.800548 0.00392024 5.53643s
1446 0.831152 0.795901 0.00465469 5.62188s
1447 0.831152 0.796807 0.00462869 5.55511s
1448 0.831152 0.814003 0.00237683 5.60919s
1449 0.831152 0.788676 0.00552142 5.59299s
1450 0.831152 0.802482 0.00427907 5.57828s
1451 0.831152 0.791214 0.00915054 5.53319s
1452 0.831152 0.789322 0.0092788 5.49531s
1453 0.831152 0.793189 0.00873987 5.59243s
1454 0.831152 0.793005 0.00891779 5.50129s
1455 0.831152 0.78114 0.011062 5.55346s
1456 0.831152 0.786098 0.0102299 5.51586s
1457 0.831152 0.789462 0.00986374 5.58191s
1458 0.831152 0.793031 0.00843873 5.52708s
1459 0.831152 0.791084 0.00889061 5.50354s
1460 0.831152 0.787748 0.0096389 5.55527s
1461 0.831152 0.80639 0.00336063 5.59058s
1462 0.831152 0.801496 0.00413784 5.88379s
1463 0.831152 0.8054 0.00362205 5.64392s
1464 0.831152 0.804386 0.00389984 5.57224s
1465 0.831152 0.794993 0.00473019 6.93678s
1466 0.831152 0.792419 0.00500349 5.59994s
1467 0.831152 0.794434 0.00462916 5.49492s
1468 0.831152 0.806744 0.00347731 5.5777s
1469 0.831152 0.794649 0.00483592 5.53038s
1470 0.831152 0.796578 0.00463871 5.60557s
1471 0.831152 0.767202 0.0133646 5.50678s
1472 0.831152 0.799418 0.00766346 5.48392s
1473 0.831152 0.786327 0.0102293 5.57393s
1474 0.831152 0.782661 0.0113857 5.53355s
1475 0.831152 0.765361 0.01555 5.51187s
1476 0.831152 0.794721 0.0086468 5.54934s
1477 0.831152 0.779695 0.0116134 5.50708s
1478 0.831152 0.771834 0.0134053 5.60833s
1479 0.831152 0.773749 0.0128454 5.52034s
1480 0.831152 0.800895 0.00701373 5.51757s
1481 0.831152 0.807086 0.0036693 5.59512s
1482 0.831152 0.803828 0.00397621 5.54006s
1483 0.831152 0.809809 0.00270013 5.52206s
1484 0.831152 0.794778 0.00497608 5.541s
1485 0.831152 0.79785 0.00437958 5.5714s
1486 0.831152 0.801187 0.00411187 5.58494s
1487 0.831152 0.810888 0.00291429 5.5905s
1488 0.831152 0.792322 0.0052431 5.5872s
1489 0.831152 0.808502 0.00309772 5.5539s
1490 0.831152 0.793667 0.00493149 5.61095s
1491 0.831152 0.802374 0.00659846 5.56112s
1492 0.831152 0.769914 0.0133875 5.4961s
1493 0.831152 0.788426 0.00951789 5.46634s
1494 0.831152 0.803279 0.00616885 5.56827s
1495 0.831152 0.786522 0.010336 5.5234s
1496 0.831152 0.784603 0.0103433 5.54037s
1497 0.831152 0.782271 0.0106776 5.49459s
1498 0.831152 0.779438 0.0113874 5.56938s
1499 0.831152 0.78036 0.0117002 5.52192s
1500 0.831152 0.787365 0.00981078 5.5016s
