34  12
37  54
38  74
38  82
44  26
46  59
47  25
51  61
54  93
60  89
68  52
69  27
72  82
73  80
73  99
77  67
87  12
98  74
100  93
102  82
111  89
121  26
129  82
131  59
133  48
139  93
140  13
141  85
142  5
142  81
143  56
144  31
145  83
146  2
146  54
146  61
149  58
152  12
153  4
153  89
154  25
154  82
163  81
167  74
168  13
168  83
172  1
172  56
172  94
173  93
176  2
177  82
181  66
184  81
185  58
186  25
188  89
190  83
195  4
199  26
199  82
204  13
204  81
204  93
209  59
210  12
211  83
212  56
220  82
221  89
222  2
224  81
226  61
227  74
229  25
232  83
232  93
232  97
239  82
241  58
243  81
250  89
252  13
252  83
257  82
258  93
262  12
262  81
265  26
265  56
268  4
271  83
275  82
276  54
277  59
277  89
278  80
279  99
280  81
281  2
281  74
282  25
283  93
286  1
290  83
292  82
297  81
301  61
302  13
302  89
306  93
308  82
308  83
310  58
311  12
314  81
317  56
324  26
324  82
326  83
326  89
328  93
331  74
331  81
334  25
338  59
339  2
339  82
342  85
343  99
346  27
346  83
348  4
349  6
349  89
349  93
353  52
354  82
354  85
355  12
355  44
355  99
358  80
361  27
366  85
366  99
367  61
369  6
369  82
369  93
371  89
375  74
376  26
376  41
377  99
378  27
378  52
378  85
382  54
383  82
384  80
386  44
388  93
388  99
389  85
392  89
395  6
396  59
397  12
397  82
398  27
399  99
401  85
407  93
410  80
410  99
411  33
411  46
411  82
412  31
412  48
413  52
413  85
413  89
417  54
421  99
422  27
423  33
423  46
424  31
424  48
424  76
425  3
425  85
428  67
432  99
434  6
436  33
436  46
437  31
437  48
437  85
438  80
443  99
446  27
446  94
447  52
447  80
448  44
449  85
451  31
451  33
451  46
451  48
452  73
452  99
454  35
455  76
456  3
456  80
456  94
458  52
460  27
461  85
461  99
465  80
466  94
467  31
467  48
468  73
469  33
469  46
469  67
470  38
470  52
470  99
473  85
474  80
476  27
476  35
476  94
479  99
482  21
483  52
483  80
485  31
485  85
486  48
486  54
486  94
488  73
488  99
490  33
490  46
492  80
493  27
496  85
496  94
497  99
498  52
501  80
502  6
502  25
506  94
506  99
507  31
507  85
508  48
509  35
509  41
510  80
513  27
516  33
516  46
516  99
517  82
518  85
520  93
521  54
522  12
522  73
522  76
522  89
523  3
524  52
527  82
527  99
528  74
529  85
530  26
533  59
533  61
533  93
534  48
535  12
535  31
536  89
537  82
538  99
539  44
539  54
540  85
545  74
546  93
547  82
548  33
549  12
549  46
549  99
550  26
550  89
551  85
555  59
555  61
557  82
558  80
558  99
559  93
560  54
561  85
563  6
563  94
564  89
565  12
565  48
565  74
566  80
566  99
567  31
567  82
571  27
571  85
572  52
572  93
572  94
574  26
574  80
574  99
575  25
577  82
578  67
578  89
581  85
581  94
582  80
582  99
583  12
584  59
585  33
586  46
586  52
586  53
586  54
586  93
587  27
587  61
587  82
590  80
590  94
590  99
591  74
591  85
592  73
595  89
597  48
598  80
598  97
598  99
599  31
599  94
600  67
601  5
601  20
601  85
602  52
602  53
602  86
603  18
603  90
604  27
605  25
605  35
606  80
606  99
607  97
608  94
609  67
610  5
611  85
612  20
613  38
613  86
614  53
614  80
614  99
615  18
615  90
616  97
617  94
619  52
619  67
619  82
620  5
621  25
621  85
622  27
622  33
622  80
622  93
622  99
624  46
625  73
625  89
626  20
626  94
627  86
628  6
628  44
628  82
630  12
630  80
630  97
630  99
631  31
631  48
631  85
634  93
635  94
637  52
637  82
638  80
638  89
638  90
638  99
639  26
639  54
641  74
641  81
641  83
641  85
642  27
644  25
644  94
645  13
646  3
646  12
646  56
646  59
646  80
646  82
646  93
646  99
647  2
647  58
647  76
649  81
650  4
650  83
650  85
651  61
651  89
653  94
654  25
654  80
654  99
655  1
655  13
655  82
657  56
657  81
658  2
658  52
658  93
659  58
659  83
660  85
662  26
662  80
662  94
662  99
663  33
663  74
664  4
664  12
664  25
664  27
664  46
664  54
664  82
664  89
665  35
665  48
665  81
666  13
667  31
668  83
669  56
669  85
670  80
670  93
670  99
671  2
671  94
672  58
673  59
673  81
673  82
675  25
676  1
677  83
677  89
678  13
678  73
678  80
678  85
678  99
679  52
680  4
680  61
680  94
681  81
682  56
682  82
682  93
683  12
684  6
685  2
685  80
686  25
686  27
686  83
686  99
687  85
688  58
689  74
689  81
689  94
690  26
690  89
691  13
691  82
692  54
692  80
693  97
694  25
694  93
694  99
695  67
695  83
696  5
696  56
696  85
696  86
697  29
697  90
698  48
698  81
698  94
699  18
699  31
699  33
699  53
699  80
700  4
700  20
700  82
701  2
701  52
701  97
701  99
702  46
703  25
703  89
704  12
704  67
704  83
705  85
706  5
706  13
706  58
706  59
706  80
706  86
706  93
707  1
707  81
707  94
708  27
708  54
708  90
708  98
708  99
709  23
709  44
709  66
709  77
709  82
709  96
709  97
710  41
711  53
711  75
712  18
712  21
713  20
713  25
713  56
713  80
713  83
714  67
714  85
715  99
716  54
716  74
716  78
716  81
716  86
716  89
716  94
716  98
717  5
717  23
717  66
717  96
717  97
718  77
718  82
718  93
719  90
720  61
720  80
722  21
722  52
722  75
722  99
723  85
724  53
724  54
724  98
725  12
725  26
725  66
725  67
725  94
725  96
725  97
726  18
726  23
726  86
727  20
727  77
727  80
727  82
729  48
729  73
729  89
729  99
730  5
730  27
730  31
730  90
730  93
732  54
732  78
732  85
732  98
733  21
733  96
733  97
734  66
734  75
734  80
734  94
736  23
736  33
736  50
736  67
736  82
736  99
737  46
737  77
737  86
739  53
740  98
741  6
741  54
741  80
741  85
741  90
741  96
741  97
742  18
742  74
742  89
742  93
743  5
743  20
743  94
743  99
744  66
745  3
745  21
745  35
745  52
745  82
746  23
747  12
747  75
748  59
748  67
748  77
748  80
748  86
748  98
749  76
749  96
749  97
750  54
750  85
750  99
751  94
752  78
753  27
753  90
754  93
755  66
755  80
755  82
756  53
756  89
756  98
757  23
757  96
757  97
757  99
758  5
758  21
759  85
759  86
760  77
760  94
761  18
761  20
761  48
761  67
762  38
762  75
762  80
763  31
764  54
764  98
764  99
765  90
765  96
765  97
767  66
768  52
768  85
769  23
769  80
769  94
770  86
771  99
772  46
772  98
773  21
773  77
773  97
774  33
774  96
775  5
776  53
776  67
776  80
777  27
777  85
777  90
777  94
778  99
779  75
779  78
780  66
780  98
781  86
781  97
783  20
783  23
783  54
783  73
783  80
783  96
785  18
785  94
785  99
786  85
788  77
788  98
789  90
789  97
790  80
791  21
791  44
792  52
792  67
792  86
792  96
792  99
794  66
794  94
795  5
795  31
795  48
795  85
796  54
796  98
797  80
797  82
797  97
798  23
799  53
799  99
800  75
801  27
801  90
801  93
801  96
802  25
802  89
802  94
803  6
803  81
803  83
803  86
804  80
804  85
804  98
805  82
805  97
806  54
806  77
806  99
808  46
809  67
810  20
810  25
810  66
810  81
810  94
810  96
811  12
811  13
811  80
811  83
811  93
812  33
812  98
813  2
813  21
813  56
813  74
813  82
813  85
813  89
813  90
813  97
813  99
814  5
814  86
815  58
816  23
816  26
816  52
817  4
817  18
817  54
817  81
818  25
818  80
818  94
819  83
819  96
820  98
820  99
821  61
821  82
821  85
821  97
822  93
823  59
824  13
824  78
824  89
825  80
825  81
825  86
825  90
826  27
826  35
826  94
827  2
827  25
827  56
827  83
827  99
828  12
828  48
828  77
828  96
828  98
829  31
829  54
829  67
829  75
829  82
829  97
830  66
830  85
831  53
832  1
832  58
832  74
832  80
833  81
833  93
