0 0.645557 0.497565 0.00101509 0s
1 0.67476 0.53865 0.00107725 5.56676s
2 0.703936 0.575908 0.00103781 5.48669s
3 0.749055 0.593326 0.00177703 5.37007s
4 0.749055 0.607424 0.00172752 5.44283s
5 0.749055 0.614804 0.0021043 5.43956s
6 0.749055 0.621308 0.00240997 5.36265s
7 0.749055 0.628186 0.00228451 5.46586s
8 0.749055 0.633391 0.00258074 5.38072s
9 0.749055 0.633947 0.00310388 5.39345s
10 0.749055 0.636274 0.00308956 5.42038s
11 0.749055 0.623405 0.0054782 5.42784s
12 0.749055 0.612172 0.00660242 6.55821s
13 0.749055 0.621448 0.0061297 5.46674s
14 0.749055 0.635493 0.00503088 5.44221s
15 0.749055 0.629646 0.00603408 5.40903s
16 0.749055 0.642204 0.00569879 5.36871s
17 0.749055 0.6515 0.00606586 5.49268s
18 0.754262 0.665479 0.00625891 5.37819s
19 0.756123 0.664896 0.00762967 5.37609s
20 0.756158 0.680704 0.00629355 5.39341s
21 0.756158 0.703932 0.00329271 5.41931s
22 0.756158 0.713393 0.00346 5.40912s
23 0.761617 0.707021 0.00464735 5.41472s
24 0.761617 0.71292 0.00415038 5.36866s
25 0.761617 0.715037 0.00414541 5.4272s
26 0.761617 0.711219 0.004305 5.46245s
27 0.761617 0.710646 0.00492926 5.37956s
28 0.789046 0.71056 0.00516962 5.37886s
29 0.789046 0.709205 0.00566628 5.36586s
30 0.789046 0.71063 0.00521457 5.35497s
31 0.789046 0.677484 0.0113734 5.35716s
32 0.789046 0.703921 0.00898464 5.42928s
33 0.789046 0.71585 0.009939 5.38594s
34 0.789046 0.69475 0.0132675 5.37036s
35 0.789046 0.720927 0.0110929 5.4422s
36 0.789046 0.711932 0.0114944 5.37556s
37 0.789046 0.726856 0.010482 5.41664s
38 0.789046 0.719271 0.0103507 5.35162s
39 0.789046 0.70181 0.0122166 5.38879s
40 0.789046 0.711621 0.0120608 5.35539s
41 0.789046 0.712811 0.0088405 5.35501s
42 0.789046 0.725192 0.00734057 5.41896s
43 0.789046 0.727684 0.00675288 5.37462s
44 0.789046 0.724877 0.00764808 5.48951s
45 0.789046 0.736723 0.00674203 5.37221s
46 0.789046 0.732083 0.00687585 5.39361s
47 0.789046 0.720791 0.00829495 5.43328s
48 0.789046 0.733662 0.00715644 5.40274s
49 0.789046 0.730152 0.0071818 5.41406s
50 0.789046 0.737033 0.00668362 5.45349s
51 0.789046 0.714803 0.0117438 5.37673s
52 0.789046 0.716853 0.0105268 5.37006s
53 0.789046 0.710603 0.0115354 5.41398s
54 0.789046 0.724817 0.0102321 5.4457s
55 0.789046 0.713395 0.0111447 5.4133s
56 0.789046 0.716212 0.010196 5.42856s
57 0.789046 0.688535 0.0140458 5.37332s
58 0.789046 0.703639 0.0125136 5.42128s
59 0.789046 0.708906 0.0122556 5.41026s
60 0.789046 0.709767 0.0112957 5.39081s
61 0.791877 0.731551 0.00691359 5.39174s
62 0.791877 0.735358 0.0067715 5.59572s
63 0.795275 0.725461 0.00723359 5.40192s
64 0.795275 0.713298 0.00826067 5.39879s
65 0.795275 0.733317 0.0072843 5.35798s
66 0.795275 0.720577 0.00841966 5.41825s
67 0.795275 0.713383 0.00897483 5.36285s
68 0.795275 0.721178 0.00844873 5.35397s
69 0.795275 0.717385 0.00931873 5.45429s
70 0.795275 0.725308 0.00880894 5.36725s
71 0.795275 0.692163 0.0139882 5.36457s
72 0.795275 0.714155 0.0118472 5.40107s
73 0.795275 0.710499 0.0122813 5.42136s
74 0.795275 0.70506 0.0130462 5.33565s
75 0.795275 0.708313 0.0120858 5.40992s
76 0.795275 0.701286 0.0132043 5.35725s
77 0.795275 0.729764 0.0110324 5.43415s
78 0.795275 0.754641 0.00679203 5.38933s
79 0.795276 0.7439 0.00903013 5.40392s
80 0.795276 0.743633 0.00963412 5.40763s
81 0.795276 0.761911 0.00435836 5.39232s
82 0.795276 0.749219 0.00616083 5.46617s
83 0.795276 0.754337 0.0055143 5.53012s
84 0.795276 0.751585 0.00598633 5.43786s
85 0.795276 0.759484 0.00473923 5.39841s
86 0.795276 0.763999 0.00442683 5.45572s
87 0.795276 0.755315 0.00534174 5.39782s
88 0.795276 0.769614 0.00341246 5.3551s
89 0.795276 0.76402 0.00461504 5.47232s
90 0.795276 0.761377 0.00458408 5.37597s
91 0.795276 0.749402 0.00788761 5.45792s
92 0.795276 0.755731 0.00757509 5.38758s
93 0.795276 0.739285 0.00909538 5.37666s
94 0.795276 0.753679 0.00734543 5.42729s
95 0.795276 0.743837 0.0091118 5.37304s
96 0.795276 0.759279 0.00606377 5.4126s
97 0.795276 0.768 0.00472777 5.43439s
98 0.795276 0.771901 0.00460489 5.43515s
99 0.795276 0.764932 0.0053685 5.40921s
100 0.795276 0.741348 0.00960117 5.42818s
101 0.795276 0.761276 0.00434377 5.39256s
102 0.795276 0.765582 0.00386523 5.38053s
103 0.795276 0.768912 0.00360496 5.43691s
104 0.795276 0.759879 0.00482404 5.42148s
105 0.795276 0.763019 0.00434322 5.39539s
106 0.795276 0.766721 0.00377624 5.38881s
107 0.795276 0.768147 0.00368932 5.37461s
108 0.795276 0.763105 0.00444583 5.4434s
109 0.795276 0.764427 0.00410697 5.42274s
110 0.795276 0.764382 0.00450906 5.42595s
111 0.795276 0.743159 0.00929659 5.41719s
112 0.795276 0.748179 0.00849394 5.386s
113 0.795276 0.753508 0.007277 5.36995s
114 0.795276 0.748499 0.00772104 5.42922s
115 0.795276 0.751139 0.00808264 5.46236s
116 0.795276 0.752049 0.00691705 5.37263s
117 0.795276 0.750829 0.00807711 5.39613s
118 0.795276 0.737722 0.00984604 5.39161s
119 0.795276 0.751895 0.00704278 5.43263s
120 0.795276 0.744997 0.00868677 5.41335s
121 0.795276 0.756993 0.00502553 5.35355s
122 0.795276 0.765853 0.00442937 5.36499s
123 0.795276 0.765602 0.0040887 5.36514s
124 0.795276 0.767299 0.00360571 6.74243s
125 0.795276 0.7633 0.00447299 5.45792s
126 0.795276 0.762507 0.00449502 5.40315s
127 0.795276 0.753193 0.00548849 5.45789s
128 0.795276 0.767633 0.0036177 5.3772s
129 0.795276 0.760182 0.00475956 5.36591s
130 0.795276 0.757245 0.00492818 5.37014s
131 0.795276 0.745838 0.00855029 5.43248s
132 0.795276 0.743511 0.00939389 5.36902s
133 0.795276 0.755531 0.00728081 5.41036s
134 0.795276 0.746347 0.00835317 5.44823s
135 0.795276 0.763071 0.00532076 5.40664s
136 0.795276 0.765118 0.00568408 5.35981s
137 0.795276 0.74128 0.00937467 5.42478s
138 0.795276 0.754806 0.00715515 5.35916s
139 0.795276 0.747904 0.00800333 5.46244s
140 0.795276 0.753545 0.00771495 5.45588s
141 0.795276 0.769773 0.00343554 5.41263s
142 0.795276 0.755208 0.00511952 5.47626s
143 0.795276 0.7687 0.00361059 5.38625s
144 0.795276 0.770004 0.00369061 5.389s
145 0.795276 0.761946 0.00451927 5.38405s
146 0.795276 0.760022 0.00447416 5.36356s
147 0.795276 0.764161 0.00393692 5.47691s
148 0.795276 0.767594 0.00401456 5.39111s
149 0.795276 0.771351 0.00323471 5.75153s
150 0.795276 0.758342 0.00504364 5.47159s
151 0.795276 0.752138 0.0076932 5.43432s
152 0.795276 0.760717 0.00573446 5.36473s
153 0.795276 0.76088 0.00542007 5.36817s
154 0.795276 0.763351 0.00598096 5.38979s
155 0.795276 0.746858 0.00834948 5.40076s
156 0.795276 0.761632 0.00605641 5.38786s
157 0.795276 0.748961 0.00792637 5.38121s
158 0.795276 0.750046 0.00824264 5.38343s
159 0.795276 0.753124 0.00716384 5.39359s
160 0.795276 0.748099 0.00922022 5.37847s
161 0.795276 0.764333 0.00440152 5.39406s
162 0.795276 0.75878 0.00517216 5.37558s
163 0.795276 0.774806 0.0029723 5.39474s
164 0.795276 0.766492 0.00404284 5.37116s
165 0.795276 0.766333 0.00392372 5.51714s
166 0.795276 0.761395 0.00469735 5.40391s
167 0.795276 0.765513 0.0039654 5.39139s
168 0.795276 0.768723 0.00360084 5.35499s
169 0.795276 0.759375 0.00498088 5.42009s
170 0.795276 0.771956 0.0031116 5.38463s
171 0.795276 0.756564 0.00675845 5.38495s
172 0.795276 0.759966 0.0062396 5.37219s
173 0.795276 0.752569 0.00721712 5.45028s
174 0.795343 0.762167 0.00585441 5.37631s
175 0.795343 0.754515 0.00658573 5.37257s
176 0.795343 0.760386 0.00654971 5.41622s
177 0.795343 0.766412 0.00521908 5.41048s
178 0.795343 0.757417 0.00657178 5.39877s
179 0.795343 0.755098 0.00758875 5.41539s
180 0.795343 0.762881 0.0061436 5.41398s
181 0.795343 0.765095 0.00433545 5.39953s
182 0.795343 0.754278 0.00544847 5.39519s
183 0.795343 0.764084 0.004268 5.40313s
184 0.795343 0.763565 0.00447063 5.43627s
185 0.795343 0.7625 0.00474237 5.45988s
186 0.795343 0.778286 0.00221105 5.40918s
187 0.795343 0.767076 0.00363386 5.39757s
188 0.795343 0.769961 0.00378528 5.42293s
189 0.795343 0.775346 0.00267549 5.43484s
190 0.795343 0.76314 0.00460772 5.48902s
191 0.795343 0.760234 0.00642212 5.38123s
192 0.795343 0.764432 0.0053329 5.40468s
193 0.795343 0.760181 0.00600071 5.48224s
194 0.795343 0.754296 0.00731131 5.39555s
195 0.795343 0.753127 0.00734264 5.42881s
196 0.795343 0.769344 0.0045863 5.45491s
197 0.795343 0.754361 0.00740626 5.40168s
198 0.795343 0.76008 0.00665273 5.44888s
199 0.795343 0.754937 0.00763464 5.39707s
200 0.795343 0.753392 0.00744426 5.38457s
201 0.795343 0.772921 0.0030818 5.3702s
202 0.795343 0.768382 0.00345634 5.42746s
203 0.795343 0.771462 0.00330612 5.39585s
204 0.795343 0.763923 0.0040978 5.43546s
205 0.795343 0.772829 0.00322901 5.37563s
206 0.795343 0.774841 0.00283511 5.37739s
207 0.795343 0.769836 0.0032495 5.4122s
208 0.795343 0.764234 0.00429223 5.39397s
209 0.795343 0.771687 0.00318774 5.34906s
210 0.795343 0.764678 0.00412154 5.44647s
211 0.795343 0.757436 0.00666925 5.38809s
212 0.795343 0.761506 0.00611608 5.37703s
213 0.795343 0.760043 0.00650753 5.46753s
214 0.795343 0.763093 0.00578491 5.39452s
215 0.795343 0.763471 0.00605591 5.42504s
216 0.795343 0.775438 0.00392902 5.4175s
217 0.795343 0.763744 0.00573386 5.55421s
218 0.795343 0.759162 0.00663267 5.4164s
219 0.795343 0.761027 0.00650049 5.4031s
220 0.795343 0.756824 0.0069082 5.37489s
221 0.795343 0.772032 0.00318874 5.47824s
222 0.795343 0.775862 0.00250141 5.40585s
223 0.795343 0.765496 0.00404913 5.35259s
224 0.795343 0.75756 0.00491127 5.44383s
225 0.795343 0.766777 0.00391054 5.40424s
226 0.795343 0.763095 0.00428389 5.41095s
227 0.795343 0.775225 0.00285947 5.3818s
228 0.795343 0.772865 0.00313921 5.36262s
229 0.795343 0.764074 0.00439487 5.48884s
230 0.795343 0.761163 0.00457202 5.42173s
231 0.795343 0.762028 0.00573673 5.45746s
232 0.795343 0.742149 0.00969863 5.40183s
233 0.795343 0.757076 0.00662704 5.4318s
234 0.795343 0.755609 0.00700705 5.41994s
235 0.795343 0.764291 0.00576215 5.41296s
236 0.795343 0.760092 0.00662152 6.59339s
237 0.795343 0.757682 0.00650613 5.49664s
238 0.795343 0.763166 0.00551087 5.42186s
239 0.795343 0.757694 0.006521 5.49888s
240 0.795343 0.752819 0.00778606 5.42744s
241 0.795343 0.762352 0.00452637 5.47508s
242 0.795343 0.769788 0.00376384 5.43639s
243 0.795343 0.771229 0.00343247 5.40144s
244 0.795343 0.771133 0.00322527 5.40359s
245 0.795343 0.770574 0.00333797 5.3938s
246 0.795343 0.766178 0.00405439 5.4262s
247 0.795343 0.764306 0.00443966 5.4223s
248 0.795343 0.758613 0.00512538 5.3807s
249 0.795343 0.7665 0.003949 5.41617s
250 0.795343 0.763577 0.00430615 5.43612s
251 0.795343 0.755022 0.00717177 5.37407s
252 0.795343 0.755978 0.00726989 5.41983s
253 0.795343 0.748155 0.00801643 5.38799s
254 0.795343 0.76172 0.00581344 5.46044s
255 0.795343 0.74423 0.00857315 5.36599s
256 0.795343 0.74762 0.00833726 5.45596s
257 0.795343 0.755843 0.00689387 5.40885s
258 0.795343 0.756791 0.00681504 5.37973s
259 0.795343 0.767019 0.00481942 5.38673s
260 0.795343 0.754235 0.00708295 5.48485s
261 0.795343 0.774815 0.0030451 5.41165s
262 0.795343 0.766634 0.0039628 5.39404s
263 0.795343 0.771414 0.0031891 5.41796s
264 0.795343 0.776885 0.00267832 5.39191s
265 0.795343 0.773432 0.00301889 5.43117s
266 0.795343 0.773566 0.0030306 5.43867s
267 0.795343 0.764318 0.00415883 5.37692s
268 0.795343 0.763642 0.00424545 5.3889s
269 0.795343 0.766826 0.00397653 5.45125s
270 0.795343 0.763923 0.00407578 5.41523s
271 0.795343 0.75772 0.00687036 5.4299s
272 0.795343 0.753691 0.00751618 5.36414s
273 0.795343 0.767977 0.00494885 5.45368s
274 0.795343 0.762731 0.0057113 5.41522s
275 0.795343 0.76228 0.00641046 5.46631s
276 0.795343 0.751282 0.00789347 5.37495s
277 0.795343 0.772129 0.00424212 5.42317s
278 0.795343 0.765934 0.00504211 5.45849s
279 0.795343 0.76422 0.00588538 5.4347s
280 0.795343 0.758957 0.00652071 5.42466s
281 0.795343 0.767059 0.00399279 5.40392s
282 0.795343 0.765843 0.00373834 5.44344s
283 0.795343 0.758432 0.0046408 5.34556s
284 0.795343 0.771671 0.00319372 5.37136s
285 0.795343 0.772439 0.00300579 5.39526s
286 0.795343 0.760107 0.00463804 5.45866s
287 0.795343 0.762409 0.00423806 5.44464s
288 0.795343 0.76226 0.00445817 5.40339s
289 0.795343 0.770253 0.00328863 5.36126s
290 0.795343 0.773673 0.00267992 5.38876s
291 0.795343 0.762977 0.00574855 5.42886s
292 0.795343 0.752702 0.00749812 5.39859s
293 0.795343 0.776613 0.00319839 5.3811s
294 0.795343 0.751471 0.00784092 5.41683s
295 0.795343 0.766162 0.00502956 5.39579s
296 0.795343 0.755584 0.00709098 5.37789s
297 0.795343 0.749193 0.00824139 5.38076s
298 0.795343 0.752801 0.00776208 5.43224s
299 0.795343 0.754346 0.00773273 5.36078s
300 0.795343 0.759205 0.0067959 5.41569s
301 0.795343 0.75194 0.00545623 5.36504s
302 0.795343 0.762166 0.00421153 5.47693s
303 0.795343 0.760096 0.0044909 5.3624s
304 0.795343 0.762479 0.00425836 5.43356s
305 0.795343 0.77654 0.00257225 5.42009s
306 0.795343 0.759995 0.00452462 5.35466s
307 0.795343 0.771317 0.00322985 5.36454s
308 0.795343 0.761689 0.00428753 5.43542s
309 0.795343 0.770542 0.00334909 5.44443s
310 0.795343 0.771316 0.00337326 5.38094s
311 0.795343 0.750507 0.00838065 5.35695s
312 0.795343 0.747335 0.00827732 5.372s
313 0.795343 0.759144 0.00675556 5.4007s
314 0.795343 0.761297 0.00598709 5.37197s
315 0.795343 0.763738 0.00559271 5.40073s
316 0.795343 0.757971 0.00640879 5.38729s
317 0.795343 0.759407 0.00682564 5.33501s
318 0.795343 0.762845 0.00566625 5.36651s
319 0.795343 0.760172 0.00603417 5.41972s
320 0.795343 0.754961 0.00745559 5.38771s
321 0.795343 0.77356 0.00303415 5.41956s
322 0.795343 0.774433 0.00291185 5.38446s
323 0.795343 0.761761 0.00448555 5.9161s
324 0.795343 0.768959 0.00359283 5.46227s
325 0.795343 0.766672 0.00381363 5.42264s
326 0.795343 0.773197 0.00312821 5.39832s
327 0.795343 0.7659 0.00383545 5.49452s
328 0.795343 0.754536 0.00526927 5.36612s
329 0.795343 0.770032 0.00338482 5.37251s
330 0.795343 0.763468 0.00458934 5.3687s
331 0.795343 0.738231 0.0101172 5.42806s
332 0.795343 0.754156 0.00732762 5.39984s
333 0.795343 0.753532 0.00736252 5.41032s
334 0.795343 0.76634 0.00542699 5.43987s
335 0.795343 0.754302 0.00757365 5.48497s
336 0.795343 0.761922 0.00591736 5.35591s
337 0.795343 0.755325 0.00682497 5.46863s
338 0.795343 0.751302 0.0075813 5.38014s
339 0.795343 0.757814 0.00656754 5.38892s
340 0.795343 0.765933 0.00553599 5.50344s
341 0.795343 0.767671 0.00363783 5.38268s
342 0.795343 0.75829 0.00486853 5.43462s
343 0.795343 0.770595 0.00362888 5.40446s
344 0.795343 0.775273 0.00278549 5.4306s
345 0.795343 0.761022 0.00463275 5.41428s
346 0.795343 0.776898 0.00240771 5.39822s
347 0.795343 0.770248 0.00335136 5.45755s
348 0.795343 0.772458 0.0032788 6.89421s
349 0.795343 0.772222 0.00308362 5.43138s
350 0.795343 0.76303 0.00454204 5.41262s
351 0.795343 0.752709 0.00724195 5.48417s
352 0.795343 0.757122 0.00690824 5.37924s
353 0.795343 0.764623 0.00585791 5.48473s
354 0.795343 0.755042 0.0075 5.35662s
355 0.795343 0.750776 0.00792421 5.44339s
356 0.795343 0.758483 0.00664322 5.40663s
357 0.795343 0.758216 0.00684561 5.41237s
358 0.795343 0.758811 0.00635869 5.46761s
359 0.795343 0.768261 0.00553358 5.5043s
360 0.795343 0.74029 0.0097629 5.37315s
361 0.795343 0.775273 0.00305538 5.42817s
362 0.795343 0.766924 0.00363501 5.41842s
363 0.795343 0.766631 0.00391774 5.42192s
364 0.795343 0.765223 0.00400043 5.43181s
365 0.795343 0.759873 0.0046003 5.44037s
366 0.795343 0.759145 0.00474482 5.497s
367 0.795343 0.767218 0.00385109 5.41332s
368 0.795343 0.767228 0.00369595 5.39295s
369 0.795343 0.776581 0.00245406 5.40203s
370 0.795343 0.753904 0.00570861 5.41621s
371 0.795343 0.755168 0.00694458 5.40198s
372 0.795343 0.756048 0.00661936 5.41248s
373 0.795343 0.760421 0.0066058 5.42697s
374 0.795343 0.747394 0.00833616 5.44254s
375 0.795343 0.775198 0.00356066 5.41765s
376 0.795343 0.760437 0.0065196 5.38744s
377 0.795343 0.761271 0.00606814 5.36916s
378 0.795343 0.762134 0.0060517 5.42481s
379 0.795343 0.767149 0.00532599 5.44222s
380 0.795343 0.746085 0.00828598 5.3854s
381 0.795343 0.770013 0.00343761 5.41417s
382 0.795343 0.761376 0.00455294 5.40847s
383 0.795343 0.762354 0.0044318 5.3904s
384 0.795343 0.769741 0.00363014 5.39133s
385 0.795343 0.757533 0.00501469 5.37258s
386 0.795343 0.761225 0.0046304 5.40948s
387 0.795343 0.769977 0.00340013 5.39408s
388 0.795343 0.76025 0.00454534 5.45721s
389 0.795343 0.776903 0.00252086 5.39935s
390 0.795343 0.762495 0.00434205 5.55344s
391 0.795343 0.762828 0.00588853 5.45286s
392 0.795343 0.758986 0.0066052 5.35447s
393 0.795343 0.762338 0.00587216 5.3847s
394 0.795343 0.749336 0.00806792 5.35099s
395 0.795343 0.767025 0.00483299 5.44467s
396 0.795343 0.751468 0.00797705 5.46449s
397 0.795343 0.753305 0.00730141 5.42173s
398 0.795343 0.757212 0.00652799 5.42387s
399 0.795343 0.754076 0.00764435 5.4025s
400 0.795343 0.759773 0.00653803 5.36874s
401 0.795343 0.759565 0.00463629 5.43163s
402 0.795343 0.762805 0.00453299 5.34238s
403 0.795343 0.770293 0.00385707 5.45468s
404 0.795343 0.76528 0.00395764 5.44388s
405 0.795343 0.765615 0.00421493 5.43736s
406 0.795343 0.768678 0.00362161 5.44106s
407 0.795343 0.769558 0.00348153 5.38382s
408 0.795343 0.770155 0.00346609 5.36056s
409 0.795343 0.762755 0.00456492 5.35904s
410 0.795343 0.768563 0.00387767 5.44055s
411 0.795343 0.755778 0.00708077 5.44858s
412 0.795343 0.752943 0.00762763 5.44548s
413 0.795343 0.755999 0.00716635 5.40522s
414 0.795343 0.77275 0.00449845 5.46093s
415 0.795343 0.761622 0.00620844 5.37535s
416 0.795343 0.760592 0.00660484 5.3622s
417 0.795343 0.755654 0.00730146 5.40801s
418 0.795343 0.75032 0.00757338 5.38382s
419 0.795343 0.760359 0.0064186 5.41868s
420 0.795343 0.750608 0.00773765 5.45288s
421 0.795343 0.771676 0.00330291 5.39442s
422 0.795343 0.780191 0.00213783 5.42706s
423 0.795343 0.758662 0.00493182 5.38907s
424 0.795343 0.775333 0.00290417 5.3632s
425 0.795343 0.773201 0.00297371 5.4394s
426 0.795343 0.767445 0.00378752 5.39529s
427 0.795343 0.775244 0.00274811 5.41187s
428 0.795343 0.758578 0.00478176 5.42534s
429 0.795343 0.768139 0.00387976 5.37889s
430 0.795343 0.756216 0.0049771 5.44603s
431 0.795343 0.764402 0.0056562 5.4019s
432 0.795343 0.745228 0.00889042 5.42962s
433 0.795343 0.747562 0.00813737 5.3634s
434 0.795343 0.764263 0.00515316 5.44971s
435 0.795343 0.739595 0.00958289 5.3831s
436 0.795343 0.755321 0.00743839 5.53733s
437 0.795343 0.767302 0.00533787 5.40275s
438 0.795343 0.751286 0.00821945 5.44329s
439 0.795343 0.754981 0.00698297 5.37682s
440 0.795343 0.768033 0.00509499 5.44887s
441 0.795343 0.767007 0.00395299 5.45069s
442 0.795343 0.771265 0.00315459 5.37845s
443 0.795343 0.760733 0.00470763 5.37375s
444 0.795343 0.759863 0.00468082 5.41847s
445 0.795343 0.769265 0.00389455 5.46109s
446 0.795343 0.770954 0.00323459 5.45384s
447 0.795343 0.772824 0.00321454 5.41991s
448 0.795343 0.763935 0.00416322 5.37536s
449 0.795343 0.776885 0.00260513 5.454s
450 0.795343 0.761691 0.00474077 5.38928s
451 0.795343 0.761178 0.00658342 5.42096s
452 0.795343 0.75653 0.0071668 5.39471s
453 0.795343 0.74454 0.00901405 5.44812s
454 0.795343 0.762243 0.00620885 5.46679s
455 0.795343 0.760826 0.00656333 5.40042s
456 0.795343 0.75216 0.00766069 5.418s
457 0.795343 0.74947 0.00793116 5.37619s
458 0.795343 0.765636 0.00567033 5.42112s
459 0.795343 0.740974 0.00937873 5.36791s
460 0.795343 0.756133 0.00643707 5.38154s
461 0.795343 0.775335 0.00282128 6.57024s
462 0.795343 0.772119 0.00345032 5.47208s
463 0.795343 0.762554 0.00432291 5.42371s
464 0.795343 0.76684 0.0039636 5.43235s
465 0.795343 0.758347 0.00494559 5.37231s
466 0.795343 0.761419 0.00448247 5.43021s
467 0.795343 0.766619 0.00393161 5.37016s
468 0.795343 0.766879 0.00398614 5.4207s
469 0.795343 0.764825 0.00409044 5.46227s
470 0.795343 0.77674 0.00254976 5.45921s
471 0.795343 0.77309 0.00434651 5.4288s
472 0.795343 0.752594 0.00755193 5.33399s
473 0.795343 0.756401 0.00735374 5.42554s
474 0.795343 0.757926 0.00667024 5.43072s
475 0.795343 0.756477 0.00710293 5.41609s
476 0.795343 0.745877 0.00906387 5.41363s
477 0.795343 0.775316 0.00370641 5.60184s
478 0.795343 0.755155 0.00731631 5.45556s
479 0.795343 0.769546 0.00417754 5.35519s
480 0.795343 0.779914 0.00246514 5.35638s
481 0.795343 0.772632 0.00305452 5.35497s
482 0.795343 0.774015 0.00302282 5.4722s
483 0.795343 0.7759 0.00261837 5.37215s
484 0.795343 0.769738 0.00361535 5.36809s
485 0.795343 0.765259 0.00390977 5.43974s
486 0.795343 0.765534 0.00407757 5.42674s
487 0.795343 0.770563 0.00353138 5.39346s
488 0.795343 0.765849 0.00390113 5.43094s
489 0.795343 0.766472 0.00388138 5.4461s
490 0.795343 0.768292 0.00383274 5.39112s
491 0.795343 0.759589 0.00625622 5.40453s
492 0.795343 0.754233 0.0069906 5.45018s
493 0.795343 0.75561 0.00710847 5.42734s
494 0.795343 0.756497 0.00683542 5.46943s
495 0.795343 0.752774 0.00676727 5.44395s
496 0.795343 0.756238 0.00734891 5.40475s
497 0.795343 0.754633 0.0073505 5.47003s
498 0.795343 0.76932 0.0045832 5.39342s
499 0.795343 0.7563 0.00680047 5.35599s
500 0.795343 0.74463 0.00857477 5.3837s
501 0.795343 0.760684 0.00472524 5.40994s
502 0.795343 0.765882 0.00409857 5.48799s
503 0.795343 0.762964 0.00424754 5.37235s
504 0.795343 0.769176 0.00361756 5.36322s
505 0.795343 0.765125 0.00426049 5.42045s
506 0.795343 0.767187 0.0037329 5.36879s
507 0.795343 0.753249 0.00565343 5.41095s
508 0.795343 0.773585 0.00295531 5.46507s
509 0.795343 0.773231 0.00297483 5.42014s
510 0.795343 0.752188 0.00555998 5.40774s
511 0.795343 0.754152 0.00712789 5.43043s
512 0.795343 0.757046 0.00714537 5.38224s
513 0.795343 0.765776 0.00554819 5.35245s
514 0.795343 0.751071 0.00806447 5.38442s
515 0.795343 0.753009 0.00732029 5.40057s
516 0.795343 0.761072 0.00633333 5.42907s
517 0.795343 0.77791 0.0033979 5.44309s
518 0.795343 0.749589 0.00818175 5.37697s
519 0.795343 0.77204 0.00440942 5.44069s
520 0.795343 0.75941 0.00614139 5.37726s
521 0.795343 0.76275 0.00404643 5.38132s
522 0.795343 0.76664 0.00365562 5.39101s
523 0.795343 0.770688 0.00318835 5.39051s
524 0.795343 0.754711 0.00526239 5.35789s
525 0.795343 0.772101 0.00312705 5.39969s
526 0.795343 0.773701 0.00312787 5.41081s
527 0.795343 0.761161 0.00424913 5.38623s
528 0.795343 0.764097 0.0044187 5.40248s
529 0.795343 0.762045 0.00461515 5.38455s
530 0.795343 0.761323 0.00434292 5.38652s
531 0.795343 0.768392 0.00483682 5.39893s
532 0.795343 0.75736 0.00667413 5.37141s
533 0.795343 0.759759 0.00649467 5.46579s
534 0.795343 0.758265 0.00675363 5.43014s
535 0.795343 0.772468 0.00426962 5.35146s
536 0.795343 0.76026 0.00658265 5.45315s
537 0.795343 0.762306 0.00622774 5.41609s
538 0.795343 0.759529 0.00640818 5.43368s
539 0.795343 0.762752 0.00582439 5.37921s
540 0.795343 0.744125 0.00889895 5.43772s
541 0.795343 0.767597 0.00368143 5.39791s
542 0.795343 0.764509 0.00406686 5.41061s
543 0.795343 0.7676 0.00371569 5.33886s
544 0.795343 0.756947 0.00513415 5.44914s
545 0.795343 0.775066 0.00275103 5.39429s
546 0.795343 0.76234 0.00470187 5.39227s
547 0.795343 0.754516 0.00552951 5.42364s
548 0.795343 0.762388 0.00452433 5.41321s
549 0.795343 0.771354 0.00341795 5.37295s
550 0.795343 0.76582 0.00394844 5.46626s
551 0.795343 0.767489 0.0051691 5.38757s
552 0.795343 0.747329 0.00814829 5.39738s
553 0.795343 0.750557 0.00799444 5.41354s
554 0.795343 0.749949 0.00817807 5.43013s
555 0.795343 0.754719 0.00719017 5.36634s
556 0.795343 0.756839 0.00668775 5.44354s
557 0.795343 0.746491 0.00871403 5.42203s
558 0.795343 0.760798 0.00628645 5.46913s
559 0.795343 0.754755 0.00781865 5.39689s
560 0.795343 0.773532 0.00398826 5.38605s
561 0.795343 0.767855 0.00390748 5.39951s
562 0.795343 0.760616 0.00448511 5.37004s
563 0.795343 0.774284 0.00282698 5.37578s
564 0.795343 0.76643 0.00398638 5.43676s
565 0.795343 0.762971 0.00424913 5.45507s
566 0.795343 0.761505 0.00463245 5.45922s
567 0.795343 0.762062 0.00429617 5.41193s
568 0.795343 0.768428 0.00359985 5.39961s
569 0.795343 0.773719 0.00288219 5.37647s
570 0.795343 0.771341 0.0030914 5.40336s
571 0.795343 0.759299 0.00653607 5.3914s
572 0.795343 0.756788 0.00722745 5.39536s
573 0.795343 0.765904 0.0054121 6.72346s
574 0.795343 0.75699 0.00726755 5.41862s
575 0.795343 0.754426 0.00685304 5.36984s
576 0.795343 0.760555 0.00605937 5.35663s
577 0.795343 0.771095 0.00438941 5.3956s
578 0.795343 0.764747 0.00553677 5.44488s
579 0.795343 0.769653 0.00484502 5.43041s
580 0.795343 0.743046 0.00912971 5.43341s
581 0.795343 0.761024 0.00472856 5.37199s
582 0.795343 0.759607 0.00476017 5.39334s
583 0.795343 0.771953 0.00299668 5.43148s
584 0.795343 0.759305 0.0045315 5.40214s
585 0.795343 0.776172 0.00247425 5.45918s
586 0.795343 0.770409 0.00339406 5.42639s
587 0.795343 0.769869 0.00329689 5.47235s
588 0.795343 0.770802 0.00342396 5.44011s
589 0.795343 0.764186 0.00443645 5.37814s
590 0.795343 0.765632 0.00414134 5.42837s
591 0.795343 0.758499 0.00630957 5.35764s
592 0.795343 0.758415 0.00716689 5.42027s
593 0.795343 0.760246 0.00631769 5.35809s
594 0.795343 0.762462 0.00611577 5.34287s
595 0.795343 0.755867 0.00742567 5.402s
596 0.795343 0.758066 0.00663201 5.36768s
597 0.795343 0.757214 0.00648678 5.42283s
598 0.795343 0.758384 0.00659642 5.35549s
599 0.795343 0.745185 0.00927565 5.43568s
600 0.795343 0.758555 0.00690507 5.34998s
601 0.795343 0.770395 0.00332999 5.4519s
602 0.795343 0.762214 0.00442934 5.45267s
603 0.795343 0.775931 0.00255624 5.4131s
604 0.795343 0.774339 0.00285887 5.40394s
605 0.795343 0.773631 0.00288958 5.46426s
606 0.795343 0.763041 0.00445284 5.4095s
607 0.795343 0.763069 0.00438629 5.4675s
608 0.795343 0.782418 0.00171731 5.36118s
609 0.795343 0.766132 0.00403953 5.43992s
610 0.795343 0.774279 0.002725 5.40711s
611 0.795343 0.752494 0.00765176 5.39727s
612 0.795343 0.771214 0.00444202 5.39617s
613 0.795343 0.756018 0.00676145 5.42003s
614 0.795343 0.760788 0.00644172 5.45449s
615 0.795343 0.760074 0.00661004 5.39765s
616 0.795343 0.780177 0.00273866 5.4288s
617 0.795343 0.747079 0.00881398 5.37802s
618 0.795343 0.751777 0.00783724 5.38405s
619 0.795343 0.761776 0.0055471 5.40982s
620 0.795343 0.770284 0.00449478 5.41315s
621 0.795343 0.769775 0.00360728 5.38745s
622 0.795343 0.760284 0.00463592 5.45388s
623 0.795343 0.767688 0.00394584 5.38274s
624 0.795343 0.777409 0.00226601 5.40058s
625 0.795343 0.76263 0.0043257 5.39525s
626 0.795343 0.752986 0.005498 5.4418s
627 0.795343 0.757366 0.00520268 5.37191s
628 0.795343 0.770584 0.00325355 5.36284s
629 0.795343 0.766063 0.00411827 5.36332s
630 0.795343 0.768422 0.00361414 5.40285s
631 0.795343 0.750015 0.00798809 5.38067s
632 0.795343 0.754741 0.00711183 5.39983s
633 0.795343 0.765829 0.0056036 5.43848s
634 0.795343 0.757679 0.0064778 5.3947s
635 0.795343 0.749738 0.00765573 5.401s
636 0.795343 0.756025 0.00707035 5.42565s
637 0.795343 0.749628 0.00787512 5.41257s
638 0.795343 0.756935 0.00732892 5.4645s
639 0.795343 0.766582 0.00519238 5.35473s
640 0.795343 0.765976 0.00514246 5.42184s
641 0.795343 0.769614 0.0036176 5.38339s
642 0.795343 0.773125 0.00313463 5.4013s
643 0.795343 0.76666 0.00407223 5.41957s
644 0.795343 0.770863 0.00341049 5.38854s
645 0.795343 0.761324 0.00433321 5.37225s
646 0.795343 0.765245 0.00396477 5.44341s
647 0.795343 0.770561 0.0034021 5.38594s
648 0.795343 0.764918 0.00418457 5.43971s
649 0.795343 0.766658 0.00395762 5.36847s
650 0.795343 0.762621 0.00431143 5.41797s
651 0.795343 0.753917 0.0070221 5.4596s
652 0.795343 0.752281 0.0080653 5.39685s
653 0.795343 0.758601 0.00626281 5.58551s
654 0.795343 0.761967 0.00552776 5.53989s
655 0.795343 0.757909 0.0066954 5.58299s
656 0.795343 0.754237 0.00780007 5.61217s
657 0.795343 0.756509 0.00702377 5.54385s
658 0.795343 0.750534 0.00782356 5.53605s
659 0.795343 0.757799 0.00611773 5.51982s
660 0.795343 0.759683 0.00661187 5.59669s
661 0.795343 0.763324 0.00409839 5.54469s
662 0.795343 0.767627 0.0037529 5.55267s
663 0.795343 0.758023 0.00499113 5.57436s
664 0.795343 0.764484 0.00415848 5.66767s
665 0.795343 0.762611 0.00450266 5.51392s
666 0.795343 0.765984 0.00408615 5.58389s
667 0.795343 0.758702 0.00521912 5.61365s
668 0.795343 0.76459 0.00409191 5.54438s
669 0.795344 0.773522 0.00299325 5.53115s
670 0.795344 0.768854 0.00387982 5.51961s
671 0.795344 0.76213 0.00565794 5.52921s
672 0.795344 0.757632 0.00658802 5.60596s
673 0.795344 0.751297 0.00814965 5.61692s
674 0.795344 0.749596 0.0082966 5.6189s
675 0.795344 0.761863 0.0061087 5.54342s
676 0.795344 0.753157 0.00740817 5.58714s
677 0.795344 0.755774 0.00699228 5.65892s
678 0.795344 0.749395 0.00851573 5.61767s
679 0.795344 0.751585 0.00782248 5.51808s
680 0.795344 0.757091 0.00763981 5.62907s
681 0.795344 0.771039 0.00326456 5.4029s
682 0.795344 0.762891 0.00425413 5.38594s
683 0.795344 0.769825 0.00330142 5.49243s
684 0.795344 0.758314 0.00507607 5.42049s
685 0.795344 0.761336 0.0046809 5.45908s
686 0.795344 0.77325 0.00293777 6.44646s
687 0.795344 0.764134 0.00462018 5.42988s
688 0.795344 0.769782 0.00359784 5.41862s
689 0.795344 0.769808 0.00354664 5.39956s
690 0.795344 0.774037 0.00264837 5.43813s
691 0.795344 0.7623 0.00629193 5.36988s
692 0.795344 0.771219 0.00430129 5.45836s
693 0.795344 0.748361 0.00779138 5.42352s
694 0.795344 0.763633 0.00554201 5.35937s
695 0.795344 0.765668 0.00570847 5.42804s
696 0.795344 0.758127 0.00702034 5.41838s
697 0.795344 0.74228 0.00901266 5.42614s
698 0.795344 0.756176 0.00708658 5.4322s
699 0.795344 0.761997 0.00581243 5.36024s
700 0.795344 0.77113 0.0046868 5.42491s
701 0.795344 0.777406 0.00245503 5.47395s
702 0.795344 0.756288 0.00517352 5.41796s
703 0.795344 0.760625 0.0047764 5.3778s
704 0.795344 0.774624 0.00284749 5.4335s
705 0.795344 0.765248 0.00428711 5.39383s
706 0.795344 0.771879 0.00297207 5.3762s
707 0.795344 0.768353 0.00367305 5.37658s
708 0.795344 0.771614 0.00325235 5.40761s
709 0.795344 0.774982 0.00280241 5.43616s
710 0.795344 0.772986 0.00310023 5.39118s
711 0.795344 0.748653 0.008123 5.358s
712 0.795344 0.750124 0.00827389 5.43253s
713 0.795344 0.757967 0.00666048 5.42627s
714 0.795344 0.754476 0.00700579 5.42945s
715 0.795344 0.750508 0.00816758 5.40112s
716 0.795344 0.769622 0.004762 5.34751s
717 0.795344 0.748021 0.00861078 5.40256s
718 0.795344 0.754468 0.00749566 5.36424s
719 0.795344 0.758685 0.00645922 5.47002s
720 0.795344 0.767619 0.00493577 5.37063s
721 0.795344 0.757037 0.00491893 5.44349s
722 0.795344 0.769417 0.00332885 5.40054s
723 0.795344 0.763777 0.00425048 5.44677s
724 0.795344 0.768728 0.00347252 5.39398s
725 0.795344 0.768731 0.00371886 5.37164s
726 0.795344 0.763491 0.00448788 5.48741s
727 0.795344 0.761589 0.00445586 5.4332s
728 0.795344 0.769191 0.00351879 5.46415s
729 0.795344 0.765725 0.00410201 5.39544s
730 0.795344 0.770776 0.00323009 5.43342s
731 0.795344 0.747343 0.00903483 5.36559s
732 0.795344 0.758356 0.00681769 5.3832s
733 0.795344 0.770747 0.00447108 5.43006s
734 0.795344 0.760091 0.00639419 5.41941s
735 0.795344 0.756605 0.00655626 5.35542s
736 0.795344 0.750474 0.00838281 5.42913s
737 0.795344 0.757768 0.00674356 5.41232s
738 0.795344 0.753321 0.00739428 5.4318s
739 0.795344 0.753913 0.00725722 5.41189s
740 0.795344 0.76008 0.00630465 5.46146s
741 0.795344 0.769071 0.00342719 5.47383s
742 0.795344 0.770625 0.00318295 5.44586s
743 0.795344 0.778941 0.002348 5.44159s
744 0.795344 0.771229 0.00345767 5.44867s
745 0.795344 0.766915 0.00374254 5.41172s
746 0.795344 0.766139 0.00399281 5.38805s
747 0.795344 0.766074 0.0036987 5.43324s
748 0.795344 0.764346 0.00421134 5.45369s
749 0.795344 0.76387 0.0041153 5.38493s
750 0.795344 0.776525 0.00271548 5.46405s
751 0.795344 0.772204 0.00438301 5.41702s
752 0.795344 0.765049 0.00567906 5.40606s
753 0.795344 0.768269 0.00496752 5.46038s
754 0.795344 0.749663 0.00818059 5.49693s
755 0.795344 0.751359 0.00831414 5.36941s
756 0.795344 0.753042 0.00746053 5.40038s
757 0.795344 0.754385 0.00736933 5.5987s
758 0.795344 0.77137 0.00397892 5.52396s
759 0.795344 0.763182 0.00630461 5.53791s
760 0.795344 0.759234 0.00677106 5.62078s
761 0.795344 0.773357 0.00286567 5.62439s
762 0.795344 0.766743 0.00363974 5.53297s
763 0.795344 0.773129 0.00305307 5.55305s
764 0.795344 0.761468 0.00430447 5.59968s
765 0.795344 0.7784 0.00226983 5.54375s
766 0.795344 0.768915 0.00379396 5.53804s
767 0.795344 0.77083 0.00347574 5.70906s
768 0.795344 0.763203 0.00430492 5.61377s
769 0.795344 0.767334 0.00376485 5.59227s
770 0.795344 0.762546 0.00437712 5.5479s
771 0.795344 0.764652 0.00606455 5.5898s
772 0.795344 0.772632 0.00433115 5.57788s
773 0.795344 0.773663 0.00380926 5.6163s
774 0.795344 0.758834 0.00663877 5.53239s
775 0.795344 0.769889 0.00456811 5.56615s
776 0.795344 0.759215 0.007054 5.55016s
777 0.795344 0.753992 0.00718033 5.49831s
778 0.795344 0.767397 0.00499171 5.61559s
779 0.795344 0.765952 0.00523568 5.53989s
780 0.795344 0.769539 0.0043296 5.59571s
781 0.795344 0.760636 0.00440252 5.52544s
782 0.795344 0.766767 0.00374434 5.54063s
783 0.795344 0.778064 0.00251077 5.5218s
784 0.795344 0.754354 0.00548088 5.57458s
785 0.795344 0.767382 0.00368566 5.65004s
786 0.795344 0.767027 0.00386101 5.63439s
787 0.795344 0.770451 0.00343832 5.64798s
788 0.795344 0.780673 0.00207046 5.58607s
789 0.795344 0.752801 0.00560266 5.64299s
790 0.795344 0.759783 0.00513391 5.60902s
791 0.795344 0.758929 0.00684836 5.52028s
792 0.795344 0.768659 0.00481206 5.53486s
793 0.795344 0.748199 0.00799919 5.53386s
794 0.795344 0.755019 0.00707493 5.57758s
795 0.795344 0.767413 0.00560657 5.39296s
796 0.795344 0.769617 0.00434089 5.44502s
797 0.795344 0.76591 0.0053513 6.57953s
798 0.795344 0.768855 0.00496736 5.41988s
799 0.795344 0.757799 0.00675741 5.39064s
800 0.795344 0.7495 0.00883955 5.41527s
801 0.795344 0.769278 0.00346782 5.38436s
802 0.795344 0.764665 0.00404619 5.39113s
803 0.795344 0.774554 0.00280799 5.44281s
804 0.795344 0.773227 0.00295117 5.48043s
805 0.795344 0.768689 0.00367178 5.39972s
806 0.795344 0.75854 0.00498106 5.37888s
807 0.795344 0.777901 0.00215656 5.4023s
808 0.795344 0.772437 0.00291441 5.38761s
809 0.795344 0.775665 0.00265636 5.40078s
810 0.795344 0.767223 0.00397852 5.36999s
811 0.795344 0.76195 0.00622987 5.37463s
812 0.795344 0.74922 0.00834377 5.3971s
813 0.795344 0.760061 0.00690171 5.43456s
814 0.795344 0.761447 0.00588603 5.38099s
815 0.795344 0.756212 0.00694362 5.45976s
816 0.795344 0.762092 0.0059032 5.37694s
817 0.795344 0.76084 0.00604665 5.40096s
818 0.795344 0.757627 0.00659249 5.4519s
819 0.795344 0.746884 0.00853757 5.35469s
820 0.795344 0.766347 0.00522818 5.42819s
821 0.795344 0.764588 0.00411372 5.36422s
822 0.795344 0.773075 0.00282665 5.39208s
823 0.795344 0.758623 0.00491487 5.3927s
824 0.795344 0.768356 0.00344692 5.38716s
825 0.795344 0.772204 0.00303937 5.36s
826 0.795344 0.773293 0.00306001 5.43565s
827 0.795344 0.768187 0.00356687 5.38546s
828 0.795344 0.765692 0.00390825 5.45833s
829 0.795344 0.767328 0.00381477 5.39278s
830 0.795344 0.763525 0.00430163 5.40844s
831 0.795344 0.745345 0.00866623 5.4003s
832 0.795344 0.771682 0.00430056 5.44909s
833 0.795344 0.750281 0.00830612 5.36093s
834 0.795344 0.756406 0.0067274 5.41452s
835 0.795344 0.755258 0.00735358 5.37617s
836 0.795344 0.75836 0.00678452 5.41107s
837 0.795344 0.76875 0.0052419 5.47926s
838 0.795344 0.764461 0.00520271 5.43087s
839 0.795344 0.755886 0.00696941 5.42618s
840 0.795344 0.756069 0.00681769 5.39491s
841 0.795344 0.766708 0.00423258 5.37934s
842 0.795344 0.767722 0.00376929 5.41419s
843 0.795344 0.76482 0.00389979 5.43248s
844 0.795344 0.761049 0.0046091 5.36008s
845 0.795344 0.776797 0.00271628 5.43484s
846 0.795344 0.772374 0.00314131 5.48037s
847 0.795344 0.769339 0.00336128 5.37318s
848 0.795344 0.769934 0.00354679 5.36846s
849 0.795344 0.769383 0.00333062 5.35762s
850 0.795344 0.766132 0.00408783 5.41657s
851 0.795344 0.76844 0.00541206 5.41337s
852 0.795344 0.75562 0.0071231 5.37024s
853 0.795344 0.75541 0.00724487 5.3863s
854 0.795344 0.755461 0.00683026 5.46574s
855 0.795344 0.76405 0.00590366 5.35811s
856 0.795344 0.762631 0.00545794 5.36928s
857 0.795344 0.764972 0.00573423 5.37114s
858 0.795344 0.757529 0.00694553 5.40867s
859 0.795344 0.766274 0.00537175 5.39179s
860 0.795344 0.756363 0.00660777 5.40286s
861 0.795344 0.762841 0.00464606 5.37623s
862 0.795344 0.770647 0.00331044 5.4277s
863 0.795344 0.767767 0.00374862 5.43839s
864 0.795344 0.754822 0.00524658 5.43418s
865 0.795344 0.779668 0.0021145 5.44339s
866 0.795344 0.77498 0.00283486 5.45826s
867 0.795344 0.768836 0.00375853 5.41281s
868 0.795344 0.769971 0.00367958 5.44041s
869 0.795344 0.768802 0.00350789 5.38533s
870 0.795344 0.77433 0.00271405 5.48619s
871 0.795344 0.755393 0.00734606 5.42084s
872 0.795344 0.750757 0.00803718 5.42329s
873 0.795344 0.755896 0.00688053 5.41666s
874 0.795344 0.777549 0.00318472 5.39734s
875 0.795344 0.762024 0.00572051 5.39152s
876 0.795344 0.755745 0.0076092 5.46266s
877 0.795344 0.749046 0.00796782 5.3525s
878 0.795344 0.762269 0.00614787 5.42063s
879 0.795344 0.765546 0.00542887 5.57447s
880 0.795344 0.774002 0.00390884 5.37119s
881 0.795344 0.7655 0.00390314 5.3888s
882 0.795344 0.767192 0.00349643 5.42231s
883 0.795344 0.767669 0.00387799 5.44738s
884 0.795344 0.773152 0.00313795 5.42319s
885 0.795344 0.767711 0.0039286 5.43179s
886 0.795344 0.764925 0.00458942 5.39146s
887 0.795344 0.764365 0.00448463 5.44232s
888 0.795344 0.767771 0.00375578 5.37241s
889 0.795344 0.76328 0.0043589 5.37532s
890 0.795344 0.767945 0.0033183 5.47963s
891 0.795344 0.761408 0.00615292 5.36401s
892 0.795344 0.744859 0.00937311 5.3719s
893 0.795407 0.76574 0.00558853 5.47326s
894 0.795407 0.743879 0.00939228 5.37883s
895 0.795407 0.759402 0.00641785 5.38361s
896 0.795407 0.745851 0.00823611 5.47157s
897 0.795407 0.742745 0.00859869 5.39743s
898 0.795407 0.758102 0.00629142 5.37015s
899 0.795407 0.764143 0.00556887 5.40817s
900 0.795407 0.753225 0.00780032 5.38774s
901 0.795407 0.766565 0.00390344 5.44351s
902 0.795407 0.766564 0.00408433 5.38569s
903 0.795407 0.761564 0.00472879 5.44809s
904 0.795407 0.770891 0.00347744 5.40126s
905 0.795407 0.769783 0.00354032 5.36244s
906 0.795407 0.757987 0.00504058 5.40974s
907 0.795407 0.777207 0.00259127 5.40011s
908 0.795407 0.769526 0.00337935 5.64919s
909 0.795407 0.763732 0.00429741 5.39172s
910 0.795407 0.769109 0.00360687 5.48103s
911 0.795407 0.761219 0.00604213 6.34799s
912 0.795407 0.7586 0.00674692 5.41514s
913 0.795407 0.768032 0.00518408 5.44814s
914 0.795407 0.751924 0.0076905 5.34606s
915 0.795407 0.754409 0.00731406 5.37439s
916 0.795407 0.759656 0.00655278 5.40489s
917 0.795407 0.767998 0.0052305 5.39574s
918 0.795407 0.751305 0.00779949 5.43403s
919 0.795407 0.746874 0.00854787 5.42969s
920 0.795407 0.752996 0.00777058 5.35704s
921 0.795407 0.763683 0.00426042 5.412s
922 0.795407 0.772918 0.00320781 5.36326s
923 0.795407 0.767577 0.00404171 5.44402s
924 0.795407 0.762507 0.00459714 5.39149s
925 0.795407 0.770056 0.00351266 5.43737s
926 0.795407 0.768984 0.00357303 5.41452s
927 0.795407 0.769314 0.00387956 5.46034s
928 0.795407 0.757395 0.00491227 5.39645s
929 0.795407 0.76351 0.00409608 5.44444s
930 0.795407 0.767623 0.00390867 5.42999s
931 0.795407 0.754598 0.0075798 5.38763s
932 0.795407 0.754309 0.00780289 5.37909s
933 0.795407 0.764281 0.00540575 5.41746s
934 0.795407 0.749546 0.00814771 5.36468s
935 0.795407 0.770954 0.00447126 5.42123s
936 0.795407 0.760976 0.00630227 5.44413s
937 0.795407 0.765865 0.00496444 5.40255s
938 0.795407 0.756249 0.00697534 5.42132s
939 0.795407 0.76732 0.00532586 5.36974s
940 0.795407 0.74619 0.00894165 5.40833s
941 0.795407 0.762052 0.00454539 5.47891s
942 0.795407 0.767278 0.00388295 5.36351s
943 0.795407 0.762659 0.00503724 5.64138s
944 0.795407 0.761956 0.00461707 5.41345s
945 0.795407 0.761706 0.00460374 5.43257s
946 0.795407 0.775561 0.00288575 5.40175s
947 0.795407 0.77633 0.00254873 5.3779s
948 0.795407 0.766977 0.00383388 5.45345s
949 0.795407 0.763596 0.0042575 5.41247s
950 0.795407 0.763038 0.00453061 5.43416s
951 0.795407 0.74805 0.00816011 5.37762s
952 0.795407 0.765175 0.00570076 5.38174s
953 0.795407 0.750906 0.00839768 5.43586s
954 0.795407 0.750668 0.00780787 5.36372s
955 0.795407 0.754267 0.00745868 5.41436s
956 0.795407 0.751774 0.0075708 5.40808s
957 0.795407 0.758394 0.00670697 5.38252s
958 0.795407 0.751053 0.00735284 5.38689s
959 0.795407 0.756034 0.00733823 5.40091s
960 0.795407 0.747571 0.00814332 5.49082s
961 0.795407 0.761881 0.0047019 5.39039s
962 0.795407 0.770533 0.00358245 5.44833s
963 0.795407 0.781374 0.00210407 5.39839s
964 0.795407 0.770219 0.0034818 5.42219s
965 0.795407 0.768456 0.00355534 5.45658s
966 0.795407 0.754453 0.00531269 5.40105s
967 0.795407 0.759981 0.00482292 5.4152s
968 0.795407 0.757061 0.00508258 5.39316s
969 0.795407 0.775436 0.00276589 5.41312s
970 0.795407 0.776588 0.00260187 5.40942s
971 0.795407 0.75769 0.00635466 5.4s
972 0.795407 0.769207 0.00505669 5.44601s
973 0.795407 0.758721 0.00693296 5.48199s
974 0.795407 0.762534 0.00610724 5.43907s
975 0.795407 0.760249 0.0066712 5.39129s
976 0.795407 0.748455 0.00819864 5.42896s
977 0.795407 0.760766 0.0066528 5.44204s
978 0.795407 0.762299 0.00599731 5.39279s
979 0.795407 0.757361 0.00707096 5.39088s
980 0.795407 0.751107 0.00815583 5.38994s
981 0.795407 0.766679 0.00407012 5.41696s
982 0.795407 0.760466 0.00474404 5.47096s
983 0.795407 0.771432 0.00305252 5.40383s
984 0.795407 0.771222 0.00302291 5.4691s
985 0.795407 0.76547 0.00418667 6.36911s
986 0.795407 0.767659 0.00413339 5.47963s
987 0.795407 0.769069 0.00374886 5.46425s
988 0.795407 0.763759 0.00455342 5.4305s
989 0.795407 0.768661 0.00370215 5.45105s
990 0.795407 0.767915 0.00371697 5.45396s
991 0.795407 0.755906 0.00742115 5.39253s
992 0.795407 0.765388 0.00565845 5.43084s
993 0.795407 0.753621 0.00775199 5.39623s
994 0.795407 0.762197 0.00636061 5.38551s
995 0.795407 0.767526 0.00520149 5.38837s
996 0.795407 0.769947 0.00449905 5.85175s
997 0.795407 0.764458 0.00541595 5.502s
998 0.795407 0.766048 0.00543647 5.40004s
999 0.795407 0.768922 0.00454606 5.43059s
1000 0.795407 0.764951 0.00545635 5.37098s
1001 0.795407 0.776509 0.00243778 5.38873s
1002 0.795407 0.77402 0.00281254 5.40834s
1003 0.795407 0.760098 0.00489972 5.38536s
1004 0.795407 0.777739 0.00230573 5.46876s
1005 0.795407 0.760922 0.00478213 5.42838s
1006 0.795407 0.769775 0.00340909 5.39808s
1007 0.795407 0.776099 0.00259893 5.41578s
1008 0.795407 0.764309 0.0041198 5.43158s
1009 0.795407 0.767985 0.00369215 5.43231s
1010 0.795407 0.768927 0.00365087 5.45504s
1011 0.795407 0.754482 0.00759837 5.36575s
1012 0.795407 0.762937 0.00544734 5.36264s
1013 0.795407 0.762748 0.00590176 5.36364s
1014 0.795407 0.769221 0.00481168 5.48104s
1015 0.795407 0.758996 0.00600033 5.45668s
1016 0.795407 0.762262 0.00599027 5.36555s
1017 0.795407 0.757008 0.00661535 5.39598s
1018 0.795407 0.767283 0.00526497 5.38224s
1019 0.795407 0.760135 0.00618459 5.85402s
1020 0.795407 0.768436 0.00458701 5.47312s
1021 0.795407 0.761411 0.00439837 5.48213s
1022 0.795407 0.763251 0.00435848 7.26248s
1023 0.795407 0.774039 0.0029111 5.47981s
1024 0.795407 0.775794 0.00252275 5.43573s
1025 0.795407 0.775159 0.00280802 5.3671s
1026 0.795407 0.759423 0.00508823 5.45136s
1027 0.795407 0.774893 0.0029347 5.36763s
1028 0.795407 0.759737 0.00472911 5.47093s
1029 0.795407 0.782039 0.00199702 5.40383s
1030 0.795407 0.771252 0.00320276 5.4149s
1031 0.795407 0.749085 0.00827446 5.41021s
1032 0.795407 0.761995 0.00574774 5.37809s
1033 0.795407 0.757734 0.00724367 5.35967s
1034 0.795407 0.755229 0.00744451 5.39227s
1035 0.795407 0.759714 0.00639294 5.37287s
1036 0.795407 0.77195 0.00410295 5.385s
1037 0.795407 0.754643 0.00730935 5.41938s
1038 0.795407 0.75067 0.00805191 5.40468s
1039 0.795407 0.764635 0.00606296 5.3868s
1040 0.795407 0.769209 0.00477105 5.43041s
1041 0.795407 0.767558 0.00397066 5.40944s
1042 0.795407 0.767912 0.00386382 5.4069s
1043 0.795407 0.775858 0.0027727 5.37883s
1044 0.795407 0.770268 0.00343426 5.35237s
1045 0.795407 0.763947 0.0042453 5.36145s
1046 0.795407 0.766193 0.00406616 5.52039s
1047 0.795407 0.769574 0.00368723 5.44039s
1048 0.795407 0.775201 0.00293988 5.40089s
1049 0.795407 0.764422 0.00413278 5.36317s
1050 0.795407 0.771653 0.00323645 5.42114s
1051 0.795407 0.765706 0.00551037 5.37982s
1052 0.795407 0.761321 0.0059983 5.37434s
1053 0.795407 0.747625 0.00797375 5.36311s
1054 0.795407 0.754385 0.007113 5.42089s
1055 0.795407 0.753312 0.0075772 5.47498s
1056 0.795407 0.761742 0.00609513 5.43261s
1057 0.795407 0.759811 0.00661669 5.45778s
1058 0.795407 0.764908 0.0052445 5.46119s
1059 0.795407 0.764237 0.00538416 5.35602s
1060 0.795407 0.766134 0.00574748 5.43187s
1061 0.795407 0.764005 0.00440093 5.44541s
1062 0.795407 0.759938 0.00455128 5.48184s
1063 0.795407 0.766831 0.00363196 5.35711s
1064 0.795407 0.75979 0.00459753 5.43147s
1065 0.795407 0.768413 0.00337477 5.35588s
1066 0.795407 0.764423 0.00435477 5.42716s
1067 0.795407 0.767236 0.00370815 5.4382s
1068 0.795407 0.768433 0.00412803 5.38812s
1069 0.795407 0.763307 0.00402905 5.40712s
1070 0.795407 0.766712 0.00386623 5.41604s
1071 0.795407 0.750501 0.00835899 5.38804s
1072 0.795407 0.756036 0.0067952 5.39152s
1073 0.795407 0.75557 0.00690746 5.38502s
1074 0.795407 0.762173 0.0057485 5.39245s
1075 0.795407 0.749995 0.00841732 5.42735s
1076 0.795407 0.75667 0.00713575 5.39024s
1077 0.795407 0.76208 0.00564944 5.38721s
1078 0.795407 0.754523 0.00707035 5.41633s
1079 0.795407 0.750082 0.00782386 5.36367s
1080 0.795407 0.753259 0.00725378 5.43528s
1081 0.795407 0.76923 0.00374051 5.39809s
1082 0.795407 0.775128 0.00281797 5.39373s
1083 0.795407 0.772158 0.00326897 5.39657s
1084 0.795407 0.763868 0.00416437 5.38525s
1085 0.795407 0.768912 0.00330426 5.42147s
1086 0.795407 0.762982 0.00457548 5.39407s
1087 0.795407 0.756732 0.00514551 5.38643s
1088 0.795407 0.765188 0.00372958 5.50425s
1089 0.795407 0.777165 0.00260391 5.48707s
1090 0.795407 0.780256 0.00204838 5.35741s
1091 0.795407 0.74098 0.00919599 5.39918s
1092 0.795407 0.762453 0.0063784 5.43305s
1093 0.795407 0.747162 0.00825641 5.38714s
1094 0.795407 0.751441 0.00719636 5.42656s
1095 0.795407 0.75252 0.00778115 5.39589s
1096 0.795407 0.741302 0.00920724 5.36069s
1097 0.795407 0.749909 0.00787727 5.4315s
1098 0.795407 0.750918 0.00783784 5.46065s
1099 0.795407 0.756959 0.00685075 5.41956s
1100 0.795407 0.750941 0.00789009 5.46856s
1101 0.795407 0.76315 0.00413143 5.37419s
1102 0.795407 0.769118 0.00338672 5.42356s
1103 0.795407 0.76623 0.00377772 5.40355s
1104 0.795407 0.771697 0.00311461 5.46737s
1105 0.795407 0.765718 0.00447143 5.41955s
1106 0.795407 0.768192 0.00401425 5.42364s
1107 0.795407 0.765831 0.00432427 5.47822s
1108 0.795407 0.775061 0.00280285 5.43593s
1109 0.795407 0.75197 0.00578706 5.42823s
1110 0.795407 0.776195 0.00270164 5.40286s
1111 0.795407 0.769746 0.00486946 5.41663s
1112 0.795407 0.752095 0.00760998 5.43641s
1113 0.795407 0.750595 0.0079485 5.37421s
1114 0.795407 0.763694 0.00561662 5.45891s
1115 0.795407 0.756923 0.0066756 5.40365s
1116 0.795407 0.772027 0.00409905 5.45793s
1117 0.795407 0.752691 0.00795699 5.46384s
1118 0.795407 0.748463 0.00822364 5.37373s
1119 0.795407 0.760579 0.00605313 5.40307s
1120 0.795407 0.749117 0.00768812 5.38559s
1121 0.795407 0.771581 0.00325689 5.39868s
1122 0.795407 0.77704 0.00245511 5.39281s
1123 0.795407 0.765441 0.00421517 5.37413s
1124 0.795407 0.76763 0.00374077 5.36888s
1125 0.795407 0.777449 0.00229692 5.45462s
1126 0.795407 0.76069 0.00410783 5.40727s
1127 0.795407 0.76948 0.00352942 5.38106s
1128 0.795407 0.760281 0.00483777 5.45554s
1129 0.795407 0.762694 0.00443012 5.41868s
1130 0.795407 0.777866 0.00232041 5.44036s
1131 0.795407 0.749145 0.00880755 5.38717s
1132 0.795407 0.751965 0.00736979 5.35679s
1133 0.795407 0.7645 0.00509993 5.50609s
1134 0.795407 0.747002 0.00798716 6.49191s
1135 0.795407 0.762707 0.00580981 5.50023s
1136 0.795407 0.763653 0.00606942 5.37159s
1137 0.795407 0.75196 0.00776825 5.43801s
1138 0.795407 0.752622 0.00733298 5.42555s
1139 0.795407 0.754407 0.00709739 5.37278s
1140 0.795407 0.758398 0.00649217 5.42253s
1141 0.795407 0.767446 0.00382486 5.37011s
1142 0.795407 0.761837 0.00438623 5.45006s
1143 0.795407 0.766325 0.00391196 5.39373s
1144 0.795407 0.773487 0.0028837 5.36932s
1145 0.795407 0.761768 0.00436384 5.39159s
1146 0.795407 0.772161 0.00337501 5.44829s
1147 0.795407 0.755843 0.00506693 5.41312s
1148 0.795407 0.748286 0.00616446 5.36337s
1149 0.795407 0.757112 0.00518968 5.38304s
1150 0.795407 0.76934 0.00372049 5.3927s
1151 0.795407 0.752966 0.00764853 5.41075s
1152 0.795407 0.740644 0.00896366 5.39283s
1153 0.795407 0.746764 0.00845268 5.39713s
1154 0.795407 0.754855 0.0072942 5.37672s
1155 0.795407 0.751992 0.00824767 5.37101s
1156 0.795407 0.755385 0.00696017 5.38332s
1157 0.795407 0.74147 0.00966854 5.45991s
1158 0.795407 0.764873 0.00553088 5.46397s
1159 0.795407 0.768316 0.00541358 5.41392s
1160 0.795407 0.769072 0.00487933 5.40122s
1161 0.795407 0.770512 0.00350485 5.36305s
1162 0.795407 0.778365 0.00239932 5.44258s
1163 0.795407 0.765701 0.00398577 5.41552s
1164 0.795407 0.765774 0.00426493 5.36923s
1165 0.795407 0.769344 0.00370362 5.44949s
1166 0.795407 0.775633 0.00294965 5.47231s
1167 0.795407 0.763473 0.0042861 5.43943s
1168 0.795407 0.774719 0.00255177 5.42969s
1169 0.795407 0.754099 0.00547699 5.39619s
1170 0.795407 0.773971 0.00314794 5.41021s
1171 0.795407 0.755637 0.00687025 5.37688s
1172 0.795407 0.758652 0.00678673 5.41297s
1173 0.795407 0.745927 0.00934046 5.42042s
1174 0.795407 0.742681 0.00999738 5.36369s
1175 0.795407 0.752139 0.00771222 5.38723s
1176 0.795407 0.755147 0.00758879 5.4469s
1177 0.795407 0.753226 0.0073378 5.50999s
1178 0.795407 0.762272 0.00584148 5.35344s
1179 0.795407 0.752969 0.0074067 5.48499s
1180 0.795407 0.751823 0.00788368 5.3725s
1181 0.795407 0.765882 0.00427948 5.37751s
1182 0.795407 0.765372 0.00399147 5.46174s
1183 0.795407 0.774215 0.00294141 5.44544s
1184 0.795407 0.766292 0.00363927 5.39664s
1185 0.795407 0.773017 0.00306896 5.43625s
1186 0.795407 0.775725 0.00260783 5.41991s
1187 0.795407 0.755802 0.00521579 5.40549s
1188 0.795407 0.764799 0.00392509 5.37994s
1189 0.795407 0.766718 0.00418595 5.43038s
1190 0.795407 0.764999 0.00431499 5.47487s
1191 0.795407 0.770901 0.00414701 5.38627s
1192 0.795407 0.764514 0.00611735 5.62393s
1193 0.795407 0.754658 0.0074174 5.4262s
1194 0.795407 0.765458 0.00538971 5.37281s
1195 0.795407 0.757356 0.00661885 5.3728s
1196 0.795407 0.770265 0.0046506 5.36254s
1197 0.795407 0.755573 0.00740248 5.39213s
1198 0.795407 0.7699 0.00474174 5.40684s
1199 0.795407 0.759967 0.00641603 5.4423s
1200 0.795407 0.765486 0.00568935 5.43961s
1201 0.795407 0.76878 0.0039144 5.39086s
1202 0.795407 0.776088 0.00269531 5.42007s
1203 0.795407 0.764154 0.00435223 5.38071s
1204 0.795407 0.75904 0.00503446 5.36484s
1205 0.795407 0.767948 0.00368847 5.49631s
1206 0.795407 0.746133 0.00621263 5.39026s
1207 0.795407 0.760659 0.00479705 5.45546s
1208 0.795407 0.771574 0.00321051 5.42545s
1209 0.795407 0.76778 0.00376486 5.39804s
1210 0.795407 0.759227 0.00507869 5.38434s
1211 0.795407 0.763473 0.00563402 5.51244s
1212 0.795407 0.765779 0.00557053 5.43596s
1213 0.795407 0.747898 0.0085969 5.37508s
1214 0.795407 0.765548 0.00574315 5.49035s
1215 0.795407 0.77652 0.00336635 5.34401s
1216 0.795407 0.75584 0.00673885 5.46364s
1217 0.795407 0.760737 0.00661325 5.39584s
1218 0.795407 0.762456 0.00570282 5.47747s
1219 0.795407 0.77537 0.00361941 5.38895s
1220 0.795407 0.765337 0.00521661 5.36054s
1221 0.795407 0.772857 0.00326941 5.48715s
1222 0.795407 0.764127 0.00442668 5.45978s
1223 0.795407 0.773518 0.00297182 5.47323s
1224 0.795407 0.759037 0.00516376 5.3953s
1225 0.795407 0.769906 0.00344527 5.43355s
1226 0.795407 0.76247 0.00448319 5.43967s
1227 0.795407 0.77007 0.00340541 5.39707s
1228 0.795407 0.766935 0.00412328 5.48659s
1229 0.795407 0.76154 0.00461828 5.38685s
1230 0.795407 0.761355 0.00439973 5.39165s
1231 0.795407 0.754225 0.00751094 5.37287s
1232 0.795407 0.756031 0.00689365 5.34805s
1233 0.795407 0.760824 0.00629087 5.36546s
1234 0.795407 0.770192 0.00448295 5.41922s
1235 0.795407 0.754932 0.0074287 5.40208s
1236 0.795407 0.749161 0.00849942 5.38765s
1237 0.795407 0.741813 0.00946458 5.41803s
1238 0.795407 0.754365 0.00734491 5.37973s
1239 0.795407 0.746834 0.00847381 5.41836s
1240 0.795407 0.760505 0.00602911 5.38772s
1241 0.795407 0.762588 0.00424825 5.41518s
1242 0.795407 0.761673 0.004352 5.35783s
1243 0.795407 0.763396 0.00446494 5.39074s
1244 0.795407 0.766003 0.00408161 5.36581s
1245 0.795407 0.759961 0.00464943 5.43722s
1246 0.795407 0.775351 0.0026938 6.62409s
1247 0.795407 0.769538 0.00342995 5.41792s
1248 0.795407 0.759622 0.00467893 5.41859s
1249 0.795407 0.765459 0.00408555 5.38137s
1250 0.795407 0.771351 0.0032036 5.35937s
1251 0.795407 0.756329 0.00704662 5.37863s
1252 0.795407 0.769566 0.00515408 5.38557s
1253 0.795407 0.764035 0.00605802 5.40204s
1254 0.795407 0.768647 0.00507154 5.39365s
1255 0.795407 0.750764 0.00746753 5.46392s
1256 0.795407 0.767601 0.00559006 5.38969s
1257 0.795407 0.762488 0.00576496 5.35785s
1258 0.795407 0.769465 0.00494976 5.43533s
1259 0.795407 0.753681 0.00745598 5.39152s
1260 0.795407 0.756124 0.00754171 5.46784s
1261 0.795407 0.77058 0.00326547 5.37279s
1262 0.795407 0.758276 0.00492466 5.45355s
1263 0.795407 0.759122 0.00494299 5.3677s
1264 0.795407 0.762202 0.00454118 5.38133s
1265 0.795407 0.762108 0.00431207 5.41944s
1266 0.795407 0.763789 0.00441521 5.39731s
1267 0.795407 0.764517 0.00435142 5.38308s
1268 0.795407 0.762607 0.00452501 5.38134s
1269 0.795407 0.76296 0.00442249 5.43428s
1270 0.795407 0.753226 0.00586492 5.37718s
1271 0.795407 0.739981 0.0093287 5.37048s
1272 0.795407 0.766989 0.00525907 5.46732s
1273 0.795407 0.759955 0.00615739 5.44854s
1274 0.795407 0.759701 0.00644792 5.36055s
1275 0.795407 0.745192 0.00803893 5.42484s
1276 0.795407 0.757811 0.00672392 5.37159s
1277 0.795407 0.759104 0.00660856 5.4961s
1278 0.795407 0.768209 0.00514852 5.36655s
1279 0.795407 0.759785 0.00663199 5.53003s
1280 0.795407 0.765295 0.00523198 5.35441s
1281 0.795407 0.766698 0.00351905 5.4518s
1282 0.795407 0.74932 0.00616526 5.40646s
1283 0.795407 0.773751 0.00301804 5.4442s
1284 0.795407 0.766451 0.00402364 5.3866s
1285 0.795407 0.772156 0.0030122 5.36199s
1286 0.795407 0.761504 0.00494733 5.48063s
1287 0.795407 0.765723 0.0040839 5.37863s
1288 0.795407 0.757829 0.00511883 5.40602s
1289 0.795407 0.762843 0.00446917 5.47144s
1290 0.795407 0.769755 0.00367109 5.40817s
1291 0.795407 0.754124 0.00729607 5.38499s
1292 0.795407 0.75976 0.00622217 5.42775s
1293 0.795407 0.770337 0.00484675 5.39154s
1294 0.795407 0.757161 0.00666681 5.44771s
1295 0.795407 0.756545 0.00694294 5.38617s
1296 0.795407 0.760604 0.00615692 5.43334s
1297 0.795407 0.768877 0.00456457 5.34865s
1298 0.795407 0.754022 0.00771808 5.44939s
1299 0.795407 0.753077 0.00766905 5.38947s
1300 0.795407 0.756908 0.00724424 5.44876s
1301 0.795407 0.770616 0.00340163 5.36382s
1302 0.795407 0.763667 0.00451275 5.40062s
1303 0.795407 0.771856 0.00347004 5.47917s
1304 0.795407 0.768216 0.00363304 5.42371s
1305 0.795407 0.760841 0.00478336 5.38923s
1306 0.795407 0.770094 0.00342894 5.44633s
1307 0.795407 0.755419 0.00550837 5.38537s
1308 0.795407 0.763988 0.00421436 5.45818s
1309 0.795407 0.756542 0.00531451 5.37783s
1310 0.795407 0.772704 0.00294059 5.46155s
1311 0.795407 0.763759 0.00540067 5.39192s
1312 0.795407 0.767608 0.00499995 5.34384s
1313 0.795407 0.758562 0.00677669 5.41654s
1314 0.795407 0.758677 0.00630361 5.46367s
1315 0.795407 0.748565 0.00809015 5.39405s
1316 0.795407 0.756285 0.00736943 5.40387s
1317 0.795407 0.751682 0.00817195 5.45847s
1318 0.795407 0.7597 0.00606202 5.41422s
1319 0.795407 0.751268 0.00778855 5.45205s
1320 0.795407 0.756809 0.00658742 5.36055s
1321 0.795407 0.773847 0.00266038 5.40118s
1322 0.795407 0.760713 0.00436754 5.39942s
1323 0.795407 0.768808 0.00374619 5.38923s
1324 0.795407 0.765723 0.00410412 5.40917s
1325 0.795407 0.760531 0.00418436 5.42598s
1326 0.795407 0.763251 0.00424365 5.37672s
1327 0.795407 0.76178 0.00460868 5.42935s
1328 0.795407 0.771705 0.00334288 5.38363s
1329 0.795407 0.76223 0.00466864 5.37146s
1330 0.795407 0.778338 0.00243942 5.3755s
1331 0.795407 0.749355 0.00830758 5.39026s
1332 0.795407 0.759926 0.00668234 5.46068s
1333 0.795407 0.75568 0.00747193 5.37971s
1334 0.795407 0.743419 0.0086681 5.39409s
1335 0.795407 0.764936 0.00578007 5.43628s
1336 0.795407 0.768827 0.00522168 5.36805s
1337 0.795407 0.759197 0.00629755 5.45219s
1338 0.795407 0.746151 0.00816431 5.46582s
1339 0.795407 0.756457 0.00706658 5.39691s
1340 0.795407 0.763588 0.00641676 5.38712s
1341 0.795407 0.771325 0.00313928 5.41533s
1342 0.795407 0.757527 0.00517515 5.47252s
1343 0.795407 0.768399 0.00386364 5.36202s
1344 0.795407 0.760111 0.0049978 5.43465s
1345 0.795407 0.765187 0.0042183 5.40623s
1346 0.795407 0.767806 0.00402437 5.38817s
1347 0.795407 0.767943 0.00380485 5.41579s
1348 0.795407 0.770053 0.00357954 5.41272s
1349 0.795407 0.776353 0.00263647 5.39198s
1350 0.795407 0.775514 0.00276294 5.63045s
1351 0.795407 0.760234 0.00675397 5.43169s
1352 0.795407 0.76098 0.00576154 5.42114s
1353 0.795407 0.753366 0.00745296 5.35558s
1354 0.795407 0.745518 0.00920703 5.40727s
1355 0.795407 0.76549 0.00565789 5.38676s
1356 0.795407 0.760801 0.00638929 5.48453s
1357 0.795407 0.749859 0.00809721 5.39026s
1358 0.795407 0.745478 0.00880802 6.75474s
1359 0.795407 0.762465 0.00579303 5.40727s
1360 0.795407 0.752351 0.00770008 5.41224s
1361 0.795407 0.757722 0.00511604 5.36152s
1362 0.795407 0.754586 0.00560763 5.42582s
1363 0.795407 0.766593 0.00397379 5.40755s
1364 0.795407 0.773592 0.00292504 5.36648s
1365 0.795407 0.761318 0.00488228 5.37074s
1366 0.795407 0.762329 0.00451709 5.41157s
1367 0.795407 0.772135 0.00325094 5.45358s
1368 0.795407 0.76085 0.00445473 5.36537s
1369 0.795407 0.756104 0.00534919 5.40668s
1370 0.795407 0.763924 0.00420733 5.3556s
1371 0.795407 0.762804 0.00614798 5.45055s
1372 0.795407 0.747462 0.00819142 5.3855s
1373 0.795407 0.754012 0.00718537 5.41954s
1374 0.795407 0.766761 0.00499895 5.41543s
1375 0.795407 0.771351 0.00414009 5.43133s
1376 0.795407 0.760904 0.00589002 5.45146s
1377 0.795407 0.750693 0.00795954 5.36267s
1378 0.795407 0.746642 0.00850178 5.4245s
1379 0.795407 0.770947 0.00430563 5.39197s
1380 0.795407 0.759077 0.00597763 5.4091s
1381 0.795407 0.7734 0.00309225 5.40718s
1382 0.795407 0.772739 0.00315261 5.36476s
1383 0.795407 0.756344 0.00522738 5.47682s
1384 0.795407 0.758826 0.00450078 5.39798s
1385 0.795407 0.766138 0.00384488 5.52251s
1386 0.795407 0.773426 0.00331265 5.37997s
1387 0.795407 0.76817 0.00377932 5.42204s
1388 0.795407 0.765088 0.00433632 5.44016s
1389 0.795407 0.761571 0.00468184 5.42972s
1390 0.795407 0.754361 0.00535655 5.41901s
1391 0.795407 0.75155 0.00780705 5.46298s
1392 0.795407 0.757589 0.00645114 5.39192s
1393 0.795407 0.760072 0.00705307 5.43137s
1394 0.795407 0.753556 0.00764748 5.47926s
1395 0.795407 0.755478 0.00745691 5.44304s
1396 0.795407 0.752217 0.00780412 5.41384s
1397 0.795407 0.744119 0.00899988 5.4032s
1398 0.795407 0.761207 0.00621548 5.40689s
1399 0.795407 0.747454 0.00846138 5.48675s
1400 0.795407 0.752627 0.00734401 5.37451s
1401 0.795407 0.766193 0.00398188 5.44856s
1402 0.795407 0.768958 0.00340492 5.41324s
1403 0.795407 0.767587 0.00392253 5.44945s
1404 0.795407 0.756709 0.00502707 5.36791s
1405 0.795407 0.769454 0.00356421 5.42238s
1406 0.797794 0.777298 0.00243761 5.39264s
1407 0.797794 0.765567 0.003957 5.35439s
1408 0.797794 0.767232 0.0039592 5.3775s
1409 0.797794 0.759147 0.00507618 5.43117s
1410 0.797794 0.765547 0.00449773 5.3812s
1411 0.797794 0.756096 0.00759754 5.3598s
1412 0.797794 0.752619 0.0080114 5.39931s
1413 0.797794 0.763417 0.00598356 5.42624s
1414 0.797794 0.771177 0.00462671 5.44239s
1415 0.797794 0.744822 0.00919322 5.37641s
1416 0.797794 0.758944 0.00677759 5.40269s
1417 0.797794 0.753238 0.00800742 5.43889s
1418 0.797794 0.758359 0.00696791 5.41819s
1419 0.797794 0.748431 0.00821821 5.39746s
1420 0.797794 0.76781 0.00539169 5.3931s
1421 0.797794 0.765891 0.00428702 5.37112s
1422 0.797794 0.753721 0.00602237 5.42901s
1423 0.797794 0.76717 0.00401869 5.42509s
1424 0.797794 0.770003 0.00367989 5.39191s
1425 0.797794 0.776068 0.00303868 5.38411s
1426 0.797794 0.779897 0.00243305 5.39213s
1427 0.797794 0.773327 0.0034108 5.39932s
1428 0.797794 0.770647 0.00366958 5.40587s
1429 0.797794 0.75305 0.00589791 5.40706s
1430 0.797794 0.771749 0.00340687 5.41229s
1431 0.797794 0.762891 0.00602607 5.48077s
1432 0.797794 0.762069 0.00645455 5.38258s
1433 0.797794 0.752292 0.00815629 5.3818s
1434 0.797794 0.765725 0.00619509 5.38825s
1435 0.797794 0.771588 0.00514291 5.49258s
1436 0.797794 0.773523 0.00450451 5.39764s
1437 0.797794 0.766884 0.00529725 5.39221s
1438 0.797794 0.758008 0.00701803 5.42901s
1439 0.797794 0.765866 0.00581264 5.45877s
1440 0.797794 0.763132 0.00655245 5.41067s
1441 0.797794 0.775031 0.00304221 5.36543s
1442 0.797794 0.770999 0.00366239 5.37381s
1443 0.797794 0.771468 0.00361696 5.41209s
1444 0.797794 0.772704 0.00358763 5.37399s
1445 0.797794 0.767906 0.00442641 5.41387s
1446 0.797794 0.769456 0.00397648 5.44874s
1447 0.797794 0.766808 0.00447895 5.35778s
1448 0.797794 0.769179 0.00382982 5.44947s
1449 0.797794 0.771644 0.0035881 5.38664s
1450 0.797794 0.766421 0.00424695 5.43985s
1451 0.797794 0.768266 0.00555684 5.40457s
1452 0.797794 0.769207 0.00530537 5.40094s
1453 0.797794 0.756835 0.00758889 5.41734s
1454 0.797794 0.754697 0.00832515 5.42518s
1455 0.797794 0.757268 0.00706154 5.38884s
1456 0.797794 0.756267 0.00752133 5.44597s
1457 0.797794 0.745554 0.00913128 5.37114s
1458 0.797794 0.763348 0.00644275 5.39944s
1459 0.797794 0.767267 0.00592456 5.43447s
1460 0.797794 0.751394 0.00795324 5.41333s
1461 0.797794 0.77422 0.00351204 5.39851s
1462 0.797794 0.774703 0.00333919 5.48305s
1463 0.797794 0.767615 0.00426752 5.3914s
1464 0.797794 0.782625 0.00218125 5.45793s
1465 0.797794 0.769262 0.00398132 5.38777s
1466 0.797794 0.756894 0.00560461 5.41587s
1467 0.797794 0.770696 0.0036428 5.39775s
1468 0.797794 0.76345 0.00484655 5.43042s
1469 0.797794 0.764454 0.00462595 5.39477s
1470 0.797794 0.764283 0.00449653 6.63066s
1471 0.797794 0.761457 0.00651466 5.43557s
1472 0.797794 0.758572 0.00720394 5.37032s
1473 0.797794 0.751181 0.0080902 5.40276s
1474 0.797794 0.753357 0.00817447 5.42166s
1475 0.797794 0.744043 0.0102111 5.47156s
1476 0.797794 0.757545 0.00743322 5.39952s
1477 0.797794 0.75466 0.00729755 5.40477s
1478 0.797794 0.767579 0.00601824 5.43207s
1479 0.797794 0.762987 0.00625794 5.46071s
1480 0.797794 0.759816 0.00685262 5.39883s
1481 0.797794 0.773189 0.00356291 5.40696s
1482 0.797794 0.771781 0.00397932 5.4165s
1483 0.797794 0.7741 0.00323166 5.39285s
1484 0.797794 0.762953 0.00481299 5.38836s
1485 0.797794 0.767602 0.00407992 5.42303s
1486 0.797794 0.76329 0.00457077 5.4252s
1487 0.797794 0.775021 0.00329711 5.39819s
1488 0.797794 0.761909 0.00500932 5.45025s
1489 0.797794 0.765206 0.00445971 5.37645s
1490 0.797794 0.767689 0.00401474 5.3912s
1491 0.797794 0.766869 0.00587408 5.41999s
1492 0.797794 0.75833 0.0073909 5.35821s
1493 0.797794 0.755735 0.00739982 5.36034s
1494 0.797794 0.767667 0.00561722 5.48072s
1495 0.797794 0.767038 0.00583787 5.40088s
1496 0.797794 0.769888 0.00489512 5.37109s
1497 0.797794 0.752913 0.00796623 5.38725s
1498 0.797794 0.759828 0.00685455 5.42529s
1499 0.797794 0.755422 0.00737902 5.366s
1500 0.797794 0.7665 0.0055839 5.39386s
