33  12
36  54
36  74
36  82
42  26
44  59
47  25
49  61
51  93
56  89
67  52
69  27
69  82
73  80
73  99
77  67
84  12
94  74
97  93
99  82
105  89
117  26
126  59
126  82
134  48
136  93
140  85
141  54
141  61
143  5
144  31
146  12
146  89
151  82
160  74
170  93
172  94
174  82
181  13
181  66
182  89
188  99
191  26
192  85
196  82
199  6
199  27
201  93
202  59
203  12
203  80
204  99
209  44
209  85
213  89
215  52
216  82
219  74
220  99
224  61
225  27
226  85
229  93
235  6
236  82
236  99
237  80
242  85
243  89
250  41
251  99
255  82
255  93
257  12
257  26
257  27
258  85
266  99
269  52
269  97
271  54
271  89
273  82
274  80
274  85
275  59
278  74
279  44
280  93
281  99
289  85
291  82
294  6
296  99
298  89
299  27
304  85
309  80
309  93
310  99
312  33
312  46
315  31
315  48
319  85
320  25
324  99
326  33
326  46
328  76
329  3
329  31
329  48
334  85
338  67
338  99
340  56
343  25
343  33
343  46
345  31
345  48
345  80
346  54
347  27
348  85
352  99
356  52
362  85
363  33
363  46
364  48
365  31
365  99
369  3
371  76
375  6
376  85
377  25
378  99
379  80
388  31
388  33
388  46
388  48
390  85
391  99
398  27
401  58
403  85
404  44
404  99
405  21
406  54
411  80
414  67
416  48
416  85
416  99
417  31
419  33
420  46
428  99
429  85
438  25
438  82
440  12
440  99
441  85
442  52
442  80
442  93
443  89
444  27
444  54
447  74
448  26
448  82
449  61
450  59
451  6
452  99
453  85
455  12
456  93
457  89
458  82
463  74
464  99
465  85
466  26
467  41
469  61
469  82
470  59
470  93
472  80
472  89
473  12
476  99
477  85
480  82
481  81
482  2
482  74
482  83
484  13
484  93
485  4
485  56
487  89
487  99
488  26
488  58
489  85
491  1
491  27
491  81
491  82
492  83
493  2
494  12
494  25
494  61
495  13
495  59
497  56
498  93
498  99
499  4
500  85
501  80
501  81
502  58
502  82
502  83
502  89
505  74
506  2
507  13
509  99
510  56
511  25
511  81
512  83
512  85
512  93
513  1
513  82
515  4
516  26
517  44
517  89
519  12
519  58
520  2
520  13
521  81
523  83
524  56
524  82
526  61
527  52
527  59
527  93
530  25
531  81
533  89
534  4
534  74
534  83
535  13
535  82
536  2
538  58
541  56
541  81
542  93
545  83
546  1
546  82
549  89
551  81
552  13
553  12
553  25
555  2
556  83
557  82
557  93
558  4
559  26
561  56
561  81
563  58
565  94
567  83
568  89
571  81
571  82
572  13
575  93
578  83
579  2
581  25
581  81
582  82
584  89
585  56
589  83
589  93
591  5
591  61
591  81
592  74
593  4
593  82
594  59
595  13
596  58
599  89
600  83
601  81
602  12
603  82
603  93
608  2
608  26
611  81
611  83
612  56
613  25
613  82
614  89
616  1
617  93
621  74
621  81
622  13
622  83
623  82
624  97
629  89
630  59
631  61
631  81
631  93
632  12
633  82
633  83
634  54
635  58
636  4
641  81
642  2
643  82
644  56
644  83
644  85
644  89
644  99
645  93
647  25
648  26
651  13
651  81
652  74
652  85
652  99
653  80
653  82
654  83
656  27
658  89
658  93
659  6
659  12
660  85
660  99
661  81
662  25
663  54
663  82
664  83
666  31
666  48
668  33
668  46
668  52
668  59
668  85
668  99
670  80
671  27
671  81
671  93
672  89
673  82
674  12
674  25
674  83
675  44
675  99
676  54
676  58
676  80
676  85
677  2
677  31
677  48
677  52
677  56
677  94
679  6
679  61
680  3
680  27
680  33
680  46
680  73
680  76
681  81
682  26
682  35
682  67
682  74
682  80
682  99
683  82
684  13
684  83
684  85
684  93
684  94
685  25
685  52
686  89
687  4
687  97
688  5
688  20
688  53
688  80
689  18
689  31
689  48
689  67
689  86
689  99
690  12
690  27
690  54
690  90
691  81
692  73
692  85
692  94
693  33
693  46
693  52
693  82
694  25
694  38
694  83
695  80
695  97
696  5
696  99
697  53
697  67
697  93
698  20
698  35
699  86
700  18
700  27
700  41
700  85
700  89
700  94
701  48
701  54
701  81
701  90
702  31
702  52
702  80
702  82
703  25
703  97
703  98
703  99
704  6
704  23
704  66
704  77
704  83
704  96
705  5
705  67
706  12
706  21
706  73
706  75
707  1
707  44
707  53
708  3
708  33
708  46
708  54
708  59
708  85
708  94
709  20
709  80
709  86
709  93
710  76
710  99
711  27
711  78
711  81
711  82
711  97
711  98
712  18
712  23
712  52
712  66
712  74
712  90
712  96
713  25
713  67
713  77
714  58
714  89
715  5
715  48
715  54
715  80
715  83
716  21
716  31
716  75
716  85
716  94
717  99
718  35
718  53
719  26
719  86
719  97
719  98
720  66
720  82
720  96
721  20
721  23
721  73
721  93
722  52
722  54
722  67
722  77
722  80
723  27
723  90
724  12
724  85
724  94
724  99
725  18
725  33
725  46
726  5
727  21
727  78
727  89
727  97
727  98
728  75
728  96
729  66
729  80
729  82
729  86
730  23
730  38
730  53
730  54
731  48
731  61
731  99
732  31
732  67
732  77
732  85
732  94
733  52
734  20
734  90
735  97
735  98
736  27
736  80
736  96
737  6
737  93
738  99
739  5
739  18
739  21
739  66
739  86
740  23
740  73
740  94
741  75
741  85
742  54
742  67
743  53
743  77
743  80
743  97
743  98
744  35
744  46
744  96
745  33
745  52
745  90
745  99
747  78
748  20
748  94
750  31
750  48
750  66
750  80
750  86
751  23
751  85
751  97
751  98
752  21
752  96
753  5
753  27
753  67
753  76
755  54
755  75
755  77
756  18
756  90
756  94
758  50
758  53
758  80
759  97
759  98
760  99
761  86
761  96
762  66
763  23
764  29
764  73
764  94
765  20
765  67
766  80
767  21
767  46
767  97
767  98
768  90
769  5
769  33
769  54
769  77
770  3
770  96
771  31
771  48
772  75
772  86
772  94
773  80
774  78
775  66
775  97
775  98
775  99
776  53
777  18
777  23
778  67
779  85
779  96
780  80
780  90
780  94
782  52
782  99
783  54
783  86
783  97
783  98
784  20
784  21
784  77
787  5
787  80
787  85
788  94
788  96
789  27
789  66
789  82
789  99
791  97
791  98
792  23
792  54
792  67
792  90
792  93
793  46
793  75
793  89
794  31
794  48
794  52
794  80
794  86
795  35
795  85
796  25
796  33
796  53
796  73
796  81
796  94
796  99
797  82
797  83
797  96
799  12
799  97
799  98
801  80
802  18
802  27
802  54
802  74
802  77
802  93
802  99
803  5
803  85
804  21
804  25
804  81
804  89
804  90
804  94
805  66
805  82
805  83
805  86
806  96
807  20
807  52
807  97
807  98
808  13
808  59
808  67
808  80
809  26
809  56
809  99
810  2
810  23
811  85
812  44
812  54
812  81
812  93
812  94
813  12
813  25
813  82
813  83
814  6
815  4
815  80
815  89
815  96
815  97
815  98
816  58
816  61
816  86
816  90
816  99
817  27
818  74
818  78
819  85
820  31
820  48
820  81
820  94
821  52
821  75
821  82
821  83
822  25
822  53
822  80
823  5
823  13
823  54
823  93
823  97
823  98
823  99
824  77
824  96
825  56
825  66
826  46
826  67
827  2
827  85
827  86
827  89
828  33
828  81
828  90
828  94
829  12
829  80
829  82
829  83
830  59
830  99
831  98
832  1
832  23
832  25
832  26
832  97
833  21
833  96
