9  36
10  43
10  47
11  32
12  33
12  46
12  89
12  90
13  20
13  59
15  34
15  45
16  3
16  4
16  74
16  75
16  87
16  92
17  5
17  24
17  39
17  40
17  55
18  38
18  41
18  76
19  36
19  96
20  31
20  43
20  48
20  84
20  95
21  47
21  83
23  7
23  28
23  32
23  51
23  72
23  82
23  97
24  89
25  33
25  90
26  46
27  19
28  20
28  60
29  59
30  36
31  25
31  54
31  88
31  91
32  43
32  87
32  92
34  34
34  45
34  47
35  3
35  65
35  74
37  4
37  26
37  32
37  53
37  75
37  89
38  24
38  39
38  40
38  55
39  90
39  96
40  5
40  14
40  33
41  76
42  36
42  41
42  46
42  84
42  95
43  38
44  83
45  43
47  0
47  20
47  79
48  47
48  97
49  59
49  82
50  87
50  89
50  92
51  31
51  48
53  90
54  32
56  10
56  36
58  33
60  74
60  96
61  3
61  34
61  43
61  45
62  85
62  94
63  89
64  46
65  47
66  7
66  51
66  72
67  28
67  84
67  95
68  90
69  87
70  24
70  55
70  83
70  92
71  4
71  36
71  39
71  75
72  40
74  20
74  88
74  91
76  32
76  69
76  89
78  59
78  97
80  43
80  82
81  5
81  96
83  33
83  76
83  90
85  47
86  87
88  46
89  36
90  89
90  92
91  38
91  41
94  45
94  95
95  84
96  74
99  83
99  90
100  3
102  87
103  4
103  59
103  96
104  55
104  89
105  31
107  43
108  32
111  36
111  47
112  19
112  92
114  46
114  60
115  97
116  82
116  90
118  87
118  89
119  20
120  33
123  34
124  95
124  96
125  84
130  45
131  89
132  83
133  90
134  88
135  91
135  92
136  36
142  47
143  72
143  87
144  89
145  74
145  96
150  90
151  43
153  3
155  97
157  82
157  89
157  95
158  84
158  92
163  65
164  36
165  96
167  83
168  87
168  90
169  32
170  89
173  48
177  33
177  47
182  92
183  89
185  96
186  90
189  84
191  39
191  95
192  75
193  87
194  40
194  89
195  36
196  74
197  88
199  20
199  24
199  97
200  41
200  82
204  54
204  83
204  89
204  90
204  96
206  84
207  51
207  92
208  3
210  91
214  89
216  40
216  47
219  53
219  87
220  94
222  90
223  84
223  88
223  96
224  41
224  89
225  43
226  95
227  19
228  36
232  92
234  89
238  5
240  84
240  90
241  51
242  33
242  83
242  96
243  82
244  89
244  97
245  87
246  25
246  40
248  74
251  88
254  89
255  41
255  54
256  47
257  84
258  90
258  92
260  96
261  36
262  95
263  3
264  89
265  76
268  32
271  87
274  59
276  90
277  89
277  96
278  46
278  94
280  38
280  83
283  87
284  4
284  92
285  55
285  91
286  20
286  45
286  97
287  34
287  82
287  84
288  10
288  31
289  59
289  89
290  85
293  46
294  47
294  90
294  96
295  36
295  87
298  33
298  74
298  95
299  72
301  89
302  4
305  55
306  43
306  45
308  88
309  92
311  3
311  89
311  96
312  90
315  84
316  0
317  87
318  65
318  83
320  89
322  28
323  7
327  96
328  36
328  97
329  89
330  84
330  90
332  47
332  82
332  88
333  40
333  95
334  92
336  41
338  89
343  51
343  96
344  74
344  84
345  19
346  87
347  89
348  90
349  39
353  53
355  88
355  91
356  32
356  36
356  83
356  89
356  94
358  43
358  84
359  40
360  92
360  97
361  33
361  47
361  82
362  41
363  96
366  90
368  89
369  32
369  43
369  54
369  95
372  84
373  87
375  75
375  97
376  82
377  90
378  36
381  38
381  43
381  88
382  95
383  32
384  39
385  26
385  92
386  60
386  89
386  91
387  90
388  24
388  28
390  97
391  43
391  82
392  83
394  25
394  32
395  90
395  95
396  5
396  38
397  47
398  76
399  85
399  87
400  39
403  90
405  83
406  14
406  91
407  46
408  95
409  5
409  43
410  28
410  60
410  92
411  76
411  89
411  90
413  38
414  32
416  48
417  26
417  34
418  83
419  20
419  90
420  92
421  24
421  39
421  59
421  75
421  95
424  5
424  69
425  7
425  33
425  87
427  25
427  76
427  90
427  91
428  34
429  46
430  43
430  92
431  20
431  48
431  83
432  79
433  89
434  75
434  85
435  24
435  38
435  90
435  95
437  32
438  14
439  84
440  33
440  92
441  5
441  34
443  90
443  96
444  20
444  28
444  83
445  7
445  76
447  39
448  95
448  97
449  91
450  48
450  87
451  60
451  75
451  90
452  43
453  82
454  89
454  92
456  32
456  46
457  83
459  90
460  38
461  95
462  43
463  97
465  5
467  82
468  36
468  84
468  89
470  59
471  91
472  24
472  90
474  47
474  56
475  85
475  87
475  88
476  36
476  89
477  96
477  97
479  84
481  40
482  41
483  82
483  89
484  95
485  51
486  87
488  3
488  92
489  4
489  45
489  96
490  31
490  47
490  55
490  74
490  94
491  19
491  59
492  89
495  46
495  72
495  87
496  84
497  88
499  90
500  36
500  45
501  4
502  55
504  31
504  59
504  87
506  96
509  89
510  46
516  45
516  72
517  92
518  87
519  0
522  90
531  83
531  89
533  4
536  23
544  90
545  92
546  84
549  97
552  87
552  89
554  82
556  95
559  96
565  90
572  89
573  83
573  92
582  87
585  90
587  84
592  89
597  95
599  97
600  92
601  96
604  82
605  88
605  90
610  87
611  89
611  91
613  83
624  90
625  84
627  92
629  87
630  89
635  95
636  45
636  55
636  59
637  4
637  46
637  87
639  31
639  96
641  89
643  90
644  72
645  87
646  45
646  59
646  97
647  55
647  89
648  3
648  4
648  36
648  46
648  74
649  47
649  84
649  96
650  82
652  31
652  33
652  83
653  87
653  88
653  89
653  92
654  36
655  40
655  41
656  47
657  45
657  59
659  3
659  51
659  55
659  65
659  84
659  89
659  90
659  96
660  36
660  43
660  46
660  74
660  97
661  4
661  32
661  72
661  82
661  87
661  95
662  94
663  19
663  20
663  47
663  54
664  53
665  89
665  91
666  0
666  36
666  39
666  43
666  90
667  32
667  40
667  41
667  88
668  33
669  10
669  38
669  84
670  83
670  95
670  96
671  47
671  92
671  97
672  43
672  82
672  89
672  90
673  20
673  28
673  32
674  34
674  76
675  5
675  85
676  3
676  24
676  51
676  60
676  75
677  25
677  36
678  33
678  39
678  43
678  90
678  92
679  48
679  91
680  7
680  26
680  32
680  83
680  95
681  31
682  20
682  34
682  38
683  97
684  90
685  76
685  82
686  5
686  24
686  75
686  92
688  33
688  84
689  14
689  28
689  43
690  79
690  83
690  90
690  95
691  34
691  48
692  20
693  39
694  7
694  87
694  92
695  91
696  32
696  89
697  24
697  40
697  69
697  75
697  76
698  88
698  90
699  5
699  33
700  83
701  34
701  94
702  92
703  20
703  85
704  60
705  43
705  48
705  90
709  24
709  75
710  83
710  92
710  95
711  7
711  76
711  90
712  33
712  34
713  5
714  32
715  20
716  38
716  91
717  43
717  89
717  90
718  25
718  92
719  14
720  83
720  95
721  32
721  39
721  46
721  48
721  75
722  79
722  82
722  97
723  24
723  43
723  90
724  34
725  33
725  87
725  89
726  36
726  76
726  84
726  92
727  20
727  28
727  47
728  32
728  96
729  5
729  26
729  90
730  38
730  43
730  83
730  85
730  95
731  7
731  89
731  91
732  36
732  60
733  40
733  82
733  87
733  88
733  97
734  41
734  46
734  47
735  39
735  84
735  90
735  92
736  32
736  33
736  59
737  74
737  89
738  36
738  43
738  96
739  3
740  45
740  55
740  75
740  87
741  19
741  47
741  51
742  4
742  95
743  54
743  89
745  84
746  31
746  46
746  59
746  82
746  97
747  87
747  94
748  41
748  53
748  96
749  72
749  74
749  88
750  83
751  36
751  45
752  55
754  89
755  4
755  40
756  65
756  87
760  90
768  3
779  89
787  90
789  92
798  87
802  89
807  84
809  96
810  90
814  91
821  92
823  89
823  95
830  87
832  90
