130  98
138  51
139  3
141  29
162  67
166  98
172  49
197  98
205  51
217  14
221  29
224  98
226  3
249  98
255  67
268  51
272  98
281  49
284  7
284  29
284  83
289  34
291  98
297  24
299  83
302  7
303  3
306  10
309  49
309  98
313  29
314  83
323  7
324  51
325  88
327  98
329  83
335  67
336  24
344  98
345  83
349  49
350  7
350  29
356  53
360  98
361  10
361  83
363  51
367  2
367  69
367  77
371  28
373  10
376  83
380  47
380  69
381  2
381  32
381  77
386  10
389  28
391  83
393  7
393  82
393  97
395  69
395  88
397  2
397  77
400  10
404  9
406  83
407  69
407  96
408  72
411  28
415  2
415  47
415  77
416  55
417  10
419  32
419  96
420  69
422  72
424  30
429  50
431  96
434  82
434  91
434  97
435  69
437  2
437  77
438  72
440  28
440  55
443  96
449  26
451  69
455  96
457  72
464  2
464  30
464  77
467  96
468  28
469  50
469  69
470  81
472  10
473  70
476  55
477  51
477  72
477  91
478  76
479  96
482  12
484  82
484  97
489  69
491  96
493  30
496  2
496  77
499  10
499  83
503  96
504  32
507  72
509  47
510  83
512  69
515  7
515  10
515  96
519  24
521  28
521  83
523  51
527  98
528  88
529  91
531  96
532  10
532  51
532  83
533  2
533  29
533  77
534  7
535  49
536  82
536  97
536  98
538  3
541  67
542  51
543  83
545  98
547  29
550  14
551  10
552  49
553  51
554  24
554  67
554  83
555  3
555  7
555  98
558  73
559  99
562  29
563  67
563  81
564  51
565  62
565  83
565  98
567  88
570  73
571  2
571  77
571  99
572  10
572  42
572  49
573  67
575  98
576  3
576  51
576  83
577  81
580  29
581  7
582  28
583  34
583  73
583  99
584  67
584  82
584  97
585  98
587  62
587  83
589  51
594  10
594  14
595  98
596  49
597  96
598  83
600  69
601  29
603  3
603  51
606  96
607  98
608  2
608  77
608  83
609  28
609  81
609  88
611  50
612  7
612  72
613  47
614  32
614  69
615  24
615  30
615  76
616  12
616  96
618  10
618  28
618  81
620  83
621  50
621  55
622  65
623  6
623  12
624  80
626  96
627  28
627  81
627  91
628  4
628  30
628  72
628  76
629  82
629  97
630  17
630  69
631  12
632  45
632  50
632  98
634  6
635  37
635  80
636  81
636  96
639  12
642  76
643  30
644  50
645  81
646  6
646  80
647  65
647  96
648  12
649  17
650  72
650  98
655  81
657  12
657  80
659  6
659  76
660  75
665  37
665  81
667  12
667  50
667  98
668  80
674  6
675  17
675  81
678  12
679  76
679  80
684  98
685  81
688  45
689  12
690  28
690  50
691  6
691  80
692  65
692  96
694  81
697  30
701  12
701  96
701  98
702  28
703  80
703  81
704  76
705  50
706  72
710  69
710  96
711  6
711  28
711  83
712  81
712  98
714  12
714  17
714  30
714  55
714  91
715  80
717  2
717  10
717  77
718  96
719  51
719  81
719  83
719  98
720  28
721  50
722  24
722  69
723  67
724  99
725  29
725  72
726  7
727  49
727  83
727  96
727  98
728  51
728  73
728  82
728  97
730  10
730  55
731  67
731  81
732  3
734  99
735  88
736  98
739  62
740  73
743  42
743  83
759  99
