172  96
177  59
181  29
203  18
208  14
212  96
219  32
226  59
229  62
236  93
246  96
257  29
260  98
272  14
274  18
274  55
275  2
275  84
276  96
280  56
282  73
283  91
287  43
296  84
300  2
308  21
308  58
309  80
309  99
312  55
312  91
313  4
315  65
319  84
319  85
319  94
320  15
320  64
327  21
327  58
327  80
327  99
330  73
333  77
333  95
339  6
339  88
341  24
350  95
351  36
352  77
353  83
354  50
355  61
359  20
360  94
361  24
361  75
362  65
362  88
367  6
367  85
368  95
369  83
373  50
374  61
374  81
375  20
381  23
384  39
385  83
386  40
386  47
386  65
389  17
391  86
392  20
398  50
398  78
399  61
401  83
404  11
404  39
408  40
412  20
412  47
412  81
413  7
417  65
417  83
418  86
420  17
426  95
432  50
432  61
432  77
432  88
433  83
434  24
441  95
444  36
451  6
451  80
451  99
453  88
454  77
455  21
455  58
457  95
458  83
460  94
461  85
464  80
464  99
465  64
466  15
466  84
471  2
471  91
473  21
473  58
475  14
477  96
478  55
478  81
479  84
481  18
483  29
483  59
483  73
486  43
489  96
492  14
492  98
493  91
496  32
496  59
497  93
499  18
499  40
500  62
502  1
502  39
504  29
506  68
507  96
521  93
523  32
