424  58
441  27
442  88
444  44
469  10
500  88
508  81
514  17
519  58
525  6
525  43
528  8
538  39
539  72
540  6
540  43
545  88
548  33
550  67
557  6
558  43
558  81
559  47
561  27
566  44
567  39
571  14
571  72
576  10
577  6
579  43
584  88
587  85
592  25
593  83
593  96
597  81
600  6
600  58
600  85
604  47
605  33
606  83
606  94
606  96
607  28
609  32
613  85
617  7
618  40
618  73
618  94
620  83
620  96
621  47
623  32
623  39
624  46
625  54
626  85
629  72
629  73
630  94
633  21
634  36
634  83
634  96
636  51
636  52
636  91
639  7
639  54
639  98
640  40
641  73
642  94
643  32
644  65
645  36
647  88
648  83
648  96
649  71
651  35
652  69
653  21
655  73
656  91
657  12
657  36
657  46
657  94
660  98
661  52
661  54
667  62
670  36
670  40
670  73
671  7
675  35
676  69
676  71
677  91
678  21
681  98
684  65
685  36
687  73
696  12
698  91
699  94
701  36
701  52
703  98
705  71
705  83
705  96
706  73
706  85
709  32
710  94
712  54
713  47
714  65
715  25
716  6
716  14
717  83
717  85
717  96
719  43
719  81
720  21
720  40
721  64
722  8
726  88
733  15
737  58
741  10
742  27
