358  55
361  77
364  48
367  19
367  75
370  72
371  26
375  59
379  41
379  85
383  52
393  6
401  85
408  79
412  90
414  33
415  41
415  83
422  12
422  85
427  48
442  85
443  72
444  26
457  59
458  41
461  85
468  51
472  83
473  44
474  55
476  77
477  90
482  19
482  75
487  48
488  80
489  52
494  36
503  6
503  80
504  55
509  77
510  72
513  26
517  18
518  25
522  19
522  80
523  75
524  61
526  90
528  85
529  59
536  51
538  41
541  48
541  85
551  79
554  83
554  85
558  33
559  44
565  41
567  85
568  90
569  72
571  12
575  26
577  98
580  85
585  83
591  79
593  48
593  85
596  41
596  59
598  6
600  44
605  85
605  90
614  33
614  80
616  5
616  55
617  83
617  85
618  51
618  98
619  77
620  52
622  71
625  19
626  5
626  72
626  75
626  80
629  8
631  71
632  26
633  99
636  24
637  2
638  4
638  8
638  55
638  60
638  74
638  80
640  27
641  71
643  99
644  18
644  31
644  38
645  7
645  28
645  53
645  94
646  20
646  74
647  61
647  77
649  24
649  36
650  2
650  43
650  73
650  81
653  4
653  60
653  89
653  99
654  94
655  35
655  38
655  74
656  0
656  27
656  31
658  7
658  46
658  76
659  53
660  3
660  28
660  67
660  96
661  20
662  8
663  24
663  81
663  94
664  99
665  2
665  74
666  38
669  73
670  4
670  31
670  35
670  60
672  94
673  8
673  54
673  89
674  7
675  0
675  53
675  99
676  27
676  71
677  80
679  20
679  24
680  28
681  5
682  74
682  81
683  43
684  2
685  8
686  85
688  61
689  80
693  98
