242  93
250  80
258  65
271  76
275  77
276  24
286  95
288  88
288  93
293  74
294  4
306  80
310  11
314  76
326  93
336  19
336  60
342  9
342  70
344  92
351  80
357  19
357  60
358  93
359  87
360  95
365  13
367  92
373  9
373  70
377  65
384  87
385  19
385  60
390  86
393  92
394  99
396  14
401  84
403  7
403  72
405  87
407  75
408  66
409  86
417  99
422  19
422  60
425  9
425  70
426  87
428  86
429  14
430  92
434  3
434  84
436  2
437  55
437  72
441  99
442  91
444  5
446  87
448  86
449  66
450  68
451  3
451  73
455  2
455  13
456  35
456  55
461  92
463  72
465  91
466  87
466  99
467  19
468  60
468  86
469  84
472  3
476  5
478  75
480  2
481  55
485  87
488  86
488  91
488  92
489  13
489  14
489  51
491  99
494  70
495  9
499  3
500  68
500  72
503  87
506  84
507  86
512  92
514  66
515  19
515  91
516  60
516  99
521  87
526  86
526  93
528  13
528  92
529  80
536  95
538  87
540  93
540  99
543  84
544  65
544  92
545  86
546  66
547  7
547  80
548  6
550  4
555  93
556  24
556  76
556  77
558  87
559  88
559  92
560  95
562  19
563  7
563  9
563  60
564  6
565  70
565  74
565  80
568  87
568  93
569  33
569  44
571  22
572  24
572  76
572  77
573  11
573  26
574  1
574  6
576  88
577  78
580  65
581  33
582  93
584  80
584  95
585  6
585  22
586  28
590  1
590  26
591  76
592  24
592  74
592  77
593  66
594  33
595  88
596  78
596  93
597  6
602  22
603  80
607  4
609  1
610  33
610  93
610  95
611  6
611  26
613  44
613  76
615  61
615  88
616  11
616  77
618  24
620  78
621  87
622  80
623  22
624  93
626  6
628  33
629  87
630  13
632  1
632  92
635  88
636  7
637  87
637  95
638  93
639  26
639  66
639  74
641  80
642  76
643  6
644  65
644  92
645  87
648  19
648  60
648  66
649  77
649  86
652  24
652  93
653  99
654  13
655  7
655  88
656  92
657  9
658  70
658  87
659  66
659  84
660  80
661  86
662  13
662  73
663  92
664  95
665  91
666  3
666  14
666  72
667  2
667  46
668  55
668  99
669  57
670  73
670  93
671  19
671  53
671  87
671  92
672  60
672  86
675  5
677  46
679  73
679  75
679  84
681  57
681  91
682  3
682  35
683  78
684  2
684  86
684  99
685  53
685  55
688  46
688  68
690  73
692  92
695  57
698  91
701  3
701  46
701  51
702  5
702  53
705  18
705  78
706  2
709  1
711  57
712  55
713  28
715  46
717  92
719  73
722  53
