94  77
95  56
96  76
98  45
99  55
128  88
132  96
134  34
134  83
151  38
151  41
152  65
156  72
157  7
158  56
159  77
162  76
170  45
172  55
180  88
187  96
190  83
193  93
218  56
219  77
223  88
224  76
232  96
235  83
236  45
237  55
255  34
259  88
271  96
273  56
274  77
274  83
279  93
280  76
292  65
292  88
293  38
293  41
296  45
296  55
304  72
305  7
305  96
309  83
322  88
324  56
325  77
331  76
337  96
341  83
342  93
350  88
351  45
352  55
357  34
367  96
370  83
373  56
373  77
376  88
381  76
394  93
394  96
397  83
401  88
403  45
403  55
408  65
411  38
411  41
419  56
419  77
420  96
423  83
424  88
426  72
427  76
428  7
440  93
444  96
447  34
447  88
448  83
451  55
452  45
453  52
455  48
456  50
459  81
462  77
463  56
465  52
466  14
467  10
468  96
469  88
470  20
470  48
471  76
472  83
474  50
475  65
476  31
477  32
482  93
490  88
490  96
491  2
492  3
492  23
492  24
495  55
495  83
496  34
496  45
497  91
501  2
501  77
502  23
503  3
503  24
504  56
506  86
509  14
510  88
511  91
512  2
512  38
512  96
513  23
513  76
514  34
515  3
515  41
516  24
517  83
521  93
525  2
525  27
526  23
526  91
527  29
528  3
529  31
530  24
530  86
530  98
532  14
532  72
533  7
533  96
536  27
536  34
538  69
538  83
539  2
539  59
540  23
540  29
542  91
543  3
543  31
543  47
545  98
546  24
548  27
554  96
555  29
556  2
556  23
557  86
558  83
558  91
559  14
559  31
560  3
561  27
561  98
562  34
565  24
567  69
573  29
574  59
574  91
574  96
575  2
575  23
576  27
577  98
578  31
578  83
580  3
586  86
587  24
589  47
589  65
590  88
590  91
594  34
594  96
597  2
597  14
597  23
597  45
597  77
597  83
599  55
599  56
600  52
601  48
601  76
603  81
603  93
604  50
605  41
605  88
606  3
609  38
610  32
610  85
610  91
611  52
611  63
612  4
613  96
614  48
614  67
616  5
616  77
616  83
617  81
618  10
618  56
618  85
619  45
619  50
620  32
620  55
620  63
620  65
620  88
622  20
622  76
623  4
623  25
624  52
624  95
626  85
627  67
627  72
628  7
628  93
629  42
629  48
630  63
631  32
631  96
632  5
632  81
635  83
635  85
635  88
636  4
636  50
638  37
638  52
639  77
641  56
641  63
643  67
644  32
644  45
644  85
645  55
647  48
647  81
647  95
648  76
648  96
649  6
649  25
650  88
651  4
652  5
653  83
654  10
654  52
654  93
656  50
659  65
660  85
661  91
663  14
663  48
663  81
664  31
665  88
666  77
666  96
667  56
667  98
668  2
668  94
669  16
669  23
669  24
669  27
671  47
671  75
671  83
672  3
672  12
672  29
672  34
672  86
674  74
675  91
676  94
678  16
680  45
681  47
681  54
681  75
681  84
681  98
683  27
683  31
684  94
685  12
686  2
687  16
687  23
687  96
688  24
689  29
689  74
689  91
692  94
693  47
693  69
693  75
695  98
697  16
698  86
699  12
699  27
700  94
702  84
703  73
705  31
705  54
706  47
706  75
707  59
707  74
708  16
708  94
710  29
710  98
716  12
716  94
717  27
720  16
720  47
721  75
724  94
725  84
725  98
729  74
732  94
733  31
733  91
734  16
736  47
737  12
737  29
738  27
738  75
740  3
740  83
740  94
740  98
742  96
743  2
743  23
743  48
743  88
744  14
744  24
745  65
745  85
745  86
746  31
746  34
746  91
747  54
748  69
748  81
750  32
750  63
751  52
751  76
752  55
753  85
754  4
754  77
754  93
756  67
758  84
759  50
759  95
762  83
763  88
766  56
767  5
770  85
772  63
