178  13
184  14
200  21
222  88
226  19
227  94
241  97
242  74
244  87
250  13
251  88
254  41
260  94
265  14
268  19
279  31
279  72
279  88
282  26
291  87
291  94
293  21
299  50
301  79
305  88
315  13
315  97
323  94
332  14
339  25
340  47
342  19
342  61
344  8
347  74
349  75
357  25
359  47
363  61
366  13
366  45
367  97
368  8
369  27
373  21
378  25
382  75
383  47
390  61
391  52
395  27
396  79
405  8
405  25
416  47
418  52
433  54
434  32
434  61
435  18
437  71
441  4
443  25
445  0
447  54
449  32
452  18
453  27
453  34
456  71
457  75
458  52
463  54
464  45
465  4
466  32
468  0
471  18
480  71
481  52
481  54
482  5
482  66
483  65
486  58
487  32
493  82
494  66
495  18
497  5
497  52
497  65
500  0
500  4
500  34
500  53
502  29
502  58
503  54
508  66
510  0
512  71
513  60
513  65
514  32
514  91
515  7
515  82
515  85
521  5
521  58
523  92
524  38
524  66
526  0
528  18
530  48
530  54
532  65
534  52
539  82
542  5
544  66
545  53
548  32
548  58
559  27
561  52
562  47
562  71
563  4
563  25
563  54
567  8
567  61
567  79
571  27
574  74
575  18
576  13
576  14
581  21
581  47
581  97
582  25
582  75
584  27
586  79
589  74
590  13
590  61
591  8
591  14
594  79
594  88
595  26
596  94
597  19
598  72
599  27
600  21
600  87
600  97
601  50
602  45
603  31
603  79
604  41
604  47
604  88
605  25
607  13
607  74
607  94
608  14
609  19
613  16
613  79
615  72
615  87
615  88
616  27
618  59
619  61
619  94
620  97
622  31
623  8
623  19
623  21
623  79
625  75
626  13
626  41
626  88
629  14
629  74
631  87
631  94
633  25
633  47
634  27
634  79
637  72
639  88
642  97
648  20
648  26
650  13
650  34
653  32
653  54
654  52
657  61
658  0
658  27
660  65
660  66
661  5
661  18
662  82
663  60
663  91
664  48
664  71
664  85
665  45
666  0
666  14
666  25
666  58
666  74
667  7
668  52
668  92
671  8
671  47
672  91
673  38
673  60
674  4
674  32
674  54
674  85
675  0
675  65
675  66
678  63
679  5
680  29
680  82
681  91
682  7
682  48
682  92
683  60
684  0
684  52
685  85
686  58
688  18
690  91
692  66
693  38
693  65
694  0
695  60
695  71
696  85
696  92
697  53
699  54
699  82
700  7
700  91
701  5
701  32
701  52
704  0
705  48
707  85
708  60
710  91
711  92
712  58
712  66
714  65
715  0
718  85
719  34
719  48
719  82
720  52
720  91
721  4
721  38
722  60
723  18
723  79
724  7
724  27
724  88
725  31
725  94
725  97
726  25
727  0
727  5
727  54
727  92
729  19
729  61
730  13
730  21
730  45
730  85
730  87
730  91
731  47
732  14
732  32
732  79
733  88
734  63
734  74
735  94
736  48
736  75
737  31
737  66
737  71
738  72
739  82
740  27
740  65
741  19
741  52
742  8
742  41
742  79
742  88
743  97
744  87
745  94
747  29
748  34
748  58
749  13
750  21
750  25
750  31
751  88
752  79
753  50
754  14
754  19
756  94
757  61
758  74
758  87
759  27
759  47
759  54
759  72
760  5
760  82
760  88
761  97
762  16
762  18
763  79
764  52
765  31
767  66
767  94
768  41
768  45
769  19
769  32
769  88
771  13
772  65
773  87
773  91
774  79
775  75
775  85
776  0
776  21
777  26
778  25
778  94
779  27
779  88
780  8
780  14
780  92
780  97
781  60
781  82
782  31
782  48
782  91
785  85
786  19
786  79
787  0
788  52
788  72
788  74
788  87
789  88
789  94
790  71
791  34
791  58
791  91
792  4
792  47
792  54
793  61
794  7
794  92
796  53
796  60
796  85
797  13
798  5
798  66
799  0
799  48
799  79
799  88
799  97
800  94
801  82
801  91
802  27
802  31
803  87
804  38
805  18
806  19
806  32
807  41
807  65
807  85
808  92
809  88
810  21
810  25
811  91
811  94
812  0
812  14
813  60
814  79
815  52
818  85
818  87
819  88
819  97
820  48
821  91
822  82
822  94
823  92
824  7
827  0
828  31
828  74
829  85
829  88
831  13
831  19
831  27
831  54
831  72
831  91
832  8
832  79
