114  83
120  7
151  83
167  24
182  83
192  7
209  83
217  10
219  49
234  83
257  83
258  7
258  29
263  88
278  83
279  10
281  2
281  77
282  69
287  28
287  51
293  24
294  10
298  2
298  47
298  77
298  83
299  32
299  69
310  28
310  51
311  10
314  82
314  97
317  7
317  83
319  2
319  77
320  69
322  53
331  10
335  83
343  28
343  51
345  2
345  77
346  69
353  83
354  10
355  47
357  32
370  82
370  83
370  97
372  88
373  7
379  2
379  69
379  77
380  10
386  83
388  49
393  28
393  51
399  24
402  83
405  9
408  10
417  83
418  69
420  2
420  77
425  7
432  83
433  96
434  72
436  82
436  97
437  10
437  69
442  55
444  96
447  72
447  83
447  88
449  29
449  30
452  51
453  28
454  50
455  69
455  96
459  91
461  83
462  72
463  2
463  77
464  55
466  10
466  96
473  26
475  7
475  69
475  83
478  96
479  72
484  47
485  30
485  32
489  83
490  96
492  24
493  70
495  10
496  55
496  82
496  97
497  69
499  91
500  72
502  83
502  96
505  2
505  77
506  50
508  28
509  51
509  88
514  96
515  83
521  7
521  69
524  49
525  10
525  72
526  96
528  83
531  51
531  98
533  29
535  3
536  96
537  67
538  49
540  98
541  51
541  83
544  29
545  2
545  77
546  14
547  82
547  91
547  97
548  3
548  69
549  98
550  7
550  96
551  51
551  67
552  10
553  83
554  49
557  29
557  34
558  98
560  96
562  28
562  51
563  3
565  83
565  88
567  55
567  67
568  98
570  96
571  29
573  49
573  69
574  51
574  72
576  14
577  83
578  98
579  10
580  3
580  24
580  96
583  7
584  2
584  77
587  29
587  51
587  67
589  83
589  98
590  32
590  96
592  30
595  82
595  91
595  97
596  28
596  47
596  81
598  50
598  69
599  83
601  76
601  96
602  12
602  72
604  81
605  10
605  28
605  30
608  50
609  83
610  65
612  96
613  76
613  81
614  12
614  28
615  88
619  30
619  50
619  83
620  45
621  2
621  77
622  81
623  69
623  96
624  28
625  12
626  72
626  76
629  83
630  6
631  10
631  50
631  80
631  81
633  12
633  53
634  24
634  28
634  96
635  98
636  17
636  30
636  65
639  55
639  83
640  81
640  82
640  97
641  6
641  12
641  76
641  91
642  37
642  80
645  28
645  50
645  96
648  69
648  98
649  7
649  81
649  83
650  12
653  6
653  80
654  72
655  17
655  24
655  30
656  10
656  96
657  2
657  28
657  77
658  81
659  76
659  83
660  50
661  12
661  88
661  98
665  96
667  81
668  83
669  28
669  51
670  75
670  98
672  69
674  67
674  96
675  29
676  49
677  73
677  81
678  7
678  83
678  99
679  3
679  51
679  98
680  45
681  10
681  82
681  97
682  67
683  91
684  26
684  55
684  62
685  96
686  47
687  73
688  83
688  98
688  99
689  29
689  42
689  51
690  67
692  2
692  77
693  49
693  81
695  32
696  3
697  98
698  73
698  83
698  99
699  67
701  14
701  62
703  88
704  7
704  29
706  98
708  4
708  83
709  67
709  99
710  73
710  81
712  34
714  49
715  42
715  98
716  3
719  67
720  99
723  62
723  73
724  98
727  81
730  67
731  99
734  98
738  73
741  3
742  67
742  99
743  81
743  98
752  98
753  29
753  83
753  99
755  67
756  62
756  73
759  81
761  98
762  51
762  83
764  99
765  49
766  42
767  14
767  96
768  67
769  29
769  81
770  7
770  10
770  83
770  98
771  51
773  3
774  69
774  96
775  81
775  99
776  28
776  98
777  73
778  2
778  12
778  55
778  77
778  83
779  88
780  50
780  51
780  80
781  72
781  81
781  96
782  24
782  98
783  6
783  10
783  30
783  67
784  28
784  82
784  97
785  76
786  12
786  49
786  69
786  83
788  29
789  80
789  81
789  96
791  91
792  50
793  17
793  99
794  6
794  98
795  12
797  37
799  65
803  80
