25  7
25  72
26  81
26  98
28  2
28  77
33  39
33  40
39  26
40  99
42  19
42  60
43  87
43  92
44  53
46  84
46  95
47  80
47  86
47  93
48  49
50  12
50  67
55  30
57  81
57  98
58  54
59  25
67  8
67  71
67  78
68  1
74  99
79  7
79  72
94  98
95  81
97  26
105  99
110  59
113  20
118  87
118  92
126  2
126  77
129  4
131  95
133  84
133  99
134  76
139  98
140  81
141  49
142  80
145  86
145  93
158  99
160  26
173  34
180  44
180  46
181  99
183  35
189  98
190  81
198  87
201  86
202  40
202  89
203  99
205  39
208  67
209  2
211  54
214  19
214  87
215  71
216  26
219  86
223  99
227  40
228  49
230  87
231  73
232  92
233  2
233  67
237  39
237  86
241  54
241  81
241  98
242  99
246  87
250  71
252  95
255  86
257  19
258  84
261  99
268  26
270  80
276  81
276  98
279  7
279  72
279  93
279  99
282  27
285  52
286  60
287  5
289  74
290  81
290  98
296  7
296  72
296  99
303  49
304  81
304  98
311  27
313  99
314  89
315  52
315  60
316  7
316  72
317  26
318  81
318  98
320  4
328  5
329  99
331  74
331  76
332  81
332  98
333  30
337  53
337  80
341  7
341  72
345  19
346  81
346  98
347  92
349  80
351  53
353  3
353  30
353  75
360  81
360  98
361  45
361  80
362  33
363  60
365  90
367  53
368  52
371  27
372  7
372  72
374  80
374  81
374  95
374  98
379  84
380  30
385  53
387  80
387  93
388  81
388  98
389  92
390  12
390  77
392  25
393  8
395  60
398  39
398  93
400  80
400  92
401  75
402  77
403  12
403  40
406  6
407  3
407  25
407  53
409  8
409  93
411  92
412  90
413  80
416  39
416  77
418  12
421  30
421  87
421  93
422  92
424  25
426  80
427  40
429  8
432  77
433  92
433  93
434  53
436  12
438  39
438  80
444  92
445  25
445  93
450  80
451  77
454  8
455  86
455  92
456  6
456  45
457  93
458  12
461  40
462  80
465  39
466  53
466  92
467  90
468  81
468  98
469  93
470  60
471  25
473  77
474  80
475  33
477  92
479  30
479  81
479  98
482  7
482  72
482  93
486  80
489  99
490  19
490  81
490  98
492  95
494  84
495  60
495  74
498  5
498  26
498  49
499  99
500  80
501  7
501  52
501  72
501  81
501  98
502  27
503  87
504  86
506  19
508  2
509  67
509  99
511  54
512  71
512  81
512  87
512  98
513  26
513  89
514  86
516  2
518  49
519  95
519  99
521  67
521  81
521  87
522  34
522  40
522  78
523  72
524  2
524  46
524  86
525  20
525  54
527  4
527  71
528  35
528  73
528  95
529  99
530  26
530  63
530  87
531  19
531  76
531  81
532  2
534  86
535  67
535  78
537  95
539  87
540  20
541  2
541  54
541  81
543  40
543  96
544  86
545  71
545  72
546  35
547  95
548  87
549  78
550  2
550  81
551  67
557  63
557  95
559  20
559  81
559  86
566  78
567  95
568  81
570  35
570  72
580  96
582  95
587  81
618  84
627  98
680  98
700  92
718  93
728  81
733  98
741  99
749  80
752  84
754  87
780  81
781  86
786  98
810  95
814  92
833  81
