114  83
120  7
151  83
167  24
182  83
192  7
209  83
217  10
219  49
234  83
239  10
242  2
242  69
242  77
249  28
249  51
257  10
257  29
257  83
258  7
262  2
262  47
262  69
262  77
263  32
263  88
277  28
277  51
278  10
278  83
281  82
281  97
287  2
287  69
287  77
292  24
298  83
303  10
317  7
317  83
320  2
320  51
320  69
320  77
321  28
323  53
332  10
335  83
343  47
347  32
352  82
352  97
353  83
361  69
362  2
362  77
363  10
370  83
372  88
373  7
384  28
384  51
386  83
388  49
395  10
397  69
397  96
398  24
398  72
402  83
405  9
406  55
408  2
408  77
409  96
412  72
414  30
415  69
417  83
419  50
421  96
425  7
425  91
426  10
426  82
426  97
428  72
430  55
432  83
433  96
435  69
440  26
443  28
443  51
445  96
446  29
446  83
447  72
447  88
452  2
452  77
457  10
457  30
457  69
457  96
460  83
465  70
468  55
469  91
469  96
471  72
474  7
474  83
478  32
479  47
481  96
482  69
486  50
487  10
487  82
487  97
488  83
491  24
493  96
495  2
495  77
500  28
501  51
501  83
502  72
505  96
507  69
510  88
514  83
516  10
517  96
519  49
520  7
520  51
520  98
521  91
522  29
524  3
526  67
527  83
529  98
530  51
533  49
534  29
535  2
535  77
536  14
537  3
538  98
539  83
540  51
540  67
540  82
540  97
543  10
547  29
547  34
548  98
549  7
550  49
551  51
551  83
552  3
555  28
557  67
558  98
561  29
563  51
563  83
563  96
565  88
567  14
568  98
570  3
570  10
570  49
571  69
572  96
574  2
574  77
575  83
577  51
579  24
580  29
580  67
582  96
583  7
583  72
583  98
585  32
586  47
586  83
588  28
588  69
589  81
590  82
590  97
591  30
591  50
592  55
593  76
593  96
594  12
596  83
597  10
597  28
597  81
600  91
601  50
602  72
603  65
604  30
604  96
605  12
605  76
606  28
606  81
607  69
611  6
612  2
612  50
612  77
612  80
613  12
613  45
615  81
615  96
616  28
618  17
618  30
618  76
620  98
621  12
622  6
623  80
624  37
624  50
624  72
624  81
626  28
626  96
627  69
629  12
630  65
633  76
633  81
634  6
634  30
634  80
634  82
634  97
636  55
636  96
636  98
637  17
637  28
638  12
638  50
638  91
642  81
645  80
646  96
647  6
648  2
648  12
648  69
648  77
649  28
649  75
650  72
651  76
651  81
651  83
651  98
653  30
653  50
654  37
656  96
658  80
660  10
660  81
660  83
662  28
662  98
663  24
664  12
665  96
666  51
669  83
670  67
670  69
670  81
671  98
672  7
672  29
673  73
673  99
674  49
675  82
675  97
676  3
676  51
676  96
677  10
677  26
677  45
678  67
678  88
679  62
679  83
679  91
680  98
683  55
683  73
683  99
684  42
684  47
686  29
686  81
687  67
689  98
690  83
691  49
693  3
693  99
694  73
696  62
696  67
699  14
700  98
703  4
703  81
704  99
706  73
713  42
770  34
802  99
804  67
804  98
806  73
806  81
807  83
810  51
811  29
811  98
811  99
812  67
812  81
812  96
814  3
814  7
814  49
814  83
815  10
815  62
816  98
817  28
817  51
817  69
817  81
818  73
819  2
819  77
819  96
820  12
820  67
820  99
821  24
821  50
821  55
821  80
821  83
821  98
822  29
822  72
822  81
823  30
824  10
824  28
824  51
824  88
825  6
825  76
826  7
826  96
826  98
827  12
827  49
827  69
827  81
828  82
828  83
828  97
829  3
829  32
829  67
830  80
830  99
831  2
831  50
831  73
831  77
831  91
831  98
832  28
832  51
832  81
833  17
833  29
833  42
833  96
