0 0.651141 0.495667 0.000923032 0s
1 0.691349 0.528628 0.0010246 2.87582s
2 0.705073 0.573614 0.00213532 2.79549s
3 0.709355 0.616222 0.00237237 2.81915s
4 0.714173 0.627885 0.00399555 2.89387s
5 0.714173 0.636214 0.00498939 2.90454s
6 0.715594 0.637967 0.00481992 2.84244s
7 0.715812 0.641532 0.00506316 2.83911s
8 0.716002 0.659344 0.00333187 2.95108s
9 0.716002 0.645455 0.00584929 2.87903s
10 0.716002 0.659738 0.00407953 3.01656s
11 0.716002 0.611378 0.00658236 2.81934s
12 0.716002 0.614392 0.00525136 2.8447s
13 0.7393 0.61563 0.00531671 2.86465s
14 0.7393 0.613174 0.0063427 2.81809s
15 0.740154 0.61563 0.00598335 2.86761s
16 0.740154 0.646259 0.00563119 2.86811s
17 0.740154 0.669419 0.00539071 2.87887s
18 0.740154 0.696329 0.00381661 2.79903s
19 0.740154 0.676134 0.00715933 2.8184s
20 0.740154 0.678077 0.00732977 2.87686s
21 0.744074 0.681385 0.0058627 2.9455s
22 0.758145 0.685837 0.00577311 2.80008s
23 0.773796 0.682149 0.0062322 3.13535s
24 0.773796 0.690279 0.0055489 2.88409s
25 0.786511 0.686718 0.00689636 2.89097s
26 0.786511 0.699625 0.00633137 2.86935s
27 0.786511 0.697934 0.00753681 2.87549s
28 0.786511 0.698306 0.00840103 2.83067s
29 0.790442 0.702862 0.00823591 2.82679s
30 0.790442 0.698071 0.00997775 2.89358s
31 0.790442 0.638936 0.0123752 2.86957s
32 0.790442 0.639081 0.0106182 2.8544s
33 0.790442 0.648306 0.0106931 2.90342s
34 0.790442 0.676954 0.0116177 2.79656s
35 0.790443 0.701867 0.0109975 2.86127s
36 0.790443 0.724631 0.00940919 2.81615s
37 0.790443 0.717244 0.0106255 2.80122s
38 0.790443 0.720809 0.0104316 2.86487s
39 0.790443 0.734997 0.00867685 2.86933s
40 0.790443 0.748285 0.00666442 2.84613s
41 0.790443 0.721814 0.00814562 2.89045s
42 0.790443 0.71538 0.00853341 2.835s
43 0.790704 0.713412 0.00883063 2.86731s
44 0.803254 0.719438 0.00783665 2.88668s
45 0.803516 0.70522 0.00982528 2.82365s
46 0.803516 0.718038 0.00805407 2.81579s
47 0.803516 0.712502 0.00902094 2.85741s
48 0.803959 0.723098 0.00818708 2.87582s
49 0.803959 0.716069 0.00815441 2.87262s
50 0.803959 0.71586 0.00942084 2.80667s
51 0.803959 0.661509 0.0148163 2.84257s
52 0.803959 0.677411 0.0148894 2.7984s
53 0.803959 0.721269 0.0119455 2.89036s
54 0.803959 0.728082 0.0120069 2.8481s
55 0.803959 0.735929 0.0115295 2.86023s
56 0.803959 0.750809 0.00926978 2.82268s
57 0.803959 0.741109 0.0104236 2.83074s
58 0.803959 0.739356 0.0105787 2.84564s
59 0.803959 0.754571 0.00854203 2.81262s
60 0.803959 0.758758 0.00783482 2.86808s
61 0.803959 0.72353 0.00776034 2.81219s
62 0.803959 0.727549 0.00765634 2.86723s
63 0.803959 0.724975 0.00819168 2.8808s
64 0.805426 0.716513 0.00896099 2.86216s
65 0.805426 0.722891 0.00816581 2.84285s
66 0.805426 0.726222 0.00770645 2.85848s
67 0.805426 0.72582 0.00702752 2.81354s
68 0.805426 0.726565 0.0076554 2.84569s
69 0.805426 0.727245 0.00702299 2.8086s
70 0.805426 0.723264 0.00825508 2.84168s
71 0.805426 0.732502 0.011157 2.84836s
72 0.805426 0.69397 0.0155233 2.83464s
73 0.805426 0.683659 0.0160427 2.81426s
74 0.805426 0.683896 0.0151249 2.85618s
75 0.805426 0.692762 0.0145524 2.85443s
76 0.805426 0.690505 0.014612 2.78972s
77 0.805426 0.704769 0.0136625 2.85921s
78 0.805426 0.723169 0.0124331 2.89953s
79 0.805426 0.713476 0.0143676 2.83312s
80 0.805426 0.711436 0.0136314 2.81146s
81 0.805426 0.712982 0.0100585 2.90589s
82 0.805426 0.723262 0.00842472 2.83144s
83 0.805662 0.737093 0.00680822 2.8758s
84 0.805662 0.727828 0.00875399 2.85689s
85 0.805662 0.733347 0.00706151 2.82677s
86 0.805662 0.707265 0.0111389 2.92445s
87 0.805662 0.717419 0.0100765 2.85697s
88 0.805662 0.721296 0.00863021 2.88126s
89 0.805662 0.714131 0.00977794 2.91476s
90 0.805662 0.714551 0.0102608 2.82381s
91 0.805662 0.704818 0.0130382 2.86343s
92 0.805662 0.685365 0.0154726 2.85392s
93 0.805662 0.683902 0.0155533 2.86274s
94 0.805662 0.682186 0.0140283 2.8763s
95 0.805662 0.685398 0.0146808 2.87007s
96 0.805662 0.668026 0.0164378 2.83848s
97 0.805662 0.67943 0.0149418 2.87375s
98 0.805662 0.681365 0.0141474 2.79029s
99 0.805662 0.696303 0.0151645 2.84157s
100 0.805662 0.679162 0.0143833 2.80802s
101 0.805662 0.72852 0.00794181 2.89633s
102 0.805662 0.723597 0.00946246 2.9061s
103 0.805662 0.732881 0.00742715 2.82121s
104 0.805662 0.714493 0.0103261 2.88895s
105 0.805662 0.725806 0.00810725 2.8425s
106 0.805662 0.722646 0.00905181 2.8637s
107 0.805662 0.719184 0.0102843 2.83009s
108 0.805662 0.719552 0.00988992 2.88912s
109 0.805662 0.715786 0.00989477 2.88957s
110 0.805662 0.716262 0.0102622 2.83662s
111 0.805662 0.666605 0.0147449 2.88974s
112 0.805662 0.667479 0.014263 2.85297s
113 0.805662 0.673459 0.0144223 2.8051s
114 0.805662 0.684941 0.0145108 2.88838s
115 0.805662 0.673194 0.0144174 2.85767s
116 0.805662 0.677774 0.014516 2.7838s
117 0.805662 0.681438 0.0145001 2.85878s
118 0.805662 0.673115 0.015313 2.86226s
119 0.805662 0.68546 0.0143976 2.8125s
120 0.805662 0.679904 0.0149658 2.87734s
121 0.805662 0.705723 0.0133342 2.8625s
122 0.805662 0.716916 0.0100838 2.8306s
123 0.805662 0.72154 0.00911706 2.83456s
124 0.805662 0.729314 0.00801971 2.90249s
125 0.805662 0.731433 0.00769272 2.88535s
126 0.805662 0.720849 0.0100648 2.80204s
127 0.805662 0.738546 0.00776011 2.83624s
128 0.805662 0.714991 0.0104185 2.89585s
129 0.805662 0.71002 0.0103427 2.81981s
130 0.805662 0.73651 0.00783745 2.87556s
131 0.805662 0.67822 0.0143018 2.88093s
132 0.805662 0.665241 0.0160177 2.83014s
133 0.805662 0.679339 0.015948 2.79525s
134 0.805662 0.680711 0.0147662 2.85661s
135 0.805662 0.67249 0.015592 2.8841s
136 0.805662 0.669986 0.0156296 2.81129s
137 0.805662 0.676789 0.0148107 2.821s
138 0.805662 0.681358 0.0141011 2.85866s
139 0.805662 0.68405 0.0150105 3.87433s
140 0.805662 0.668138 0.0155103 2.84012s
141 0.805662 0.706994 0.0109731 2.9022s
142 0.805662 0.734503 0.00798555 2.83034s
143 0.805662 0.719301 0.00867992 2.89423s
144 0.805662 0.718275 0.00962988 2.9029s
145 0.805662 0.730468 0.00771876 2.84225s
146 0.805662 0.7303 0.00892945 2.91766s
147 0.805662 0.724525 0.00905866 2.81981s
148 0.805662 0.739567 0.00614199 2.79683s
149 0.805662 0.724771 0.00873582 2.8892s
150 0.805662 0.712857 0.0107275 2.82833s
151 0.805662 0.674 0.0149165 2.88101s
152 0.805662 0.672944 0.0137611 2.87718s
153 0.805662 0.671132 0.0147803 2.81487s
154 0.805662 0.676041 0.0156368 2.81324s
155 0.805662 0.679064 0.0140321 2.83547s
156 0.805662 0.677966 0.0146537 2.85289s
157 0.805662 0.689904 0.0141248 2.89511s
158 0.805662 0.670043 0.0167729 2.79953s
159 0.805662 0.685853 0.0144 2.86364s
160 0.805662 0.671007 0.0164275 2.78585s
161 0.805662 0.710982 0.0109447 2.87279s
162 0.805662 0.724247 0.00924353 2.90648s
163 0.805662 0.73189 0.00847596 2.82928s
164 0.805662 0.729199 0.00809336 2.8704s
165 0.805662 0.724292 0.00953089 2.83691s
166 0.805662 0.730422 0.00884117 2.84564s
167 0.805662 0.721241 0.00983197 2.86887s
168 0.805662 0.712295 0.0103471 2.86411s
169 0.805662 0.709504 0.0110282 2.936s
170 0.805662 0.72277 0.00867225 2.89151s
171 0.805662 0.685849 0.0140188 2.85172s
172 0.805662 0.68941 0.0135751 2.85923s
173 0.805662 0.691822 0.0138162 2.83826s
174 0.805662 0.677841 0.0155446 2.8427s
175 0.805662 0.682855 0.0137753 2.84523s
176 0.805662 0.675622 0.014321 2.82278s
177 0.805662 0.66925 0.0159221 2.86849s
178 0.805662 0.682737 0.0157435 2.84537s
179 0.805662 0.674695 0.0151309 2.84825s
180 0.805662 0.685456 0.013328 2.82546s
181 0.805662 0.719185 0.00951498 2.87455s
182 0.805662 0.714711 0.0102972 2.84201s
183 0.811734 0.72553 0.00861225 2.8899s
184 0.811734 0.714437 0.0106322 2.90083s
185 0.811734 0.71101 0.0112474 2.84274s
186 0.811734 0.727219 0.00860643 2.88383s
187 0.81307 0.713663 0.0115742 2.85766s
188 0.819255 0.71333 0.0111305 2.81727s
189 0.81979 0.712729 0.0111012 2.89809s
190 0.81979 0.712157 0.0106812 2.86677s
191 0.81979 0.661247 0.0148337 2.85735s
192 0.81979 0.656645 0.0150146 2.88945s
193 0.81979 0.65514 0.0145345 2.81001s
194 0.81979 0.657276 0.0147432 2.84063s
195 0.81979 0.652115 0.0132454 2.8124s
196 0.81979 0.649933 0.0148616 2.84763s
197 0.81979 0.652279 0.0130628 2.80547s
198 0.81979 0.66168 0.0128311 2.84208s
199 0.81979 0.666429 0.0151705 2.81029s
200 0.81979 0.657783 0.0153312 2.88299s
201 0.81979 0.702461 0.0117344 2.82744s
202 0.819934 0.717727 0.0103582 2.82584s
203 0.823954 0.710219 0.0109537 2.86825s
204 0.823954 0.704129 0.0125932 2.83427s
205 0.823954 0.706497 0.0121299 2.88088s
206 0.823954 0.719112 0.0114861 2.87798s
207 0.823954 0.715343 0.0120907 2.89934s
208 0.823954 0.719497 0.0107988 2.81942s
209 0.823954 0.719372 0.0104978 2.83827s
210 0.823954 0.719769 0.0108395 2.85201s
211 0.823954 0.664083 0.01605 2.79457s
212 0.823954 0.670302 0.0156384 2.86045s
213 0.823954 0.667022 0.0162882 2.86746s
214 0.823954 0.681695 0.0159208 2.84834s
215 0.823954 0.669335 0.0168457 2.81163s
216 0.823954 0.688024 0.015921 2.84642s
217 0.823954 0.670309 0.0175914 2.81841s
218 0.823954 0.68186 0.0159928 2.85501s
219 0.828343 0.677521 0.0154391 2.84876s
220 0.828343 0.674632 0.0165756 2.80475s
221 0.828343 0.723538 0.00942914 2.90632s
222 0.82835 0.720342 0.0113175 2.8231s
223 0.82835 0.729138 0.00918012 2.87736s
224 0.82835 0.716288 0.00993993 2.84834s
225 0.829333 0.716962 0.0101642 2.83834s
226 0.829333 0.71782 0.0102705 2.83286s
227 0.829333 0.724128 0.00996608 2.81202s
228 0.829333 0.721771 0.00938834 2.82703s
229 0.829333 0.717555 0.0116706 2.87351s
230 0.829333 0.719013 0.0116691 2.84298s
231 0.829333 0.710518 0.0177567 2.81846s
232 0.829333 0.7441 0.0148615 2.89102s
233 0.829333 0.744604 0.0149373 2.81799s
234 0.829333 0.742641 0.0150832 2.87853s
235 0.829333 0.754969 0.0127589 2.80284s
236 0.829333 0.756232 0.0133411 2.79195s
237 0.829333 0.742849 0.0145034 2.85224s
238 0.829333 0.774166 0.0100366 2.80623s
239 0.829333 0.772376 0.0106121 2.7976s
240 0.829333 0.771238 0.0106722 2.84579s
241 0.829333 0.720614 0.0106247 2.83821s
242 0.829333 0.727113 0.00945337 2.87792s
243 0.829333 0.729906 0.00971604 2.85059s
244 0.830302 0.728568 0.00951156 2.82461s
245 0.830302 0.713093 0.0111877 2.87863s
246 0.830302 0.72105 0.00916351 2.81592s
247 0.830302 0.722977 0.00928928 2.85337s
248 0.830302 0.722915 0.0103834 2.84557s
249 0.830302 0.725764 0.0106793 2.84509s
250 0.830302 0.730823 0.0101816 2.87202s
251 0.830302 0.715068 0.0165537 2.83088s
252 0.830302 0.763038 0.0124335 2.82256s
253 0.830302 0.732807 0.0169502 2.83713s
254 0.830302 0.734419 0.0146732 2.85988s
255 0.830302 0.742719 0.0146492 2.80472s
256 0.830302 0.755656 0.0125856 2.8614s
257 0.830302 0.744666 0.0151855 2.86915s
258 0.830302 0.755909 0.0126755 2.83801s
259 0.830302 0.756109 0.0130306 2.80188s
260 0.830302 0.758974 0.0133848 2.79815s
261 0.830302 0.7361 0.00874134 2.89387s
262 0.830302 0.722866 0.0107445 2.82629s
263 0.830302 0.725185 0.00935704 2.85521s
264 0.830302 0.716379 0.010979 2.8504s
265 0.830302 0.7194 0.0103882 2.89218s
266 0.830302 0.727718 0.00962041 2.84112s
267 0.830302 0.721831 0.0114905 2.88529s
268 0.830302 0.723925 0.00958568 2.80766s
269 0.830302 0.721952 0.010119 2.8945s
270 0.830302 0.729847 0.00970764 2.87189s
271 0.830302 0.742261 0.0153353 2.86868s
272 0.830302 0.741427 0.0154279 2.84123s
273 0.830302 0.762531 0.0116979 2.87528s
274 0.830302 0.748771 0.0143125 2.85691s
275 0.830302 0.776566 0.00981161 2.81377s
276 0.830302 0.754782 0.0134501 2.86254s
277 0.830302 0.764015 0.0124826 2.89981s
278 0.830302 0.771372 0.0106789 2.79919s
279 0.830302 0.775202 0.0106091 2.82239s
280 0.830302 0.768798 0.0110917 2.82013s
281 0.831291 0.739545 0.00828537 2.85198s
282 0.831291 0.72006 0.0098887 2.8671s
283 0.831291 0.725544 0.00908359 2.875s
284 0.831291 0.732483 0.00898198 2.88077s
285 0.831291 0.728797 0.0102901 2.88491s
286 0.831291 0.732389 0.0102431 2.867s
287 0.831291 0.722855 0.0103761 2.92216s
288 0.831291 0.727918 0.010068 2.82599s
289 0.831291 0.721892 0.010047 2.94908s
290 0.831291 0.72749 0.00976626 2.91251s
291 0.831291 0.712859 0.0165594 3.06078s
292 0.831291 0.724053 0.0164275 2.8146s
293 0.831291 0.735059 0.0158822 2.87053s
294 0.831291 0.737402 0.015936 2.85773s
295 0.831291 0.742986 0.0155817 2.78118s
296 0.831291 0.754088 0.0139128 2.7788s
297 0.831291 0.75026 0.0141232 2.87621s
298 0.831291 0.756125 0.0127753 2.79688s
299 0.831291 0.742592 0.0160361 2.86636s
300 0.831291 0.753564 0.0132308 2.79958s
301 0.831291 0.729505 0.00955292 2.97878s
302 0.831291 0.730391 0.00977351 2.89275s
303 0.831291 0.708125 0.0120713 2.88545s
304 0.831291 0.71561 0.0109489 2.83279s
305 0.831291 0.719318 0.0116616 2.87673s
306 0.831291 0.715365 0.0117313 2.89847s
307 0.831291 0.726699 0.00917917 2.85852s
308 0.831291 0.723867 0.0112269 2.82849s
309 0.831291 0.722514 0.0110474 2.83257s
310 0.831291 0.713239 0.0116439 2.88062s
311 0.831291 0.716508 0.0162301 2.8782s
312 0.831291 0.747177 0.0135851 2.81592s
313 0.831291 0.746249 0.0150206 2.87903s
314 0.831291 0.742003 0.0153306 2.81546s
315 0.831291 0.748282 0.0143647 2.8467s
316 0.831291 0.751274 0.014106 2.79707s
317 0.831291 0.751238 0.0137202 2.86603s
318 0.831291 0.747936 0.0147397 2.86321s
319 0.831291 0.756283 0.0137905 2.81475s
320 0.831291 0.747865 0.01475 2.8798s
321 0.831291 0.723094 0.0109179 2.87975s
322 0.831291 0.717895 0.0101379 2.8646s
323 0.831291 0.723612 0.0100379 2.88111s
324 0.831291 0.717166 0.0119915 2.85588s
325 0.831291 0.72355 0.0110854 2.88912s
326 0.831291 0.718208 0.0112404 2.87494s
327 0.831291 0.721941 0.0101939 2.89169s
328 0.831291 0.714324 0.0113865 2.91722s
329 0.831291 0.716297 0.010108 2.90646s
330 0.831291 0.720396 0.00989169 2.81698s
331 0.831291 0.7268 0.0150769 2.88973s
332 0.831291 0.741207 0.0153957 2.78218s
333 0.831291 0.751119 0.014303 2.81401s
334 0.831291 0.765495 0.0126068 2.81585s
335 0.831291 0.745424 0.0149405 2.87823s
336 0.831291 0.752054 0.0138357 2.80059s
337 0.831291 0.733067 0.0153358 2.81473s
338 0.831291 0.734291 0.0173538 2.8696s
339 0.831291 0.76062 0.012825 2.79113s
340 0.831291 0.76429 0.012543 2.86451s
341 0.831291 0.726463 0.0099869 2.87782s
342 0.831291 0.729278 0.00998829 2.81483s
343 0.831291 0.715917 0.0113049 2.836s
344 0.831291 0.731701 0.00947329 2.91262s
345 0.831291 0.720672 0.0108434 2.86872s
346 0.831291 0.724896 0.00972128 2.84747s
347 0.831291 0.724856 0.00992527 2.81711s
348 0.831291 0.724198 0.010604 2.88486s
349 0.831291 0.714467 0.0109574 2.82554s
350 0.831291 0.725903 0.010273 2.88829s
351 0.831291 0.715439 0.0186533 3.86026s
352 0.831291 0.740477 0.0144481 2.87664s
353 0.831291 0.750605 0.0141806 2.83061s
354 0.831291 0.743436 0.0150693 2.83417s
355 0.831291 0.763913 0.0116432 2.81255s
356 0.831291 0.759292 0.0128041 2.82037s
357 0.831291 0.746994 0.0142356 2.83833s
358 0.831291 0.770954 0.0115709 2.84428s
359 0.831291 0.766476 0.011663 2.88928s
360 0.831291 0.768021 0.0115971 2.84437s
361 0.831291 0.717532 0.0113776 2.8853s
362 0.831291 0.722337 0.0107567 2.82299s
363 0.831291 0.71441 0.011189 2.89007s
364 0.831291 0.715765 0.0118165 2.83933s
365 0.831291 0.719394 0.0110926 2.88277s
366 0.831291 0.724089 0.0109849 2.86923s
367 0.831291 0.722747 0.010312 2.89976s
368 0.831291 0.71707 0.0102167 2.86982s
369 0.831291 0.716009 0.0112524 2.83141s
370 0.831291 0.716437 0.0119611 2.90045s
371 0.831291 0.693357 0.0181157 2.79968s
372 0.831291 0.728973 0.0158349 2.81491s
373 0.831291 0.764704 0.0118514 2.89083s
374 0.831291 0.741491 0.0147442 2.83325s
375 0.831291 0.760126 0.0131742 2.83806s
376 0.831291 0.744347 0.0157159 2.85082s
377 0.831291 0.752411 0.0140874 2.88s
378 0.831291 0.773364 0.0117807 2.84632s
379 0.831291 0.749259 0.0153734 2.84567s
380 0.831291 0.747849 0.0152651 2.89814s
381 0.831291 0.724521 0.0106013 2.85745s
382 0.835747 0.727228 0.00964893 2.80497s
383 0.835747 0.724657 0.0100996 2.7959s
384 0.835747 0.724346 0.0100837 2.83808s
385 0.835747 0.721707 0.00995505 2.85274s
386 0.835747 0.719807 0.0107442 2.8837s
387 0.835747 0.718832 0.0106951 2.89838s
388 0.835747 0.725665 0.0104326 2.83514s
389 0.835747 0.720752 0.0112667 2.88471s
390 0.835747 0.716965 0.0115417 2.85805s
391 0.835747 0.717721 0.0169798 2.82081s
392 0.835747 0.705041 0.0174684 2.85925s
393 0.835747 0.700943 0.0171633 2.89171s
394 0.835747 0.692526 0.0189845 2.80243s
395 0.835747 0.704243 0.018167 2.86562s
396 0.835747 0.698679 0.0180786 2.79677s
397 0.835747 0.699623 0.0186421 2.86668s
398 0.835747 0.713487 0.0186675 2.85493s
399 0.835747 0.724175 0.0161936 2.81359s
400 0.835747 0.720055 0.0172319 2.87318s
401 0.835747 0.734142 0.0097312 2.85639s
402 0.835747 0.72912 0.0105462 2.9106s
403 0.835747 0.722963 0.0122753 2.86307s
404 0.835747 0.723703 0.01123 2.81633s
405 0.835747 0.713518 0.011934 2.88418s
406 0.835747 0.716631 0.0126037 2.86541s
407 0.835747 0.715909 0.0127654 2.86285s
408 0.835747 0.709601 0.0128323 2.90178s
409 0.835747 0.72321 0.0109696 2.89819s
410 0.835747 0.726729 0.0114122 2.8174s
411 0.835747 0.704804 0.0176776 2.88866s
412 0.835747 0.72515 0.0173376 2.79772s
413 0.835747 0.72256 0.0179881 2.77563s
414 0.835747 0.748471 0.0147349 2.81909s
415 0.835747 0.741569 0.0161634 2.80859s
416 0.835747 0.715708 0.0181327 2.86291s
417 0.835747 0.725742 0.0163804 2.81767s
418 0.835747 0.734471 0.0169041 2.86996s
419 0.835747 0.743627 0.0159642 2.79842s
420 0.835747 0.739307 0.015326 2.8728s
421 0.835747 0.726878 0.0113133 2.88094s
422 0.835747 0.724918 0.0120168 2.87203s
423 0.835747 0.730843 0.0107726 2.85671s
424 0.835747 0.722638 0.0116717 2.81685s
425 0.835747 0.718389 0.0127944 2.88057s
426 0.835747 0.721087 0.0128564 2.85373s
427 0.835747 0.723211 0.0123455 2.82258s
428 0.835747 0.719437 0.0130538 2.92581s
429 0.835747 0.715545 0.0127184 2.81761s
430 0.835747 0.7369 0.0101448 2.87188s
431 0.835747 0.702914 0.0176008 2.84437s
432 0.835747 0.711698 0.0180171 2.87723s
433 0.835747 0.723364 0.0178731 2.80697s
434 0.835747 0.712776 0.0184289 2.8052s
435 0.835747 0.715429 0.0169781 2.91702s
436 0.835747 0.725638 0.0180597 2.79371s
437 0.835747 0.717369 0.0182798 2.88504s
438 0.835747 0.737985 0.0164008 2.83621s
439 0.835747 0.708568 0.019363 2.88309s
440 0.835747 0.730274 0.0170583 2.78262s
441 0.835747 0.718696 0.0117519 2.90874s
442 0.835747 0.710144 0.012558 2.81856s
443 0.835747 0.706968 0.0136737 2.86613s
444 0.835747 0.723737 0.0115134 2.81943s
445 0.835747 0.707787 0.0144396 2.8704s
446 0.835747 0.725421 0.0118068 2.87524s
447 0.835747 0.72093 0.0117693 2.85701s
448 0.835747 0.723856 0.011757 2.91269s
449 0.835747 0.716768 0.0129482 2.82695s
450 0.835747 0.724379 0.0114971 2.87159s
451 0.835747 0.70075 0.018162 2.81199s
452 0.835747 0.72785 0.0158703 2.84712s
453 0.835747 0.727388 0.0162019 2.85924s
454 0.835747 0.729568 0.0159517 2.88883s
455 0.835747 0.735379 0.0163743 2.83723s
456 0.835747 0.747151 0.0152288 2.87654s
457 0.835747 0.715462 0.0193088 2.84222s
458 0.835747 0.729936 0.0179462 2.85184s
459 0.835747 0.71517 0.0178207 2.85174s
460 0.835747 0.716016 0.0181502 2.85197s
461 0.835747 0.723817 0.0115095 2.85655s
462 0.835747 0.713747 0.0134641 2.87928s
463 0.835747 0.719682 0.0128117 2.85871s
464 0.835747 0.721477 0.0118893 2.86905s
465 0.835747 0.710003 0.012859 2.90268s
466 0.835747 0.713514 0.0124698 2.85127s
467 0.835747 0.717343 0.0124482 2.86802s
468 0.835747 0.719823 0.0119247 2.83033s
469 0.835747 0.721075 0.0108939 2.89173s
470 0.835747 0.72493 0.0126745 2.81198s
471 0.835747 0.667253 0.0179765 2.89366s
472 0.835747 0.687195 0.0175947 2.85499s
473 0.835747 0.6817 0.0184862 2.79607s
474 0.835747 0.72827 0.0155468 2.87272s
475 0.835747 0.721968 0.0189089 2.82439s
476 0.835747 0.732818 0.0170759 2.93828s
477 0.835747 0.726832 0.0174083 2.83858s
478 0.835747 0.70879 0.0189656 2.88061s
479 0.835747 0.724236 0.0162182 2.82238s
480 0.835747 0.737545 0.0160748 2.80413s
481 0.835747 0.736381 0.0101039 2.89341s
482 0.835747 0.726743 0.0121392 2.89238s
483 0.835747 0.719161 0.0120407 2.84698s
484 0.835747 0.722562 0.0114295 2.82573s
485 0.835747 0.726621 0.0099051 2.84669s
486 0.835747 0.720784 0.0113188 2.88663s
487 0.835747 0.724367 0.0117184 2.81023s
488 0.835747 0.720393 0.0134026 2.93304s
489 0.835747 0.720009 0.0125459 3.72609s
490 0.835747 0.72302 0.0123822 2.87083s
491 0.835747 0.687811 0.0171711 2.86426s
492 0.835747 0.686689 0.0189376 2.80394s
493 0.835747 0.673778 0.0189201 2.79901s
494 0.835747 0.687693 0.01825 2.84494s
495 0.835747 0.710281 0.0169909 2.89377s
496 0.835747 0.731613 0.0177351 2.84174s
497 0.835747 0.734533 0.0166898 2.88143s
498 0.835747 0.729049 0.0174807 2.80375s
499 0.835747 0.718384 0.0190148 2.85266s
500 0.835747 0.72374 0.017379 2.91025s
501 0.835747 0.734298 0.00974745 2.84718s
502 0.835747 0.709372 0.0131191 2.82136s
503 0.835747 0.727639 0.0107116 2.91302s
504 0.835747 0.716526 0.0118782 2.81483s
505 0.835747 0.727003 0.0108225 2.90325s
506 0.835747 0.716871 0.0128786 2.82653s
507 0.835747 0.721161 0.0123913 2.81866s
508 0.835747 0.718487 0.0118499 2.90358s
509 0.835747 0.721294 0.0111125 2.86227s
510 0.835747 0.711195 0.013147 2.82628s
511 0.835747 0.700575 0.0165494 2.82678s
512 0.835747 0.716325 0.0176771 2.8954s
513 0.835747 0.738908 0.0160423 2.8559s
514 0.835747 0.720732 0.0177985 2.79789s
515 0.835747 0.723623 0.0176979 2.81464s
516 0.835747 0.71697 0.0198939 2.78634s
517 0.835747 0.724804 0.0175645 2.86571s
518 0.835747 0.735812 0.0167799 2.85145s
519 0.835747 0.726759 0.0169698 2.87056s
520 0.835747 0.730633 0.0168244 2.80556s
521 0.835747 0.735008 0.0109876 2.91064s
522 0.835747 0.720524 0.0125415 2.82699s
523 0.835747 0.714351 0.0128975 2.88088s
524 0.835747 0.719199 0.0116632 2.89295s
525 0.835747 0.713564 0.0117064 2.87899s
526 0.835747 0.72382 0.0109769 2.84376s
527 0.835747 0.722344 0.0106905 2.8439s
528 0.835747 0.710309 0.0122605 2.82381s
529 0.835747 0.722082 0.0111793 2.91484s
530 0.835747 0.735238 0.0109368 2.81104s
531 0.835747 0.692195 0.0188486 2.82128s
532 0.835747 0.704613 0.0182079 2.78716s
533 0.835747 0.714263 0.017014 2.86508s
534 0.835747 0.718792 0.0188012 2.84903s
535 0.835747 0.710337 0.0187386 2.81333s
536 0.835747 0.721128 0.0172938 2.86833s
537 0.835747 0.715966 0.0182326 2.83118s
538 0.835747 0.733969 0.0166525 2.8531s
539 0.835747 0.720052 0.0177577 2.8153s
540 0.835747 0.733926 0.0168649 2.85768s
541 0.835747 0.731658 0.01017 2.87237s
542 0.835747 0.714104 0.0126276 2.86071s
543 0.835747 0.722558 0.0122649 2.82374s
544 0.835747 0.72995 0.0102918 2.92254s
545 0.835747 0.72669 0.0113548 2.82572s
546 0.835747 0.719231 0.0118052 2.85436s
547 0.835747 0.720925 0.0122933 2.88776s
548 0.835747 0.724115 0.011371 2.85991s
549 0.835747 0.721826 0.0110481 2.84313s
550 0.835747 0.715423 0.0126807 2.86415s
551 0.835747 0.70252 0.018205 2.80046s
552 0.835747 0.710773 0.0180059 2.829s
553 0.835747 0.727671 0.0168638 2.88071s
554 0.835747 0.735747 0.0162427 2.84074s
555 0.835747 0.728811 0.0169243 2.79502s
556 0.835747 0.722919 0.016784 2.87493s
557 0.835747 0.736096 0.0152712 2.85014s
558 0.835747 0.751299 0.0137554 2.8168s
559 0.835747 0.725134 0.0168391 2.85997s
560 0.835747 0.707243 0.018462 2.84809s
561 0.835747 0.718001 0.0134916 2.83439s
562 0.835747 0.714421 0.0128989 3.82728s
563 0.835747 0.723295 0.0131149 2.85703s
564 0.835747 0.715962 0.0123294 2.85677s
565 0.835747 0.7299 0.0117986 2.85817s
566 0.835747 0.728848 0.0120905 2.88344s
567 0.835747 0.725385 0.0112813 2.86112s
568 0.835747 0.712451 0.0131496 2.86204s
569 0.835747 0.725055 0.010793 2.89508s
570 0.835747 0.726866 0.0119796 2.86832s
571 0.835747 0.675141 0.0185428 2.85302s
572 0.835747 0.675916 0.0177739 2.86037s
573 0.835747 0.692957 0.0171191 2.85399s
574 0.835747 0.69662 0.0181995 2.80466s
575 0.835747 0.706937 0.0188095 2.85021s
576 0.835747 0.72081 0.0168087 2.86462s
577 0.835747 0.732361 0.0164351 2.882s
578 0.835747 0.729148 0.0169352 2.83618s
579 0.835747 0.753838 0.0139604 2.81044s
580 0.835747 0.724843 0.0177501 2.80069s
581 0.835747 0.729689 0.0112531 2.87062s
582 0.835747 0.723563 0.0111473 2.88123s
583 0.835747 0.722135 0.0114307 2.83602s
584 0.835747 0.733564 0.011472 2.90893s
585 0.835747 0.719761 0.0124165 2.86891s
586 0.835747 0.716112 0.0120897 2.83564s
587 0.835747 0.740133 0.00801289 2.85002s
588 0.835747 0.721742 0.0114179 2.84632s
589 0.835747 0.727019 0.0106293 2.92306s
590 0.835747 0.721331 0.0126135 2.81778s
591 0.835747 0.687329 0.0170729 2.88041s
592 0.835747 0.706737 0.017938 2.86617s
593 0.835747 0.727371 0.0160389 2.84433s
594 0.835747 0.720704 0.0175369 2.8614s
595 0.835747 0.704268 0.0189103 2.84601s
596 0.835747 0.720867 0.0177972 2.83098s
597 0.835747 0.711859 0.0186377 2.8302s
598 0.835747 0.73493 0.0166598 2.83461s
599 0.835747 0.719503 0.0180237 2.83778s
600 0.835747 0.717074 0.0182721 2.89571s
601 0.835747 0.725404 0.0122279 2.85686s
602 0.835747 0.716755 0.0124852 2.87214s
603 0.835747 0.721123 0.0116181 2.84393s
604 0.835747 0.722043 0.0112263 2.85042s
605 0.835747 0.726526 0.0115318 2.88227s
606 0.835747 0.715023 0.0131543 2.82615s
607 0.835747 0.72245 0.0107354 2.88936s
608 0.835747 0.726356 0.0110856 2.90843s
609 0.835747 0.721652 0.0116896 2.84875s
610 0.835747 0.713084 0.0134983 2.84597s
611 0.835747 0.689501 0.0195577 2.85896s
612 0.835747 0.712616 0.0177695 2.80244s
613 0.835747 0.729899 0.016734 2.83237s
614 0.835747 0.721585 0.0181543 2.84438s
615 0.835747 0.710624 0.018843 2.86675s
616 0.835747 0.713291 0.0190749 2.87139s
617 0.835747 0.734796 0.0158888 2.85574s
618 0.835747 0.72873 0.0177715 2.80285s
619 0.835747 0.731737 0.0159743 2.8002s
620 0.835747 0.736223 0.0164763 2.87824s
621 0.835747 0.722642 0.011584 2.87806s
622 0.835747 0.725697 0.0106583 2.87432s
623 0.835747 0.734218 0.0100339 2.85469s
624 0.835747 0.724541 0.0116417 2.81797s
625 0.835747 0.72437 0.0103925 2.89304s
626 0.835747 0.709878 0.0137624 2.89749s
627 0.835747 0.716541 0.0129235 2.81606s
628 0.835747 0.722901 0.0117935 2.8983s
629 0.835747 0.733012 0.0113015 2.82214s
630 0.835747 0.715133 0.0128662 2.87326s
631 0.835747 0.689538 0.0171407 2.80042s
632 0.835747 0.693702 0.0179109 2.81921s
633 0.835747 0.695941 0.0183503 2.82732s
634 0.835747 0.723764 0.0172264 2.84551s
635 0.835747 0.735539 0.0173454 2.80341s
636 0.835747 0.722918 0.0182041 2.85063s
637 0.835747 0.723952 0.0163415 2.81452s
638 0.835747 0.710252 0.0184033 2.86654s
639 0.835747 0.717213 0.0176744 2.87425s
640 0.835747 0.714262 0.0179159 2.83695s
641 0.835747 0.720326 0.0117931 2.91122s
642 0.835747 0.724477 0.0113958 2.83817s
643 0.835747 0.72531 0.0119037 2.88652s
644 0.835747 0.724308 0.011181 2.88982s
645 0.835747 0.729607 0.0102001 2.86617s
646 0.835747 0.716225 0.0120937 2.88363s
647 0.835747 0.72059 0.0117699 2.88268s
648 0.835747 0.723771 0.0123734 2.82836s
649 0.835747 0.716956 0.0122822 2.8889s
650 0.835747 0.719144 0.0132454 2.90179s
651 0.835747 0.676787 0.0191152 2.84966s
652 0.835747 0.720482 0.0155703 2.85046s
653 0.835747 0.722698 0.0181096 2.88709s
654 0.835747 0.728289 0.0173234 2.84362s
655 0.835747 0.723778 0.0166851 2.86504s
656 0.835747 0.716511 0.0182104 2.88614s
657 0.835747 0.741423 0.0152376 2.82248s
658 0.835747 0.734797 0.0164543 2.90347s
659 0.835747 0.721049 0.0171881 2.82279s
660 0.835747 0.726819 0.0168351 2.81517s
661 0.835747 0.733145 0.0105863 2.86952s
662 0.835747 0.719397 0.0117631 2.88455s
663 0.835747 0.727385 0.0113423 2.87089s
664 0.835747 0.723187 0.0109517 2.88646s
665 0.835747 0.714965 0.0124115 2.90355s
666 0.835747 0.727853 0.0111781 2.84616s
667 0.835747 0.7184 0.0129715 2.81982s
668 0.835747 0.718235 0.0118012 2.91091s
669 0.835747 0.732848 0.00971796 2.80832s
670 0.835747 0.711341 0.0127718 2.89358s
671 0.835747 0.706777 0.016936 2.88318s
672 0.835747 0.710618 0.0188086 2.80563s
673 0.835747 0.743368 0.0159982 2.81886s
674 0.835747 0.733085 0.0170399 2.8256s
675 0.835747 0.739097 0.0172551 2.85206s
676 0.835747 0.724602 0.0167627 2.80089s
677 0.835747 0.721722 0.0163251 2.81922s
678 0.835747 0.720394 0.0175493 2.88282s
679 0.835747 0.740783 0.0162567 2.84775s
680 0.835747 0.736647 0.0168078 2.81263s
681 0.835747 0.733265 0.0107069 2.88966s
682 0.835747 0.727372 0.0113282 2.83997s
683 0.835747 0.72459 0.0105725 2.88095s
684 0.835747 0.719325 0.0128383 2.84784s
685 0.835747 0.721961 0.0116969 2.88889s
686 0.835747 0.724351 0.0115509 2.83603s
687 0.835747 0.716058 0.0132171 2.87681s
688 0.835747 0.726636 0.0120371 2.85841s
689 0.835747 0.732074 0.0101671 2.83319s
690 0.835747 0.72609 0.0126322 2.9136s
691 0.835747 0.685146 0.0180766 2.78631s
692 0.835747 0.693402 0.0180644 2.78144s
693 0.835747 0.704389 0.0183815 2.80558s
694 0.835747 0.709665 0.0167755 2.85418s
695 0.835747 0.721167 0.0174446 2.84662s
696 0.835747 0.721219 0.0168892 2.81574s
697 0.835747 0.736142 0.0163442 2.86573s
698 0.835747 0.743507 0.0158776 2.80545s
699 0.835747 0.733424 0.0166713 2.79432s
700 0.835747 0.732827 0.017015 2.82278s
701 0.835747 0.714492 0.0133919 2.81619s
702 0.835747 0.717448 0.0124687 2.86034s
703 0.835747 0.717145 0.0113579 2.88567s
704 0.835747 0.724495 0.0106489 2.82678s
705 0.835747 0.727633 0.011043 2.84862s
706 0.835747 0.727615 0.0106149 2.84823s
707 0.835747 0.722696 0.0118294 2.89462s
708 0.835747 0.711619 0.0139206 2.83875s
709 0.835747 0.708165 0.0125656 2.87843s
710 0.835747 0.720289 0.0104091 2.88436s
711 0.835747 0.68707 0.0186566 2.84068s
712 0.835747 0.703152 0.0192265 2.81269s
713 0.835747 0.72253 0.0178258 2.84379s
714 0.835747 0.717011 0.0181389 2.86277s
715 0.835747 0.713063 0.0180934 2.86592s
716 0.835747 0.747648 0.015469 2.79809s
717 0.835747 0.715896 0.0184086 2.86618s
718 0.835747 0.734526 0.0170366 2.82294s
719 0.835747 0.743047 0.0156837 2.8136s
720 0.835747 0.723981 0.0179885 2.8611s
721 0.835747 0.721222 0.0130511 2.85062s
722 0.835747 0.721403 0.012938 2.89013s
723 0.835747 0.722234 0.0118259 2.85873s
724 0.835747 0.727075 0.010808 2.92436s
725 0.835747 0.733233 0.0101489 2.81109s
726 0.835747 0.717532 0.0130435 2.87095s
727 0.835747 0.722032 0.0118506 2.89572s
728 0.835747 0.723183 0.0113162 2.89234s
729 0.835747 0.718031 0.013414 2.81176s
730 0.835747 0.708215 0.0138928 2.8568s
731 0.835747 0.690455 0.0187666 2.86193s
732 0.835747 0.705997 0.0172386 2.80912s
733 0.835747 0.717474 0.0186398 2.82641s
734 0.835747 0.732362 0.0170847 2.85088s
735 0.835747 0.735526 0.0168657 2.80647s
736 0.835747 0.747353 0.0146709 2.87872s
737 0.835747 0.705617 0.017669 2.81567s
738 0.835747 0.739612 0.0159998 2.79721s
739 0.835747 0.735663 0.016379 2.85075s
740 0.835747 0.734725 0.0156176 2.79784s
741 0.835747 0.725922 0.0129914 2.9044s
742 0.835747 0.729622 0.0107493 2.82545s
743 0.835747 0.721181 0.0126748 2.87528s
744 0.835747 0.708767 0.0142384 2.83956s
745 0.835747 0.726645 0.0108185 2.82696s
746 0.835747 0.730092 0.0115535 2.82419s
747 0.835747 0.715469 0.0134202 2.87884s
748 0.835747 0.720535 0.0110244 2.86844s
749 0.835747 0.717608 0.012452 2.88564s
750 0.835747 0.703861 0.0139593 2.85287s
751 0.835747 0.715107 0.0176241 2.85666s
752 0.835747 0.723727 0.0168149 2.81181s
753 0.835747 0.719215 0.0178507 2.87445s
754 0.835747 0.713951 0.0184576 2.80672s
755 0.835747 0.738485 0.0161507 2.87562s
756 0.835747 0.739237 0.016352 2.80301s
757 0.835747 0.718272 0.0169195 2.86152s
758 0.835747 0.735302 0.0155705 2.82478s
759 0.835747 0.730643 0.0165703 2.86493s
760 0.835747 0.746721 0.0149347 2.86637s
761 0.835747 0.721319 0.0123261 2.81258s
762 0.835747 0.707361 0.013491 2.90636s
763 0.835747 0.718258 0.0115803 2.88247s
764 0.835747 0.718852 0.0127169 2.86813s
765 0.835747 0.716461 0.011852 2.87279s
766 0.835747 0.719313 0.0119425 2.83007s
767 0.835747 0.725169 0.0116295 2.82522s
768 0.835747 0.720157 0.0131618 2.88823s
769 0.835747 0.725168 0.0108456 2.84392s
770 0.835747 0.719218 0.0117887 2.86622s
771 0.835747 0.690463 0.0190313 2.87387s
772 0.835747 0.70808 0.0184245 2.81126s
773 0.835747 0.727033 0.0178902 2.86675s
774 0.835747 0.717753 0.0182211 3.86933s
775 0.835747 0.72581 0.0180011 2.84209s
776 0.835747 0.713316 0.0180608 2.88055s
777 0.835747 0.732302 0.0169124 2.80713s
778 0.835747 0.726421 0.017522 2.86398s
779 0.835747 0.725255 0.016841 2.79152s
780 0.835747 0.724676 0.0176651 2.81682s
781 0.835747 0.712863 0.0136001 2.8138s
782 0.835747 0.723043 0.0116753 2.89622s
783 0.835747 0.72345 0.0104779 2.86451s
784 0.835747 0.722725 0.0114325 2.85596s
785 0.835747 0.718727 0.0121688 2.87751s
786 0.835747 0.722098 0.0112263 2.8208s
787 0.835747 0.7287 0.00979595 2.85663s
788 0.835747 0.731627 0.0106335 2.89155s
789 0.835747 0.725342 0.0104837 2.86263s
790 0.835747 0.727068 0.0103572 2.80034s
791 0.835747 0.690258 0.0177721 2.78614s
792 0.835747 0.724094 0.0163897 2.90128s
793 0.835747 0.723576 0.0176772 2.81283s
794 0.835747 0.733238 0.0170369 2.88339s
795 0.835747 0.742141 0.0154494 2.82828s
796 0.835747 0.706767 0.0193651 2.81521s
797 0.835747 0.726265 0.0173685 2.90051s
798 0.835747 0.71839 0.0183089 2.81122s
799 0.835747 0.737294 0.0170119 2.81643s
800 0.835747 0.726101 0.0193349 2.89201s
801 0.835747 0.723394 0.0118728 2.91306s
802 0.835747 0.721551 0.0111218 2.8216s
803 0.835747 0.722067 0.0109666 2.8381s
804 0.835747 0.725366 0.0105286 2.88115s
805 0.835747 0.718004 0.0136489 2.88033s
806 0.835747 0.722026 0.0127833 2.84846s
807 0.835747 0.731552 0.011658 2.87071s
808 0.835747 0.719454 0.0130938 2.86852s
809 0.835747 0.71504 0.0137875 2.88258s
810 0.835747 0.739063 0.00988807 2.86808s
811 0.835747 0.672617 0.0182253 2.86298s
812 0.835747 0.696931 0.0178427 2.82224s
813 0.835747 0.706684 0.0189852 2.79812s
814 0.835747 0.726485 0.0166988 2.87974s
815 0.835747 0.727219 0.0167001 2.84477s
816 0.835747 0.728651 0.0165034 2.815s
817 0.835747 0.737219 0.0170855 2.86784s
818 0.835747 0.721465 0.0174794 2.80879s
819 0.835747 0.739048 0.0162315 2.84656s
820 0.835747 0.730577 0.0174928 2.86413s
821 0.835747 0.719971 0.013054 2.82238s
822 0.835747 0.731465 0.0105636 2.89801s
823 0.835747 0.711677 0.0137182 2.87024s
824 0.835747 0.726421 0.0113425 2.82816s
825 0.835747 0.722259 0.0121831 2.87414s
826 0.835747 0.722717 0.0110245 2.87629s
827 0.835747 0.715637 0.0123425 2.88196s
828 0.835747 0.725342 0.0110897 2.84203s
829 0.835747 0.72095 0.0120281 2.89732s
830 0.835747 0.717643 0.0124338 2.89666s
831 0.835747 0.670103 0.0168005 2.84999s
832 0.835747 0.690503 0.017364 2.82526s
833 0.835747 0.705608 0.0173471 2.8852s
834 0.835747 0.715278 0.0179407 2.87489s
835 0.835747 0.712958 0.0189187 2.85889s
836 0.835747 0.714667 0.0189896 2.86636s
837 0.835747 0.732562 0.0156214 2.79448s
838 0.835747 0.732189 0.0168173 2.88158s
839 0.835747 0.710236 0.0190486 2.79531s
840 0.835747 0.728259 0.0165469 2.84994s
841 0.835747 0.718276 0.0127998 2.86929s
842 0.835747 0.716683 0.0135416 2.84657s
843 0.835747 0.73512 0.0106931 2.92096s
844 0.835747 0.726113 0.0123404 2.86022s
845 0.835747 0.73268 0.0103376 2.85883s
846 0.835747 0.709272 0.0137781 2.87665s
847 0.835747 0.717222 0.0130203 2.86282s
848 0.835747 0.707365 0.0154531 2.92049s
849 0.835747 0.726203 0.0111815 2.88232s
850 0.835747 0.715781 0.0120877 2.88047s
851 0.835747 0.697646 0.0174726 2.84888s
852 0.835747 0.707275 0.0179261 2.85756s
853 0.835747 0.718897 0.0188535 2.83129s
854 0.835747 0.71736 0.01899 2.79975s
855 0.835747 0.733552 0.0155489 2.8163s
856 0.835747 0.733507 0.0160216 2.86063s
857 0.835747 0.717951 0.0193526 2.82588s
858 0.835747 0.717633 0.0174302 2.88209s
859 0.835747 0.73898 0.0156354 2.84655s
860 0.835747 0.727933 0.0175159 2.81886s
861 0.835747 0.727409 0.0113147 2.83273s
862 0.835747 0.723247 0.0125035 2.81363s
863 0.835747 0.724692 0.0126853 2.92133s
864 0.835747 0.721972 0.0131036 2.82374s
865 0.835747 0.728217 0.0117632 2.88038s
866 0.835747 0.727425 0.0117946 2.88163s
867 0.835747 0.731371 0.010302 2.83196s
868 0.835747 0.717281 0.0113351 2.90269s
869 0.835747 0.709867 0.0145692 2.89106s
870 0.835747 0.705564 0.0154117 2.82182s
871 0.835747 0.67759 0.018314 2.89916s
872 0.835747 0.709146 0.0173918 2.84517s
873 0.835747 0.715286 0.0176027 2.86625s
874 0.835747 0.712123 0.0178238 2.86453s
875 0.835747 0.727001 0.0175774 2.85516s
876 0.835747 0.734241 0.0163995 2.83721s
877 0.835747 0.741493 0.0169478 2.80837s
878 0.835747 0.73389 0.0175639 2.79609s
879 0.835747 0.729989 0.0175426 2.86859s
880 0.835747 0.723836 0.0167487 2.8364s
881 0.835747 0.722163 0.0112191 2.89026s
882 0.835747 0.717602 0.0118663 2.83366s
883 0.835747 0.725907 0.0111865 2.86395s
884 0.835747 0.72617 0.0118036 2.8095s
885 0.835747 0.723438 0.0126091 2.89342s
886 0.835747 0.710172 0.013412 2.86268s
887 0.835747 0.72414 0.0109302 2.90595s
888 0.835747 0.717609 0.0118347 2.8865s
889 0.835747 0.730433 0.0108976 2.84086s
890 0.835747 0.719215 0.013398 2.87779s
891 0.835747 0.70462 0.0186992 2.83618s
892 0.835747 0.709917 0.0176472 2.85137s
893 0.835747 0.714633 0.0171619 2.8897s
894 0.835747 0.719449 0.0176063 2.84525s
895 0.835747 0.728525 0.0181952 2.86787s
896 0.835747 0.718523 0.0180013 2.80562s
897 0.835747 0.733267 0.016273 2.80809s
898 0.835747 0.729554 0.0178432 2.80337s
899 0.835747 0.725591 0.0179164 2.8626s
900 0.835747 0.7228 0.0175079 2.84352s
901 0.835747 0.730129 0.0127978 2.88796s
902 0.835747 0.73085 0.0106335 2.84262s
903 0.835747 0.725468 0.0114083 2.85233s
904 0.835747 0.711167 0.0131717 2.85923s
905 0.835747 0.7219 0.0104218 2.8336s
906 0.835747 0.717434 0.0121664 2.88543s
907 0.835747 0.722931 0.0104514 2.83801s
908 0.835747 0.717933 0.0120432 2.87681s
909 0.835747 0.715323 0.0112253 2.92644s
910 0.835747 0.722615 0.0113926 2.89371s
911 0.835747 0.682575 0.0193331 2.80261s
912 0.835747 0.721443 0.016868 2.8872s
913 0.835747 0.713551 0.0194279 2.84379s
914 0.835747 0.716521 0.0167611 2.81293s
915 0.835747 0.719494 0.0178675 2.8303s
916 0.835747 0.736159 0.0171429 2.88856s
917 0.835747 0.71501 0.0175872 2.80501s
918 0.835747 0.73374 0.0155643 2.81168s
919 0.835747 0.737168 0.0167036 2.80479s
920 0.835747 0.71994 0.0181658 2.87969s
921 0.835747 0.723748 0.0129336 2.81243s
922 0.835747 0.72541 0.0106039 2.88918s
923 0.835747 0.724953 0.0103762 2.82661s
924 0.835747 0.712843 0.0115071 2.88388s
925 0.835747 0.726109 0.0103335 2.8169s
926 0.835747 0.732102 0.0105475 2.88015s
927 0.835747 0.733743 0.0110935 2.89631s
928 0.835747 0.715361 0.0127681 2.8756s
929 0.835747 0.704831 0.0130953 2.83528s
930 0.835747 0.740446 0.00910199 2.86225s
931 0.835747 0.691023 0.0192819 2.86574s
932 0.835747 0.69232 0.0188694 2.88309s
933 0.835747 0.719761 0.0182525 2.83577s
934 0.835747 0.724503 0.0189879 2.80616s
935 0.835747 0.721866 0.0166797 2.88256s
936 0.835747 0.721694 0.0180202 2.87105s
937 0.835747 0.731878 0.017444 2.80541s
938 0.835747 0.714401 0.0172288 2.81324s
939 0.835747 0.737657 0.0163539 2.88735s
940 0.835747 0.726049 0.0163695 2.79451s
941 0.835747 0.725469 0.011474 2.91416s
942 0.835747 0.716591 0.0129656 2.85313s
943 0.835747 0.732309 0.0100652 2.86178s
944 0.835747 0.728687 0.0119913 2.87777s
945 0.835747 0.726564 0.0109337 2.91405s
946 0.835747 0.714842 0.012481 2.84512s
947 0.835747 0.722615 0.0101136 2.81816s
948 0.835747 0.724403 0.0106881 2.83241s
949 0.835747 0.730664 0.010698 2.88066s
950 0.835747 0.720969 0.0121556 2.87484s
951 0.835747 0.681839 0.0182521 2.87391s
952 0.835747 0.715353 0.0172433 2.81852s
953 0.835747 0.700446 0.0186488 2.86723s
954 0.835747 0.69878 0.0176269 2.80871s
955 0.835747 0.726574 0.01641 2.87794s
956 0.835747 0.72836 0.0154035 2.79215s
957 0.835747 0.721952 0.0177858 2.84742s
958 0.835747 0.734776 0.0156495 2.84519s
959 0.835747 0.724811 0.017909 2.89307s
960 0.835747 0.712246 0.0195323 2.83467s
961 0.835747 0.731025 0.0109895 2.87249s
962 0.835747 0.716629 0.0120569 2.8427s
963 0.835747 0.732219 0.0103207 2.85032s
964 0.835747 0.719075 0.0114628 2.8448s
965 0.835747 0.710918 0.0128147 2.90166s
966 0.835747 0.722027 0.0109017 2.87534s
967 0.835747 0.726101 0.0105199 2.88669s
968 0.835747 0.727193 0.0105799 2.85375s
969 0.835747 0.719374 0.0129489 2.88219s
970 0.835747 0.719402 0.0133091 2.8759s
971 0.835747 0.698456 0.0178942 2.83991s
972 0.835747 0.702281 0.0179601 2.88057s
973 0.835747 0.7198 0.0166398 2.83741s
974 0.835747 0.727873 0.016726 2.85254s
975 0.835747 0.718324 0.017943 2.89607s
976 0.835747 0.751002 0.0155371 2.80981s
977 0.835747 0.730189 0.0175872 2.85862s
978 0.835747 0.721364 0.0173597 2.81259s
979 0.835747 0.70672 0.0190595 2.84535s
980 0.835747 0.739363 0.0158026 2.85008s
981 0.835747 0.725747 0.0118583 2.87021s
982 0.835747 0.709014 0.0130465 2.8189s
983 0.835747 0.710844 0.0134572 2.85251s
984 0.835747 0.719811 0.0120816 2.83784s
985 0.835747 0.708451 0.0135622 2.8357s
986 0.835747 0.720281 0.0118179 2.83896s
987 0.835747 0.71949 0.0121008 3.84085s
988 0.835747 0.732132 0.0110341 2.88603s
989 0.835747 0.725389 0.011477 2.83041s
990 0.835747 0.737808 0.00985629 2.83347s
991 0.835747 0.710728 0.0173544 2.8687s
992 0.835747 0.702802 0.0189965 2.84521s
993 0.835747 0.712963 0.0187531 2.90212s
994 0.835747 0.722481 0.0171123 2.82022s
995 0.835747 0.728709 0.0171723 2.87535s
996 0.835747 0.722367 0.0181694 2.8725s
997 0.835747 0.745578 0.0146259 2.79378s
998 0.835747 0.734462 0.0162984 2.84333s
999 0.835747 0.731093 0.0173468 2.85282s
1000 0.835747 0.729611 0.0168984 2.82241s
1001 0.835747 0.72131 0.0125857 2.81918s
1002 0.835747 0.715793 0.0127737 2.85657s
1003 0.835747 0.717192 0.012989 2.88436s
1004 0.835747 0.724675 0.0126003 2.86568s
1005 0.835747 0.718078 0.0118932 2.82407s
1006 0.835747 0.730165 0.0121464 2.8895s
1007 0.835747 0.723566 0.0121556 2.86831s
1008 0.835747 0.715674 0.013062 2.83167s
1009 0.835747 0.712806 0.0139988 2.88973s
1010 0.835747 0.723743 0.0113066 2.87674s
1011 0.835747 0.669658 0.0178474 2.86075s
1012 0.835747 0.675536 0.0180639 2.81283s
1013 0.835747 0.681375 0.0181364 2.88249s
1014 0.835747 0.695638 0.018203 2.80356s
1015 0.835747 0.72764 0.0169138 2.83253s
1016 0.835747 0.727536 0.0179306 2.87541s
1017 0.835747 0.723235 0.0175792 2.82478s
1018 0.835747 0.729808 0.016055 2.80557s
1019 0.835747 0.729616 0.0176188 2.80079s
1020 0.835747 0.71776 0.0188691 2.8668s
1021 0.835747 0.717562 0.0125385 2.9054s
1022 0.835747 0.721934 0.0124687 2.84684s
1023 0.835747 0.72632 0.0110965 2.89656s
1024 0.835747 0.732838 0.010373 2.86739s
1025 0.835747 0.725339 0.0114778 2.89418s
1026 0.835747 0.72328 0.0112994 2.83393s
1027 0.835747 0.722617 0.012456 2.82517s
1028 0.835747 0.71907 0.0125487 2.86388s
1029 0.835747 0.727978 0.0109109 2.91358s
1030 0.835747 0.717982 0.0127378 2.83644s
1031 0.835747 0.692808 0.0180456 2.88624s
1032 0.835747 0.710709 0.0188622 2.94671s
1033 0.835747 0.719831 0.0197345 2.8164s
1034 0.835747 0.733882 0.0170753 2.81198s
1035 0.835747 0.731429 0.0167249 2.86919s
1036 0.835747 0.739054 0.0161621 2.83133s
1037 0.835747 0.741413 0.0160911 2.87091s
1038 0.835747 0.716745 0.0171816 2.86591s
1039 0.835747 0.745294 0.0153964 2.82391s
1040 0.835747 0.738396 0.0157714 2.8946s
1041 0.835747 0.714375 0.0130638 2.8427s
1042 0.835747 0.713574 0.0135404 2.86356s
1043 0.835747 0.727888 0.0109146 2.89471s
1044 0.835747 0.729283 0.0101989 2.81355s
1045 0.835747 0.725862 0.0109098 2.87654s
1046 0.835747 0.720985 0.0133587 2.91372s
1047 0.835747 0.727495 0.0106685 2.86473s
1048 0.835747 0.718116 0.0125361 2.89172s
1049 0.835747 0.73174 0.0101337 2.81938s
1050 0.835747 0.728228 0.0121846 2.81411s
1051 0.835747 0.674727 0.0190545 2.87509s
1052 0.835747 0.677808 0.01816 2.83934s
1053 0.835747 0.687787 0.0179333 2.87682s
1054 0.835747 0.704719 0.0179249 2.80888s
1055 0.835747 0.733409 0.0162807 2.8441s
1056 0.835747 0.7298 0.017369 2.90131s
1057 0.835747 0.740169 0.0152681 2.83758s
1058 0.835747 0.739595 0.017018 2.79302s
1059 0.835747 0.755177 0.014207 2.88905s
1060 0.835747 0.751187 0.0146345 2.83974s
1061 0.835747 0.719172 0.0132604 2.85892s
1062 0.835747 0.725518 0.0112558 2.92458s
1063 0.835747 0.72379 0.0105659 2.8903s
1064 0.835747 0.716781 0.0118621 2.84761s
1065 0.835747 0.716957 0.0119606 2.84622s
1066 0.835747 0.712452 0.0127264 2.86995s
1067 0.835747 0.714177 0.011893 2.82266s
1068 0.835747 0.720807 0.0116531 2.84757s
1069 0.835747 0.71011 0.0132557 2.87593s
1070 0.835747 0.720284 0.0122412 2.85981s
1071 0.835747 0.730896 0.0158909 2.83221s
1072 0.835747 0.73127 0.0170924 2.81848s
1073 0.835747 0.750953 0.0144505 2.88158s
1074 0.835747 0.757499 0.01413 2.83874s
1075 0.835747 0.762387 0.0135927 2.83263s
1076 0.835747 0.778973 0.011506 2.84306s
1077 0.835747 0.777847 0.0109264 2.89613s
1078 0.835747 0.786543 0.00944505 2.81644s
1079 0.835747 0.771321 0.0123943 2.80902s
1080 0.835747 0.785069 0.009814 2.86428s
1081 0.835747 0.729362 0.0112703 2.82701s
1082 0.835747 0.720135 0.0113507 2.86946s
1083 0.835747 0.719558 0.0124601 2.87821s
1084 0.835747 0.732313 0.0108467 2.92123s
1085 0.835747 0.729153 0.01211 2.89465s
1086 0.835747 0.704663 0.0140381 2.81912s
1087 0.835747 0.725552 0.0116187 2.83222s
1088 0.835747 0.722026 0.0117871 2.87371s
1089 0.835747 0.732557 0.00983517 2.82051s
1090 0.835747 0.719294 0.0117299 2.83498s
1091 0.835747 0.703158 0.0172515 2.8036s
1092 0.835747 0.710305 0.019424 2.79896s
1093 0.835747 0.755593 0.0142827 2.89559s
1094 0.835747 0.771545 0.0119298 2.85999s
1095 0.835747 0.773416 0.0114517 2.84198s
1096 0.835747 0.778489 0.0110924 2.81432s
1097 0.835747 0.777911 0.0110794 2.81383s
1098 0.835747 0.755348 0.0154498 2.82774s
1099 0.835747 0.763891 0.0127143 2.82964s
1100 0.835747 0.77401 0.0120615 2.85753s
1101 0.835747 0.727658 0.0120035 2.86195s
1102 0.835747 0.725989 0.0113992 2.86223s
1103 0.835747 0.729033 0.0104933 2.89752s
1104 0.835747 0.728144 0.00998935 2.864s
1105 0.835747 0.716233 0.0119415 2.85137s
1106 0.835747 0.710019 0.0123616 2.86631s
1107 0.835747 0.718511 0.011993 2.87432s
1108 0.835747 0.719482 0.011622 2.82714s
1109 0.835747 0.707165 0.0138388 2.86152s
1110 0.835747 0.733231 0.0101924 2.88048s
1111 0.835747 0.720222 0.0169335 2.83808s
1112 0.835747 0.746841 0.0162458 2.89211s
1113 0.835747 0.754614 0.0143207 2.81431s
1114 0.835747 0.769382 0.0125012 2.8791s
1115 0.835747 0.784182 0.0099245 2.8016s
1116 0.835747 0.788123 0.0101065 2.88503s
1117 0.835747 0.770571 0.0130247 2.81044s
1118 0.835747 0.760401 0.0140861 2.85201s
1119 0.835747 0.759618 0.0138081 2.83957s
1120 0.835747 0.76605 0.0129456 2.84197s
1121 0.835747 0.727649 0.0105757 2.8332s
1122 0.835747 0.726728 0.0113282 2.83008s
1123 0.835747 0.724263 0.0112013 2.88466s
1124 0.835747 0.721934 0.0120709 2.88976s
1125 0.835747 0.718652 0.0118349 2.82523s
1126 0.835747 0.713339 0.0121981 2.88415s
1127 0.835747 0.730939 0.010174 2.87387s
1128 0.835747 0.716735 0.0122027 2.83036s
1129 0.835747 0.718388 0.0120526 2.91674s
1130 0.835747 0.734411 0.00970216 2.83514s
1131 0.835747 0.69208 0.0176563 2.82293s
1132 0.835747 0.746771 0.0149029 2.86095s
1133 0.835747 0.743842 0.0161441 2.80876s
1134 0.835747 0.747592 0.015925 2.83933s
1135 0.835747 0.74261 0.0152307 2.81008s
1136 0.835747 0.76494 0.013562 2.88075s
1137 0.835747 0.776863 0.0117991 2.81251s
1138 0.835747 0.758064 0.0146808 2.86857s
1139 0.835747 0.771022 0.0131659 2.83785s
1140 0.835747 0.788593 0.00917413 2.80559s
1141 0.835747 0.728426 0.0115616 2.89254s
1142 0.835747 0.715916 0.012649 2.82762s
1143 0.835747 0.715416 0.0109657 2.87142s
1144 0.835747 0.730965 0.00987487 2.83975s
1145 0.835747 0.712502 0.0126355 3.02075s
1146 0.835747 0.721499 0.0132945 3.03931s
1147 0.835747 0.728478 0.0108112 3.14008s
1148 0.835747 0.718225 0.0122492 3.54656s
1149 0.835747 0.708354 0.0139823 3.10142s
1150 0.835747 0.728566 0.0102789 2.88054s
1151 0.835747 0.703264 0.017266 2.85721s
1152 0.835747 0.707997 0.0179302 2.88619s
1153 0.835747 0.729556 0.0164008 2.80938s
1154 0.835747 0.74558 0.0149199 2.8584s
1155 0.835747 0.761915 0.0133318 2.80697s
1156 0.835747 0.768171 0.0115207 2.87156s
1157 0.835747 0.761347 0.0134068 2.85083s
1158 0.835747 0.750356 0.0149562 2.81473s
1159 0.835747 0.765954 0.0126125 2.896s
1160 0.835747 0.767733 0.0123615 2.8612s
1161 0.835747 0.72746 0.0104541 2.85687s
1162 0.835747 0.733647 0.00986906 2.82948s
1163 0.835747 0.715382 0.0116104 2.82438s
1164 0.835747 0.722837 0.0112843 2.97758s
1165 0.835747 0.723722 0.0109578 2.838s
1166 0.835747 0.716079 0.0123782 2.82092s
1167 0.835747 0.723775 0.01115 2.91222s
1168 0.835747 0.72486 0.0106381 2.82218s
1169 0.835747 0.72718 0.0108728 2.83614s
1170 0.835747 0.716004 0.0125664 2.82624s
1171 0.835747 0.714998 0.0162289 2.86824s
1172 0.835747 0.745263 0.0154758 2.79503s
1173 0.835747 0.748406 0.0148484 2.86889s
1174 0.835747 0.757445 0.014459 2.82365s
1175 0.835747 0.759495 0.0141505 2.80925s
1176 0.835747 0.769116 0.0124127 2.85311s
1177 0.835747 0.785155 0.00971652 2.87117s
1178 0.835747 0.777617 0.0116759 2.79282s
1179 0.835747 0.78252 0.0101314 2.8675s
1180 0.835747 0.780441 0.0102597 2.83765s
1181 0.835747 0.729257 0.0107852 2.90738s
1182 0.835747 0.709636 0.0134607 2.86053s
1183 0.835747 0.724037 0.00969598 2.84248s
1184 0.835747 0.726164 0.0101373 2.90918s
1185 0.835747 0.721903 0.011111 2.83221s
1186 0.835747 0.721362 0.0102315 2.84784s
1187 0.835747 0.729029 0.00969707 2.8815s
1188 0.835747 0.724938 0.0112158 2.90108s
1189 0.835747 0.718938 0.0113145 2.88879s
1190 0.835747 0.730077 0.0104028 2.82109s
1191 0.835747 0.724214 0.016615 2.85883s
1192 0.835747 0.747874 0.0152238 2.87327s
1193 0.835747 0.745754 0.0161694 2.81494s
1194 0.835747 0.762771 0.0136267 2.87329s
1195 0.835747 0.790068 0.00887122 2.79776s
1196 0.835747 0.779837 0.0106638 2.79952s
1197 0.835747 0.781913 0.0105429 2.86097s
1198 0.835747 0.770144 0.0129857 3.78238s
1199 0.835747 0.766504 0.0121208 2.81357s
1200 0.835747 0.781609 0.0117916 2.89169s
1201 0.835747 0.721998 0.0120249 2.84832s
1202 0.835747 0.729465 0.0106551 2.89546s
1203 0.835747 0.726202 0.0109473 2.83415s
1204 0.835747 0.722272 0.01132 2.83851s
1205 0.835747 0.731284 0.0111205 2.87782s
1206 0.835747 0.722589 0.010672 2.88793s
1207 0.835747 0.725038 0.0102482 2.88873s
1208 0.835747 0.725305 0.0116295 2.82563s
1209 0.835747 0.736933 0.00852465 2.87713s
1210 0.835747 0.725489 0.0111101 2.88338s
1211 0.835747 0.713766 0.0177631 2.79414s
1212 0.835747 0.754165 0.0135993 2.86746s
1213 0.835747 0.773308 0.0123242 2.8082s
1214 0.835747 0.767602 0.0127201 2.91037s
1215 0.835747 0.764674 0.012646 2.84262s
1216 0.835747 0.773867 0.0113696 2.84714s
1217 0.835747 0.769295 0.0125965 2.81289s
1218 0.835747 0.773992 0.0118449 2.88475s
1219 0.835747 0.779637 0.0108751 2.85999s
1220 0.835747 0.770058 0.0132543 2.79927s
1221 0.835747 0.728228 0.0108399 2.82938s
1222 0.835747 0.723204 0.0123193 2.8612s
1223 0.835747 0.72089 0.0108235 2.86931s
1224 0.835747 0.720363 0.0118699 2.89268s
1225 0.835747 0.726339 0.0110594 2.87579s
1226 0.835747 0.721235 0.0113353 2.85435s
1227 0.835747 0.716485 0.0118212 2.86186s
1228 0.835747 0.729779 0.0112172 2.83151s
1229 0.835747 0.719651 0.0120956 2.92667s
1230 0.835747 0.717724 0.0116546 2.87757s
1231 0.835747 0.739649 0.0168754 2.85752s
1232 0.835747 0.752711 0.0150282 2.87887s
1233 0.835747 0.764895 0.0132117 2.80378s
1234 0.835747 0.775034 0.0112468 2.87885s
1235 0.835747 0.762608 0.0135877 2.79921s
1236 0.835747 0.781056 0.0109557 2.80809s
1237 0.835747 0.768257 0.0121762 2.85697s
1238 0.835747 0.761292 0.013797 2.8433s
1239 0.835747 0.765461 0.0131474 2.78324s
1240 0.835747 0.751198 0.0147013 2.88626s
1241 0.835747 0.731222 0.011279 2.83103s
1242 0.835747 0.71512 0.0137193 2.87045s
1243 0.835747 0.728505 0.0106909 2.87899s
1244 0.835747 0.726984 0.0113745 2.83365s
1245 0.835747 0.725715 0.0111797 2.87809s
1246 0.835747 0.710185 0.012725 2.85647s
1247 0.835747 0.710405 0.0116031 2.88708s
1248 0.835747 0.722662 0.0108188 2.82523s
1249 0.835747 0.73085 0.0109055 2.88238s
1250 0.835747 0.721856 0.0111948 2.88291s
1251 0.835747 0.718241 0.0185821 2.831s
1252 0.835747 0.740111 0.0156712 2.84637s
1253 0.835747 0.742098 0.01576 2.79892s
1254 0.835747 0.765948 0.0128414 2.88669s
1255 0.835747 0.751145 0.014763 2.83995s
1256 0.835747 0.756954 0.0143885 2.81738s
1257 0.835747 0.775784 0.0122887 2.81233s
1258 0.835747 0.771963 0.0124096 2.87777s
1259 0.835747 0.769488 0.0124118 2.83663s
1260 0.835747 0.760147 0.0131908 2.84339s
1261 0.835747 0.727161 0.0111856 2.8236s
1262 0.835747 0.736484 0.0105866 2.91601s
1263 0.835747 0.725672 0.0123603 2.83682s
1264 0.835747 0.731705 0.0107383 2.83015s
1265 0.835747 0.718871 0.0126817 2.83724s
1266 0.835747 0.715212 0.0115381 2.90813s
1267 0.835747 0.717798 0.0115231 2.81581s
1268 0.835747 0.729562 0.0104529 2.80324s
1269 0.835747 0.715808 0.0124151 2.87693s
1270 0.835747 0.71475 0.0121914 2.90587s
1271 0.835747 0.698941 0.0178554 2.87847s
1272 0.835747 0.696088 0.0180304 2.85737s
1273 0.835747 0.73104 0.0157407 2.80033s
1274 0.835747 0.759403 0.0142509 2.84378s
1275 0.835747 0.747979 0.0145714 2.85839s
1276 0.835747 0.752627 0.0149976 2.88107s
1277 0.835747 0.770188 0.0116549 2.90373s
1278 0.835747 0.763738 0.0129963 2.84125s
1279 0.835747 0.753751 0.0143096 2.81845s
1280 0.835747 0.762926 0.0136338 2.8038s
1281 0.835747 0.720746 0.0118123 2.86961s
1282 0.835747 0.722293 0.0120516 2.85677s
1283 0.835747 0.724032 0.0109493 2.82633s
1284 0.835747 0.716878 0.0112499 2.91752s
1285 0.835747 0.720501 0.0106554 2.82237s
1286 0.835747 0.720323 0.0117303 2.91101s
1287 0.835747 0.715247 0.013434 2.82735s
1288 0.835747 0.71064 0.0138569 2.86023s
1289 0.835747 0.725662 0.0114608 2.8441s
1290 0.835747 0.721494 0.0111936 2.82679s
1291 0.835747 0.687278 0.0183604 2.85681s
1292 0.835747 0.712257 0.0179843 2.85975s
1293 0.835747 0.733727 0.0169269 2.78555s
1294 0.835747 0.760344 0.0136149 2.83354s
1295 0.835747 0.757113 0.0138173 2.85722s
1296 0.835747 0.771597 0.0117507 2.87129s
1297 0.835747 0.774967 0.0112724 2.83126s
1298 0.835747 0.764429 0.0136399 2.81428s
1299 0.835747 0.767322 0.0126357 2.82368s
1300 0.835747 0.781224 0.0110792 2.88405s
1301 0.835747 0.731836 0.0113412 2.81392s
1302 0.835747 0.723322 0.0118727 2.87296s
1303 0.835747 0.734874 0.0109893 2.84567s
1304 0.835747 0.728768 0.0103716 2.93468s
1305 0.835747 0.72372 0.0120554 2.87919s
1306 0.835747 0.724594 0.0117071 2.82992s
1307 0.835747 0.725265 0.0115341 2.8974s
1308 0.835747 0.731208 0.0104136 2.83442s
1309 0.835747 0.729211 0.0101831 2.89047s
1310 0.835747 0.713511 0.0124703 2.86917s
1311 0.835747 0.749641 0.0135385 2.82339s
1312 0.835747 0.759508 0.0135645 2.81906s
1313 0.835747 0.753732 0.0139515 2.88542s
1314 0.835747 0.764497 0.0131782 2.80323s
1315 0.835747 0.7692 0.0126454 2.86142s
1316 0.835747 0.742703 0.0156656 2.85097s
1317 0.835747 0.765478 0.0132698 2.81266s
1318 0.835747 0.755439 0.0150742 2.86822s
1319 0.835747 0.761333 0.0134916 2.85162s
1320 0.835747 0.766005 0.0131641 2.80756s
1321 0.835747 0.718822 0.0122746 2.88228s
1322 0.835747 0.726844 0.0111073 2.82726s
1323 0.835747 0.726093 0.0107887 2.8206s
1324 0.835747 0.710724 0.012409 2.84141s
1325 0.835747 0.720525 0.0110137 2.88948s
1326 0.835747 0.730586 0.0118218 2.87748s
1327 0.835747 0.727017 0.0102367 2.86749s
1328 0.835747 0.723925 0.0113689 2.9587s
1329 0.835747 0.728214 0.0105455 2.82319s
1330 0.835747 0.719664 0.0114218 2.82616s
1331 0.835747 0.706294 0.0165207 2.86853s
1332 0.835747 0.73885 0.0164112 2.80001s
1333 0.835747 0.75585 0.0140971 2.89022s
1334 0.835747 0.768415 0.0124032 2.83925s
1335 0.835747 0.764201 0.014039 2.8282s
1336 0.835747 0.779567 0.0102682 2.87602s
1337 0.835747 0.763454 0.0131756 2.82766s
1338 0.835747 0.764238 0.0133599 2.8001s
1339 0.835747 0.776992 0.0113362 2.8177s
1340 0.835747 0.781489 0.0111365 2.87404s
1341 0.835747 0.711663 0.0119117 2.96912s
1342 0.835747 0.722164 0.0113716 2.8385s
1343 0.835747 0.722081 0.0118505 2.87523s
1344 0.835747 0.720463 0.0116906 2.90135s
1345 0.835747 0.725903 0.0109757 2.87309s
1346 0.835747 0.718714 0.0113884 2.85539s
1347 0.835747 0.720349 0.0116213 2.8239s
1348 0.835747 0.728765 0.0109819 2.84386s
1349 0.835747 0.719539 0.0117426 2.82885s
1350 0.835747 0.723115 0.0117703 2.90984s
1351 0.835747 0.704432 0.0177583 2.847s
1352 0.835747 0.749549 0.0152447 2.83682s
1353 0.835747 0.761929 0.0140552 2.83178s
1354 0.835747 0.769229 0.0123409 2.83694s
1355 0.835747 0.750934 0.0146518 2.84111s
1356 0.835747 0.766516 0.012258 2.79619s
1357 0.835747 0.760054 0.0137276 2.81732s
1358 0.835747 0.777613 0.0106735 2.86472s
1359 0.835747 0.776098 0.0117621 2.85764s
1360 0.835747 0.78231 0.0102086 2.88249s
1361 0.835747 0.726014 0.0116845 2.84942s
1362 0.835747 0.728586 0.0121659 2.86599s
1363 0.835747 0.724972 0.0115935 2.86846s
1364 0.835747 0.719942 0.0125381 2.79631s
1365 0.835747 0.722228 0.0114141 2.7975s
1366 0.835747 0.722472 0.0110238 2.87596s
1367 0.835747 0.716868 0.0118018 2.82836s
1368 0.835747 0.72153 0.0108392 2.8897s
1369 0.835747 0.720978 0.0112554 2.93991s
1370 0.835747 0.715214 0.0128973 2.87194s
1371 0.835747 0.672429 0.0164289 2.86909s
1372 0.835747 0.683936 0.0176606 2.80078s
1373 0.835747 0.705788 0.0180133 2.88445s
1374 0.835747 0.728301 0.0176774 2.86481s
1375 0.835747 0.722169 0.0170697 2.81977s
1376 0.835747 0.738658 0.0160176 2.90813s
1377 0.835747 0.751735 0.0157797 2.79774s
1378 0.835747 0.748348 0.0155844 2.89708s
1379 0.835747 0.758902 0.0146487 2.80139s
1380 0.835747 0.777884 0.0108511 2.82271s
1381 0.835747 0.729583 0.0105505 2.88001s
1382 0.835747 0.717329 0.0123661 2.87848s
1383 0.835747 0.72947 0.0101412 2.91391s
1384 0.835747 0.7168 0.0117511 2.86244s
1385 0.835747 0.714412 0.0128215 2.89798s
1386 0.835747 0.717272 0.0111366 2.88325s
1387 0.835747 0.719521 0.0115694 2.85758s
1388 0.835747 0.713209 0.0133434 2.87891s
1389 0.835747 0.72718 0.0112755 2.89332s
1390 0.835747 0.727415 0.0112262 2.88986s
1391 0.835747 0.692352 0.0185238 2.8664s
1392 0.835747 0.729401 0.0170979 2.85708s
1393 0.835747 0.754152 0.0135224 2.88572s
1394 0.835747 0.749025 0.0154201 2.86127s
1395 0.835747 0.756842 0.013975 2.84397s
1396 0.835747 0.753797 0.0148564 2.79995s
1397 0.835747 0.753712 0.0144339 2.79773s
1398 0.835747 0.754066 0.0148231 2.8733s
1399 0.835747 0.752353 0.0150843 2.89795s
1400 0.835747 0.762054 0.0139645 2.83708s
1401 0.835747 0.729228 0.0111832 2.81091s
1402 0.835747 0.728241 0.0108723 2.80163s
1403 0.835747 0.715408 0.0120282 2.87916s
1404 0.835747 0.710531 0.0128036 2.84657s
1405 0.835747 0.732712 0.00968247 2.88879s
1406 0.835747 0.719057 0.0113435 2.84649s
1407 0.835747 0.721379 0.0119897 2.85874s
1408 0.835747 0.723461 0.00977084 2.83762s
1409 0.835747 0.715369 0.0129626 2.90747s
1410 0.835747 0.711405 0.0120262 2.81104s
1411 0.835747 0.704014 0.0178196 3.82703s
1412 0.835747 0.721487 0.0174267 2.78455s
1413 0.835747 0.727472 0.0168828 2.79423s
1414 0.835747 0.748284 0.0144817 2.8966s
1415 0.835747 0.771124 0.0126716 2.84569s
1416 0.835747 0.772334 0.0122801 2.81912s
1417 0.835747 0.755603 0.0143286 2.80162s
1418 0.835747 0.76841 0.0124225 2.81372s
1419 0.835747 0.768319 0.0121087 2.79725s
1420 0.835747 0.793971 0.008682 2.85734s
1421 0.835747 0.732221 0.00974537 2.82773s
1422 0.835747 0.734024 0.00964949 2.91674s
1423 0.835747 0.730844 0.00973874 2.83969s
1424 0.835747 0.726596 0.0105766 2.98121s
1425 0.835747 0.721814 0.0115167 2.82011s
1426 0.835747 0.714898 0.011582 2.86999s
1427 0.835747 0.715693 0.0119075 2.82474s
1428 0.835747 0.718012 0.0111815 2.87872s
1429 0.835747 0.723826 0.0114631 2.873s
1430 0.835747 0.726194 0.0112509 2.81516s
1431 0.835747 0.696113 0.0181416 2.86192s
1432 0.835747 0.723796 0.0175275 2.88652s
1433 0.835747 0.735396 0.015536 2.81401s
1434 0.835747 0.745369 0.0157235 2.88668s
1435 0.835747 0.755931 0.0143013 2.81798s
1436 0.835747 0.771713 0.0123645 2.87384s
1437 0.835747 0.738463 0.0170038 2.90351s
1438 0.835747 0.772384 0.0121288 2.84485s
1439 0.835747 0.755748 0.014755 2.87567s
1440 0.835747 0.756026 0.0142052 2.82479s
1441 0.835747 0.732636 0.01056 2.83019s
1442 0.835747 0.722823 0.0109455 2.84956s
1443 0.835747 0.714208 0.0125077 2.89531s
1444 0.835747 0.72006 0.0102921 2.85897s
1445 0.835747 0.722477 0.0100434 2.89086s
1446 0.835747 0.725606 0.0106398 2.82318s
1447 0.835747 0.724756 0.0111239 2.87947s
1448 0.835747 0.721038 0.0105597 2.88664s
1449 0.835747 0.717545 0.0118522 2.81993s
1450 0.835747 0.720075 0.012699 2.82926s
1451 0.835747 0.682639 0.0193991 2.85782s
1452 0.835747 0.716565 0.0173634 2.83776s
1453 0.835747 0.723737 0.0177605 2.90101s
1454 0.835747 0.734695 0.0170004 2.84669s
1455 0.835747 0.752366 0.0145178 2.88608s
1456 0.835747 0.74631 0.0163037 2.84877s
1457 0.835747 0.771714 0.0119413 2.85159s
1458 0.835747 0.76791 0.0124366 2.80139s
1459 0.835747 0.766805 0.0127239 2.89277s
1460 0.835747 0.774511 0.012341 2.83673s
1461 0.835747 0.727229 0.0112729 2.93262s
1462 0.835747 0.719808 0.0119486 2.91051s
1463 0.835747 0.72506 0.0108929 2.82634s
1464 0.835747 0.72912 0.0115201 2.92314s
1465 0.835747 0.712607 0.013559 2.8195s
1466 0.835747 0.732686 0.00970472 2.8342s
1467 0.835747 0.710837 0.0129043 2.88728s
1468 0.835747 0.72452 0.0104777 2.85593s
1469 0.835747 0.725628 0.0103013 2.81898s
1470 0.835747 0.728212 0.0103887 2.89806s
1471 0.835747 0.72453 0.0173878 2.8467s
1472 0.835747 0.758863 0.0148612 2.85599s
1473 0.835747 0.741048 0.0163395 2.88028s
1474 0.835747 0.752769 0.0149292 2.7899s
1475 0.835747 0.758631 0.0146528 2.81542s
1476 0.835747 0.757597 0.0131598 2.80047s
1477 0.835747 0.77413 0.0119225 2.87659s
1478 0.835747 0.772077 0.0118523 2.8367s
1479 0.835747 0.794366 0.00829104 2.80358s
1480 0.835747 0.785999 0.00971713 2.88245s
1481 0.835747 0.72415 0.0115001 2.83167s
1482 0.835747 0.729598 0.00972207 2.8968s
1483 0.835747 0.721205 0.0110215 2.84632s
1484 0.835747 0.714741 0.0121765 2.8458s
1485 0.835747 0.717454 0.0113853 2.89245s
1486 0.835747 0.725695 0.0106605 2.89672s
1487 0.835747 0.72454 0.0126653 2.84121s
1488 0.835747 0.714487 0.0113333 2.8955s
1489 0.835747 0.717739 0.0116431 2.84063s
1490 0.835747 0.7287 0.0105969 2.82232s
1491 0.835747 0.724926 0.0166561 2.87542s
1492 0.835747 0.745368 0.0161586 2.87202s
1493 0.835747 0.77116 0.0112718 2.82655s
1494 0.835747 0.768969 0.0133704 2.8337s
1495 0.835747 0.748282 0.0151711 2.84034s
1496 0.835747 0.773253 0.0119264 2.85286s
1497 0.835747 0.752381 0.0143967 2.80829s
1498 0.835747 0.788953 0.00907452 2.84285s
1499 0.835747 0.791226 0.00828742 2.82067s
1500 0.835747 0.759902 0.0139765 2.85424s
