406  92
411  17
416  50
422  16
424  46
445  92
453  4
455  30
457  60
471  24
478  92
485  17
485  50
501  16
552  50
575  16
611  50
613  7
618  92
625  56
626  24
628  46
629  17
632  92
634  26
634  30
636  84
640  16
641  7
645  4
646  56
646  92
648  60
653  17
654  46
657  65
658  42
660  47
661  92
664  8
664  84
665  50
665  91
667  30
669  47
671  25
672  65
673  56
674  3
674  42
674  76
675  54
676  92
677  1
677  47
679  7
684  25
685  32
685  47
686  17
686  91
688  8
688  54
689  14
689  65
690  3
690  37
690  76
691  15
691  46
691  64
691  92
693  7
693  42
693  47
694  48
694  84
695  32
695  66
695  71
697  31
697  88
698  16
700  25
702  32
702  47
703  14
703  54
704  4
704  23
704  37
705  92
707  78
708  76
708  87
708  91
709  3
709  32
709  56
709  62
710  60
710  65
710  95
711  7
711  33
711  47
711  49
714  72
716  42
716  75
716  84
716  88
717  19
717  32
717  71
718  23
718  25
719  14
719  29
719  87
720  63
721  37
721  54
722  62
724  8
724  13
724  72
726  32
726  33
729  49
730  55
730  87
731  29
732  95
733  53
734  63
735  3
735  76
736  23
736  88
737  62
738  14
739  75
741  19
741  87
744  72
745  29
745  33
750  63
757  55
