33  25
33  31
33  48
33  54
36  33
36  46
50  12
50  67
68  27
68  52
71  99
73  80
82  31
82  48
85  85
97  33
97  46
98  99
101  3
101  76
107  6
107  25
107  54
111  85
116  27
123  99
129  44
136  80
136  85
138  5
139  74
144  31
144  48
146  99
158  85
159  94
164  52
164  66
166  33
167  46
167  99
173  27
176  13
179  85
184  6
187  99
188  80
199  85
204  31
204  41
204  48
206  99
218  25
218  85
219  54
224  82
224  99
228  27
228  67
229  12
231  33
232  46
234  80
236  85
241  99
253  85
255  48
257  31
257  99
259  44
259  52
270  85
273  6
273  99
275  80
281  27
286  85
288  99
292  76
294  3
296  33
297  46
302  85
303  99
314  80
316  31
316  48
317  85
318  99
322  25
323  54
330  56
332  85
332  99
333  27
335  12
335  26
335  82
336  59
338  61
338  74
338  93
339  89
346  85
346  99
347  82
349  52
350  80
351  12
351  26
352  59
352  74
354  93
355  6
355  61
356  89
359  82
360  85
360  99
365  23
369  12
369  26
369  74
370  93
371  59
371  82
373  89
373  99
374  85
377  61
384  27
384  80
385  44
386  99
387  54
388  85
397  33
397  46
398  31
398  48
399  99
401  85
412  99
414  85
415  80
419  25
422  33
423  31
423  46
423  48
423  67
423  82
424  99
427  85
431  27
431  93
432  6
432  12
433  52
433  54
433  89
434  82
436  99
439  74
440  26
440  85
442  59
444  76
445  82
445  93
446  12
446  80
447  3
448  61
448  99
449  89
452  85
454  48
454  54
455  31
455  33
455  41
457  46
457  82
458  74
460  93
460  99
462  26
463  12
464  85
469  89
471  99
473  80
474  27
476  85
476  94
478  52
479  25
480  99
481  80
482  73
485  35
485  48
485  94
487  31
488  27
488  85
489  52
489  80
489  99
491  33
493  46
494  44
494  94
497  73
497  80
498  99
500  38
500  85
501  52
503  94
504  27
505  80
506  6
506  35
507  99
512  67
513  94
514  80
514  97
515  53
515  73
516  5
516  20
517  52
517  85
517  86
518  18
518  90
519  25
521  31
521  48
521  67
523  94
523  97
524  80
526  5
526  53
528  20
529  86
531  18
531  67
531  90
532  33
532  97
533  46
533  94
534  80
536  25
537  5
538  73
539  35
539  53
541  20
541  86
541  97
542  67
543  94
544  80
544  90
545  18
549  5
550  97
553  53
553  86
553  94
554  67
554  80
556  20
557  25
557  90
558  3
558  21
559  31
560  97
561  48
562  18
563  5
563  94
564  80
565  52
566  86
567  67
569  38
570  53
570  73
570  76
570  97
571  90
573  94
574  20
574  80
575  46
576  33
577  99
579  5
579  86
580  97
581  25
581  67
582  80
583  18
583  94
585  90
585  99
586  52
586  85
589  53
590  80
590  97
591  27
592  86
593  94
593  99
594  31
595  58
595  85
596  48
598  20
598  80
599  52
599  54
601  99
602  82
603  27
603  35
603  94
604  85
605  93
606  12
606  80
606  89
608  99
610  74
610  82
611  59
612  26
613  52
613  54
613  85
613  94
614  6
614  33
614  46
614  61
614  80
615  90
616  27
616  93
616  99
617  12
618  82
618  89
619  81
619  83
620  2
620  13
620  44
621  56
621  73
622  4
622  80
622  85
623  74
623  94
624  25
624  58
624  99
625  59
627  1
627  26
627  81
627  82
627  93
628  12
628  48
628  83
629  13
629  52
629  54
630  2
630  31
630  56
630  61
630  80
630  89
631  27
631  85
632  99
633  94
634  4
634  25
635  81
636  58
636  82
637  74
637  83
638  80
638  93
639  13
640  2
640  12
640  56
640  85
640  99
641  59
642  89
643  81
643  94
645  1
645  25
645  26
645  82
646  6
646  52
646  80
646  83
647  4
647  27
648  54
648  99
649  13
649  58
649  61
649  85
650  93
651  2
651  56
652  81
653  12
653  33
653  74
653  94
654  80
654  82
654  89
655  83
655  99
656  46
657  25
658  85
660  13
660  59
661  48
661  81
662  4
662  80
662  93
662  94
662  99
663  56
663  82
664  2
664  27
664  31
664  52
664  58
664  83
665  26
665  41
667  44
667  85
667  89
668  12
669  1
669  99
670  3
670  25
670  54
670  80
670  81
671  94
672  74
672  82
673  13
673  61
673  83
674  93
676  85
676  99
677  56
677  76
678  2
678  80
679  81
680  4
680  89
680  94
681  58
681  82
682  27
682  50
682  83
683  52
683  59
683  99
684  12
684  25
684  35
685  73
685  85
686  80
686  93
687  13
688  81
689  26
689  33
689  94
690  82
690  99
691  6
691  83
692  56
693  46
693  48
693  80
693  89
694  2
694  74
694  85
695  25
696  31
696  54
696  97
697  81
697  99
698  93
698  94
699  82
699  86
700  80
700  83
700  90
701  4
701  12
701  27
701  58
701  67
703  5
703  13
703  52
703  85
704  61
704  97
704  99
705  1
705  25
706  29
706  81
706  89
707  80
707  94
708  53
708  82
709  83
709  86
710  20
710  56
710  93
711  18
711  67
711  90
711  99
712  59
712  85
712  97
713  2
714  80
715  5
715  25
715  81
716  94
717  82
718  26
718  83
718  99
719  74
719  89
720  12
720  86
720  97
721  13
721  27
721  80
721  85
722  67
722  93
723  90
724  52
724  53
724  81
725  94
725  99
726  25
726  33
726  58
726  82
727  20
727  31
727  48
727  54
727  83
728  5
728  80
728  97
729  4
729  18
730  46
730  85
731  56
731  86
732  89
732  99
733  81
734  93
734  94
735  2
735  67
735  80
735  82
735  90
736  83
736  97
737  25
738  73
739  85
739  99
740  12
741  13
742  27
742  61
742  80
742  81
742  86
743  5
743  53
743  94
744  82
744  97
745  83
745  89
746  52
746  59
746  93
746  99
747  6
747  74
747  90
748  44
748  85
749  80
750  25
751  20
751  81
752  26
752  94
753  67
753  82
753  99
754  56
754  58
754  83
756  80
757  85
758  54
758  89
758  93
760  2
760  31
760  48
760  81
760  99
761  94
762  12
762  35
762  82
763  4
763  13
763  33
763  80
763  83
764  27
764  38
766  1
766  85
767  46
767  99
769  52
769  81
770  80
770  93
770  94
771  82
771  89
772  83
773  3
774  85
774  99
775  74
777  80
778  81
779  25
779  56
779  94
780  82
780  97
781  83
781  99
782  85
782  86
782  93
784  80
784  89
784  90
785  12
785  59
786  54
787  13
787  27
787  61
787  81
788  94
788  96
788  97
788  98
788  99
789  23
789  66
789  77
789  82
790  2
790  26
790  58
790  67
790  83
790  85
791  5
791  21
791  25
791  48
791  52
791  75
791  76
791  80
792  31
792  86
793  54
794  93
795  78
795  90
795  98
795  99
796  18
796  66
796  73
796  81
796  89
796  94
796  96
796  97
797  23
797  53
797  77
798  80
798  82
798  85
799  33
799  83
800  21
800  54
801  20
801  74
801  75
802  46
802  86
802  98
802  99
803  6
803  25
803  67
804  4
804  66
804  94
804  96
804  97
805  23
805  80
805  81
805  93
806  5
806  77
806  85
806  90
807  82
808  12
808  54
808  83
808  89
809  27
809  56
809  98
809  99
810  21
810  78
812  75
812  80
812  86
812  94
812  96
812  97
813  66
814  23
814  52
814  81
814  85
815  18
815  77
816  13
816  25
816  53
816  54
816  82
816  98
816  99
817  83
817  90
817  93
818  67
819  80
820  94
820  96
820  97
821  21
821  89
822  66
823  5
823  81
823  85
823  86
823  99
824  20
824  23
824  48
824  75
824  98
825  2
825  31
825  44
825  54
825  77
825  82
826  80
826  83
828  59
828  78
828  90
828  94
828  96
828  97
829  93
830  74
830  99
831  25
832  26
832  66
832  81
832  85
832  98
833  80
