11  8
11  22
11  57
11  71
15  6
15  73
18  19
18  60
19  81
19  98
20  35
20  44
23  13
23  66
24  8
24  22
24  26
24  53
24  57
24  71
24  80
24  99
25  18
25  61
25  82
25  97
29  14
29  65
30  2
30  77
30  86
30  93
33  6
33  73
34  29
34  50
38  22
39  8
39  57
39  71
39  81
39  98
40  85
40  94
41  19
41  60
46  44
49  35
51  80
51  99
52  97
55  22
55  66
55  82
56  8
57  57
58  6
58  71
58  73
60  25
60  54
61  13
61  81
61  98
63  11
63  68
67  61
67  86
68  53
68  93
73  26
76  17
76  62
77  8
77  22
79  97
81  57
82  18
82  33
82  46
83  19
83  60
83  71
84  44
84  80
84  99
86  81
87  98
90  82
93  38
94  41
106  6
106  8
106  73
106  97
107  22
107  85
108  94
111  66
113  81
115  98
119  86
120  57
122  80
122  93
122  99
123  50
125  71
132  82
132  97
136  44
141  35
142  61
142  81
143  98
145  8
152  22
154  14
154  65
157  97
162  80
164  99
171  81
174  98
178  82
181  97
182  66
184  86
186  2
186  77
187  93
190  44
196  8
201  81
204  53
204  80
204  97
205  99
206  98
208  57
210  94
212  22
217  6
217  85
218  61
219  8
219  81
222  71
226  82
226  97
228  99
229  80
233  65
236  77
237  50
237  53
237  81
237  98
239  94
243  44
247  66
248  8
248  86
250  6
251  99
252  93
253  80
253  97
254  19
255  60
255  81
256  73
260  57
262  22
263  98
264  71
267  8
268  81
269  94
271  57
274  22
274  99
275  82
276  19
276  60
278  80
280  71
280  98
281  81
282  13
282  57
284  65
285  8
286  22
294  57
295  81
296  71
296  98
298  99
300  22
301  6
304  19
304  60
304  80
305  94
307  57
307  85
308  98
309  26
309  71
313  29
314  14
314  73
314  81
314  86
315  22
316  2
318  93
320  98
321  57
322  99
324  71
324  82
326  80
330  85
331  22
332  8
332  81
332  98
336  57
338  26
339  71
339  97
341  14
342  73
344  35
346  18
346  82
346  99
347  2
347  98
348  80
350  13
354  85
356  38
358  19
358  35
361  82
362  26
363  18
363  29
365  98
369  13
369  80
369  99
374  35
374  81
376  82
379  85
379  86
380  71
382  73
382  98
383  14
385  93
386  18
390  80
391  71
391  82
391  97
392  13
392  99
393  35
393  98
394  57
395  26
396  81
397  2
398  22
404  29
404  85
404  98
406  57
406  71
408  8
409  60
410  22
410  80
411  81
413  99
415  98
419  57
420  8
421  81
423  19
423  22
425  94
426  80
430  99
431  8
431  71
431  81
431  98
432  77
433  57
434  22
434  60
434  97
435  6
436  53
438  65
442  44
443  81
444  8
444  94
445  61
445  66
446  86
447  97
448  93
449  41
449  80
449  99
453  50
455  53
456  44
456  85
457  77
459  81
460  97
461  6
462  66
462  73
463  61
463  93
467  94
471  25
471  68
472  44
473  97
475  62
476  33
477  73
477  98
478  82
478  93
480  50
482  66
485  61
486  97
488  99
491  44
493  93
495  73
499  97
500  16
501  80
504  30
507  66
509  93
510  25
512  97
513  44
513  61
514  68
516  73
517  86
523  19
525  93
526  50
526  81
526  97
527  33
529  98
533  62
535  82
539  73
539  97
541  93
542  44
543  66
549  81
552  97
552  99
553  80
554  8
556  61
556  94
557  53
557  93
559  81
560  22
560  98
561  8
563  19
563  57
563  65
565  6
565  97
566  99
567  22
567  81
568  8
568  77
568  80
569  71
569  98
571  57
572  44
573  60
573  94
575  81
576  22
576  71
577  82
577  85
577  98
577  99
578  57
579  53
579  80
580  8
582  86
583  71
584  14
584  35
585  26
586  6
586  13
586  98
587  2
587  18
587  60
588  82
591  57
591  81
593  85
594  86
595  22
595  35
595  99
596  19
596  29
596  80
597  11
597  54
599  6
599  82
600  13
600  17
601  46
603  18
607  86
608  98
634  63
651  81
662  98
680  99
684  80
684  82
689  81
694  97
700  98
705  93
720  86
724  81
728  99
732  80
734  94
735  98
736  82
744  85
745  97
758  81
769  98
773  93
775  99
779  80
787  82
787  86
792  81
796  97
803  98
822  99
825  80
825  81
