10  10
10  24
10  55
10  69
13  83
13  96
14  14
14  65
14  81
14  98
15  88
15  89
15  90
15  91
16  11
16  13
16  26
16  53
16  66
16  68
17  7
17  72
18  8
18  33
18  37
18  42
18  46
18  71
18  85
18  87
18  92
18  94
21  10
21  17
21  24
21  55
21  62
21  69
25  2
25  77
26  83
26  96
28  81
28  98
30  88
30  89
30  90
30  91
31  14
31  65
34  10
34  24
34  55
34  69
35  13
36  66
37  68
37  92
38  7
38  11
38  26
38  53
38  72
38  85
38  87
38  94
40  83
40  96
41  33
42  5
42  74
42  98
43  8
43  71
43  81
44  37
44  42
44  46
45  30
46  49
47  88
47  89
47  90
47  91
48  69
49  10
49  24
49  55
53  14
54  65
54  83
54  96
56  17
56  62
56  92
57  98
59  81
60  85
60  87
60  94
61  13
64  68
65  66
65  69
65  88
65  89
65  90
65  91
67  24
68  10
68  55
69  83
69  96
72  26
72  98
73  0
73  7
73  33
73  72
73  79
75  11
75  53
76  81
76  92
77  2
80  77
81  90
82  85
82  96
84  83
84  87
84  88
84  89
84  91
85  69
85  94
86  65
87  42
87  98
89  24
90  14
93  55
94  10
94  81
96  92
96  96
97  90
98  8
98  46
100  71
100  83
101  68
102  98
103  13
104  37
104  88
104  89
104  91
105  85
108  26
109  66
109  69
109  96
110  87
112  81
112  94
113  90
115  92
117  83
117  98
120  24
122  96
123  33
124  88
125  89
125  91
128  85
129  90
131  81
132  98
134  55
134  83
134  92
135  96
136  10
136  42
138  69
138  87
140  94
142  65
144  90
146  88
146  91
147  89
147  98
148  96
150  68
150  81
151  85
152  83
153  92
156  26
159  90
161  96
162  2
162  98
166  24
167  87
168  88
168  91
170  81
170  83
170  89
170  94
171  92
172  13
172  64
172  69
175  85
177  98
178  90
178  96
183  33
188  83
189  92
190  81
190  88
190  91
192  98
194  89
197  87
198  96
200  68
201  94
205  90
206  14
206  53
206  83
206  92
206  98
208  11
208  72
208  85
209  81
209  88
209  91
210  69
212  7
212  55
214  10
217  89
218  96
218  98
221  88
221  91
223  92
224  81
224  83
225  24
225  65
227  14
227  87
228  17
230  90
230  98
231  62
232  94
233  88
233  91
237  8
237  96
238  71
239  33
239  81
239  92
241  85
241  89
242  13
242  98
243  83
245  88
245  91
247  69
249  65
250  5
250  74
251  68
253  14
253  98
254  81
255  90
255  92
256  96
257  88
257  91
258  87
262  83
263  94
264  89
264  98
269  81
269  88
269  91
271  92
273  85
275  96
275  98
280  90
281  83
281  88
281  91
282  65
284  24
284  81
285  30
285  69
286  92
286  98
287  14
288  89
289  87
292  33
293  88
293  91
294  94
294  96
295  46
296  98
298  68
299  81
300  83
301  92
304  8
304  88
304  91
305  85
305  90
306  55
307  10
307  98
308  13
308  66
309  71
312  89
312  96
315  81
316  92
317  90
318  37
319  83
320  87
320  98
321  69
322  96
324  85
325  26
325  42
326  94
328  88
328  90
328  91
330  92
332  96
333  66
333  98
336  2
336  89
337  83
339  81
339  90
340  24
341  68
342  26
342  85
342  96
344  33
344  42
344  92
346  98
350  90
351  87
352  96
354  69
354  83
355  55
356  72
356  85
358  91
358  94
359  88
359  89
361  90
362  26
362  81
362  96
363  62
367  42
368  2
368  55
369  66
369  83
369  85
371  72
372  90
372  96
373  24
376  98
382  55
382  77
382  85
382  87
382  96
383  62
383  71
383  89
383  90
384  81
384  83
384  91
385  69
385  88
386  26
388  72
390  94
392  96
393  90
393  92
395  85
396  11
396  42
397  10
397  55
398  0
398  53
399  83
401  96
401  98
403  90
404  7
406  81
407  72
407  89
408  85
409  91
410  62
410  88
410  96
413  83
413  87
415  24
415  55
415  69
415  90
419  26
422  94
424  71
425  85
425  98
428  81
428  83
431  72
431  89
432  92
434  55
434  88
434  91
436  96
443  83
444  85
444  87
445  69
446  62
448  98
450  81
454  94
455  55
455  89
455  90
457  83
458  88
458  91
459  96
460  72
461  24
462  85
467  92
470  98
471  81
471  83
475  69
475  87
478  55
479  89
480  85
481  96
482  88
482  91
485  71
485  83
486  90
486  94
488  10
492  81
492  98
493  72
495  62
496  17
496  85
497  96
499  83
499  90
500  92
503  55
503  89
504  69
505  96
506  24
506  87
506  88
506  91
507  85
508  90
512  46
513  81
513  83
513  96
514  98
515  26
515  42
516  65
517  66
517  90
518  30
518  85
518  94
519  2
521  96
526  90
527  83
527  89
528  72
529  55
529  85
529  91
529  96
530  88
532  92
533  26
533  37
534  42
534  69
534  81
535  90
535  98
537  87
537  96
540  85
541  65
541  83
542  66
544  90
545  2
545  96
546  24
546  69
546  71
546  92
546  98
549  62
549  94
550  89
551  85
552  68
552  91
553  13
553  88
553  90
553  96
554  33
555  26
555  55
555  69
555  81
555  83
555  98
556  92
557  42
561  96
562  24
562  85
562  90
563  98
564  0
564  72
564  88
564  91
565  65
565  68
565  69
566  92
567  81
568  14
568  33
568  87
569  13
569  83
569  96
570  98
571  90
572  88
572  91
573  89
574  66
575  10
575  65
576  8
576  81
576  85
576  92
577  11
577  64
577  96
577  98
579  14
579  68
580  26
580  87
580  88
580  90
580  91
581  94
582  46
582  49
582  74
583  2
583  5
583  81
584  33
584  98
585  10
586  92
587  11
587  65
587  96
588  13
588  66
588  88
588  91
589  53
589  83
589  87
590  14
590  42
590  81
591  89
591  98
593  46
594  7
595  68
596  10
596  83
596  88
596  91
596  92
597  37
597  81
597  94
598  11
599  53
599  77
599  87
599  89
599  98
600  8
600  13
600  14
603  10
603  83
604  81
604  88
604  91
606  46
606  94
607  7
607  89
608  65
609  37
609  53
609  87
609  96
610  10
610  11
610  14
610  17
610  83
611  24
611  81
611  98
612  8
612  88
612  91
614  77
615  5
615  89
615  94
616  74
617  7
617  10
617  83
617  90
618  81
619  87
620  15
620  46
620  53
620  85
620  88
620  91
621  14
621  49
622  37
622  79
623  11
623  17
623  24
623  89
623  96
623  98
624  10
624  83
625  81
625  94
626  8
628  88
628  91
629  7
629  87
631  10
631  83
631  89
632  77
632  81
633  14
633  53
633  65
635  94
635  98
636  24
636  37
636  46
636  55
636  88
636  91
637  11
637  96
638  17
638  83
639  10
639  81
639  87
639  89
642  7
642  8
643  66
644  88
644  91
645  83
645  94
646  14
646  81
647  10
647  53
647  89
647  98
649  87
650  24
651  90
651  96
652  83
652  88
652  91
653  11
653  37
653  81
654  77
655  10
655  46
655  89
655  94
656  7
656  13
656  17
657  92
659  83
659  87
659  98
660  8
660  81
660  88
660  91
661  14
661  55
661  65
663  53
663  89
664  10
664  24
665  94
665  96
666  83
666  98
667  49
667  81
668  79
668  88
668  91
668  92
669  87
671  7
671  11
671  13
671  89
672  37
673  10
673  83
673  85
673  98
674  81
675  24
675  94
676  88
676  91
676  96
677  14
677  46
677  90
677  92
678  17
678  33
678  68
678  87
679  89
680  5
680  83
680  98
681  53
681  81
682  8
682  66
683  96
684  13
684  65
684  77
684  88
684  90
684  91
686  69
686  85
686  92
687  83
687  89
687  94
687  98
688  81
688  87
689  10
690  55
690  96
691  90
692  11
692  68
692  88
692  91
693  26
693  33
693  69
693  71
694  98
695  66
695  81
695  85
695  92
696  42
697  14
697  65
697  83
697  96
698  87
698  90
700  55
700  69
700  74
700  88
700  91
701  98
702  72
702  81
703  46
704  2
704  85
704  92
704  96
705  90
706  62
706  71
708  26
708  68
708  69
708  88
708  91
708  98
709  30
709  89
710  33
711  96
712  65
712  83
712  90
713  85
713  92
714  42
715  55
715  87
716  66
716  69
716  72
717  98
718  81
718  96
719  90
722  85
724  62
725  26
725  96
727  83
727  90
732  71
732  72
732  92
735  85
738  2
738  55
751  83
759  96
760  89
763  94
765  88
765  91
767  98
769  81
776  90
778  83
784  96
791  89
795  98
796  81
798  88
798  91
800  87
800  92
800  94
801  83
805  85
807  90
807  96
819  89
820  98
821  81
823  83
826  88
826  91
829  96
