47  25
47  54
49  99
50  27
55  52
59  85
62  80
72  12
78  67
83  74
85  82
86  99
92  26
96  6
97  59
97  85
105  93
106  61
110  89
117  99
118  82
127  27
129  85
133  12
133  44
133  48
136  31
137  5
137  80
144  74
144  99
148  82
149  93
157  85
157  89
167  26
169  94
169  99
175  82
176  59
179  54
180  52
182  85
186  66
187  93
192  99
195  12
195  61
196  27
197  80
197  89
200  82
205  85
209  74
212  6
213  99
214  13
220  93
223  82
226  85
232  89
233  99
236  41
240  26
245  82
246  85
248  80
250  93
252  12
252  59
252  99
259  27
264  89
265  82
265  85
269  74
270  99
278  61
278  93
283  85
284  82
284  97
287  99
288  52
293  44
293  80
293  89
301  85
302  82
304  93
304  99
305  12
307  26
308  6
311  54
317  27
318  85
320  99
323  89
324  82
327  33
327  46
330  31
330  48
332  59
332  80
334  85
335  25
335  56
336  99
342  33
342  46
343  76
344  3
345  31
345  48
350  85
351  99
353  67
360  25
360  33
360  46
363  31
363  48
365  85
366  54
366  99
371  27
371  80
380  85
380  99
382  33
382  46
383  52
384  48
385  31
393  3
393  76
394  6
394  99
395  85
399  25
400  80
403  94
405  52
405  99
406  27
409  73
409  85
410  33
410  46
410  80
411  31
411  48
412  35
414  94
416  99
418  52
418  58
420  44
420  80
423  21
423  27
423  85
425  94
427  99
428  73
430  80
431  38
433  52
436  94
437  85
438  99
439  35
440  80
441  67
442  27
444  31
444  48
446  54
447  94
448  33
448  46
448  99
449  52
450  80
450  85
453  73
458  94
458  99
460  80
463  27
463  85
469  52
469  99
470  25
471  6
475  94
476  80
476  85
481  48
482  31
482  99
484  82
486  12
487  93
489  85
489  89
490  41
490  54
491  74
492  33
492  46
494  26
494  82
494  99
496  61
497  59
498  12
500  93
501  85
503  89
504  82
506  74
506  99
509  54
511  12
512  26
513  85
514  82
514  93
515  61
517  59
518  89
518  99
519  48
522  76
523  31
523  74
525  12
525  82
525  85
528  93
529  3
529  80
529  99
531  44
533  54
533  89
534  26
535  33
535  94
536  46
536  82
537  80
537  85
538  99
540  27
540  61
541  12
542  52
542  59
542  93
543  6
543  74
545  80
545  94
547  82
547  99
548  85
548  89
550  25
553  80
555  73
555  94
556  27
556  99
557  52
558  48
559  85
561  35
561  80
561  93
562  31
565  94
565  99
569  80
570  85
573  27
573  52
574  67
574  99
575  94
577  80
577  97
578  53
579  5
579  20
580  33
580  46
580  86
581  18
581  85
581  90
583  67
583  99
584  25
584  73
585  80
585  94
586  97
589  5
589  53
590  20
591  52
592  27
592  85
592  86
592  99
593  18
593  67
593  80
593  90
595  38
595  94
595  97
597  31
597  48
600  5
601  25
601  53
601  80
601  99
603  20
603  35
603  67
604  85
604  86
604  97
605  94
606  90
607  18
609  98
610  23
610  77
610  96
611  66
611  80
612  5
612  54
612  75
613  97
614  21
614  67
615  53
615  94
616  86
616  99
618  20
618  78
618  98
619  80
619  85
619  90
619  96
620  23
620  77
621  25
621  46
621  52
621  66
622  33
622  97
623  18
623  54
624  99
625  94
626  5
627  67
627  73
627  75
627  80
628  86
629  6
629  85
631  21
631  27
631  53
631  97
632  31
632  90
632  99
633  48
633  98
635  20
635  80
635  94
635  96
637  23
637  44
637  54
637  66
638  77
639  85
640  52
640  86
640  97
640  99
641  5
641  67
643  18
643  80
645  25
645  90
645  94
646  3
646  75
648  76
648  99
649  27
649  53
649  85
650  97
651  80
653  86
655  20
655  94
656  67
656  99
658  5
659  46
659  80
659  85
659  90
660  97
661  52
661  82
662  33
664  99
665  89
665  93
665  94
666  12
666  86
667  80
668  31
668  48
669  18
669  27
669  82
669  85
670  97
671  53
671  74
672  26
672  99
673  67
673  90
674  25
675  59
675  80
675  94
676  6
676  93
677  12
677  61
677  82
677  89
678  5
679  85
679  86
680  20
680  97
680  99
683  52
683  80
684  35
684  94
685  74
686  73
686  82
687  90
687  93
688  26
688  99
689  12
689  54
689  85
689  89
689  97
690  27
691  67
691  80
692  86
693  59
693  98
694  94
694  96
695  82
696  61
696  99
697  54
698  23
698  53
698  66
698  93
699  74
699  77
699  80
699  85
699  97
700  21
700  33
700  46
701  5
701  89
701  90
701  98
702  12
703  18
703  31
703  48
703  94
703  96
704  82
704  99
705  54
705  75
705  86
706  41
706  52
706  78
707  25
707  26
707  80
708  44
708  85
708  97
709  23
709  66
709  93
709  98
710  67
711  20
711  77
712  27
712  94
712  96
712  99
713  21
713  82
713  89
714  54
714  59
715  74
715  80
715  90
716  12
717  85
717  97
717  98
718  86
720  61
720  99
721  23
721  66
721  93
721  94
721  96
722  25
722  75
722  81
722  82
723  13
723  54
723  80
723  83
724  2
724  56
724  77
725  4
725  98
726  58
726  85
726  89
726  97
727  5
727  78
728  21
728  99
729  52
729  90
730  1
730  25
730  26
730  50
730  81
730  86
730  94
730  96
731  13
731  53
731  67
731  80
731  82
731  83
732  12
732  54
733  2
733  56
733  74
733  93
734  6
734  66
734  98
735  23
735  27
735  48
735  85
735  97
736  4
736  31
736  58
736  99
737  46
738  25
738  80
738  81
739  77
739  83
739  89
739  94
739  96
740  13
740  33
740  59
740  82
741  75
742  18
742  54
742  56
742  86
742  90
743  2
743  73
743  98
743  99
744  85
744  97
745  21
745  80
745  93
746  1
746  81
747  25
747  58
747  83
748  4
748  20
748  94
748  96
749  12
749  61
749  66
749  82
750  13
750  23
750  99
751  5
751  76
752  56
752  67
752  80
752  89
752  98
753  2
753  52
753  54
753  85
753  97
754  74
754  81
754  86
755  83
755  90
756  25
757  26
757  77
757  93
757  94
757  96
757  99
758  27
758  78
758  82
759  80
760  13
760  58
761  3
761  98
762  4
762  81
762  85
762  97
763  56
764  54
764  83
764  99
765  2
765  75
765  89
766  25
766  66
766  80
766  86
766  94
767  1
767  12
767  21
767  35
767  38
767  82
768  31
768  48
768  53
768  90
768  96
769  93
770  81
771  13
771  85
771  97
771  99
772  59
773  80
773  83
774  58
775  33
775  56
775  94
776  46
776  52
776  82
777  25
777  67
777  89
778  2
778  4
778  81
778  99
780  80
780  85
781  74
781  93
782  5
782  27
782  83
783  13
784  94
785  82
785  99
786  81
786  86
787  61
788  12
788  56
788  80
789  6
789  26
789  44
789  85
790  58
790  89
791  83
792  2
793  93
794  81
794  82
794  99
796  1
796  4
797  13
798  85
800  83
802  81
803  29
803  56
803  82
803  89
803  99
805  25
805  93
808  2
808  59
809  83
810  58
810  81
811  85
812  13
812  82
818  81
818  83
818  89
819  4
820  56
822  93
