267  14
267  65
274  85
285  29
297  4
297  53
299  8
301  85
307  66
308  13
334  51
337  4
337  73
338  53
342  8
345  96
348  2
349  76
350  18
351  42
365  96
366  51
376  2
377  76
382  18
384  42
386  96
401  4
405  53
407  96
414  8
414  51
417  2
419  76
424  33
427  68
427  98
428  0
428  96
431  18
433  72
434  70
435  42
446  33
448  92
448  96
451  98
459  4
463  53
467  96
469  8
469  51
469  85
470  2
472  76
473  29
478  14
478  65
481  73
481  85
487  96
489  29
490  47
493  20
493  85
495  65
496  14
496  66
497  13
500  4
500  18
501  32
504  53
505  96
506  42
513  17
520  98
521  8
521  51
522  68
523  0
523  96
525  33
528  2
531  72
532  70
532  76
537  98
538  58
541  96
544  68
546  0
547  33
551  67
555  98
558  96
561  27
564  18
568  72
569  70
571  42
572  68
573  96
573  98
575  0
575  33
578  47
581  85
583  2
584  76
586  32
588  4
588  29
588  96
589  94
590  53
591  50
591  85
592  14
592  65
593  32
593  51
594  8
595  26
595  47
595  71
595  75
596  92
598  94
600  28
600  32
600  85
602  50
603  29
605  96
606  47
606  75
607  6
607  13
607  26
607  71
607  94
608  14
608  65
608  66
610  85
612  28
613  83
614  3
614  4
614  47
614  50
614  77
615  37
615  61
616  53
616  94
618  73
619  75
620  26
620  71
621  32
621  85
622  29
623  83
625  28
625  94
626  3
626  14
626  47
626  65
626  77
627  50
628  37
628  61
629  46
630  11
631  32
631  79
631  81
633  6
633  75
633  83
634  7
634  9
634  59
634  94
635  26
635  71
639  3
639  77
640  28
641  46
642  32
642  61
643  11
643  13
643  37
643  50
644  81
644  83
644  94
645  21
645  79
646  66
646  87
650  75
651  7
651  9
651  14
651  65
652  26
653  71
654  3
654  32
654  46
654  77
654  94
655  12
655  83
657  28
657  81
658  11
659  61
659  62
660  37
661  50
661  79
661  85
662  52
663  94
666  83
667  32
669  46
669  75
671  3
671  77
671  81
672  26
673  6
673  7
673  94
674  9
675  71
676  11
677  28
677  83
679  61
680  32
680  79
681  37
681  47
681  50
681  65
682  14
682  94
684  21
684  85
685  81
686  46
688  47
688  83
691  75
691  77
691  94
692  3
693  85
694  32
695  26
696  47
697  87
699  11
699  81
699  83
700  71
700  94
701  28
701  29
704  50
704  79
705  7
705  61
707  9
707  46
708  37
709  32
709  94
710  83
712  65
713  81
714  14
715  85
716  13
716  77
718  3
718  75
718  94
719  66
721  47
721  83
723  32
724  26
724  85
727  81
727  94
728  11
728  47
729  32
731  28
731  50
731  71
732  46
732  83
733  85
734  29
735  8
735  79
735  96
736  4
736  32
736  47
736  94
737  53
737  61
738  51
741  81
742  37
742  85
743  32
743  47
743  83
744  2
744  18
744  42
744  65
744  76
745  94
745  96
746  14
746  77
748  75
749  47
750  3
750  8
750  29
750  32
750  85
752  4
753  51
754  53
754  83
754  94
754  96
755  12
755  47
755  81
755  98
756  26
757  32
758  7
759  2
759  33
759  50
759  85
760  9
760  18
760  73
760  76
761  42
761  47
761  68
762  0
763  71
763  87
763  94
764  28
764  96
765  83
766  70
766  92
766  98
767  72
768  8
768  29
768  32
768  47
768  85
770  4
770  6
770  51
772  94
773  33
773  53
774  96
776  58
777  2
777  68
777  85
777  98
778  76
779  0
779  14
779  18
779  65
781  42
782  47
783  94
784  96
786  66
786  85
789  33
789  70
789  72
789  98
790  8
791  51
794  96
796  68
797  32
797  67
799  2
800  0
801  98
802  76
803  4
804  18
804  96
808  42
809  33
809  92
813  98
814  85
814  96
818  47
818  94
821  32
821  68
822  85
823  70
823  72
824  47
824  58
824  96
825  53
825  83
826  94
826  98
827  0
828  2
828  32
829  4
830  29
830  85
831  20
831  47
831  51
831  76
831  81
