86
8
30
70
58
32
40
3
27
52
68
16
66
8
4
7
56
70
29
19
23
86
50
77
5
52
15
10
20
47
42
66
82
61
83
57
9
65
32
60
42
28
53
1
55
63
86
22
40
62
97
69
68
78
42
18
4
21
36
52
58
36
2
60
4
8
15
35
32
79
12
11
60
54
16
40
81
97
65
1
15
86
84
98
32
54
71
39
16
57
80
4
26
90
77
74
27
29
39
12
18
35
55
20
23
44
40
47
82
33
90
39
73
77
86
38
33
13
7
44
59
94
7
91
83
40
85
4
18
54
53
61
37
71
25
78
77
30
50
91
20
21
43
53
68
64
7
74
95
31
18
16
7
52
61
9
85
19
59
32
9
17
83
28
5
38
13
11
34
1
39
59
26
82
97
15
48
62
49
54
32
87
15
86
23
88
94
57
90
22
66
72
53
62
17
77
14
11
37
25
61
21
85
49
27
80
79
19
94
13
46
75
23
39
83
5
50
59
10
63
14
46
74
24
49
19
25
3
47
82
75
81
77
71
99
15
25
29
4
95
32
33
15
23
13
56
16
63
87
46
40
39
90
71
81
18
22
60
49
10
21
7
88
41
53
9
52
5
3
57
51
82
65
31
54
24
14
11
6
85
71
83
98
22
34
82
97
91
49
88
32
51
40
34
8
21
17
65
15
36
29
68
28
50
70
35
94
31
7
4
63
90
79
8
61
23
77
21
26
73
38
22
88
99
17
54
85
37
30
42
54
57
30
91
48
65
41
59
12
24
41
82
56
92
35
20
28
91
59
14
72
43
49
25
78
64
53
8
54
62
14
19
54
7
61
4
92
41
37
77
0
43
25
17
33
81
61
5
83
19
56
15
48
9
46
85
25
97
81
3
58
95
41
35
54
80
73
82
16
62
65
17
26
61
42
64
38
22
40
0
41
32
34
18
16
20
35
51
10
63
51
25
0
8
64
23
34
19
21
15
27
55
65
21
33
5
52
24
25
64
15
25
67
52
68
24
55
32
5
50
19
17
76
69
46
33
51
35
3
39
63
32
25
71
21
31
56
26
10
5
2
4
17
77
48
1
7
33
59
49
50
68
44
64
65
74
43
10
47
32
44
38
68
47
20
35
70
19
32
59
31
67
32
4
95
6
25
5
85
63
32
10
48
65
20
14
50
31
52
81
45
68
88
76
93
77
55
19
65
56
96
37
34
41
7
8
63
2
61
62
17
50
54
27
77
0
76
46
10
19
0.000205509
0
2.59966
7.10764
9.23453
9.08774
3.30316
9.77595
9.34812
3.5804
2.81607
5.47429
7.28672
1.91724
4.54969
0.674873
8.82363
4.77742
6.67677
4.32971
5.25072
8.49745
4.26167
8.9132
6.71404
7.97614
0.372426
2.61666
4.18069
3.15064
1.0132
0.797573
3.28394
0.852434
7.14031
2.02639
1.47267
0.588413
6.46889
2.09281
2.00183
1.54244
5.54164
2.4787
1.8029
5.26604
0.00210222
9.06056
8.11432
8.61716
5.2662
8.78016
1.64365
7.84142
3.07034
5.93279
4.63282
7.77004
2.0606
1.40747
5.85507
9.68811
8.32624
6.37604
5.98528
0
3.15939
3.13089
8.04296
4.33538
3.89841
3.43739
6.0367
1.47473
7.5797
5.28162
1.19625
4.49301
2.53479
9.21905
7.34015
8.42106
8.83304
6.33852
0
3.43888
1.35188
7.60222
9.61164
5.35804
9.99946
5.66684
4.23846
4.2014
3.58568
8.71041
3.89614
0.444109
9.36868
8.80966
9.16811
5.45269
7.22227
7.98009
5.74316
7.41673
8.08555
7.43521
1.57423
4.7401
8.04355
8.74876
7.81489
9.99978
6.37416
4.55981
6.19062
6.92351
6.89773
0.229841
1.55854
0.996368
5.22896
1.77606
5.9304
2.78364
0.622357
1.26431
1.67789
8.6577
6.4093
7.58292
6.90393
4.18128
4.71805
2.00921
9.95654
7.42346
9.85884
3.675
3.33093
1.42914
1.91402
4.46428
0.0944966
3.38336
4.65144
0
0.99018
4.25005
6.98001
9.53906
4.47767
2.38555
7.32001
0.274043
4.88517
2.63215
5.70533
9.14834
9.06302
8.36465
10
3.89858
8.99599
0.814114
5.45181
2.19889
0.58274
2.08198
4.94253
7.32901
3.56594
8.63134
9.29395
8.11877
3.33514
3.43134
8.01877
2.2312
4.74855
4.49639
9.97418
6.71718
3.79018
2.03541
1.31404
6.52825
5.69757
4.70607
2.91398
2.9136
5.02851
3.51331
2.19094
8.45099
2.51754
1.06053
8.52999
9.55606
3.97494
9.45583
4.39516
8.23395
7.92478
4.80547
9.99983
6.37891
3.55901
2.18014
2.3137
8.07146
9.52489
7.01364
8.3662
5.34928
6.5847
5.70241
7.11271
6.72849
5.96325
9.49984
3.93808
4.1986
0
1.57249
5.90176
3.84785
7.61088
9.87929
4.19647
2.20791
10
7.36227
0.507253
6.66139
0.0907328
7.28892
7.70123
8.14335
6.92621
2.19413
7.49592
8.61157
4.5155
9.46447
2.49138
0.305825
5.13922
3.68394
8.36952
8.10858
9.00297
5.68284
3.36951
0.920011
6.38438
8.81322
7.72943
3.72297
3.13104
0.0813233
4.57907
2.06227
4.54154
9.94762
7.69501
8.22084
6.47771
7.08869
9.53828
3.85518
1.94392
7.76149
4.41312
2.41651
7.6971
7.79435
2.74703
9.33316
8.7083
2.54603
8.52678
1.4077
4.43023
8.54713
2.55161
5.72569
4.79072
5.22606
9.99996
8.91663
6.75952
6.88902
6.31017
0.540855
8.44804
3.00694
9.40844
9.99999
6.92076
2.0092
1.84171
9.5837
3.24808
1.88428
7.00195
3.80439
0.394522
6.9308
6.23694
5.48686
2.59526
0.140488
8.66784
4.12883
9.60353
8.76275
5.39482
0.243886
5.70697
1.02622
5.47194
2.13569
7.8729
6.5027
2.19924
7.57072
10
3.38331
5.28373
9.09667
9.12684
8.59789
4.49594
8.56403
4.19442
7.41268
2.08565
6.1053
1.17719
9.18857
1.62514
4.02844
2.24781
6.32518
9.06788
7.18478
9.75724
0.855311
1.86228
10
1.48904
0
5.94682
3.5859
7.28863
3.27512
0.92395
1.38923
1.21116
5.58698
1.5807
4.02093
1.01027
9.06382
2.98618
7.51462
7.32244
0.162008
1.68241
4.11369
8.59055
2.71115
5.11967
9.86541
4.59868
8.61487
0.80839
2.08241
7.18666
1.18541
5.21907
6.8576
0.781531
9.38403
5.25476
5.54305
2.25336
6.66353
5.13397
2.63091
2.99147
5.3493
4.50542
4.978
0.708948
8.0937
0.724113
5.6994
2.20218
5.63963
6.57793
7.01927
2.43065
1.02334
2.617
4.61038
9.99888
9.13048
2.23937
3.01144
7.40836
1.1555
2.47406
3.11403
6.83091
2.19992
8.88187
4.78909
3.72989
0.403533
5.35378
9.38681
2.67954
9.64663
8.79496
0.320496
4.2351
9.57065
4.89681
0.512309
4.9548
4.0774
3.85939
5.92936
7.61235
7.23574
4.78827
7.70368
6.48103
5.65264
8.90797
1.39128
7.36718
3.27224
2.2161
1.89097
0
6.74317
-0.589429
-0.000886476
0.261916
-0.461788
-58.9429
-0.00354591
315.848
100
