0 0.635061 0.498513 0.000929544 0s
1 0.650183 0.531226 0.00106432 5.583s
2 0.655936 0.572467 0.00133316 5.3982s
3 0.671802 0.607563 0.00079167 5.45723s
4 0.676035 0.621964 0.000890261 5.31825s
5 0.704763 0.638115 0.000519827 5.34485s
6 0.704763 0.642952 0.0007232 5.39687s
7 0.705303 0.655313 0.000494355 5.30781s
8 0.705303 0.658711 0.000602312 5.33263s
9 0.725179 0.663269 0.000694308 5.33412s
10 0.736901 0.660426 0.00113688 5.31042s
11 0.73717 0.607598 0.00573617 5.34941s
12 0.73717 0.614504 0.00564093 5.44458s
13 0.737438 0.611708 0.00687115 5.29331s
14 0.740942 0.630345 0.00762372 5.38678s
15 0.740942 0.661783 0.00786634 5.36061s
16 0.746373 0.670285 0.00815095 5.30075s
17 0.746641 0.675701 0.00825939 5.3098s
18 0.748731 0.672034 0.00938502 5.29002s
19 0.748731 0.683685 0.00873592 5.39441s
20 0.748731 0.697466 0.00724245 5.34805s
21 0.748731 0.719202 0.0023014 5.4074s
22 0.748731 0.712665 0.00310525 5.37128s
23 0.748731 0.721723 0.00237894 5.2973s
24 0.748731 0.7245 0.0020321 5.31126s
25 0.748731 0.716877 0.0028826 5.31101s
26 0.748731 0.719596 0.00237021 5.3119s
27 0.748731 0.723701 0.00217243 5.35337s
28 0.748731 0.719265 0.00255991 5.28498s
29 0.748731 0.714463 0.0029938 5.38896s
30 0.748731 0.721676 0.00232065 5.33955s
31 0.748731 0.687793 0.00871773 5.31907s
32 0.748731 0.684611 0.00931056 5.61041s
33 0.748731 0.700968 0.00731715 5.38008s
34 0.748731 0.689986 0.00911866 5.31961s
35 0.748731 0.699201 0.00773746 5.36672s
36 0.748731 0.697938 0.0077674 5.32793s
37 0.748731 0.690764 0.00877339 5.3687s
38 0.748731 0.68099 0.00973652 5.40851s
39 0.748731 0.678147 0.0100708 5.32715s
40 0.748731 0.691414 0.00853631 5.36216s
41 0.748731 0.72935 0.00164693 5.31608s
42 0.748731 0.726722 0.00195362 5.3855s
43 0.748731 0.729063 0.00173411 6.43762s
44 0.748731 0.727523 0.00179448 5.3811s
45 0.748731 0.731177 0.00146709 5.37582s
46 0.748731 0.720661 0.00231475 5.31422s
47 0.748731 0.712153 0.00316094 5.31653s
48 0.748731 0.723791 0.00207799 5.34957s
49 0.748731 0.720669 0.00227696 5.3004s
50 0.748731 0.724537 0.00205549 5.31031s
51 0.748731 0.690371 0.00859121 5.31738s
52 0.748731 0.69366 0.008752 5.27854s
53 0.748731 0.697372 0.00783053 5.28559s
54 0.748731 0.704361 0.00736597 5.30351s
55 0.748731 0.700445 0.00749698 5.37s
56 0.748731 0.681539 0.00977355 5.34517s
57 0.748731 0.688351 0.00914056 5.32816s
58 0.748731 0.683478 0.00969478 5.36971s
59 0.748731 0.689103 0.00883201 5.33858s
60 0.748732 0.68109 0.0100859 5.31051s
61 0.748732 0.723398 0.0021779 5.32984s
62 0.748732 0.730439 0.00119552 5.39892s
63 0.748732 0.730291 0.00156498 5.33291s
64 0.748732 0.729114 0.00153588 5.36705s
65 0.748732 0.73579 0.00107346 5.33167s
66 0.748732 0.739419 0.000767013 5.31866s
67 0.748732 0.73355 0.00121769 5.28386s
68 0.748732 0.73307 0.00130918 5.28668s
69 0.748732 0.73654 0.00102337 5.39746s
70 0.748732 0.735098 0.00111572 5.30428s
71 0.748732 0.713619 0.00591431 5.30794s
72 0.748732 0.714723 0.00532448 5.29208s
73 0.748732 0.700364 0.00803108 5.34537s
74 0.748732 0.715523 0.00551231 5.35352s
75 0.748732 0.710304 0.00631372 5.32176s
76 0.748732 0.714235 0.00539361 5.3007s
77 0.748732 0.718386 0.00521105 5.41206s
78 0.748732 0.695719 0.00824543 5.30815s
79 0.748732 0.705735 0.00696584 5.37474s
80 0.748732 0.716421 0.00564286 5.28252s
81 0.748732 0.737706 0.000897437 5.35417s
82 0.748732 0.735983 0.000971205 5.28068s
83 0.748732 0.738176 0.000788982 5.28467s
84 0.748732 0.737816 0.000793827 5.26459s
85 0.748732 0.736605 0.000938307 5.35573s
86 0.748732 0.739944 0.000570364 5.34708s
87 0.748732 0.737387 0.000865145 5.33971s
88 0.748732 0.738739 0.00068274 5.30548s
89 0.748732 0.732024 0.00124268 5.28751s
90 0.748732 0.74243 0.000386535 5.33036s
91 0.748732 0.706216 0.00668972 5.2939s
92 0.748732 0.714912 0.00546166 5.30779s
93 0.748732 0.69758 0.00832004 5.41127s
94 0.748732 0.704113 0.00703393 5.33404s
95 0.748732 0.722121 0.00444498 5.29537s
96 0.748732 0.723312 0.0044041 5.31257s
97 0.748732 0.711524 0.00595765 5.29131s
98 0.748732 0.71292 0.00584831 5.33364s
99 0.748732 0.712804 0.00607469 5.31164s
100 0.748732 0.711068 0.00610198 5.29355s
101 0.748732 0.73607 0.000875112 5.38739s
102 0.748732 0.738274 0.00067111 5.41992s
103 0.748732 0.735852 0.000994362 5.31283s
104 0.748732 0.729815 0.00153281 5.33068s
105 0.748732 0.733179 0.00141842 5.32342s
106 0.748732 0.732385 0.00134187 5.36659s
107 0.748732 0.737246 0.000827541 5.31276s
108 0.748732 0.735818 0.000989648 5.2759s
109 0.748732 0.737793 0.000842075 5.28551s
110 0.748732 0.730895 0.00130038 5.36975s
111 0.748732 0.703989 0.007137 5.28999s
112 0.748732 0.701352 0.00720123 5.3072s
113 0.748732 0.710335 0.00618374 5.62817s
114 0.748732 0.713938 0.0056805 5.35374s
115 0.748732 0.719618 0.00450716 5.29186s
116 0.748732 0.703253 0.00697167 5.33251s
117 0.748732 0.709276 0.00594249 5.3978s
118 0.748732 0.717611 0.00525055 5.29524s
119 0.748732 0.714924 0.00570278 5.37243s
120 0.748732 0.71522 0.00535924 5.31606s
121 0.748732 0.731666 0.00132983 5.35597s
122 0.748732 0.73555 0.00100519 5.34226s
123 0.748732 0.729327 0.00150876 5.36032s
124 0.748732 0.73571 0.000928851 5.27952s
125 0.748732 0.734215 0.00102745 5.38094s
126 0.748732 0.732314 0.00132848 5.27153s
127 0.748732 0.733761 0.00119796 5.39188s
128 0.748732 0.730335 0.00139396 5.30122s
129 0.748732 0.737306 0.00101625 5.3663s
130 0.748732 0.737218 0.00090685 5.38265s
131 0.748732 0.716845 0.00534178 5.2888s
132 0.748732 0.711639 0.00625072 5.3714s
133 0.748732 0.710993 0.00630169 5.33176s
134 0.748732 0.704842 0.00708523 5.33903s
135 0.748732 0.707372 0.00654988 5.36699s
136 0.748732 0.716286 0.00543007 5.33355s
137 0.748732 0.716426 0.00523024 5.32498s
138 0.748732 0.708372 0.00670062 5.31764s
139 0.748732 0.718923 0.00486764 5.29958s
140 0.748732 0.706978 0.00635045 5.28212s
141 0.748732 0.735956 0.000971927 5.40777s
142 0.748732 0.733981 0.00122738 5.34502s
143 0.748732 0.736768 0.0009493 5.26904s
144 0.748732 0.736791 0.000875997 5.31954s
145 0.748732 0.738891 0.000732383 5.31671s
146 0.748732 0.741413 0.000531183 5.28884s
147 0.748732 0.736244 0.000846029 5.37691s
148 0.748732 0.727129 0.00169158 5.30576s
149 0.748732 0.732933 0.00128678 5.28433s
150 0.748732 0.738558 0.000726435 5.30748s
151 0.748732 0.718079 0.00525347 5.32543s
152 0.748732 0.72687 0.00381066 5.28227s
153 0.748732 0.712523 0.00600314 5.37677s
154 0.748732 0.706173 0.0068865 5.36756s
155 0.748732 0.706595 0.00692539 5.37902s
156 0.748732 0.704059 0.0072108 6.48652s
157 0.748732 0.708136 0.00643683 5.37537s
158 0.748732 0.722018 0.00452689 5.29974s
159 0.748732 0.711168 0.00622659 5.3313s
160 0.748732 0.711427 0.00650207 5.3147s
161 0.748732 0.736251 0.000980215 5.29062s
162 0.748732 0.728731 0.00173911 5.32806s
163 0.754473 0.735573 0.00103351 5.35282s
164 0.754473 0.733085 0.00116311 5.27417s
165 0.754473 0.736526 0.000938027 5.37889s
166 0.754473 0.725704 0.00235637 5.54783s
167 0.754473 0.721613 0.00293457 5.28685s
168 0.754473 0.730398 0.00212799 5.27592s
169 0.754473 0.736748 0.00147827 5.29823s
170 0.754473 0.726277 0.00237428 5.36067s
171 0.754473 0.701021 0.00845776 5.35968s
172 0.754473 0.698199 0.00895461 5.34128s
173 0.754473 0.701224 0.00853864 5.32563s
174 0.754473 0.701176 0.00842628 5.33198s
175 0.754473 0.705337 0.00783523 5.3086s
176 0.754473 0.7251 0.00522039 5.28928s
177 0.754473 0.700906 0.00852292 5.37424s
178 0.754473 0.708306 0.00767849 5.33369s
179 0.754473 0.712988 0.00662227 5.34384s
180 0.754473 0.715684 0.00623783 5.36834s
181 0.754473 0.73629 0.00147854 5.37893s
182 0.754708 0.736682 0.00165138 5.30889s
183 0.754708 0.74069 0.00106284 5.34752s
184 0.754708 0.73629 0.00144517 5.25964s
185 0.754708 0.737962 0.00125231 5.33407s
186 0.754708 0.733809 0.00184462 5.2833s
187 0.754708 0.731235 0.00208281 5.29218s
188 0.754708 0.728325 0.00233367 5.28831s
189 0.754708 0.736717 0.00139877 5.34945s
190 0.754708 0.732286 0.00186639 5.35113s
191 0.754708 0.706136 0.00776099 5.30511s
192 0.754708 0.723941 0.00550654 5.39946s
193 0.754708 0.71466 0.00681976 5.33969s
194 0.754708 0.710068 0.00729483 5.28402s
195 0.754708 0.715349 0.00697372 5.29227s
196 0.754708 0.712958 0.00725838 5.33942s
197 0.754708 0.716765 0.00655365 5.36242s
198 0.754708 0.721239 0.00567343 5.34376s
199 0.754708 0.716754 0.00605982 5.28155s
200 0.754708 0.715424 0.006735 5.30737s
201 0.754708 0.730955 0.00213549 5.31157s
202 0.754708 0.728608 0.00220349 5.33554s
203 0.754708 0.741993 0.000903172 5.34007s
204 0.754708 0.741165 0.00104885 5.33945s
205 0.754708 0.73647 0.0016134 5.40147s
206 0.754708 0.735146 0.00170511 5.32485s
207 0.754708 0.735059 0.00179738 5.29835s
208 0.754708 0.733881 0.00177242 5.29621s
209 0.754708 0.733138 0.00148853 5.36546s
210 0.769197 0.732895 0.00172845 5.27756s
211 0.769919 0.703545 0.00828745 5.37591s
212 0.769919 0.701417 0.00864959 5.38869s
213 0.774635 0.704919 0.00863699 5.28327s
214 0.775357 0.711625 0.00884345 5.40823s
215 0.775357 0.717948 0.00900416 5.29359s
216 0.775357 0.710721 0.0106231 5.28017s
217 0.775357 0.714464 0.0104979 5.38176s
218 0.775357 0.722278 0.00865952 5.3133s
219 0.775357 0.733047 0.0075806 5.34267s
220 0.775357 0.738656 0.00668682 5.31421s
221 0.775357 0.745901 0.00309003 5.29422s
222 0.775357 0.750971 0.0024902 5.3724s
223 0.775357 0.753121 0.00216132 5.34524s
224 0.775357 0.759601 0.00144196 5.3841s
225 0.775357 0.753791 0.00212472 5.34081s
226 0.775357 0.748261 0.00255465 5.28905s
227 0.775357 0.750443 0.00256688 5.30035s
228 0.775357 0.746689 0.00267033 5.29375s
229 0.775357 0.750366 0.0028351 5.36549s
230 0.775357 0.751248 0.00244521 5.38162s
231 0.775357 0.730972 0.00858441 5.29766s
232 0.775357 0.723757 0.00934715 5.33005s
233 0.775357 0.731798 0.00806344 5.30885s
234 0.775357 0.722459 0.00970498 5.33222s
235 0.775357 0.717992 0.0104689 5.3001s
236 0.775357 0.719416 0.00947869 5.34893s
237 0.775357 0.72695 0.00849754 5.36576s
238 0.775357 0.713422 0.0104823 5.33785s
239 0.775357 0.711994 0.0106128 5.34588s
240 0.775357 0.719421 0.01041 5.30045s
241 0.775357 0.744725 0.0029138 5.34647s
242 0.775357 0.757222 0.00156757 5.35505s
243 0.775357 0.750759 0.0024793 5.38069s
244 0.775357 0.751669 0.00255798 5.31146s
245 0.775357 0.755458 0.00189657 5.30446s
246 0.775357 0.747506 0.00254751 5.33042s
247 0.775357 0.74925 0.00284541 5.34796s
248 0.775357 0.749597 0.00277262 5.3059s
249 0.775357 0.753152 0.00218445 5.27703s
250 0.775357 0.750186 0.0022076 5.36426s
251 0.775357 0.737196 0.00718119 5.2766s
252 0.775357 0.730997 0.00830485 5.37477s
253 0.775357 0.728137 0.00832645 5.35043s
254 0.775357 0.728524 0.00831403 5.32934s
255 0.775357 0.728915 0.0086754 5.3018s
256 0.775357 0.728711 0.00868569 5.32425s
257 0.775357 0.715085 0.0105564 5.29021s
258 0.775357 0.727558 0.00932774 5.33206s
259 0.775357 0.728667 0.00823353 5.36932s
260 0.775357 0.7202 0.00994682 5.34978s
261 0.775357 0.751299 0.00235589 5.32428s
262 0.775357 0.758888 0.00150423 5.31559s
263 0.775357 0.747881 0.00275626 5.36447s
264 0.775357 0.749022 0.00266685 5.33998s
265 0.775357 0.74912 0.00264647 5.4115s
266 0.775357 0.748633 0.0025818 5.36545s
267 0.775357 0.753546 0.00197701 5.34839s
268 0.775357 0.743259 0.00343233 5.28458s
269 0.775357 0.753259 0.00176166 6.67093s
270 0.775357 0.763986 0.000915744 5.39899s
271 0.775357 0.738844 0.00671966 5.39003s
272 0.775357 0.726635 0.00851633 5.35689s
273 0.775357 0.725581 0.00900378 5.3871s
274 0.775357 0.733357 0.00736185 5.30831s
275 0.775357 0.720278 0.0100476 5.3275s
276 0.775357 0.717823 0.00975272 5.33974s
277 0.775357 0.742227 0.00663532 5.30938s
278 0.775357 0.713574 0.0107086 5.41196s
279 0.775357 0.717983 0.0106877 5.28527s
280 0.775357 0.729827 0.00832515 5.33259s
281 0.775357 0.756751 0.00173527 5.29967s
282 0.775357 0.762189 0.00120655 5.27674s
283 0.775357 0.748705 0.00241338 5.34326s
284 0.775357 0.758497 0.00162032 5.32688s
285 0.775357 0.751468 0.00214691 5.38654s
286 0.775357 0.758796 0.00152332 5.3061s
287 0.775357 0.752398 0.00214037 5.30764s
288 0.775357 0.758173 0.00164528 5.31352s
289 0.775357 0.749322 0.00265261 5.30074s
290 0.775357 0.761989 0.00125198 5.33153s
291 0.775357 0.724646 0.00858606 5.32968s
292 0.775357 0.730047 0.00889524 5.29024s
293 0.775357 0.737582 0.00662197 5.40432s
294 0.775357 0.723476 0.00895071 5.32494s
295 0.775357 0.72267 0.00940193 5.36373s
296 0.775357 0.722908 0.00900285 5.33818s
297 0.775357 0.735831 0.00730015 5.31461s
298 0.775357 0.721885 0.00965852 5.29155s
299 0.775357 0.708303 0.0116232 5.26544s
300 0.775357 0.740252 0.00643444 5.28496s
301 0.775357 0.757572 0.00173533 5.29462s
302 0.775357 0.755433 0.00185143 5.32305s
303 0.775357 0.747704 0.00279596 5.34442s
304 0.775357 0.750545 0.00238114 5.26968s
305 0.775357 0.749562 0.00241695 5.27602s
306 0.775357 0.750556 0.00246299 5.34861s
307 0.775357 0.752838 0.00214636 5.32572s
308 0.775357 0.750684 0.00271858 5.28158s
309 0.775357 0.757426 0.00167365 5.34849s
310 0.775357 0.759002 0.00158344 5.3767s
311 0.775357 0.72544 0.00887821 5.28264s
312 0.775357 0.72288 0.0093286 5.31544s
313 0.775357 0.731192 0.00802627 5.32187s
314 0.775357 0.716725 0.0104106 5.34587s
315 0.775357 0.725232 0.00886505 5.27595s
316 0.775357 0.725075 0.00950905 5.30108s
317 0.775357 0.727076 0.00854076 5.3648s
318 0.775357 0.727735 0.00853901 5.32159s
319 0.775357 0.727718 0.00892403 5.41131s
320 0.775357 0.731024 0.0085807 5.33477s
321 0.775357 0.749445 0.00243664 5.29952s
322 0.775357 0.746274 0.00286097 5.27778s
323 0.775357 0.752634 0.002316 5.3199s
324 0.775357 0.743023 0.00314819 5.36607s
325 0.775357 0.755249 0.00207474 5.30785s
326 0.775357 0.751816 0.00198029 5.38351s
327 0.775357 0.753631 0.00201997 5.28924s
328 0.775357 0.756906 0.00180203 5.3074s
329 0.775357 0.748883 0.00268987 5.31783s
330 0.775357 0.747927 0.00271155 5.29726s
331 0.775357 0.725363 0.00915054 5.35166s
332 0.775357 0.721785 0.00961661 5.48332s
333 0.775357 0.713712 0.0107613 5.30512s
334 0.775357 0.730056 0.00843356 5.31848s
335 0.775357 0.725435 0.00910517 5.33994s
336 0.775357 0.718369 0.010173 5.28557s
337 0.775357 0.716422 0.0101787 5.29424s
338 0.775357 0.724085 0.00884273 5.41331s
339 0.775357 0.719502 0.00947575 5.27479s
340 0.775357 0.722296 0.009259 5.35373s
341 0.775357 0.753017 0.00246747 5.34114s
342 0.775357 0.745903 0.00284811 5.30489s
343 0.775357 0.74827 0.00257782 5.30318s
344 0.775357 0.743607 0.00274372 5.35772s
345 0.775357 0.750726 0.00219576 5.36448s
346 0.775357 0.743066 0.00342091 5.27837s
347 0.775357 0.752595 0.00205341 5.34003s
348 0.775357 0.749812 0.00228319 5.27669s
349 0.775357 0.749015 0.00279961 5.26759s
350 0.775357 0.756931 0.00187252 5.34625s
351 0.775357 0.70031 0.0125645 5.28073s
352 0.775357 0.721821 0.00913656 5.30169s
353 0.775357 0.728057 0.0088648 5.33265s
354 0.775357 0.713873 0.0110928 5.33855s
355 0.775357 0.726567 0.00868859 5.32328s
356 0.775357 0.723858 0.00928204 5.37119s
357 0.775357 0.724122 0.00919312 5.30332s
358 0.775357 0.723435 0.00927939 5.33646s
359 0.775357 0.735338 0.00751548 5.29148s
360 0.775357 0.740185 0.00700707 5.3658s
361 0.775357 0.753378 0.00219066 5.3079s
362 0.775357 0.755491 0.00178091 5.35368s
363 0.775357 0.750396 0.00247714 5.30199s
364 0.775357 0.758638 0.00161309 5.2923s
365 0.775357 0.75438 0.00197968 5.30405s
366 0.775357 0.754036 0.00190543 5.35925s
367 0.775357 0.75363 0.00220338 5.29264s
368 0.775357 0.755131 0.00171218 5.34093s
369 0.775357 0.748822 0.00261841 5.33166s
370 0.775357 0.743566 0.0029614 5.30946s
371 0.775357 0.729489 0.00811007 5.30334s
372 0.775357 0.723958 0.00889364 5.34494s
373 0.775357 0.726413 0.00874484 5.32094s
374 0.775357 0.731703 0.00792648 5.42953s
375 0.775357 0.730532 0.00845463 5.32927s
376 0.775357 0.718572 0.0102508 5.37711s
377 0.775357 0.717862 0.0102774 5.39422s
378 0.775357 0.720029 0.0104851 5.37303s
379 0.775357 0.714757 0.0105148 5.30318s
380 0.775357 0.718788 0.0100404 5.34868s
381 0.775357 0.753674 0.00226504 5.33615s
382 0.775357 0.759025 0.00145442 5.33932s
383 0.775357 0.751167 0.00235496 6.49982s
384 0.775357 0.751436 0.00222016 5.33393s
385 0.775357 0.75049 0.00240626 5.349s
386 0.775357 0.745802 0.00297563 5.27113s
387 0.775357 0.746035 0.00312951 5.30645s
388 0.775357 0.743968 0.00288906 5.28047s
389 0.775357 0.751449 0.00226641 5.3884s
390 0.775357 0.749428 0.0025981 5.38653s
391 0.775357 0.726411 0.00874024 5.28759s
392 0.775357 0.729488 0.00839769 5.30373s
393 0.775357 0.726862 0.00905447 5.32861s
394 0.775357 0.731564 0.00782114 5.29366s
395 0.775357 0.747198 0.00541362 5.35992s
396 0.775357 0.717037 0.00978701 5.29175s
397 0.775357 0.722363 0.00916172 5.29722s
398 0.775357 0.715695 0.0110535 5.37352s
399 0.775357 0.724273 0.00900035 5.28315s
400 0.775357 0.723171 0.00934219 5.3483s
401 0.775357 0.751916 0.00221752 5.34104s
402 0.775357 0.759842 0.00145721 5.31864s
403 0.775357 0.746563 0.00284822 5.31629s
404 0.775357 0.749824 0.00242976 5.28465s
405 0.775357 0.748615 0.0024913 5.36094s
406 0.775357 0.759411 0.00148941 5.31998s
407 0.775357 0.74704 0.00272323 5.34361s
408 0.775357 0.750238 0.00245953 5.27781s
409 0.775357 0.745107 0.00288249 5.28464s
410 0.775357 0.744352 0.00294709 5.28344s
411 0.775357 0.711553 0.0113824 5.40404s
412 0.775357 0.729142 0.00848534 5.30908s
413 0.775357 0.7283 0.0083328 5.30869s
414 0.775357 0.721081 0.00960462 5.36045s
415 0.775357 0.723105 0.00913718 5.37988s
416 0.775357 0.727958 0.00845169 5.354s
417 0.775357 0.715402 0.010523 5.33192s
418 0.775357 0.728578 0.00850632 5.3466s
419 0.775357 0.714338 0.010098 5.34295s
420 0.775357 0.72187 0.00953136 5.3675s
421 0.775357 0.744578 0.00299409 5.3055s
422 0.775357 0.750444 0.00237355 5.37367s
423 0.775357 0.74544 0.00304448 5.31101s
424 0.775357 0.754768 0.00185855 5.35326s
425 0.775357 0.749177 0.00263448 5.34685s
426 0.775357 0.748347 0.00257174 5.31276s
427 0.775357 0.752233 0.00227879 5.30754s
428 0.775357 0.754861 0.00202501 5.37082s
429 0.775357 0.750975 0.0024641 5.2655s
430 0.775357 0.742962 0.00327886 5.34614s
431 0.775357 0.726468 0.00879401 5.31745s
432 0.775357 0.727401 0.00889317 5.29061s
433 0.775357 0.720184 0.00968375 5.32682s
434 0.775357 0.734329 0.0076553 5.34005s
435 0.775357 0.718119 0.010112 5.38626s
436 0.775357 0.732998 0.0078399 5.27753s
437 0.775357 0.729704 0.00829286 5.2847s
438 0.775357 0.723587 0.00951733 5.39307s
439 0.775357 0.733616 0.00718394 5.33693s
440 0.775357 0.726105 0.00900548 5.29107s
441 0.775357 0.744755 0.00291771 5.32204s
442 0.775357 0.750157 0.00248926 5.31658s
443 0.775357 0.750132 0.00260438 5.28003s
444 0.775357 0.744043 0.00289795 5.36013s
445 0.775357 0.756616 0.00175356 5.33776s
446 0.775357 0.753865 0.00202364 5.33168s
447 0.775357 0.753642 0.00201644 5.35662s
448 0.775357 0.747083 0.00283462 5.30926s
449 0.775357 0.749234 0.00235864 5.52617s
450 0.775357 0.749628 0.00231688 5.27884s
451 0.775357 0.740238 0.00641767 5.41398s
452 0.775357 0.736742 0.00726268 5.3719s
453 0.775357 0.724529 0.00875021 5.35511s
454 0.775357 0.710499 0.0111844 5.3327s
455 0.775357 0.726582 0.00896248 5.35252s
456 0.775357 0.729205 0.00825109 5.27077s
457 0.775357 0.726441 0.00898374 5.32715s
458 0.775357 0.717909 0.0106544 5.29147s
459 0.775357 0.730578 0.00782837 5.31882s
460 0.775357 0.730888 0.00848306 5.32181s
461 0.775357 0.749591 0.00253494 5.32039s
462 0.775357 0.751821 0.00234109 5.36076s
463 0.775357 0.751399 0.00246103 5.31227s
464 0.775357 0.752727 0.0021215 5.40813s
465 0.775357 0.749121 0.00241052 5.30205s
466 0.775357 0.746406 0.00272872 5.34395s
467 0.775357 0.755338 0.00212266 5.31775s
468 0.775357 0.75074 0.00240366 5.30534s
469 0.775357 0.748555 0.00238823 5.3262s
470 0.775357 0.754184 0.00200111 5.40479s
471 0.775357 0.721857 0.0097977 5.31643s
472 0.775357 0.718407 0.00975924 5.33353s
473 0.775357 0.726933 0.00868326 5.32672s
474 0.775357 0.734429 0.00765517 5.31605s
475 0.775357 0.716334 0.0102183 5.37345s
476 0.775357 0.728878 0.00836523 5.27642s
477 0.775357 0.718201 0.010229 5.33944s
478 0.775357 0.721772 0.00903606 5.35955s
479 0.775357 0.727069 0.00896235 5.3795s
480 0.775357 0.729708 0.00814179 5.39078s
481 0.775357 0.762255 0.00110124 5.29226s
482 0.775357 0.746095 0.00299462 5.30902s
483 0.775357 0.748838 0.00288166 5.2947s
484 0.775357 0.752055 0.0024329 5.34423s
485 0.775357 0.757803 0.00161467 5.35794s
486 0.775357 0.748779 0.00247596 5.88503s
487 0.775357 0.746857 0.00287994 5.33935s
488 0.775357 0.743391 0.00321988 5.29779s
489 0.775357 0.752036 0.00243265 5.26514s
490 0.775357 0.756974 0.00170901 5.30827s
491 0.775357 0.725443 0.00864721 5.30152s
492 0.775357 0.719071 0.00988211 5.3424s
493 0.775357 0.724136 0.00904699 5.32189s
494 0.775357 0.739374 0.00658463 5.34841s
495 0.775357 0.739826 0.00655703 5.3478s
496 0.775357 0.725333 0.00949382 7.14711s
497 0.775357 0.718303 0.00959991 5.35118s
498 0.775357 0.723156 0.00928451 5.2792s
499 0.775357 0.735003 0.00760607 5.37128s
500 0.775357 0.737423 0.0070146 5.27305s
501 0.775357 0.739985 0.00346299 5.35548s
502 0.775357 0.750048 0.00256435 5.33086s
503 0.775357 0.745375 0.00254083 5.38092s
504 0.775357 0.752238 0.00212342 5.29042s
505 0.775357 0.755884 0.0017023 5.35822s
506 0.775357 0.757708 0.00158018 5.32912s
507 0.775357 0.750967 0.00244144 5.29098s
508 0.775357 0.751234 0.00247808 5.38546s
509 0.775357 0.743683 0.00274918 5.36014s
510 0.775357 0.745328 0.00276975 5.32048s
511 0.775357 0.724168 0.00930994 5.31091s
512 0.775357 0.728392 0.00858662 5.3202s
513 0.775357 0.716781 0.0100998 5.31099s
514 0.775357 0.728054 0.00888582 5.34752s
515 0.775357 0.728989 0.00834021 5.32048s
516 0.775357 0.734848 0.00792141 5.3101s
517 0.775357 0.727932 0.0087107 5.35371s
518 0.775357 0.723654 0.00929007 5.32544s
519 0.775357 0.726713 0.00841241 5.32669s
520 0.775357 0.728811 0.00867814 5.32213s
521 0.775357 0.752387 0.00214368 5.27816s
522 0.775357 0.749194 0.00260703 5.34833s
523 0.775357 0.756661 0.00203695 5.3278s
524 0.775357 0.749408 0.00241985 5.33733s
525 0.775357 0.751738 0.00221215 5.34599s
526 0.775357 0.749696 0.00220613 5.31342s
527 0.775357 0.741602 0.00308859 5.36864s
528 0.775357 0.749071 0.0028624 5.26779s
529 0.775357 0.753855 0.00213492 5.3531s
530 0.775357 0.7486 0.00275739 5.28847s
531 0.775357 0.713764 0.0106428 5.3609s
532 0.775357 0.717921 0.00994095 5.35266s
533 0.775357 0.721389 0.00967495 5.28215s
534 0.775357 0.727992 0.00849474 5.32788s
535 0.775357 0.728253 0.00856188 5.29018s
536 0.775357 0.726228 0.00930529 5.31411s
537 0.775357 0.72163 0.0096892 5.33392s
538 0.775357 0.730227 0.00792953 5.35639s
539 0.775357 0.74454 0.00584231 5.29809s
540 0.775357 0.732255 0.00770991 5.54265s
541 0.775357 0.756322 0.00172303 5.29291s
542 0.775357 0.760566 0.00146399 5.31924s
543 0.775357 0.745882 0.00277979 5.28012s
544 0.775357 0.754488 0.00198997 5.4263s
545 0.775357 0.753293 0.0021171 5.42368s
546 0.775357 0.756153 0.00172747 5.28361s
547 0.775357 0.753016 0.00238119 5.36718s
548 0.775357 0.747578 0.00265003 5.36886s
549 0.775357 0.741665 0.00333476 5.37581s
550 0.775357 0.746948 0.0027275 5.2794s
551 0.775357 0.721805 0.0099026 5.39981s
552 0.775357 0.720668 0.00974931 5.31672s
553 0.775357 0.73512 0.00699746 5.37649s
554 0.775357 0.719215 0.00977604 5.31924s
555 0.775357 0.739006 0.0069276 5.29405s
556 0.775357 0.733205 0.00776677 5.31988s
557 0.775357 0.730981 0.00808078 5.29157s
558 0.775357 0.724251 0.00924791 5.34904s
559 0.775357 0.747282 0.00586702 5.33718s
560 0.775357 0.73844 0.00693855 5.30747s
561 0.775357 0.754856 0.0019073 5.32748s
562 0.775357 0.752347 0.00211981 5.31542s
563 0.775357 0.748218 0.00279487 5.35252s
564 0.775357 0.750096 0.00243679 5.30179s
565 0.775357 0.752133 0.00235009 5.37367s
566 0.775357 0.75584 0.0019942 5.33711s
567 0.775357 0.750615 0.00226489 5.31407s
568 0.775357 0.75695 0.00171726 5.34506s
569 0.775357 0.747154 0.00288385 5.30789s
570 0.775357 0.748142 0.00242817 5.29493s
571 0.775357 0.737078 0.00715963 5.31886s
572 0.775357 0.726567 0.00895882 5.49791s
573 0.775357 0.716533 0.00979217 5.30875s
574 0.775357 0.722139 0.00923163 5.32972s
575 0.775357 0.724566 0.00881856 5.30267s
576 0.775357 0.739849 0.00651718 5.33596s
577 0.775357 0.725811 0.00874924 5.42025s
578 0.775357 0.726429 0.0084932 5.30432s
579 0.775357 0.727392 0.00877545 5.3055s
580 0.775357 0.722439 0.00958596 5.29235s
581 0.775357 0.745721 0.00289195 5.38301s
582 0.775357 0.750047 0.00239184 5.31874s
583 0.775357 0.758678 0.00168271 5.34844s
584 0.775357 0.744659 0.00293664 5.36583s
585 0.775357 0.751888 0.00223265 5.35164s
586 0.775357 0.748798 0.00272231 5.33661s
587 0.775357 0.746245 0.00274627 5.35668s
588 0.775357 0.756728 0.00179781 5.28087s
589 0.775357 0.749512 0.002526 5.32602s
590 0.775357 0.755725 0.001877 5.3141s
591 0.775357 0.721235 0.00951894 5.34735s
592 0.775357 0.718903 0.010296 5.32962s
593 0.775357 0.722522 0.00903008 5.38597s
594 0.775357 0.718327 0.0100402 5.3044s
595 0.775357 0.718009 0.00987962 5.35222s
596 0.775357 0.722014 0.00998306 5.29383s
597 0.775357 0.721777 0.00945545 5.54941s
598 0.775357 0.732367 0.00784416 5.3634s
599 0.775357 0.736671 0.0070575 5.34874s
600 0.775357 0.71547 0.0102313 5.30356s
601 0.775357 0.746691 0.00298177 5.41435s
602 0.775357 0.753385 0.00205691 5.29253s
603 0.775357 0.758566 0.00153108 5.34169s
604 0.775357 0.760968 0.00130228 5.34754s
605 0.775357 0.75191 0.00234695 5.39445s
606 0.775357 0.750883 0.0025277 5.34215s
607 0.775357 0.751654 0.00242894 5.3208s
608 0.775357 0.756835 0.00157947 5.27999s
609 0.775357 0.758861 0.001449 6.54162s
610 0.775357 0.752387 0.0020062 5.34969s
611 0.775357 0.725273 0.0091391 5.3771s
612 0.775357 0.730841 0.00856959 5.37279s
613 0.775357 0.72211 0.00972075 5.3315s
614 0.775357 0.715389 0.0102333 5.3954s
615 0.775357 0.729013 0.00855748 5.2975s
616 0.775357 0.743819 0.00576231 5.30098s
617 0.775357 0.729231 0.00848431 5.34872s
618 0.775357 0.727463 0.00900627 5.37793s
619 0.775357 0.719474 0.00988837 5.27805s
620 0.775357 0.731186 0.00879698 5.40758s
621 0.775357 0.758942 0.00149782 5.37006s
622 0.775357 0.756633 0.00162114 5.29931s
623 0.775357 0.74581 0.00277998 5.35998s
624 0.775357 0.758141 0.0016684 5.3015s
625 0.775357 0.748232 0.00278202 5.33831s
626 0.775357 0.75602 0.00182943 5.32122s
627 0.775357 0.74869 0.00268633 5.33239s
628 0.775357 0.757357 0.00174493 5.39099s
629 0.775357 0.752548 0.00239746 5.27533s
630 0.775357 0.757786 0.00173916 5.31525s
631 0.775357 0.733229 0.00777515 5.32976s
632 0.775357 0.718392 0.0100787 5.3673s
633 0.775357 0.722665 0.00926306 5.3085s
634 0.775357 0.724064 0.00857723 5.28065s
635 0.775357 0.73026 0.00812573 5.34686s
636 0.775357 0.724568 0.00872941 5.35038s
637 0.775357 0.731805 0.00821194 5.29337s
638 0.775357 0.725676 0.00895841 5.31735s
639 0.775357 0.726562 0.0087321 5.30776s
640 0.775357 0.717976 0.00985902 5.29171s
641 0.775357 0.761653 0.00115595 5.2925s
642 0.775357 0.757474 0.0015139 5.35838s
643 0.775357 0.744663 0.00301862 5.37753s
644 0.775357 0.74976 0.00276506 5.30431s
645 0.775357 0.755638 0.00196137 5.34594s
646 0.775357 0.749524 0.00257665 5.29837s
647 0.775357 0.755763 0.00186531 5.30141s
648 0.775357 0.761479 0.00110781 5.36736s
649 0.775357 0.751294 0.00232072 5.2921s
650 0.775357 0.755564 0.00210875 5.35842s
651 0.775357 0.73372 0.00779496 5.40448s
652 0.775357 0.725211 0.00912292 5.34912s
653 0.775357 0.734942 0.00745203 5.29932s
654 0.775357 0.728091 0.00811252 5.35237s
655 0.775357 0.72394 0.009178 5.41543s
656 0.775357 0.720014 0.00947549 5.32634s
657 0.775357 0.728508 0.00848826 5.29665s
658 0.775357 0.734555 0.00773703 5.2891s
659 0.775357 0.717583 0.0102816 5.35845s
660 0.775357 0.741162 0.00631438 5.37577s
661 0.775357 0.755885 0.00185464 5.30457s
662 0.775357 0.764067 0.00098419 5.31119s
663 0.775357 0.753799 0.00206868 5.3349s
664 0.775357 0.752361 0.00246525 5.3013s
665 0.775357 0.757778 0.00182817 5.37134s
666 0.775357 0.753293 0.00210599 5.33306s
667 0.775357 0.753552 0.00199984 5.30885s
668 0.775357 0.758729 0.0015365 5.34171s
669 0.775357 0.758571 0.00143951 5.3003s
670 0.775357 0.75358 0.00208472 5.25978s
671 0.775357 0.732532 0.00784172 5.34901s
672 0.775357 0.728003 0.00894386 5.31184s
673 0.775357 0.73127 0.0084325 5.33555s
674 0.775357 0.752305 0.004455 5.29385s
675 0.775357 0.733109 0.00793326 5.32861s
676 0.775357 0.735085 0.007367 5.309s
677 0.775357 0.729294 0.00825184 5.36523s
678 0.775357 0.730082 0.00836742 5.32007s
679 0.775357 0.738363 0.00713849 5.28204s
680 0.775357 0.732753 0.0081928 5.38308s
681 0.775357 0.754276 0.00195391 5.30369s
682 0.775357 0.750312 0.00214365 5.29068s
683 0.775357 0.749068 0.00277195 5.35475s
684 0.775357 0.755939 0.00186729 5.2915s
685 0.775357 0.756788 0.00160082 5.36322s
686 0.775357 0.749261 0.00246817 5.31592s
687 0.775357 0.758775 0.00181216 5.29737s
688 0.775357 0.749664 0.00233374 5.37548s
689 0.775357 0.752938 0.0020836 5.35104s
690 0.775357 0.768678 0.000506567 5.39349s
691 0.775357 0.720998 0.00996385 5.31667s
692 0.775357 0.721826 0.00956008 5.29745s
693 0.775357 0.724015 0.00911067 5.27723s
694 0.775357 0.71381 0.0108003 5.32635s
695 0.775357 0.723062 0.0087043 5.37301s
696 0.775357 0.733957 0.0074835 5.28051s
697 0.775357 0.74573 0.00566995 5.33159s
698 0.775357 0.726234 0.00856082 5.33431s
699 0.775357 0.741458 0.00635107 5.31288s
700 0.775357 0.726202 0.00887246 5.31871s
701 0.775357 0.752361 0.00203079 5.31557s
702 0.775357 0.757356 0.00168211 5.34719s
703 0.775357 0.750642 0.00242317 5.34388s
704 0.775357 0.757007 0.00149657 5.32722s
705 0.775357 0.759584 0.00154308 5.33225s
706 0.775357 0.764176 0.00106026 5.3651s
707 0.775357 0.752628 0.00221755 5.38915s
708 0.775357 0.759942 0.00152146 5.36162s
709 0.775357 0.751862 0.00221363 5.29669s
710 0.775357 0.766013 0.000790914 5.32698s
711 0.775357 0.734666 0.0076852 5.41051s
712 0.775357 0.741141 0.00668646 5.33475s
713 0.775357 0.729595 0.00806936 5.35494s
714 0.775357 0.722347 0.00946116 5.29029s
715 0.775357 0.73254 0.00796399 5.38191s
716 0.775357 0.741466 0.00607593 5.30807s
717 0.775357 0.741547 0.00636837 5.34833s
718 0.775357 0.743577 0.00593788 5.35164s
719 0.775357 0.735151 0.00759513 5.33677s
720 0.775357 0.730616 0.00808816 5.28599s
721 0.775357 0.752687 0.00204755 5.32938s
722 0.775357 0.755416 0.00209884 6.6325s
723 0.775357 0.750079 0.00236089 5.3214s
724 0.775357 0.762523 0.000946547 5.29143s
725 0.775357 0.75816 0.00158095 5.38918s
726 0.775357 0.76245 0.0011155 5.34537s
727 0.775357 0.748369 0.00276014 5.28546s
728 0.775357 0.759094 0.00154927 5.28341s
729 0.775357 0.760786 0.00143383 5.28705s
730 0.775357 0.754446 0.00207775 5.39172s
731 0.775357 0.745254 0.00581486 5.36921s
732 0.775357 0.745094 0.00580823 5.31175s
733 0.775357 0.729819 0.00873549 5.30979s
734 0.775357 0.736507 0.00726031 5.34724s
735 0.775357 0.736167 0.00749709 5.31269s
736 0.775357 0.748994 0.00508956 5.3487s
737 0.775357 0.735333 0.00664966 5.29862s
738 0.775357 0.731417 0.0078044 5.33631s
739 0.775357 0.738825 0.00721524 5.30809s
740 0.775357 0.731142 0.00778646 5.37078s
741 0.775357 0.749086 0.00260534 5.57991s
742 0.775357 0.760614 0.00156059 5.32722s
743 0.775357 0.751607 0.00237932 5.28013s
744 0.775357 0.75613 0.00188601 5.34422s
745 0.775357 0.753454 0.00209107 5.34052s
746 0.775357 0.753235 0.00210201 5.30754s
747 0.775357 0.753625 0.00200733 5.3496s
748 0.775357 0.760759 0.00147639 5.30935s
749 0.775357 0.757525 0.00161145 5.33832s
750 0.775357 0.76258 0.00121473 5.41048s
751 0.775357 0.734396 0.00784249 5.35531s
752 0.775357 0.737377 0.00704935 5.38764s
753 0.775357 0.732259 0.00792049 5.31303s
754 0.775357 0.729158 0.0089843 5.35584s
755 0.775357 0.744364 0.00599282 5.34689s
756 0.775357 0.724337 0.00896437 5.33777s
757 0.775357 0.729635 0.00810875 5.37296s
758 0.775357 0.732889 0.00753891 5.33147s
759 0.775357 0.730247 0.00816962 5.41886s
760 0.775357 0.742806 0.00635033 5.3337s
761 0.775357 0.754546 0.00224522 5.35719s
762 0.775357 0.753192 0.00217267 5.29059s
763 0.775357 0.759377 0.00154449 5.35616s
764 0.775357 0.753024 0.0021575 5.36318s
765 0.775357 0.746139 0.00284754 5.38434s
766 0.775357 0.756116 0.0017597 5.41831s
767 0.775357 0.758821 0.00157409 5.33491s
768 0.775357 0.751574 0.0022023 5.34321s
769 0.775357 0.758678 0.00179087 5.327s
770 0.775357 0.759793 0.00152688 5.38425s
771 0.775357 0.736873 0.0069271 5.36332s
772 0.775357 0.746912 0.00555701 5.35542s
773 0.775357 0.747159 0.00523381 5.31143s
774 0.775357 0.721959 0.00986449 5.39733s
775 0.775357 0.751563 0.00490856 5.33418s
776 0.775357 0.72224 0.00921119 5.37358s
777 0.775357 0.732411 0.00776064 5.33311s
778 0.775357 0.740578 0.0067342 5.3085s
779 0.775357 0.744741 0.00550246 5.38368s
780 0.775357 0.739197 0.00679529 5.33428s
781 0.775357 0.760935 0.00120457 5.34626s
782 0.775357 0.753138 0.00213074 5.31151s
783 0.775357 0.756904 0.00183544 5.33464s
784 0.775357 0.756677 0.00173809 5.35629s
785 0.775357 0.763533 0.00106605 5.40576s
786 0.775357 0.759158 0.00138005 5.3623s
787 0.775357 0.755867 0.00183478 5.31473s
788 0.775357 0.759838 0.0016322 5.33792s
789 0.775357 0.748578 0.00244033 5.37779s
790 0.775357 0.754564 0.00207095 5.36295s
791 0.775357 0.73386 0.00752321 5.36001s
792 0.775357 0.729622 0.00856695 5.31877s
793 0.775357 0.737655 0.00711916 5.40557s
794 0.775357 0.727726 0.00863208 5.34288s
795 0.775357 0.731356 0.00763631 5.40019s
796 0.775357 0.735112 0.00760781 5.28631s
797 0.775357 0.736009 0.00745859 5.34089s
798 0.775357 0.741195 0.00631432 5.27819s
799 0.776284 0.738342 0.00740399 5.37102s
800 0.776284 0.73193 0.00802024 5.26289s
801 0.776284 0.763616 0.00117234 5.28719s
802 0.776284 0.752107 0.0021218 5.30146s
803 0.776284 0.758953 0.00169994 5.2822s
804 0.776284 0.753662 0.00236956 5.33971s
805 0.776284 0.757336 0.00181301 5.29167s
806 0.776284 0.752638 0.00232456 5.31118s
807 0.776284 0.756584 0.00187318 5.30148s
808 0.776284 0.75279 0.00228509 5.26476s
809 0.776284 0.760074 0.00144993 5.38304s
810 0.776284 0.756037 0.0018303 5.3217s
811 0.776284 0.742626 0.00596949 5.35709s
812 0.776284 0.731544 0.00801259 5.31056s
813 0.776284 0.737312 0.00677048 5.27842s
814 0.776284 0.741954 0.00635999 5.39969s
815 0.776284 0.731908 0.0080837 5.30553s
816 0.776284 0.728832 0.00846159 5.31949s
817 0.776284 0.724478 0.00917592 5.30615s
818 0.776284 0.726046 0.00946666 5.33287s
819 0.776284 0.743277 0.00615947 5.37326s
820 0.776284 0.732719 0.00815195 5.28259s
821 0.776284 0.752333 0.00229781 5.34296s
822 0.776284 0.753965 0.00202265 5.33913s
823 0.776284 0.756392 0.00202904 5.39385s
824 0.776284 0.761888 0.00142345 5.2998s
825 0.776284 0.755818 0.00215831 5.35176s
826 0.776284 0.761744 0.00119245 5.37019s
827 0.776284 0.754473 0.00217578 5.35429s
828 0.776284 0.751492 0.00256741 5.3105s
829 0.776284 0.761028 0.00129999 5.37315s
830 0.776284 0.758374 0.00176062 5.3462s
831 0.776284 0.740288 0.006742 5.30329s
832 0.776284 0.74062 0.00692299 5.37332s
833 0.776284 0.740118 0.00657693 5.30714s
834 0.776284 0.732956 0.00814095 5.35521s
835 0.776284 0.740579 0.00644098 6.51775s
836 0.776284 0.741049 0.00649204 5.39655s
837 0.776284 0.708688 0.011779 5.29598s
838 0.776284 0.737303 0.00729206 5.32387s
839 0.776284 0.730454 0.00856629 5.31192s
840 0.776284 0.746657 0.00555978 5.32027s
841 0.776284 0.763484 0.00114105 5.33316s
842 0.776284 0.758444 0.00177461 5.28699s
843 0.776284 0.76689 0.000877774 5.37645s
844 0.776284 0.758442 0.00163425 5.30023s
845 0.776284 0.760366 0.00162756 5.37779s
846 0.776284 0.759608 0.00160944 5.28759s
847 0.776284 0.763906 0.000991394 5.38442s
848 0.776284 0.759249 0.00159998 5.35134s
849 0.776284 0.759059 0.00168024 5.31268s
850 0.776284 0.751456 0.00216884 5.31994s
851 0.776284 0.738656 0.0069093 5.33145s
852 0.776284 0.758411 0.00351373 5.30737s
853 0.776284 0.75443 0.00416882 5.30092s
854 0.776284 0.744191 0.00620667 5.39296s
855 0.776284 0.731829 0.00837992 5.35938s
856 0.776284 0.736908 0.00727097 5.3445s
857 0.776284 0.721538 0.00964373 5.29082s
858 0.776284 0.736668 0.00723596 5.38127s
859 0.776284 0.734539 0.00783742 5.33615s
860 0.776284 0.719375 0.010016 5.36406s
861 0.776284 0.748476 0.00268852 5.29696s
862 0.776284 0.756337 0.00201813 5.35706s
863 0.776284 0.760363 0.00154309 5.3003s
864 0.776284 0.757348 0.00170819 5.36363s
865 0.776284 0.760394 0.0015257 5.37376s
866 0.776284 0.767104 0.000817971 5.36975s
867 0.776284 0.756018 0.00196275 5.33273s
868 0.776284 0.752131 0.00202667 5.38161s
869 0.776284 0.760713 0.00135227 5.33829s
870 0.776284 0.756643 0.00177801 5.36227s
871 0.776284 0.739505 0.00665549 5.31748s
872 0.776284 0.737469 0.00740983 5.40426s
873 0.776284 0.730272 0.00817725 5.40141s
874 0.776284 0.732405 0.00794562 5.43729s
875 0.776284 0.732214 0.00784388 5.296s
876 0.776284 0.735118 0.00816271 5.36648s
877 0.776284 0.723265 0.00943197 5.36823s
878 0.776284 0.724363 0.00954319 5.38785s
879 0.776284 0.730216 0.00865486 5.32464s
880 0.776284 0.732434 0.00809993 5.30176s
881 0.776284 0.763907 0.000963143 5.36459s
882 0.776284 0.755098 0.00209332 5.29319s
883 0.776284 0.750593 0.00258628 5.42931s
884 0.776284 0.755408 0.0020489 5.33362s
885 0.776284 0.758021 0.00167524 5.33242s
886 0.776284 0.769803 0.000485942 5.37203s
887 0.776284 0.746229 0.0029637 5.32726s
888 0.776284 0.76216 0.00125674 5.3481s
889 0.776284 0.754916 0.00202707 5.34411s
890 0.776284 0.760833 0.00128796 5.38045s
891 0.776284 0.740808 0.00657071 5.3154s
892 0.776284 0.763343 0.00244209 5.33504s
893 0.776284 0.723415 0.00937698 5.30917s
894 0.776284 0.730667 0.00870326 5.37615s
895 0.776284 0.744269 0.00622919 5.32814s
896 0.776284 0.745659 0.00575243 5.27768s
897 0.776284 0.728436 0.00905624 5.37542s
898 0.776284 0.730883 0.00859312 5.27088s
899 0.776284 0.736696 0.00752298 5.38204s
900 0.776284 0.73082 0.00867818 5.38618s
901 0.776284 0.762235 0.00129128 5.27964s
902 0.776284 0.757643 0.00174056 5.37372s
903 0.776284 0.765605 0.000931835 5.34121s
904 0.776284 0.764294 0.00101895 5.35459s
905 0.776284 0.75966 0.00156644 5.33573s
906 0.776284 0.761606 0.00117833 5.35617s
907 0.776284 0.768381 0.000719125 5.28155s
908 0.776284 0.766641 0.000724132 5.3417s
909 0.776284 0.763717 0.00109103 5.30299s
910 0.776284 0.757392 0.00182955 5.29517s
911 0.776284 0.744418 0.00613789 5.38337s
912 0.776284 0.747108 0.00531567 5.39129s
913 0.776284 0.730234 0.00840965 5.29323s
914 0.776284 0.727938 0.00888071 5.37079s
915 0.776284 0.735336 0.00755095 5.3848s
916 0.776284 0.739722 0.00716538 5.29018s
917 0.776284 0.732821 0.00782594 5.3013s
918 0.776284 0.748309 0.00536681 5.41178s
919 0.776284 0.7344 0.00759492 5.28141s
920 0.776284 0.732497 0.00822235 5.31203s
921 0.776284 0.759217 0.00148382 5.34463s
922 0.776284 0.761059 0.0012767 5.34808s
923 0.776284 0.748439 0.00253564 5.32629s
924 0.776284 0.75729 0.00195089 5.38281s
925 0.776284 0.758448 0.00170428 5.34875s
926 0.776284 0.753971 0.00236837 5.28964s
927 0.776284 0.764262 0.0010382 5.33971s
928 0.776284 0.758071 0.00180335 5.29068s
929 0.776284 0.75333 0.00238463 5.283s
930 0.776284 0.757521 0.00189289 5.34388s
931 0.776284 0.737123 0.00738983 5.3043s
932 0.776284 0.730479 0.00851112 5.33355s
933 0.776284 0.735679 0.00792987 5.33248s
934 0.776284 0.72868 0.00878469 5.33862s
935 0.776284 0.729885 0.00860388 5.31272s
936 0.776284 0.741942 0.00657893 5.28854s
937 0.776284 0.725459 0.00929975 5.295s
938 0.776284 0.738947 0.00720421 5.29608s
939 0.776284 0.743556 0.00619898 5.34512s
940 0.776284 0.735312 0.00764135 5.29333s
941 0.776284 0.761245 0.00148513 5.33843s
942 0.776284 0.761102 0.00138769 5.37265s
943 0.776284 0.761229 0.00138672 5.35204s
944 0.776284 0.759457 0.00155329 5.34927s
945 0.776284 0.762238 0.00121594 5.34079s
946 0.776284 0.760822 0.00141574 5.36173s
947 0.776284 0.752682 0.00204293 5.30116s
948 0.776284 0.762594 0.00126632 6.56112s
949 0.776284 0.760718 0.0015579 5.39853s
950 0.776284 0.753891 0.00194869 5.36624s
951 0.776284 0.730907 0.00847194 5.32588s
952 0.776284 0.737591 0.00727292 5.3167s
953 0.776284 0.729751 0.00856271 5.29312s
954 0.776284 0.741257 0.00646348 5.29249s
955 0.776284 0.739979 0.00685636 5.37931s
956 0.776284 0.741219 0.0065832 5.3398s
957 0.776284 0.72926 0.00856245 5.3149s
958 0.776284 0.730535 0.00808783 5.3749s
959 0.776284 0.740284 0.00716059 5.30341s
960 0.776284 0.728871 0.00836455 5.31212s
961 0.776284 0.756278 0.00185659 5.34423s
962 0.776284 0.754071 0.00209452 5.31933s
963 0.776284 0.755047 0.00208429 5.35249s
964 0.776284 0.758336 0.00175688 5.28565s
965 0.776284 0.749688 0.00240467 5.37439s
966 0.776284 0.765362 0.000946741 5.38s
967 0.776284 0.762334 0.00132541 5.39961s
968 0.776284 0.758528 0.00163318 5.33351s
969 0.776284 0.758633 0.00173312 5.36213s
970 0.776284 0.755681 0.00200874 5.35867s
971 0.776284 0.74844 0.00539544 5.30594s
972 0.776284 0.742828 0.00647907 5.36964s
973 0.776284 0.730606 0.00837373 5.29362s
974 0.776284 0.72401 0.00915627 5.34013s
975 0.776284 0.732637 0.00795156 5.33421s
976 0.776284 0.722386 0.0103119 5.28929s
977 0.776284 0.732709 0.00830665 5.38381s
978 0.776284 0.727618 0.00937058 5.32221s
979 0.776284 0.740323 0.0069992 5.32832s
980 0.776284 0.741708 0.00648866 5.35658s
981 0.776284 0.755883 0.00219861 5.39629s
982 0.776284 0.753672 0.00225009 5.3466s
983 0.776284 0.752551 0.00222675 5.37557s
984 0.776284 0.761301 0.00167912 5.30143s
985 0.776284 0.758982 0.00156448 5.37877s
986 0.776284 0.758594 0.00172545 5.31961s
987 0.776284 0.756881 0.00170947 5.27095s
988 0.776284 0.764259 0.00122014 5.31838s
989 0.776284 0.758067 0.00178647 5.38475s
990 0.776284 0.749641 0.00262714 5.31533s
991 0.776284 0.739351 0.0069085 5.34947s
992 0.776284 0.723152 0.00972625 5.29843s
993 0.776284 0.739449 0.00703914 5.32743s
994 0.776284 0.731553 0.00849166 5.35131s
995 0.776284 0.723923 0.00888928 5.37707s
996 0.776284 0.734396 0.00775303 5.29587s
997 0.776284 0.74015 0.00672047 5.29475s
998 0.776284 0.743956 0.00596938 5.31738s
999 0.776284 0.747159 0.00557291 5.34266s
1000 0.776284 0.739322 0.00693489 5.3583s
1001 0.776284 0.751187 0.00230162 5.34685s
1002 0.776284 0.756596 0.00181967 5.283s
1003 0.776284 0.7628 0.00131378 5.41198s
1004 0.776284 0.756977 0.00187206 5.31379s
1005 0.776284 0.763355 0.00109214 5.27995s
1006 0.776284 0.759248 0.00155663 5.3193s
1007 0.776284 0.758496 0.00180653 5.40275s
1008 0.776284 0.767476 0.000650846 5.36697s
1009 0.776284 0.753753 0.00211012 5.35408s
1010 0.776284 0.759809 0.00146398 5.33257s
1011 0.776284 0.7407 0.00684092 5.33441s
1012 0.776284 0.744383 0.00611887 5.32994s
1013 0.776284 0.739758 0.00726127 5.44501s
1014 0.776284 0.739698 0.00671387 5.40061s
1015 0.776284 0.737462 0.00713909 5.36757s
1016 0.776284 0.741704 0.00670632 5.3529s
1017 0.776284 0.744189 0.00621457 5.35465s
1018 0.776284 0.752761 0.00463616 5.30397s
1019 0.776284 0.728294 0.00886436 5.37174s
1020 0.776284 0.738402 0.00724722 5.28356s
1021 0.776284 0.76441 0.00113605 5.29379s
1022 0.776284 0.760414 0.00140639 5.41291s
1023 0.776284 0.758457 0.00175642 5.35771s
1024 0.776284 0.757772 0.00179498 5.31307s
1025 0.776284 0.757561 0.00171536 5.31807s
1026 0.776284 0.760749 0.00150898 5.29435s
1027 0.776284 0.761668 0.00139839 5.3044s
1028 0.776284 0.758445 0.00171189 5.31375s
1029 0.776284 0.75978 0.00146154 5.30689s
1030 0.776284 0.763714 0.00114437 5.38849s
1031 0.776284 0.739481 0.00680034 5.34344s
1032 0.776284 0.725897 0.00897432 5.36401s
1033 0.776284 0.73194 0.00839557 5.36947s
1034 0.776284 0.733 0.00808116 5.37421s
1035 0.776284 0.711417 0.0109403 5.31413s
1036 0.776284 0.738161 0.0069156 5.30238s
1037 0.776284 0.747535 0.00550977 5.35113s
1038 0.776284 0.738124 0.00714822 5.3499s
1039 0.776284 0.747334 0.00554576 5.37685s
1040 0.776284 0.735709 0.00766806 5.33007s
1041 0.776284 0.748813 0.00247811 5.3169s
1042 0.776284 0.762762 0.00126558 5.3365s
1043 0.776284 0.756122 0.00191959 5.34996s
1044 0.776284 0.755237 0.00203303 5.33797s
1045 0.776284 0.752452 0.00222995 5.32769s
1046 0.776284 0.757788 0.0018607 5.36613s
1047 0.776284 0.75519 0.00211406 5.33233s
1048 0.776284 0.764659 0.000926043 5.30003s
1049 0.776284 0.766578 0.000962137 5.35182s
1050 0.776284 0.749816 0.00249243 5.38948s
1051 0.776284 0.737897 0.00741367 5.40657s
1052 0.776284 0.730322 0.00858155 5.31298s
1053 0.776284 0.721023 0.00990544 5.31317s
1054 0.776284 0.739929 0.0064801 5.40957s
1055 0.776284 0.741515 0.00701394 5.31781s
1056 0.776284 0.751389 0.00479797 5.3596s
1057 0.776284 0.742999 0.0064005 5.348s
1058 0.776284 0.742527 0.00588438 5.29474s
1059 0.776284 0.734649 0.00757717 5.3058s
1060 0.776284 0.733504 0.00794144 5.35236s
1061 0.776284 0.757013 0.00178363 5.28392s
1062 0.776284 0.755115 0.00207034 6.47308s
1063 0.776284 0.751644 0.00250082 5.35849s
1064 0.776284 0.755658 0.00179715 5.38752s
1065 0.776284 0.762137 0.00133718 5.33662s
1066 0.776284 0.764387 0.000999907 5.33197s
1067 0.776284 0.76322 0.00116563 5.35727s
1068 0.776284 0.765457 0.000877391 5.29836s
1069 0.776284 0.767294 0.000702194 5.31147s
1070 0.776284 0.753376 0.00233544 5.34295s
1071 0.776284 0.714691 0.0106167 5.29162s
1072 0.776284 0.739982 0.00679593 5.3166s
1073 0.776284 0.726459 0.00901854 5.31609s
1074 0.776284 0.740775 0.00703079 5.35886s
1075 0.776284 0.743766 0.00628623 5.40694s
1076 0.776284 0.723373 0.00930954 5.34814s
1077 0.776284 0.727728 0.00849103 5.30577s
1078 0.776284 0.743713 0.00624742 5.34121s
1079 0.776284 0.740967 0.00649889 5.31932s
1080 0.776284 0.732958 0.00778843 5.29684s
1081 0.776284 0.759488 0.00170207 5.33401s
1082 0.776284 0.765181 0.000956538 5.34582s
1083 0.776284 0.754359 0.00232455 5.31645s
1084 0.776284 0.75049 0.00256729 5.35746s
1085 0.776284 0.760412 0.00158457 5.3331s
1086 0.776284 0.763171 0.00123841 5.31975s
1087 0.776284 0.764228 0.00108254 5.33239s
1088 0.776284 0.760266 0.00157208 5.40701s
1089 0.776284 0.754228 0.00207217 5.30096s
1090 0.776284 0.761829 0.00147527 5.39639s
1091 0.776284 0.742837 0.00606666 5.32448s
1092 0.776284 0.745264 0.00593512 5.32931s
1093 0.776284 0.733869 0.00808342 5.41016s
1094 0.776284 0.743149 0.00636575 5.31903s
1095 0.776284 0.738839 0.0073544 5.31812s
1096 0.776284 0.731977 0.00829703 5.39123s
1097 0.776284 0.748097 0.00565248 5.30011s
1098 0.776284 0.736408 0.00745204 5.34975s
1099 0.776284 0.746863 0.00554935 5.40824s
1100 0.776284 0.755453 0.00425817 5.33805s
1101 0.776284 0.76148 0.00138475 5.40232s
1102 0.776284 0.756933 0.00191023 5.30817s
1103 0.776284 0.761998 0.00148669 5.31383s
1104 0.776284 0.76248 0.00142017 5.32565s
1105 0.776284 0.756596 0.00178198 5.43076s
1106 0.776284 0.759813 0.00160034 5.33095s
1107 0.776284 0.756537 0.00185815 5.44703s
1108 0.776284 0.768665 0.000686821 5.39817s
1109 0.776284 0.761126 0.0015579 5.45997s
1110 0.776284 0.753728 0.00205977 5.31235s
1111 0.776284 0.720481 0.00988208 5.31491s
1112 0.776284 0.728739 0.00880458 5.41782s
1113 0.776284 0.744723 0.00611751 5.34225s
1114 0.776284 0.743134 0.00662295 5.33885s
1115 0.776284 0.735262 0.00785754 5.32617s
1116 0.776284 0.733202 0.00814343 5.29573s
1117 0.776284 0.738767 0.00709765 5.38927s
1118 0.776284 0.735636 0.00773968 5.31233s
1119 0.776284 0.718178 0.0103344 5.32372s
1120 0.776284 0.728576 0.00851849 5.31449s
1121 0.776284 0.762698 0.00125108 5.33052s
1122 0.776284 0.754864 0.00201338 5.39825s
1123 0.776284 0.766698 0.000929361 5.41885s
1124 0.776284 0.753131 0.00217712 5.32071s
1125 0.776284 0.760019 0.00168515 5.3597s
1126 0.776284 0.75764 0.00166575 5.31259s
1127 0.776284 0.748571 0.0028875 5.37861s
1128 0.776284 0.759048 0.00167185 5.38395s
1129 0.776284 0.758328 0.00157425 5.34901s
1130 0.776284 0.755423 0.00193628 5.34626s
1131 0.776284 0.741017 0.00697151 5.31728s
1132 0.776284 0.744507 0.00570977 5.30497s
1133 0.776284 0.737845 0.00738203 5.30725s
1134 0.776284 0.735043 0.0075054 5.35594s
1135 0.776284 0.719907 0.0100578 5.3247s
1136 0.776284 0.735008 0.00759862 5.30695s
1137 0.776284 0.74193 0.00634512 5.31548s
1138 0.776284 0.753833 0.00439575 5.40364s
1139 0.776284 0.737697 0.00715842 5.30555s
1140 0.776284 0.746367 0.00582028 5.34543s
1141 0.776284 0.756038 0.00191219 5.33447s
1142 0.776284 0.760922 0.00125673 5.39091s
1143 0.776284 0.75192 0.00221551 5.32899s
1144 0.776284 0.767563 0.000627644 5.31518s
1145 0.776284 0.751588 0.00224739 5.32021s
1146 0.776284 0.754011 0.00195411 5.39324s
1147 0.776284 0.754522 0.0022011 5.38603s
1148 0.776284 0.758884 0.00186382 5.35908s
1149 0.776284 0.753915 0.00220792 5.30309s
1150 0.776284 0.757161 0.0017279 5.36942s
1151 0.776284 0.745638 0.00590267 5.28189s
1152 0.776284 0.750643 0.00461566 5.35521s
1153 0.776284 0.724376 0.0093543 5.40504s
1154 0.776284 0.739147 0.00697883 5.38077s
1155 0.776284 0.738279 0.00664278 5.38264s
1156 0.776284 0.74397 0.00596871 5.29106s
1157 0.776284 0.739898 0.00715313 5.34324s
1158 0.776284 0.731406 0.00787142 5.56469s
1159 0.776284 0.735715 0.0076706 6.21288s
1160 0.776284 0.729453 0.00827143 5.36076s
1161 0.776284 0.749835 0.00250256 5.29135s
1162 0.776284 0.761672 0.00132942 5.37763s
1163 0.776284 0.757547 0.00193664 5.29406s
1164 0.776284 0.758633 0.00168634 5.36073s
1165 0.776284 0.764601 0.00104589 5.51926s
1166 0.776284 0.758624 0.00167506 5.39621s
1167 0.776284 0.7656 0.00107322 5.43104s
1168 0.776284 0.755902 0.00172324 5.30339s
1169 0.776284 0.755563 0.00197337 5.33626s
1170 0.776284 0.757732 0.00161394 5.37058s
1171 0.776284 0.730129 0.00873905 5.43488s
1172 0.776284 0.735011 0.00732389 5.32389s
1173 0.776284 0.739062 0.00673621 5.26837s
1174 0.776284 0.729428 0.00874133 5.35788s
1175 0.776284 0.725037 0.00963044 7.19166s
1176 0.776284 0.735062 0.00746896 5.60474s
1177 0.776284 0.731859 0.00814358 5.30811s
1178 0.776284 0.735005 0.00745823 5.3374s
1179 0.776284 0.748587 0.00538481 5.32503s
1180 0.776284 0.742892 0.0061657 5.38161s
1181 0.776284 0.758742 0.00160464 5.31463s
1182 0.776284 0.757229 0.00177122 5.43127s
1183 0.776284 0.763106 0.00119293 5.31895s
1184 0.776284 0.761938 0.00121805 5.34674s
1185 0.776284 0.758452 0.00158681 5.38035s
1186 0.776284 0.757978 0.00185225 5.38748s
1187 0.776284 0.759109 0.00171904 5.28829s
1188 0.776284 0.754246 0.00207251 5.36906s
1189 0.776284 0.760503 0.00141463 5.33602s
1190 0.776284 0.750633 0.0026198 5.75371s
1191 0.776284 0.727627 0.00885585 5.54054s
1192 0.776284 0.737119 0.00742317 5.38716s
1193 0.776284 0.738914 0.00730062 5.29717s
1194 0.776284 0.734176 0.00821836 5.30214s
1195 0.776284 0.724762 0.00914915 5.31759s
1196 0.776284 0.738117 0.00731248 5.37461s
1197 0.776284 0.745886 0.00582353 5.52337s
1198 0.776284 0.756545 0.00383182 5.47265s
1199 0.776284 0.738182 0.00729212 5.3111s
1200 0.776284 0.739188 0.00735743 5.34505s
1201 0.776284 0.755871 0.00192408 5.38598s
1202 0.776284 0.755523 0.00200325 5.48939s
1203 0.776284 0.755815 0.00202096 5.30725s
1204 0.776284 0.758027 0.00169579 5.44586s
1205 0.776284 0.750237 0.00260424 5.68915s
1206 0.776284 0.763452 0.00112608 5.69922s
1207 0.776284 0.761651 0.00124394 6.25657s
1208 0.776284 0.76229 0.0012756 5.31253s
1209 0.776284 0.757258 0.00175577 6.31691s
1210 0.776284 0.75181 0.00242762 5.37915s
1211 0.776284 0.728582 0.00884569 5.45896s
1212 0.776284 0.743383 0.00643738 5.33308s
1213 0.776284 0.741398 0.00701339 6.08998s
1214 0.776284 0.729665 0.00841599 5.34813s
1215 0.776284 0.728117 0.0089055 5.29954s
1216 0.776284 0.742623 0.00650319 5.28442s
1217 0.776284 0.732947 0.00792132 5.3336s
1218 0.776284 0.734539 0.0074829 5.3507s
1219 0.776284 0.733842 0.00814906 5.34765s
1220 0.776284 0.724985 0.00925801 5.30141s
1221 0.776284 0.760926 0.00128899 5.31827s
1222 0.776284 0.757484 0.00176163 5.32372s
1223 0.776284 0.75746 0.00182397 5.33332s
1224 0.776284 0.757972 0.00177602 5.40719s
1225 0.776284 0.75821 0.00165752 5.31092s
1226 0.776284 0.759129 0.00162218 5.40863s
1227 0.776284 0.757597 0.0017835 5.35748s
1228 0.776284 0.755681 0.00197236 5.32971s
1229 0.776284 0.755084 0.0021864 5.32577s
1230 0.776284 0.758015 0.00183541 5.34394s
1231 0.776284 0.733431 0.00782726 5.40885s
1232 0.776284 0.718047 0.00994096 5.30142s
1233 0.776284 0.742132 0.00639041 5.325s
1234 0.776284 0.72613 0.00932038 5.30375s
1235 0.776284 0.73621 0.00747367 5.34226s
1236 0.776284 0.732194 0.00877818 5.37715s
1237 0.776284 0.741646 0.0069285 6.49706s
1238 0.776284 0.722065 0.00929483 5.58003s
1239 0.776284 0.74429 0.00620145 5.32205s
1240 0.776284 0.734347 0.00777658 5.32507s
1241 0.776284 0.759575 0.00155561 5.34016s
1242 0.776284 0.757667 0.00179837 5.39187s
1243 0.776284 0.763177 0.00120429 5.30086s
1244 0.776284 0.758075 0.0018582 5.3173s
1245 0.776284 0.758227 0.00182901 5.40218s
1246 0.776284 0.767729 0.000788393 5.57711s
1247 0.776284 0.76685 0.000784906 5.30031s
1248 0.776284 0.763379 0.00115402 5.4278s
1249 0.776284 0.759473 0.00145349 5.30671s
1250 0.776284 0.758552 0.00151467 5.30208s
1251 0.776284 0.738154 0.00705162 5.30693s
1252 0.776284 0.73568 0.00772537 5.31626s
1253 0.776284 0.74587 0.00580849 5.35097s
1254 0.776284 0.719646 0.0098614 5.4132s
1255 0.776284 0.733881 0.00812537 5.5233s
1256 0.776284 0.730845 0.0085419 5.30895s
1257 0.776284 0.724815 0.0093095 5.33487s
1258 0.776284 0.735671 0.00772805 5.3669s
1259 0.776284 0.748576 0.00524825 5.30664s
1260 0.776284 0.746649 0.00569159 5.33242s
1261 0.776284 0.75891 0.0015848 5.45913s
1262 0.776284 0.755078 0.00202783 5.37188s
1263 0.776284 0.757708 0.0015653 5.28899s
1264 0.776284 0.758569 0.00157999 5.41458s
1265 0.776284 0.760743 0.00141784 5.35755s
1266 0.776284 0.756836 0.00168414 5.40532s
1267 0.776284 0.763531 0.00112123 5.2912s
1268 0.776284 0.759497 0.0016225 5.39316s
1269 0.776284 0.763066 0.00131352 5.37897s
1270 0.776284 0.757135 0.00186778 6.50693s
1271 0.776284 0.725448 0.00917456 6.74819s
1272 0.776284 0.720497 0.0102241 5.39222s
1273 0.776284 0.733929 0.00788212 5.39687s
1274 0.776284 0.731427 0.00828983 5.34538s
1275 0.776284 0.732409 0.0084183 5.35818s
1276 0.776284 0.741791 0.00636367 5.29205s
1277 0.776284 0.737652 0.00719206 5.41369s
1278 0.776284 0.736309 0.00753454 5.33752s
1279 0.776284 0.731681 0.00837221 5.45012s
1280 0.776284 0.740943 0.00682311 5.31434s
1281 0.776284 0.758041 0.00168588 5.35872s
1282 0.776284 0.751352 0.00234165 5.35751s
1283 0.776284 0.762167 0.00133122 5.3566s
1284 0.776284 0.756723 0.00179278 5.33871s
1285 0.776284 0.759768 0.0015453 5.39928s
1286 0.776284 0.756253 0.00176889 5.37406s
1287 0.776284 0.769823 0.000575953 6.38957s
1288 0.776284 0.759222 0.00164638 5.3675s
1289 0.776284 0.754634 0.00205133 5.40827s
1290 0.776284 0.7554 0.0020645 5.33735s
1291 0.776284 0.751336 0.00478382 5.32087s
1292 0.776284 0.739599 0.00708839 5.36802s
1293 0.776284 0.731947 0.00839426 5.30223s
1294 0.776284 0.745724 0.0059564 5.37338s
1295 0.776284 0.739486 0.00678263 5.32061s
1296 0.776284 0.726752 0.00867629 5.40328s
1297 0.776284 0.736218 0.00750738 5.26806s
1298 0.776284 0.739188 0.00673445 5.2889s
1299 0.776284 0.731345 0.00829116 5.31685s
1300 0.776284 0.732999 0.0078935 5.29775s
1301 0.776284 0.761493 0.00137966 5.33994s
1302 0.776284 0.761578 0.00155046 5.32651s
1303 0.776284 0.755954 0.00179818 5.36831s
1304 0.776284 0.75676 0.00184043 5.30535s
1305 0.776284 0.760018 0.00148267 5.36724s
1306 0.776284 0.7583 0.00155516 5.32209s
1307 0.776284 0.757685 0.00159883 5.34253s
1308 0.776284 0.760387 0.00144855 5.33311s
1309 0.776284 0.769363 0.000546964 5.3661s
1310 0.776284 0.760144 0.00153659 5.34859s
1311 0.776284 0.752818 0.00457431 5.35645s
1312 0.776284 0.750721 0.0049955 5.30081s
1313 0.776284 0.737481 0.00733652 5.34989s
1314 0.776284 0.743402 0.00646279 5.30425s
1315 0.776284 0.746152 0.0055354 5.3188s
1316 0.776284 0.738385 0.00715653 5.35606s
1317 0.776284 0.733524 0.00796742 5.29218s
1318 0.776284 0.739014 0.00692803 5.36338s
1319 0.776284 0.732869 0.00801495 5.3161s
1320 0.776284 0.737843 0.00713041 5.34172s
1321 0.776284 0.7555 0.00182544 5.34047s
1322 0.776284 0.754438 0.00202334 5.32188s
1323 0.776284 0.761857 0.0013074 5.29538s
1324 0.776284 0.760991 0.00138778 5.309s
1325 0.776284 0.762193 0.00125362 5.29509s
1326 0.776284 0.75671 0.00173246 5.36921s
1327 0.776284 0.758616 0.0017558 5.34756s
1328 0.776284 0.755969 0.00204014 5.34571s
1329 0.776284 0.75872 0.00151551 5.34322s
1330 0.776284 0.762185 0.00151376 5.38671s
1331 0.776284 0.730611 0.00857941 5.36716s
1332 0.776284 0.731839 0.00834178 5.36906s
1333 0.776284 0.726546 0.00921443 5.35368s
1334 0.776284 0.740253 0.00648951 5.40356s
1335 0.776284 0.744317 0.00600531 5.3179s
1336 0.776284 0.730638 0.00860602 5.30101s
1337 0.776284 0.727203 0.00876604 5.34185s
1338 0.776284 0.737239 0.00760956 5.3925s
1339 0.776284 0.72981 0.00855478 5.35681s
1340 0.776284 0.731851 0.00867996 5.36261s
1341 0.776284 0.756237 0.0018492 5.3346s
1342 0.776284 0.762462 0.00108413 5.36746s
1343 0.776284 0.753439 0.00217114 5.31326s
1344 0.776284 0.761277 0.00143274 5.29221s
1345 0.776284 0.762524 0.00131107 5.34762s
1346 0.776284 0.753833 0.00212593 5.33522s
1347 0.776284 0.761062 0.00124754 5.3594s
1348 0.776284 0.765557 0.000956065 5.36383s
1349 0.776284 0.757022 0.00174815 5.31657s
1350 0.776284 0.762792 0.00128848 5.34356s
1351 0.776284 0.738093 0.00704045 5.31813s
1352 0.776284 0.722517 0.00972182 5.31641s
1353 0.776284 0.735242 0.00756878 5.34655s
1354 0.776284 0.732991 0.00827769 5.37255s
1355 0.776284 0.739942 0.00643072 5.29819s
1356 0.776284 0.746659 0.00582895 5.40645s
1357 0.776284 0.742724 0.00655738 5.36203s
1358 0.776284 0.7368 0.00754131 5.32419s
1359 0.776284 0.729639 0.00842588 5.30172s
1360 0.776284 0.730898 0.0084521 5.34915s
1361 0.776284 0.757185 0.00177416 5.31037s
1362 0.776284 0.759606 0.00147308 5.31235s
1363 0.776284 0.761408 0.00124566 5.32566s
1364 0.776284 0.758883 0.00151814 5.2888s
1365 0.776284 0.764503 0.000976425 5.31158s
1366 0.776284 0.757213 0.00159744 5.3799s
1367 0.776284 0.760571 0.00147058 5.27762s
1368 0.776284 0.759456 0.00163911 5.34041s
1369 0.776284 0.764933 0.000980235 5.32036s
1370 0.776284 0.756281 0.00181793 5.29968s
1371 0.776284 0.756641 0.00377721 5.3523s
1372 0.776284 0.732295 0.00821141 5.36887s
1373 0.776284 0.736828 0.00737286 5.27597s
1374 0.776284 0.726897 0.00942331 5.3273s
1375 0.776284 0.73244 0.00826979 5.32664s
1376 0.776284 0.736361 0.00765393 5.31624s
1377 0.776284 0.752181 0.00478784 5.27062s
1378 0.776284 0.738836 0.00751618 5.38864s
1379 0.776284 0.734084 0.0081435 5.36317s
1380 0.776284 0.740219 0.00682338 5.31996s
1381 0.776284 0.754782 0.00190969 5.33643s
1382 0.776284 0.764484 0.00107468 5.31916s
1383 0.776284 0.757454 0.00179871 5.38825s
1384 0.776284 0.758514 0.0014425 5.30784s
1385 0.776284 0.758096 0.00161796 5.33849s
1386 0.776284 0.757496 0.00166632 5.3208s
1387 0.776284 0.751788 0.00249792 5.32818s
1388 0.776284 0.759 0.0015292 5.36948s
1389 0.776284 0.757529 0.00166307 5.27568s
1390 0.776284 0.76022 0.00145966 5.39806s
1391 0.776284 0.726173 0.00909715 5.30404s
1392 0.776284 0.738462 0.00692045 5.32514s
1393 0.776284 0.74203 0.00677987 5.33323s
1394 0.776284 0.744108 0.00626595 5.42137s
1395 0.776284 0.732391 0.00839227 5.34419s
1396 0.776284 0.72617 0.00919954 5.40126s
1397 0.776284 0.718749 0.00998402 5.36859s
1398 0.776284 0.727 0.00883205 5.32476s
1399 0.776284 0.759527 0.00330834 5.32624s
1400 0.776284 0.746341 0.00590306 6.50921s
1401 0.776284 0.760688 0.00151283 5.37432s
1402 0.776284 0.761242 0.00130542 5.32505s
1403 0.776284 0.759229 0.00175657 5.34723s
1404 0.776284 0.756216 0.00181371 5.34773s
1405 0.776284 0.761187 0.00137234 5.34662s
1406 0.776284 0.760687 0.00148063 5.33849s
1407 0.776284 0.765835 0.0010038 5.40523s
1408 0.776284 0.766178 0.000853403 5.30876s
1409 0.776284 0.762721 0.00111694 5.37721s
1410 0.776284 0.752277 0.00238032 5.32435s
1411 0.776284 0.735168 0.00765417 5.3288s
1412 0.776284 0.745082 0.00613376 5.39795s
1413 0.776284 0.736776 0.00692264 5.4175s
1414 0.776284 0.725864 0.00944638 5.34938s
1415 0.776284 0.745841 0.00570524 5.35567s
1416 0.776284 0.738487 0.00724204 5.34167s
1417 0.776284 0.724396 0.00929389 5.30038s
1418 0.776284 0.747874 0.00554458 5.29321s
1419 0.776284 0.743479 0.006052 5.31448s
1420 0.776284 0.731484 0.00831329 5.34798s
1421 0.776284 0.766299 0.000871988 5.43407s
1422 0.776284 0.758186 0.00187637 5.31324s
1423 0.776284 0.750746 0.00232352 5.30465s
1424 0.776284 0.758848 0.00162661 5.33442s
1425 0.776284 0.758065 0.00180726 5.37016s
1426 0.776284 0.76788 0.000790966 5.3359s
1427 0.776284 0.760632 0.00137934 5.4176s
1428 0.776284 0.764438 0.000966697 5.393s
1429 0.776284 0.76737 0.000668916 5.39615s
1430 0.776284 0.759156 0.00160918 5.32141s
1431 0.776284 0.738963 0.00699125 5.36278s
1432 0.776284 0.742505 0.0061922 5.28733s
1433 0.776284 0.734968 0.00797756 5.37216s
1434 0.776284 0.743656 0.00646229 5.31295s
1435 0.776284 0.748244 0.00525153 5.31s
1436 0.776284 0.740035 0.0070539 5.37259s
1437 0.776284 0.746843 0.00536435 5.29794s
1438 0.776284 0.739957 0.006836 5.41578s
1439 0.776284 0.743509 0.00609775 5.35987s
1440 0.776284 0.729515 0.00876454 5.31907s
1441 0.776284 0.761433 0.00129184 5.35355s
1442 0.776284 0.756211 0.00180756 5.41018s
1443 0.776284 0.761027 0.00146956 5.30786s
1444 0.776284 0.764643 0.00112108 5.39583s
1445 0.776284 0.761834 0.00126127 5.30506s
1446 0.776284 0.759997 0.00159141 5.31155s
1447 0.776284 0.758283 0.00160799 5.3084s
1448 0.776284 0.763827 0.00122674 5.39606s
1449 0.776284 0.757692 0.00173666 5.34775s
1450 0.776284 0.761619 0.00111662 5.32976s
1451 0.776284 0.732608 0.00836843 5.37561s
1452 0.776284 0.748708 0.00546948 5.28907s
1453 0.776284 0.742031 0.00673049 5.38081s
1454 0.776284 0.747641 0.00539334 5.33231s
1455 0.776284 0.741278 0.00647855 5.36777s
1456 0.776284 0.724453 0.00923668 5.32294s
1457 0.776284 0.734921 0.00757577 5.30536s
1458 0.776284 0.735537 0.00757364 5.31345s
1459 0.776284 0.736112 0.00732406 5.32243s
1460 0.776284 0.745667 0.00623124 5.34278s
1461 0.776284 0.754307 0.00227007 5.33495s
1462 0.776284 0.762977 0.00130295 5.39316s
1463 0.776284 0.762948 0.001216 5.2849s
1464 0.776284 0.76504 0.00103579 5.29274s
1465 0.776284 0.764123 0.00115036 5.35321s
1466 0.776284 0.755365 0.00200323 5.29599s
1467 0.776284 0.755669 0.00197848 5.38847s
1468 0.776284 0.756327 0.00186291 5.33435s
1469 0.776284 0.759581 0.00153628 5.32099s
1470 0.776284 0.763263 0.00119361 5.40246s
1471 0.776284 0.742427 0.0066567 5.31029s
1472 0.776284 0.741628 0.00651355 5.34418s
1473 0.776284 0.728271 0.00863925 5.33605s
1474 0.776284 0.732291 0.00845066 5.33317s
1475 0.776284 0.734716 0.00792028 5.41254s
1476 0.776284 0.744628 0.00605822 5.34975s
1477 0.776284 0.737246 0.00740405 5.34114s
1478 0.776284 0.741791 0.00617483 5.32323s
1479 0.776284 0.73856 0.00710604 5.36168s
1480 0.776284 0.735623 0.00704307 5.30386s
1481 0.776284 0.764192 0.00112586 5.35849s
1482 0.776284 0.758064 0.00164719 5.43943s
1483 0.776284 0.755805 0.00181578 5.38013s
1484 0.776284 0.765758 0.000957065 5.38297s
1485 0.776284 0.758475 0.00162935 5.32881s
1486 0.776284 0.758086 0.00156453 5.3243s
1487 0.776284 0.753648 0.00187675 5.38897s
1488 0.776284 0.765481 0.00106928 5.3837s
1489 0.776284 0.759149 0.00154183 5.32647s
1490 0.776284 0.760741 0.00122976 5.33029s
1491 0.776284 0.746032 0.00580892 5.42446s
1492 0.776284 0.735225 0.00764256 5.35084s
1493 0.776284 0.741881 0.0066623 5.30279s
1494 0.776284 0.7376 0.00718726 5.32943s
1495 0.776284 0.73122 0.00784328 5.44161s
1496 0.776284 0.747937 0.00526472 5.42592s
1497 0.776284 0.745515 0.00597885 5.28943s
1498 0.776284 0.744055 0.0064843 5.39909s
1499 0.776284 0.746705 0.00566802 5.39182s
1500 0.776284 0.738274 0.00673077 5.33648s
