8  13
8  66
12  1
12  12
12  67
12  78
13  11
13  15
13  26
13  53
13  64
13  68
13  87
13  92
14  38
14  39
14  40
14  41
15  7
15  10
15  34
15  45
15  69
15  72
16  37
16  42
17  13
17  66
19  14
19  24
19  55
19  65
20  91
21  8
21  32
21  47
21  71
21  88
22  30
22  31
22  48
22  49
25  12
26  1
26  67
26  78
26  87
26  92
27  13
27  66
28  15
28  26
28  53
28  64
28  68
29  11
30  38
30  39
30  41
31  40
32  7
32  21
32  72
33  10
33  45
33  58
34  34
34  36
34  43
34  69
37  37
37  42
38  13
38  66
40  87
40  92
41  12
41  91
42  1
43  67
43  78
43  88
45  24
45  55
46  14
46  15
46  26
46  53
46  64
46  65
47  68
49  11
50  13
50  66
51  38
51  39
51  41
52  8
52  40
52  71
53  6
54  18
54  61
54  73
55  7
55  47
55  72
55  87
55  92
56  32
56  45
57  10
57  30
57  49
59  12
60  31
60  48
60  69
61  1
61  34
63  91
64  13
64  66
65  67
66  78
68  26
68  42
68  88
69  37
70  53
71  15
71  64
71  87
71  92
73  68
78  11
78  39
80  13
81  66
82  12
84  1
85  40
86  7
86  91
87  38
87  41
87  87
87  92
88  45
92  24
93  10
93  55
94  14
95  67
96  88
98  0
99  13
100  26
101  72
102  66
103  78
104  87
104  92
108  39
108  53
110  91
111  12
113  1
116  69
117  65
118  68
120  32
121  87
121  92
123  13
123  15
123  64
125  34
127  88
128  71
129  7
130  66
132  30
133  21
134  91
137  79
138  45
139  87
139  92
140  31
147  11
148  39
154  13
154  67
157  87
157  92
162  88
165  14
170  40
170  66
174  91
175  87
175  92
176  42
180  37
184  7
187  8
191  13
191  87
192  39
192  41
193  92
195  38
199  88
201  78
202  15
203  87
205  66
206  26
208  13
212  92
213  32
213  91
214  41
215  42
215  87
217  24
222  47
223  10
223  15
224  71
227  13
227  87
231  66
231  92
234  7
236  30
236  39
236  88
237  67
239  87
242  14
242  31
242  41
248  13
248  15
250  92
251  42
251  87
252  91
255  64
255  72
256  53
258  49
259  24
260  66
263  87
269  92
270  13
272  88
274  87
276  41
278  68
279  15
279  39
282  12
283  7
285  11
285  87
286  48
287  71
288  69
288  92
289  10
290  91
293  13
294  66
295  34
296  87
297  32
299  1
300  42
306  58
307  87
307  92
310  88
312  14
312  15
312  40
316  41
317  13
318  87
320  39
321  78
322  24
322  61
322  67
323  30
326  92
328  31
328  91
329  7
329  66
329  87
335  55
340  87
341  13
343  38
345  92
346  15
346  65
347  88
351  42
351  87
357  41
358  43
359  39
361  87
363  71
364  92
365  13
365  66
366  91
368  37
369  36
371  87
374  32
375  7
375  10
376  26
378  14
381  87
383  12
383  15
383  53
383  92
384  1
385  45
385  64
385  88
387  91
388  24
389  13
392  68
392  87
393  26
394  10
396  1
396  12
396  41
397  39
399  45
401  66
401  67
402  87
402  91
402  92
403  42
404  30
406  21
406  53
410  1
410  72
411  31
412  12
412  13
412  87
416  7
418  26
421  11
421  15
421  92
422  87
422  88
430  10
430  91
432  87
433  66
434  39
434  71
435  41
436  8
436  13
440  14
440  68
440  69
440  92
441  1
441  87
442  45
442  78
443  24
444  12
445  32
445  91
448  42
451  87
452  26
453  15
454  10
454  40
455  1
457  53
459  7
459  13
459  34
459  45
459  92
460  12
460  87
460  88
460  91
467  66
469  87
470  39
471  1
472  41
476  91
478  67
478  87
478  92
480  30
480  68
482  13
484  15
485  21
486  31
487  38
487  87
490  47
493  42
496  87
497  88
497  92
499  14
499  71
500  7
500  66
504  13
504  24
505  39
505  87
509  41
512  64
514  32
514  87
516  15
516  92
523  87
529  13
532  87
533  49
533  66
534  88
535  92
540  42
541  87
542  91
544  41
544  61
548  15
550  87
552  37
554  92
557  11
559  87
562  78
563  24
565  66
568  87
570  55
572  88
573  72
573  92
574  65
576  87
578  15
579  41
582  42
584  48
584  87
584  91
591  13
592  40
592  87
592  92
597  66
600  87
608  15
608  87
610  88
611  92
612  41
616  69
616  87
618  13
619  24
623  91
624  42
624  87
628  66
630  92
632  34
632  87
636  38
638  15
640  87
642  13
645  10
645  41
648  87
648  88
649  92
650  64
653  39
654  7
655  13
656  67
656  71
656  87
657  91
658  66
659  14
661  1
661  12
662  30
662  31
663  10
663  45
664  26
664  32
664  42
664  53
664  87
666  15
666  39
668  7
668  91
668  92
669  13
669  24
670  1
670  68
671  12
672  87
675  45
677  10
677  26
677  41
679  14
679  71
680  39
680  87
680  91
681  53
681  78
682  1
682  67
683  13
684  7
684  30
684  88
685  21
686  31
687  66
687  92
688  12
688  32
688  87
689  8
692  11
693  15
696  39
696  87
698  13
701  42
702  7
704  14
704  87
704  91
706  92
708  1
708  12
708  41
710  45
710  71
712  26
712  87
713  10
713  24
714  13
714  39
714  68
715  30
715  91
716  0
717  66
718  31
718  53
719  1
719  32
719  87
720  12
721  15
721  88
722  67
723  45
723  72
724  7
725  92
727  26
727  87
727  91
729  10
730  13
731  1
731  61
731  68
733  12
734  39
734  87
735  11
735  40
736  14
738  41
738  45
739  37
739  42
739  91
741  21
741  53
741  87
742  6
743  73
744  1
744  92
745  26
746  36
746  43
747  12
747  13
747  15
747  66
748  10
748  87
749  7
750  71
751  91
755  45
755  87
756  39
757  47
758  1
758  24
758  88
759  30
761  68
762  69
762  87
763  12
763  91
763  92
764  13
764  32
765  31
766  26
766  58
767  41
769  10
769  87
770  53
770  64
771  68
772  11
773  1
774  15
774  45
775  38
775  42
775  66
775  91
776  7
776  14
776  87
779  67
780  39
781  12
781  13
781  68
782  11
782  34
782  78
782  92
783  87
784  88
785  26
785  53
787  36
787  43
787  67
787  91
789  1
789  55
789  69
789  78
790  87
791  11
791  34
791  76
792  68
793  3
793  10
794  88
795  53
795  67
796  41
796  45
796  78
797  26
797  87
798  13
798  15
798  58
799  17
799  91
800  11
800  71
801  12
801  34
801  65
801  92
802  62
802  69
803  24
803  66
804  7
804  49
804  67
804  68
804  73
804  78
804  87
804  88
806  1
806  6
806  39
806  53
809  21
810  11
810  26
811  34
811  87
811  91
812  42
812  78
812  79
813  67
815  13
815  32
815  88
817  30
817  68
817  69
818  10
818  43
818  53
818  87
820  14
820  36
820  92
821  11
821  45
822  12
822  78
823  31
823  91
824  15
824  41
825  1
825  26
825  34
825  58
825  87
826  67
828  18
830  66
832  39
832  87
832  88
833  13
