124  38
126  6
134  68
138  82
147  25
183  82
189  38
192  68
194  6
195  44
200  48
211  40
213  64
213  71
221  82
222  56
223  44
236  48
236  72
246  68
254  76
255  40
258  44
272  43
273  36
277  58
278  18
278  21
278  61
281  71
282  84
282  95
283  64
298  43
300  36
301  35
304  31
308  39
311  8
311  15
313  21
313  58
313  84
313  95
314  18
314  61
316  23
317  35
323  3
324  31
326  83
327  96
331  39
336  35
337  11
340  41
340  73
343  8
343  15
343  97
345  54
350  31
351  11
356  41
356  73
360  23
360  97
361  35
363  39
365  7
367  11
367  54
374  41
375  73
376  13
378  97
386  31
391  35
392  3
402  84
403  95
404  8
406  15
406  36
406  43
413  39
420  21
420  58
422  18
422  44
422  61
423  48
426  40
427  84
428  95
435  56
436  83
437  82
438  38
438  68
439  6
439  44
439  96
440  64
440  71
442  25
443  48
443  76
450  40
451  82
452  38
452  68
454  6
455  28
455  69
456  20
456  60
456  67
462  25
463  66
465  82
468  37
469  28
469  38
469  69
470  44
471  60
471  67
471  68
472  6
472  20
476  83
478  22
479  72
480  82
484  26
486  28
486  69
488  25
489  60
489  67
490  38
491  20
494  6
495  82
499  68
503  3
506  28
506  69
507  37
510  82
510  83
511  67
512  60
515  38
516  20
521  6
525  25
525  68
525  82
530  92
533  28
533  48
533  69
535  44
537  40
539  19
540  82
544  83
545  56
545  64
545  71
548  95
549  84
550  43
551  36
551  38
554  39
557  35
557  76
558  21
558  48
559  58
560  11
560  18
560  31
560  61
560  97
561  40
561  59
562  41
563  73
563  96
566  54
567  10
567  51
568  12
571  11
571  19
571  23
572  8
572  15
572  97
574  59
575  41
576  35
576  73
578  42
579  10
579  51
579  95
580  12
584  7
584  54
585  57
586  19
586  97
587  96
589  53
590  59
592  51
593  10
595  12
599  76
705  10
705  51
706  12
707  19
707  59
712  96
713  97
716  11
716  41
716  73
718  10
718  42
718  51
720  12
722  19
722  54
722  59
723  97
725  11
726  35
727  31
727  41
727  73
727  96
728  39
728  76
732  57
733  10
733  40
733  51
733  97
734  8
734  15
735  11
735  36
735  43
735  59
735  84
735  95
736  12
736  13
737  19
737  23
737  35
738  39
738  54
739  31
739  41
739  44
739  73
739  76
739  96
740  3
740  21
740  58
741  18
741  40
741  61
742  82
743  7
743  48
743  97
744  68
744  83
746  11
746  39
746  53
747  6
747  38
747  64
747  71
748  36
748  43
748  59
749  20
749  35
749  42
749  44
749  84
749  95
750  3
750  10
750  19
750  25
750  40
750  51
750  56
750  60
751  76
751  96
752  41
752  82
753  31
753  73
754  8
754  15
754  28
754  67
754  68
754  97
755  39
755  69
755  83
756  48
756  54
757  12
757  21
758  6
758  11
758  58
759  18
759  20
759  38
759  40
759  61
760  23
760  44
760  60
760  72
760  87
761  3
761  50
762  35
762  82
763  36
763  43
763  95
764  25
764  39
764  84
765  64
765  68
765  71
766  66
767  28
767  67
767  83
767  97
768  69
769  37
770  6
770  20
771  31
771  48
772  38
772  56
772  82
773  22
773  44
774  29
775  26
775  60
776  3
777  68
780  83
780  95
782  28
782  40
782  67
782  82
783  25
783  69
784  84
784  92
785  6
787  38
788  44
790  20
790  48
790  71
791  64
791  68
792  82
793  60
795  96
798  72
799  28
800  67
801  69
802  6
802  83
803  37
803  82
805  38
809  25
814  82
815  68
816  20
816  60
821  28
822  6
822  67
823  69
824  22
825  66
825  82
825  83
826  38
