212  43
213  29
226  95
227  91
237  76
241  60
245  15
247  43
249  29
262  95
264  91
281  43
284  29
288  42
294  95
296  91
307  76
322  17
322  95
324  91
326  48
329  13
330  66
348  84
349  88
351  3
354  62
365  84
366  88
368  31
370  33
371  50
373  3
374  36
376  87
376  92
379  62
379  66
382  13
382  50
382  84
383  88
385  36
387  19
388  64
395  50
397  36
398  37
399  84
400  88
403  67
404  3
406  19
407  78
408  64
409  50
410  36
411  31
416  84
417  88
424  36
424  50
429  19
433  37
433  84
434  28
434  64
434  88
443  62
446  3
449  84
451  88
453  33
462  95
463  91
464  17
470  46
471  76
474  29
475  43
475  95
476  91
479  48
481  17
483  60
483  66
484  29
485  13
485  15
485  43
488  95
489  91
492  46
492  76
495  29
496  1
496  43
497  12
497  42
498  10
499  60
502  15
502  61
502  95
504  91
508  46
509  0
510  53
512  10
513  54
513  87
516  51
518  60
520  61
522  92
523  15
523  63
528  10
529  42
535  70
537  1
540  53
541  0
541  60
543  61
546  10
549  15
552  54
568  10
569  60
574  61
576  43
577  29
581  46
581  91
581  95
582  15
585  42
585  43
587  29
591  76
592  46
592  91
592  95
594  17
594  48
595  43
597  29
597  62
603  91
603  95
605  17
605  84
605  88
606  60
606  62
609  36
609  50
611  76
612  33
613  31
614  3
615  84
615  88
617  17
617  36
617  50
618  13
618  19
618  48
618  66
620  64
620  69
621  33
622  62
623  18
625  84
625  88
626  36
626  50
628  37
629  26
629  79
631  25
631  69
632  19
632  78
635  64
637  18
643  16
643  69
644  87
645  33
646  9
650  26
651  79
654  18
660  25
723  69
730  18
735  69
740  26
742  19
743  36
744  50
744  64
746  33
746  79
747  84
747  88
748  18
748  69
750  36
750  37
751  50
753  3
753  25
754  33
755  17
755  19
755  62
755  84
756  31
756  88
757  36
758  50
758  64
758  78
760  48
760  95
761  17
761  62
761  91
762  33
762  43
763  29
763  69
763  84
764  46
764  88
765  3
765  31
765  36
766  50
767  17
767  62
768  18
768  76
768  95
769  13
769  19
769  37
769  43
769  66
769  91
770  29
770  48
771  28
771  46
771  84
772  15
773  10
773  60
773  67
773  88
775  61
775  62
775  92
776  31
776  33
776  43
776  95
777  42
777  87
778  29
778  91
781  26
782  46
782  53
784  0
787  1
787  10
789  54
