14  35
14  44
15  37
15  42
17  6
17  73
18  38
18  41
18  89
18  90
19  85
19  87
19  94
20  92
22  0
22  47
22  58
22  79
23  2
23  21
23  32
23  77
24  33
24  46
25  30
25  49
26  1
26  29
26  50
26  78
28  34
28  45
31  3
31  12
31  35
31  44
31  67
31  76
35  37
35  42
36  89
37  31
37  48
38  85
38  90
39  87
40  6
40  73
40  94
41  92
44  38
44  41
52  47
53  35
53  44
53  58
54  0
54  79
55  89
58  85
60  87
60  90
61  49
62  2
62  21
62  37
62  77
63  32
63  94
64  42
65  92
67  33
67  46
71  19
74  78
74  89
77  84
78  85
81  73
81  87
82  6
82  29
82  50
83  30
84  90
85  44
86  35
88  1
88  94
91  60
91  92
93  89
97  38
98  41
98  47
98  85
103  58
103  87
109  37
109  95
110  90
112  89
115  94
118  85
119  34
120  45
120  49
120  92
124  87
130  89
135  42
137  90
138  85
144  94
145  87
148  89
151  92
153  47
157  85
165  89
165  90
166  58
166  87
166  94
169  2
169  3
171  46
172  44
172  84
176  35
176  85
178  6
182  42
182  89
183  92
185  49
186  87
187  94
188  41
189  45
194  85
194  90
196  2
199  46
199  89
203  78
206  87
207  3
207  47
207  94
208  37
209  58
209  67
212  85
215  89
216  92
217  12
223  90
225  87
226  6
226  94
227  42
229  85
231  2
231  89
232  76
237  46
238  45
239  79
241  84
242  0
242  73
244  49
244  87
246  85
246  89
247  94
248  41
250  92
253  90
257  47
261  87
261  89
262  58
263  85
271  44
272  35
272  89
272  92
273  87
273  90
275  21
276  19
279  31
279  48
279  78
279  85
280  77
282  1
283  89
285  87
286  44
287  35
288  92
288  94
289  90
291  32
294  89
295  85
296  38
297  87
298  84
299  49
304  35
304  44
304  78
304  92
305  47
305  89
305  90
307  31
307  37
307  48
309  87
311  85
313  1
313  33
316  89
320  92
321  87
321  90
324  35
324  44
324  94
326  85
326  89
333  87
333  90
333  92
338  30
338  94
340  89
341  32
341  78
343  21
343  90
344  1
344  92
348  35
348  44
350  95
351  94
352  87
353  30
353  90
355  92
356  32
357  48
358  31
359  89
361  21
363  90
364  94
365  92
366  85
368  60
370  1
370  87
371  30
373  90
374  32
375  35
375  92
376  44
377  89
377  94
382  21
382  90
382  95
385  92
387  87
390  34
390  77
390  94
391  33
391  85
391  90
392  42
393  30
393  73
394  76
394  89
395  32
395  92
398  37
398  38
400  90
401  21
403  77
403  87
403  94
405  1
405  33
405  92
406  34
406  35
407  29
407  44
407  85
409  90
410  50
410  89
413  76
414  73
415  92
416  94
417  95
418  77
418  90
419  37
419  87
420  30
420  32
421  33
422  38
423  85
424  21
425  34
425  92
426  89
427  90
429  94
434  87
435  77
435  92
436  90
437  31
437  48
437  76
439  35
439  85
440  33
440  44
442  73
442  89
442  94
445  90
445  92
445  98
446  37
447  1
449  87
450  32
454  90
454  95
455  30
455  92
455  94
456  21
457  89
459  60
462  87
463  90
465  89
465  92
466  85
468  94
470  78
471  87
472  35
472  44
472  90
473  42
473  89
475  47
475  58
475  92
476  49
478  85
480  87
481  84
481  89
481  90
481  94
485  92
487  32
489  87
489  89
490  47
490  85
491  58
491  78
493  49
493  95
494  90
497  89
498  87
501  2
501  92
501  94
502  6
502  46
502  85
503  44
504  3
504  19
504  35
504  45
505  1
505  41
505  89
506  58
507  47
507  84
507  87
508  42
509  79
511  0
511  90
512  31
513  2
513  49
513  89
514  46
514  85
515  48
516  78
516  87
516  92
516  94
519  6
519  45
520  3
521  89
523  42
523  58
524  41
525  85
526  2
527  0
527  44
527  46
527  47
527  87
529  12
529  29
531  38
531  94
532  42
532  73
532  89
533  90
535  84
536  85
537  0
537  45
537  49
538  3
540  6
541  2
541  29
541  87
542  42
542  46
542  58
543  12
543  89
544  38
544  73
546  81
546  94
547  85
548  0
548  41
550  47
553  42
554  29
554  87
554  89
557  2
558  38
558  45
558  73
558  85
559  12
559  46
560  44
561  0
561  3
561  94
564  42
564  84
565  49
565  58
565  89
566  87
568  6
568  85
569  29
571  44
573  73
573  89
574  38
574  87
575  0
575  92
575  94
576  2
576  42
576  90
577  47
578  12
579  85
580  41
580  44
580  46
581  89
582  87
584  45
587  29
587  92
588  19
588  35
589  85
589  89
589  90
589  94
590  78
590  87
591  44
591  58
592  3
592  42
594  84
596  89
596  90
596  92
597  94
598  2
598  87
599  49
600  85
603  89
603  90
604  92
605  46
605  94
606  35
606  87
607  47
608  31
609  30
609  48
609  85
610  1
610  6
610  21
610  32
610  89
610  90
611  37
612  92
613  78
613  95
614  87
616  67
616  77
616  94
617  33
617  85
617  90
618  34
618  89
619  35
620  37
620  92
621  76
623  21
623  79
624  50
624  90
625  30
625  87
626  32
626  35
626  94
627  77
627  84
628  37
628  67
628  92
629  6
629  33
630  1
631  41
631  90
632  34
632  79
632  85
634  50
636  37
636  89
636  94
636  95
637  76
638  21
640  77
640  92
641  35
641  90
642  33
642  60
642  67
642  79
643  6
643  30
644  32
645  37
645  41
645  50
647  85
647  94
648  34
652  79
654  37
654  77
655  98
656  76
657  33
657  50
657  67
658  6
660  41
661  85
663  79
664  37
667  34
671  50
675  6
675  35
675  79
676  67
677  41
687  50
689  79
689  94
694  6
696  41
699  67
700  71
704  35
704  79
705  50
715  6
715  37
718  41
718  94
721  79
721  85
725  37
726  50
727  67
728  77
729  33
729  90
731  92
732  35
732  85
733  94
734  89
735  34
735  37
736  76
737  90
738  6
738  87
739  79
739  92
741  77
741  94
742  21
742  35
742  38
743  33
743  41
743  85
743  90
744  32
744  73
744  89
745  37
745  92
746  30
746  87
747  95
749  35
749  90
749  94
750  85
750  89
751  50
751  92
752  1
752  87
753  44
754  21
754  34
754  37
755  6
755  90
755  94
756  41
756  76
756  77
756  85
756  89
757  35
757  38
757  73
757  78
757  92
758  32
758  33
758  42
758  47
758  58
758  87
759  44
759  49
760  31
760  48
760  79
761  2
761  30
761  84
761  90
761  94
762  46
762  85
762  89
763  0
763  67
764  37
764  45
764  73
764  87
764  92
765  38
765  42
765  44
766  1
766  3
766  29
766  95
767  12
767  21
767  90
768  35
768  89
768  94
769  85
770  58
770  87
771  44
771  47
771  78
771  92
771  98
772  0
772  42
773  2
773  49
774  46
774  89
775  73
776  60
776  90
778  29
778  38
778  45
778  85
778  87
779  94
781  12
781  42
781  84
782  0
782  44
783  3
785  81
787  32
789  19
802  89
