9  36
9  43
11  32
11  47
12  33
12  46
12  89
12  90
13  20
13  59
15  34
15  45
16  4
16  75
16  87
16  92
17  5
17  24
17  39
17  40
17  55
17  74
18  3
18  38
18  41
18  76
19  36
19  43
20  31
20  48
20  84
20  95
21  83
21  96
23  7
23  28
23  32
23  47
23  51
23  72
23  82
23  97
25  89
25  90
26  33
26  46
27  19
27  60
29  20
29  59
30  36
30  43
31  25
31  54
31  88
31  91
32  87
32  92
34  34
34  45
36  32
36  47
37  4
37  26
37  53
37  75
38  24
38  39
38  40
38  55
39  89
39  90
40  5
40  14
40  65
40  74
41  3
41  76
42  36
42  43
42  84
42  95
43  33
43  38
43  41
43  46
44  83
44  96
47  0
47  79
47  82
47  97
49  20
49  59
50  87
50  92
51  31
51  32
51  47
51  48
53  89
53  90
56  36
56  43
61  34
61  45
62  85
62  94
64  33
64  46
66  7
66  28
66  51
66  72
67  84
67  95
68  89
68  90
69  32
69  47
69  87
69  92
70  24
70  55
70  83
70  96
71  4
71  75
72  36
72  39
72  40
72  43
72  82
72  97
73  88
74  91
75  10
75  69
79  20
79  59
81  5
81  74
82  89
83  41
83  90
84  3
84  76
88  84
89  87
89  92
90  36
90  43
91  32
91  38
91  47
94  19
94  95
96  89
98  33
98  46
98  82
98  97
99  83
99  90
99  96
110  40
110  84
110  89
111  60
111  87
111  88
111  92
112  36
112  43
115  90
118  32
118  47
122  45
122  54
123  34
124  89
125  82
125  95
125  97
126  41
132  83
132  84
132  90
132  96
134  87
134  92
135  91
137  43
138  36
138  89
140  51
148  59
149  20
149  88
149  90
151  32
151  47
151  82
151  97
152  89
153  84
158  87
158  92
158  95
164  94
166  43
166  89
167  36
167  83
167  90
167  96
168  40
169  53
172  31
174  84
175  48
176  82
176  97
180  89
183  87
183  92
185  88
185  90
186  46
187  33
187  41
190  32
191  47
192  75
192  95
193  4
194  84
194  89
198  36
198  43
199  24
200  82
200  97
202  55
203  90
204  83
204  96
207  19
207  39
207  87
207  92
208  89
208  91
213  84
220  88
221  90
222  89
223  97
224  82
227  40
227  95
229  43
230  32
230  36
231  47
231  51
232  84
233  87
233  92
235  89
239  90
241  74
242  5
242  83
242  96
244  41
245  97
246  25
246  82
250  89
251  54
253  94
255  84
256  88
257  90
259  87
259  92
261  36
261  43
263  95
264  3
264  76
266  97
267  82
270  32
270  47
270  89
275  90
279  38
280  83
280  96
283  91
284  87
284  92
286  20
286  59
287  90
287  95
287  97
288  34
288  82
289  28
290  85
290  89
291  45
293  36
293  39
293  43
298  38
299  90
302  26
302  95
303  60
305  46
306  33
306  91
307  97
308  82
309  32
309  84
309  89
310  47
310  87
310  92
311  90
314  28
314  39
314  72
316  7
317  95
319  83
319  96
320  25
320  38
323  90
324  36
324  43
327  97
328  82
328  89
330  91
332  95
335  90
335  92
336  87
337  85
340  39
343  60
346  23
346  32
346  47
347  56
347  89
347  90
347  95
347  97
348  82
349  84
350  38
352  28
354  36
354  43
355  91
358  83
358  89
358  96
359  90
360  26
360  88
360  92
361  87
362  95
363  84
366  97
367  82
369  40
369  89
371  41
371  90
375  4
375  39
377  84
377  95
378  51
379  75
380  89
380  91
381  19
381  88
383  90
383  94
384  32
384  36
384  43
384  47
385  97
386  82
386  92
387  87
388  38
389  24
389  53
389  55
391  40
391  84
391  89
393  95
394  41
394  85
395  54
397  83
397  96
398  90
400  25
402  88
402  89
403  97
404  82
405  84
411  51
412  36
412  92
413  43
413  87
413  89
418  40
419  32
419  84
420  47
420  90
421  97
422  82
423  48
424  19
424  20
424  41
424  59
424  88
424  89
425  31
425  94
428  46
429  33
433  84
435  89
436  74
436  83
436  96
437  92
438  5
438  87
438  97
439  82
441  36
441  90
442  43
446  88
446  89
447  84
452  34
453  40
455  32
455  47
455  97
456  82
457  45
457  89
461  41
461  53
461  84
461  90
461  95
463  51
463  92
464  87
465  3
465  76
466  54
468  89
469  36
469  88
470  43
470  94
472  82
472  97
475  83
475  84
475  96
479  89
480  90
486  95
489  32
489  47
489  82
489  84
489  92
489  97
490  87
490  89
490  90
491  91
492  88
493  65
495  40
496  36
497  43
498  95
500  39
500  90
501  89
502  38
502  84
504  19
504  28
505  41
505  82
505  97
509  60
509  91
510  90
510  95
511  85
512  89
514  83
514  88
514  92
514  96
515  84
516  87
520  39
520  90
520  94
521  82
521  97
522  95
523  32
523  36
523  47
523  89
524  38
524  43
527  25
528  26
528  84
528  90
528  91
531  28
532  14
532  46
532  51
533  32
533  43
533  83
534  5
534  95
535  76
535  90
536  89
536  97
537  82
539  88
539  92
540  59
541  87
542  90
543  43
544  32
544  39
545  60
545  83
546  5
546  33
546  85
546  95
547  91
548  76
549  36
549  46
549  90
550  38
552  69
552  82
552  97
553  43
553  96
555  32
555  47
556  90
557  83
558  14
558  95
559  5
560  89
561  20
562  76
562  92
563  43
563  75
563  90
564  24
565  4
566  34
566  59
566  87
567  32
567  33
567  82
567  91
567  97
568  28
568  55
569  7
569  46
569  83
570  48
570  90
570  95
571  20
571  92
573  75
574  5
574  39
574  43
574  79
575  24
575  36
576  34
577  90
578  33
578  76
580  32
580  92
581  38
581  83
582  82
582  85
582  89
582  95
582  97
584  20
584  90
585  43
585  91
587  47
588  7
589  48
590  87
591  5
591  25
591  90
592  46
592  96
593  32
593  83
594  89
594  95
595  84
597  26
597  43
597  76
597  82
597  97
598  90
599  36
600  0
600  60
602  89
604  88
604  91
605  47
606  74
606  84
606  95
607  3
607  36
607  96
609  39
609  89
609  90
609  92
611  40
612  14
612  41
612  82
612  97
614  87
615  45
615  47
615  59
616  36
616  74
616  89
617  84
618  3
618  83
618  94
618  96
619  72
621  4
621  31
621  55
621  88
622  87
623  10
623  89
624  45
624  54
624  65
624  85
625  33
625  36
625  46
625  47
625  59
626  19
626  51
626  95
627  74
627  82
627  97
628  84
629  96
630  3
630  87
630  89
631  4
631  40
631  90
632  53
632  55
633  31
633  41
633  72
634  45
636  59
637  46
637  89
637  92
638  87
638  88
639  84
640  74
640  96
642  4
643  3
644  55
644  89
645  45
646  0
646  36
646  87
647  31
647  47
648  59
648  94
649  33
649  72
650  82
650  84
650  97
651  46
651  89
651  96
654  4
654  40
654  74
654  87
655  36
655  90
656  65
656  88
657  41
657  45
657  47
657  55
658  3
658  89
661  51
661  84
661  95
662  96
663  59
663  82
663  90
663  92
663  97
664  87
665  31
665  36
665  89
667  54
667  91
668  19
668  43
669  10
669  47
669  83
669  90
670  32
671  20
672  33
672  84
672  92
672  95
673  46
674  88
675  24
675  34
675  75
675  90
676  82
676  97
677  38
677  43
677  74
678  89
679  5
680  39
680  48
680  83
680  92
681  20
681  76
681  90
683  7
683  28
683  95
684  32
684  91
685  24
685  33
685  34
685  75
685  94
688  92
691  83
691  85
691  90
692  20
694  48
695  34
695  79
696  75
696  92
696  96
697  24
698  33
699  7
704  20
704  92
705  87
706  34
708  75
709  89
710  24
710  48
712  92
713  33
717  20
718  34
719  7
719  90
720  92
721  75
724  24
728  92
729  48
730  33
731  20
731  34
734  89
736  75
736  79
736  92
737  87
739  90
740  24
742  83
744  92
745  7
746  34
747  20
747  90
749  33
752  5
752  48
752  83
752  92
753  75
753  76
754  90
754  95
756  84
756  89
759  24
760  90
760  92
762  34
762  83
763  43
763  91
763  95
764  20
764  32
765  82
765  87
765  97
766  5
766  90
768  76
768  89
768  92
768  96
769  33
769  38
770  43
770  84
771  69
772  32
772  36
772  39
772  75
772  83
772  90
772  95
774  47
774  89
775  88
776  14
776  28
776  46
776  82
776  87
776  92
776  97
777  40
777  43
777  85
777  91
778  20
778  60
778  90
778  96
779  33
779  36
779  59
779  84
780  7
780  24
780  25
780  32
780  89
781  5
781  41
781  45
782  3
782  4
782  47
782  55
782  83
782  95
783  34
783  48
783  74
783  87
785  38
785  46
786  89
786  90
787  26
787  31
787  39
787  72
788  36
788  82
788  96
788  97
789  94
790  59
790  88
791  84
792  87
794  45
794  51
795  76
802  91
803  92
810  89
816  90
828  87
832  89
