235  76
243  77
244  24
271  88
274  74
302  11
309  76
324  44
328  77
329  93
332  24
333  88
335  80
337  65
341  66
347  95
352  4
352  93
364  80
368  13
376  93
377  76
383  88
389  65
391  95
395  80
400  93
402  7
406  77
407  74
409  24
411  66
412  19
412  60
415  92
416  9
416  70
423  87
424  93
425  80
428  19
428  60
432  92
435  95
438  9
438  13
438  70
442  87
447  7
447  19
447  60
447  93
448  72
449  92
451  86
452  6
455  99
456  14
456  80
458  87
461  84
466  75
467  86
468  9
469  70
470  19
470  60
473  92
474  87
475  99
478  3
479  72
480  2
480  55
481  14
483  86
485  73
485  91
487  5
488  84
491  87
492  68
493  3
496  99
497  2
497  92
498  35
498  55
500  19
500  60
500  72
500  86
505  13
506  91
508  87
511  3
512  66
512  75
514  5
516  86
517  84
517  99
518  2
518  73
519  14
519  55
523  51
527  46
527  92
529  91
532  68
533  3
533  86
535  57
537  87
539  99
541  70
543  13
545  72
547  2
547  9
547  84
548  55
548  92
550  86
552  87
552  91
555  13
558  19
559  35
559  60
561  99
563  5
563  92
564  93
567  3
567  86
567  87
569  80
570  66
574  95
577  84
577  92
578  93
579  65
579  66
582  87
584  7
584  99
586  4
586  70
586  80
588  76
588  86
589  9
589  19
589  88
590  60
591  6
591  92
592  24
592  77
592  87
592  93
597  33
597  95
600  6
600  22
601  26
601  87
602  1
602  7
602  11
602  74
604  76
604  80
605  78
605  93
606  88
608  33
610  6
610  65
611  44
612  24
612  77
613  28
614  22
617  1
617  26
618  93
621  6
621  33
621  95
622  78
622  80
623  76
624  88
630  22
631  93
634  1
634  6
635  33
636  4
636  26
637  74
638  77
639  11
639  24
639  66
641  61
644  78
644  88
646  87
647  76
649  22
652  33
653  6
655  1
655  93
657  80
661  26
664  88
664  95
668  6
668  93
671  77
672  33
672  87
673  22
673  78
674  80
676  24
677  76
680  87
680  93
682  1
683  92
684  6
684  44
684  88
688  65
688  66
688  87
688  95
689  7
691  13
691  80
693  92
693  93
695  19
695  60
695  87
696  33
696  66
697  26
700  51
701  86
702  6
702  9
702  70
702  87
704  22
704  88
704  92
704  99
705  66
705  93
706  13
706  74
708  7
708  80
709  84
709  87
711  78
712  86
712  95
713  76
713  92
714  1
714  13
714  19
714  60
714  66
715  14
715  72
716  73
716  77
717  87
717  91
718  93
718  99
719  92
720  3
720  24
721  2
721  55
722  13
722  28
722  46
722  86
724  53
724  57
724  73
725  80
725  88
725  92
726  51
726  75
728  9
728  84
729  70
729  87
731  72
732  46
732  78
732  91
732  92
732  99
733  5
733  73
733  86
734  66
734  68
735  60
736  3
736  13
736  19
737  53
737  57
738  2
738  55
739  14
742  73
742  92
743  46
744  86
747  91
747  99
748  84
749  35
751  57
752  53
754  3
755  46
756  18
759  73
761  2
764  55
771  92
