8  13
8  66
12  1
12  12
12  67
12  78
13  11
13  15
13  26
13  53
13  64
13  68
13  87
13  92
14  38
14  39
14  40
14  41
15  7
15  10
15  34
15  45
15  69
15  72
16  37
16  42
17  13
17  66
19  14
19  24
19  55
19  65
21  8
21  32
21  47
21  71
21  88
21  91
22  30
22  31
22  48
22  49
26  1
26  12
26  67
26  78
26  87
26  92
27  13
27  66
28  15
28  26
28  53
28  64
29  11
29  68
30  38
30  39
30  40
30  41
32  7
32  72
33  21
33  58
34  10
34  34
34  36
34  43
34  45
34  69
37  37
37  42
38  13
38  66
40  87
40  92
43  1
43  12
43  67
43  78
43  88
43  91
45  14
45  24
45  55
46  15
46  64
46  65
47  26
47  53
49  11
49  68
50  13
50  39
50  66
51  38
51  40
51  41
51  71
52  8
53  7
53  32
54  6
54  18
54  30
54  61
54  73
55  72
55  87
55  92
56  47
57  31
57  49
60  10
60  48
60  69
61  34
61  45
63  13
64  66
64  67
65  12
66  1
66  78
68  88
68  91
69  37
69  42
71  87
71  92
72  15
72  64
73  26
73  53
74  39
78  11
78  68
79  13
81  66
83  7
83  40
87  14
87  38
87  41
87  87
87  92
93  24
93  55
94  67
96  91
97  88
98  12
98  13
101  72
102  66
103  1
104  78
104  87
104  92
106  39
116  32
117  10
117  15
117  65
118  13
118  69
118  87
121  92
123  45
124  34
124  66
124  71
126  64
128  91
129  7
129  88
130  26
131  30
131  53
132  87
133  42
134  41
136  79
137  0
137  13
139  31
139  92
146  39
146  87
147  11
147  15
148  68
149  66
153  67
157  92
158  13
159  87
161  91
163  88
164  14
167  40
172  41
172  87
175  92
176  24
178  42
179  66
180  37
182  7
182  8
182  13
183  12
183  15
185  87
192  39
193  38
193  92
197  91
198  78
198  87
199  1
200  88
201  10
203  71
207  13
211  87
212  32
212  92
214  66
216  41
221  47
223  15
223  87
231  92
233  13
234  7
234  30
234  91
235  42
235  87
236  39
237  88
238  67
241  14
242  31
247  87
249  24
250  66
250  92
255  72
256  64
259  13
259  49
259  87
261  26
261  41
263  15
263  53
269  92
271  87
271  91
273  88
278  39
282  87
283  7
284  13
287  11
287  69
287  71
288  48
288  66
288  92
289  68
292  10
292  42
293  87
295  45
296  32
298  34
302  21
303  15
304  12
304  41
304  87
307  58
307  92
309  13
309  91
310  40
311  14
311  88
315  87
319  39
320  24
321  67
321  78
322  1
323  30
323  61
324  66
326  87
326  92
327  31
328  7
334  13
337  55
337  87
338  15
342  38
343  42
345  92
346  65
347  41
347  91
348  87
348  88
358  39
358  43
359  13
359  87
360  66
361  71
364  92
368  37
369  36
369  87
373  32
375  7
376  10
376  15
377  14
379  87
383  13
383  24
383  91
383  92
385  64
386  26
386  88
387  41
388  1
388  12
388  53
389  87
391  45
395  10
395  42
395  66
397  39
397  68
398  91
399  87
400  1
401  12
401  67
402  92
403  26
403  30
407  13
409  15
409  87
410  31
410  72
412  45
417  7
419  87
421  53
421  92
422  11
422  88
425  41
428  66
429  87
431  13
431  71
434  8
434  39
435  91
439  14
439  87
440  92
441  42
441  78
442  24
444  15
444  69
445  32
449  87
451  40
454  13
458  87
459  88
459  92
460  7
463  34
463  66
464  41
467  87
468  91
470  39
476  87
477  13
477  15
478  67
478  92
481  30
485  31
485  87
487  38
488  42
488  47
494  87
496  66
497  92
498  14
498  71
498  88
499  13
501  7
501  41
503  87
505  39
506  24
509  15
510  91
512  87
513  32
516  92
520  64
521  13
521  87
526  10
529  66
530  87
533  42
534  49
535  92
536  88
537  41
539  39
539  87
540  7
541  15
542  13
547  61
548  87
548  91
550  68
552  30
553  1
553  12
553  37
554  14
554  67
554  92
556  26
556  45
557  10
557  87
558  11
558  31
559  24
560  71
560  78
561  53
561  66
561  91
562  1
563  12
563  13
566  21
566  87
569  45
569  72
570  15
570  26
571  41
571  55
571  68
572  1
572  39
573  10
573  88
573  92
574  12
574  65
574  87
574  91
575  42
577  7
577  32
580  53
582  68
582  87
583  1
583  45
584  11
584  13
585  48
586  12
586  26
587  91
590  87
591  10
592  40
592  66
592  92
593  68
595  1
595  21
597  6
597  11
597  36
597  43
598  73
598  87
599  45
600  12
600  15
600  91
603  41
603  69
605  13
605  26
605  39
605  53
606  87
608  0
608  1
608  14
608  24
610  68
610  88
611  92
612  10
613  7
613  42
613  91
614  87
615  12
615  30
617  45
619  71
622  1
622  3
622  31
622  76
622  87
623  66
624  67
625  13
625  34
626  91
627  26
628  38
629  15
630  87
630  92
632  12
636  39
636  41
636  64
637  1
637  10
637  32
637  53
638  87
639  45
639  91
646  13
646  87
648  88
649  92
650  7
651  12
652  91
654  1
654  26
654  42
654  66
654  87
655  21
659  15
660  14
660  62
661  24
662  87
665  17
666  13
667  39
668  91
668  92
669  41
670  87
676  78
678  71
678  87
684  8
684  66
686  88
687  87
687  92
692  10
695  15
706  92
725  88
725  92
727  72
730  87
731  40
734  37
744  92
754  47
756  87
758  91
763  92
764  88
774  64
779  58
779  87
780  38
780  69
782  92
798  55
799  91
801  87
801  92
802  88
805  78
806  34
806  65
820  92
822  87
829  49
833  18
