46  54
47  25
59  12
68  74
69  27
69  52
70  82
73  80
73  99
79  26
80  67
84  59
93  61
95  93
103  89
110  82
131  12
132  48
137  31
138  5
142  82
143  74
143  93
151  85
155  89
167  26
170  82
172  94
175  59
179  54
181  13
181  66
182  93
191  61
194  12
195  82
196  89
207  74
216  93
218  82
232  89
240  26
240  82
247  93
251  12
251  59
261  82
264  89
267  74
272  61
275  93
275  99
277  80
280  97
281  82
282  85
286  27
289  6
289  99
293  89
296  85
297  44
297  52
299  82
301  93
304  12
305  26
310  99
311  54
314  80
315  27
317  82
317  85
320  59
320  89
321  74
324  99
326  93
329  6
331  85
334  82
336  41
336  56
338  27
338  99
342  52
345  85
346  89
348  80
349  93
351  82
352  99
353  12
355  44
355  61
356  33
357  46
359  31
359  48
359  85
364  25
366  99
367  6
367  27
370  33
371  46
372  76
373  3
373  31
373  48
373  85
375  54
379  99
380  67
381  80
387  25
387  33
387  85
388  46
389  31
389  48
392  99
401  85
403  52
404  27
404  99
405  80
407  33
408  31
408  46
408  48
408  94
414  73
414  76
414  85
415  3
415  52
415  80
415  99
417  35
419  94
420  25
420  27
425  80
425  99
427  85
428  52
430  94
431  31
431  48
432  33
433  46
433  73
435  6
435  80
435  99
436  38
438  27
440  85
441  94
443  35
443  52
443  58
444  54
445  21
445  80
445  99
448  44
449  67
452  94
453  85
455  80
455  99
457  73
458  27
459  31
459  48
459  52
463  94
465  33
465  80
465  99
466  46
466  85
474  94
475  80
475  99
477  52
478  85
480  25
480  27
486  99
490  80
490  85
493  31
493  48
496  82
498  99
500  12
500  54
500  93
501  89
502  85
503  94
505  33
505  46
505  74
506  26
506  82
507  59
510  6
510  99
512  12
513  61
513  93
514  85
515  89
516  82
518  54
521  74
522  99
523  26
526  12
526  59
526  82
526  85
526  93
527  41
529  48
530  89
532  31
532  76
534  99
536  61
536  82
537  85
538  3
539  74
540  54
540  93
541  12
544  26
545  89
545  99
546  33
547  82
548  46
548  85
550  59
552  80
554  93
555  99
558  12
558  82
559  25
559  85
560  80
560  89
561  74
561  94
564  99
566  27
567  44
567  52
567  54
568  48
568  61
568  80
568  93
569  82
570  31
570  85
570  94
571  26
573  99
576  80
579  6
579  73
579  94
580  89
581  27
581  52
581  85
582  99
584  35
584  80
588  67
589  94
590  33
591  46
591  99
592  80
592  85
595  97
596  52
596  53
597  5
597  20
597  27
597  67
598  86
599  18
599  90
599  94
600  25
600  80
600  99
603  85
604  73
604  97
606  31
606  48
606  67
607  5
607  53
608  20
608  80
609  86
609  94
609  99
611  18
611  90
612  52
613  38
613  97
614  85
615  27
616  25
616  67
616  80
617  99
618  5
619  53
619  94
620  20
621  35
621  86
622  97
623  90
624  80
625  18
625  85
625  99
627  67
629  94
630  5
630  52
631  97
632  33
632  46
632  53
632  80
633  86
633  99
634  20
634  82
635  25
635  27
635  85
636  90
637  93
639  67
639  89
639  94
640  31
640  73
640  80
640  97
641  12
641  18
641  99
642  48
643  5
643  6
643  82
644  44
645  85
645  86
647  53
648  54
648  74
648  80
649  52
649  59
649  90
649  93
649  94
649  97
649  99
650  20
652  26
652  67
652  82
652  89
654  3
655  12
655  85
656  27
656  80
657  86
657  99
658  5
658  25
658  61
658  97
659  94
660  18
661  82
661  93
662  90
664  53
664  80
665  85
665  89
665  99
666  67
666  74
666  76
667  97
669  86
669  94
670  12
670  20
670  52
670  54
670  59
670  82
672  33
672  80
673  25
673  46
673  93
673  99
674  5
674  81
674  83
675  2
675  13
675  26
675  85
675  90
676  56
676  97
677  4
677  31
677  48
677  58
678  27
678  89
679  82
679  94
680  80
681  1
681  25
681  86
681  99
682  67
682  81
683  83
684  2
684  13
684  18
685  53
685  56
685  61
685  85
685  93
685  97
686  12
687  74
688  4
688  58
688  80
688  82
688  90
689  25
689  94
689  99
690  81
691  5
691  89
692  52
692  73
692  83
693  13
693  20
693  35
693  86
694  2
694  97
695  54
695  56
695  59
695  85
696  80
697  82
697  93
697  99
698  25
698  81
698  94
699  1
699  67
700  58
701  4
701  27
701  83
701  90
703  6
703  13
703  26
703  97
704  12
704  80
704  85
704  89
705  2
705  86
705  99
706  56
706  81
706  82
707  25
707  94
709  5
709  93
710  31
710  33
710  83
711  48
711  53
712  74
712  80
712  97
713  46
713  85
713  99
714  13
714  58
714  90
715  18
715  52
715  81
715  82
716  4
716  94
717  2
717  25
717  86
717  89
718  56
718  67
719  61
719  83
720  80
721  54
721  93
721  97
721  99
722  1
722  20
722  85
724  12
724  81
724  82
724  98
725  23
725  27
725  66
725  77
725  94
725  96
726  13
727  25
727  59
727  75
727  90
728  21
728  80
728  83
729  86
729  99
730  54
730  58
730  89
730  97
731  2
731  5
731  56
731  85
732  41
733  4
733  81
733  82
733  93
734  44
734  78
734  94
736  26
736  80
737  74
737  83
737  99
738  25
738  52
738  67
739  13
739  97
740  85
740  90
741  86
742  81
742  82
743  31
743  48
743  53
743  80
743  89
743  94
745  12
745  93
745  99
746  56
746  83
747  2
748  33
748  58
748  98
749  27
749  73
749  85
750  46
750  80
751  81
751  82
752  25
752  94
752  99
754  4
754  13
755  1
755  3
755  83
756  89
757  93
758  85
760  6
760  81
760  82
761  99
763  56
763  61
763  80
764  59
764  83
765  2
768  85
769  58
769  74
769  81
769  82
769  89
769  93
771  13
773  83
776  29
789  81
