133  47
134  92
138  84
141  19
160  39
163  92
169  84
171  47
187  19
188  92
196  84
197  35
200  48
209  43
209  55
209  67
210  47
210  49
211  40
211  92
218  62
220  84
224  7
225  48
228  42
228  63
229  55
230  67
232  43
232  92
234  39
234  40
235  19
238  46
242  84
249  47
249  62
251  92
252  55
253  48
254  67
260  40
260  43
262  84
266  7
269  92
278  19
279  55
280  63
281  48
281  84
282  42
282  47
283  67
285  92
294  46
295  40
295  62
296  43
298  84
299  39
300  92
309  46
310  94
310  95
311  6
311  33
312  47
314  84
315  19
315  92
319  35
320  94
320  95
321  22
322  6
322  17
322  33
323  46
329  90
329  92
329  99
330  84
330  94
330  95
334  6
334  33
337  48
338  46
340  73
340  94
340  95
342  47
343  92
344  22
345  17
345  84
346  6
346  33
347  49
350  94
350  95
355  19
355  46
355  99
356  73
356  90
357  92
359  6
359  33
360  39
360  72
360  94
360  95
361  84
361  97
362  20
362  85
365  71
366  73
367  0
369  94
370  72
370  95
371  97
373  33
373  85
374  6
374  20
375  4
375  22
376  17
377  73
378  70
378  71
379  94
380  95
381  72
381  97
383  0
383  99
384  85
385  90
387  20
389  73
389  94
389  95
390  33
391  6
391  71
391  97
392  72
395  85
399  76
399  94
399  95
401  20
401  64
401  97
402  0
402  52
402  71
402  73
402  79
403  4
404  72
405  57
406  85
408  32
409  94
409  95
410  56
410  64
410  76
410  77
411  33
411  97
412  6
412  52
412  70
413  79
414  71
415  99
417  20
417  85
418  57
418  72
420  64
421  90
421  97
422  52
422  76
423  73
424  32
424  79
427  0
427  71
428  56
428  85
429  77
431  64
431  97
433  52
433  57
433  72
435  20
435  76
436  79
436  88
439  85
441  71
441  97
443  64
444  32
445  52
449  72
449  76
450  79
450  85
451  56
451  57
451  94
451  95
451  97
452  4
453  77
455  20
456  64
456  71
456  73
459  0
459  52
459  94
459  95
461  85
461  97
464  6
464  33
465  76
466  79
467  72
467  94
467  95
469  73
471  97
472  85
473  32
473  99
474  90
475  71
475  94
475  95
477  17
478  20
478  22
479  6
479  33
481  97
483  73
483  85
483  94
483  95
485  46
485  70
485  84
485  92
486  72
490  47
491  94
491  95
491  97
493  19
493  48
493  92
494  6
494  33
494  84
494  85
495  46
496  99
498  73
498  90
499  94
499  95
500  39
501  0
501  47
501  92
501  97
503  84
505  46
505  48
507  17
507  19
507  94
507  95
508  22
508  35
509  92
511  6
511  33
512  84
513  43
513  47
513  55
513  67
514  40
515  48
515  94
515  95
516  46
516  49
517  92
518  62
520  7
520  39
520  99
521  84
522  19
522  55
522  63
522  67
522  90
523  42
523  94
523  95
524  40
524  43
525  92
526  47
526  48
528  46
530  6
530  33
530  84
531  62
531  94
531  95
532  55
532  67
533  48
533  92
535  36
535  40
535  43
536  7
536  11
536  34
536  58
538  9
538  27
539  19
539  81
539  84
540  21
540  47
540  48
540  63
541  35
541  42
541  92
542  36
542  55
543  11
543  34
543  58
543  67
544  12
545  39
546  27
546  62
547  9
547  40
547  48
548  43
548  84
549  36
549  92
550  11
550  21
550  34
551  58
553  55
554  7
554  67
555  27
555  48
556  36
556  47
557  9
557  11
557  12
557  34
557  84
558  19
558  92
559  58
560  40
561  21
561  63
562  43
563  36
563  48
563  62
564  27
564  42
565  11
565  34
565  49
565  55
567  9
567  58
567  67
567  84
567  92
571  12
571  36
573  11
573  34
574  21
574  27
575  40
576  7
576  58
576  81
578  9
578  55
579  36
581  67
582  11
582  34
584  27
584  62
586  58
588  12
588  21
588  36
590  9
590  63
591  11
591  34
591  40
593  55
596  27
596  58
596  67
597  36
598  42
601  11
601  34
604  9
604  21
606  7
607  12
607  36
607  58
607  75
609  27
609  55
609  62
610  40
611  11
611  34
612  67
617  36
617  86
618  48
619  9
619  43
619  58
619  92
620  84
622  11
622  21
622  34
623  27
625  48
625  55
626  92
627  47
628  36
628  84
629  40
629  63
629  67
629  81
631  12
631  19
632  43
632  48
632  58
633  11
633  92
634  34
636  9
636  84
637  39
637  62
638  27
639  36
639  47
640  48
640  92
640  94
640  95
641  7
641  46
642  55
643  21
643  42
644  84
645  11
645  19
645  58
646  34
646  43
646  94
646  95
647  6
647  33
647  67
647  92
648  48
649  40
649  46
651  35
651  36
651  47
651  90
651  99
652  84
652  94
652  95
654  27
654  92
655  9
656  17
656  22
656  48
657  6
657  33
657  39
658  11
658  46
658  94
658  95
659  34
659  55
660  12
660  19
660  58
660  84
660  85
660  97
661  43
661  73
661  92
664  36
664  47
664  48
664  72
664  94
664  95
665  67
666  20
666  62
666  90
666  97
666  99
667  6
667  33
667  46
667  71
667  85
668  84
668  92
669  21
669  49
669  73
670  27
670  40
670  94
670  95
672  0
672  11
672  97
673  17
673  34
673  48
673  72
674  22
674  85
675  63
675  71
675  81
675  92
676  20
676  64
676  84
676  94
676  95
677  19
677  46
677  52
677  55
677  73
677  76
678  4
678  6
678  33
678  43
678  47
678  79
679  97
680  57
681  39
681  85
681  90
681  99
682  7
682  70
682  71
682  72
682  92
682  94
682  95
683  64
684  32
684  56
684  67
684  84
685  52
685  77
686  3
686  5
686  28
686  73
686  76
686  79
686  97
687  0
687  20
687  46
687  61
687  71
688  30
688  35
688  85
688  94
688  95
689  6
689  18
689  33
689  92
690  42
690  57
691  3
691  64
692  5
692  28
692  72
692  84
692  97
693  12
693  40
693  47
693  52
693  61
693  71
694  94
694  95
695  17
695  30
695  73
695  76
695  79
695  85
696  3
696  19
696  88
696  92
697  22
697  43
697  55
697  90
697  99
698  5
698  18
698  20
698  28
698  32
698  46
698  56
699  61
699  62
699  64
699  71
699  97
700  4
700  77
700  84
700  94
700  95
701  6
701  33
701  52
701  57
702  3
702  72
702  85
703  12
703  30
703  92
704  0
704  5
704  28
704  73
704  79
705  61
705  67
705  71
705  76
706  94
706  95
706  97
707  18
707  64
708  3
708  84
709  46
709  47
709  85
710  5
710  20
710  28
710  39
710  52
710  92
711  30
711  70
711  71
712  61
712  94
712  95
712  99
713  6
713  57
713  72
713  90
713  97
714  3
714  12
714  32
714  33
714  56
714  73
714  79
715  76
716  5
716  28
716  64
716  84
716  85
717  18
717  19
717  44
717  71
717  77
717  92
718  94
718  95
719  51
719  52
719  61
720  3
720  30
720  97
721  46
722  22
722  49
723  5
723  20
723  28
723  71
723  85
723  88
724  0
724  17
724  72
724  73
724  84
724  92
724  94
724  95
725  12
725  79
726  6
726  61
726  64
726  76
727  3
727  33
727  47
727  57
727  97
727  99
728  18
729  30
729  52
730  5
730  28
730  71
730  85
730  90
730  94
730  95
731  4
731  68
731  92
732  32
732  84
733  56
734  3
734  46
734  61
734  97
735  73
736  12
736  64
736  72
736  94
736  95
737  5
737  20
737  28
737  71
737  79
737  85
738  76
738  77
738  92
739  18
739  19
739  30
740  6
740  52
740  84
741  3
741  33
741  97
742  57
742  61
742  94
742  95
743  99
744  71
744  83
744  85
745  5
745  28
745  39
745  47
745  92
747  46
747  64
747  73
747  90
748  0
748  3
748  84
748  94
748  95
748  97
749  12
749  72
749  79
750  30
751  18
751  35
751  52
751  61
751  71
751  76
751  85
752  92
753  5
753  20
753  28
754  32
754  48
754  88
754  94
754  95
755  6
755  22
755  33
755  97
756  3
756  43
756  55
756  56
756  84
758  64
758  67
758  71
758  85
759  40
759  73
759  92
759  99
760  17
760  57
760  61
760  70
760  94
760  95
761  5
761  19
761  28
761  46
762  30
762  72
762  79
762  97
763  12
763  47
763  52
763  90
764  3
764  77
764  84
765  18
765  76
765  85
766  62
766  71
766  92
766  94
766  95
768  7
768  48
769  55
769  61
769  63
769  97
770  5
770  6
770  12
770  20
770  27
770  28
770  33
770  64
771  43
771  73
772  84
772  85
772  94
772  95
773  3
773  67
773  92
774  30
774  40
774  71
775  27
775  46
775  48
775  81
775  99
776  0
776  12
776  42
776  52
776  72
776  79
776  97
777  36
778  4
778  94
778  95
779  5
779  11
779  28
779  32
779  34
779  57
779  58
779  61
779  84
779  85
779  90
780  27
780  39
780  76
780  92
781  18
781  47
782  3
782  9
782  12
782  48
782  71
783  19
783  55
783  64
783  97
784  73
784  94
784  95
785  6
785  27
785  33
785  36
785  56
786  21
786  62
786  84
786  85
787  30
787  43
787  92
788  5
788  11
788  12
788  20
788  28
788  34
788  58
788  67
789  40
789  46
789  48
789  52
789  88
790  7
790  27
790  61
790  71
790  94
790  95
790  97
790  99
791  3
791  72
791  79
792  22
793  9
793  36
793  84
793  85
793  90
794  12
794  17
794  63
794  92
795  27
796  48
796  76
796  94
796  95
797  11
797  34
797  49
797  58
797  64
797  77
797  97
798  5
798  28
798  47
798  55
798  73
799  18
799  71
800  12
800  21
800  84
800  85
801  3
801  6
801  27
801  33
801  57
801  61
801  92
802  30
802  36
802  94
802  95
803  48
804  43
804  46
804  52
804  67
804  97
805  9
805  19
805  32
805  40
805  99
806  34
806  42
807  0
807  11
807  12
807  27
807  58
807  72
807  84
807  85
808  20
808  71
808  79
808  81
808  90
808  92
808  94
808  95
809  5
809  28
809  62
811  3
811  36
811  48
811  97
812  64
813  27
813  61
813  73
814  12
814  35
814  55
814  84
814  85
814  94
814  95
815  39
815  76
815  92
816  21
816  34
817  11
818  6
818  7
818  47
818  58
818  71
818  97
819  9
819  33
819  48
820  5
820  18
820  27
820  30
820  46
820  56
820  94
820  95
821  12
821  28
821  36
821  52
821  84
821  85
821  99
822  3
822  67
822  92
823  43
823  90
824  40
825  97
826  72
826  88
826  94
826  95
827  27
827  34
827  61
827  63
828  11
828  48
828  71
828  79
828  85
829  12
829  57
829  64
829  70
829  73
829  84
829  92
830  58
831  19
831  20
832  36
832  55
832  86
832  94
832  95
832  97
833  5
