8  13
8  66
11  12
12  1
12  67
12  78
13  11
13  15
13  26
13  39
13  53
13  64
13  68
13  87
13  92
14  7
14  38
14  40
14  41
14  45
15  10
15  34
15  69
15  72
16  37
16  42
17  13
17  66
18  14
19  24
19  55
19  65
19  91
20  32
20  71
21  8
21  30
21  31
21  47
21  88
22  48
22  49
24  12
25  1
26  67
26  78
26  87
26  92
27  13
27  26
27  53
27  66
28  15
28  39
28  64
28  68
29  7
29  11
30  21
30  38
30  41
31  40
31  45
32  10
32  72
33  58
34  34
34  36
34  43
34  69
37  37
37  42
38  13
38  66
39  1
39  12
39  91
40  87
40  92
41  14
42  67
43  78
43  88
44  24
44  26
45  39
45  53
45  55
46  15
46  64
46  65
46  68
48  7
48  32
48  71
49  11
49  30
50  13
50  66
51  31
52  8
52  38
52  40
52  41
52  45
53  6
53  61
53  73
54  10
54  18
55  47
55  72
55  87
55  92
56  1
56  12
57  49
60  48
60  69
60  91
61  34
62  67
63  13
64  66
65  26
65  39
66  78
67  53
68  42
68  88
69  37
70  87
71  64
71  68
71  92
72  7
72  15
74  14
77  1
77  12
78  11
78  13
79  45
81  66
82  91
84  0
85  40
86  87
87  10
87  92
88  38
88  41
91  39
91  67
92  24
94  32
94  55
96  13
96  26
97  88
101  72
102  30
102  66
102  87
104  78
104  92
105  7
107  71
108  53
109  31
113  91
117  65
118  13
118  69
119  87
121  92
122  15
122  64
123  39
124  34
129  66
129  68
129  88
132  14
133  79
136  87
138  21
139  92
143  67
145  13
147  11
149  91
150  7
150  87
154  12
157  92
158  42
158  66
159  41
162  13
162  15
162  87
164  39
164  88
169  40
174  87
175  92
177  1
180  13
180  24
180  37
181  41
181  66
182  32
184  42
185  8
185  15
186  87
186  91
191  71
192  10
193  92
196  38
198  78
198  87
200  13
200  88
208  66
209  41
210  30
210  87
212  15
212  92
213  7
217  39
218  31
220  42
221  14
221  47
221  87
222  13
224  24
224  91
228  67
231  92
232  87
237  88
238  66
243  15
243  41
243  87
245  13
250  26
250  92
254  49
254  72
254  87
255  53
256  64
260  39
261  71
261  91
263  10
264  7
265  87
268  13
268  42
269  92
273  66
274  88
276  32
276  45
276  87
280  15
280  68
283  41
286  11
286  14
287  87
288  69
288  92
289  48
291  12
292  13
293  24
293  61
294  39
295  34
296  30
298  87
299  91
300  31
302  7
306  58
307  92
309  66
309  67
309  87
311  1
312  88
313  40
315  15
316  13
319  87
320  78
323  42
325  41
326  92
329  87
331  39
333  71
337  55
337  91
339  87
340  13
340  32
344  38
344  66
345  65
345  92
346  7
347  14
349  87
349  88
350  10
352  15
356  1
356  24
356  43
357  12
357  26
358  91
359  45
359  87
360  53
364  92
365  13
367  39
368  1
368  41
368  68
369  10
369  87
370  12
370  36
370  37
373  30
373  42
373  91
374  26
375  45
378  31
379  87
380  21
382  1
382  64
382  66
383  92
384  12
384  53
384  67
385  7
385  88
388  91
393  45
394  26
396  1
396  10
399  87
400  68
401  12
402  39
402  92
403  91
406  14
408  72
411  32
412  1
412  87
415  45
416  53
419  26
419  91
421  12
421  87
421  88
421  92
422  11
422  13
427  7
430  15
430  87
433  71
435  41
436  66
436  69
437  8
437  13
438  39
439  87
440  92
442  42
443  78
445  24
445  30
448  87
450  15
453  31
454  13
455  40
457  87
458  88
459  41
459  66
459  92
463  34
465  67
466  87
472  15
473  42
475  87
478  92
482  13
483  91
484  87
485  24
487  41
487  47
487  66
489  38
493  87
495  88
497  92
499  15
502  87
511  87
516  42
516  92
518  61
518  64
519  66
520  87
522  41
525  91
526  13
529  15
529  87
532  49
533  88
535  92
537  87
541  24
545  87
546  13
549  66
553  41
553  87
554  37
554  92
556  15
556  42
557  39
558  11
558  71
559  7
560  13
561  87
562  14
562  78
565  10
565  32
565  91
569  87
570  88
571  55
572  30
572  39
572  72
573  65
573  92
574  31
574  67
575  13
576  7
577  1
577  66
577  87
577  91
578  10
578  12
580  45
582  15
582  26
583  14
583  41
583  68
583  71
584  53
585  87
586  24
587  1
589  12
589  39
589  48
589  91
590  13
591  32
591  42
592  68
592  92
593  10
593  21
593  40
593  45
593  87
594  7
595  11
597  26
598  1
601  12
601  87
601  91
602  68
603  53
604  30
605  31
605  88
606  13
606  36
606  43
607  6
607  11
607  66
607  73
608  39
608  45
609  69
609  87
610  1
610  10
610  14
610  15
611  92
613  68
613  91
614  26
614  41
615  7
615  12
615  67
616  71
617  87
618  0
620  11
621  34
623  1
623  13
623  53
623  76
624  21
624  32
624  45
625  3
625  68
625  78
625  87
625  91
626  67
627  26
627  88
629  10
629  39
630  12
630  92
631  11
631  24
631  34
631  38
631  69
632  17
632  42
633  53
633  78
633  87
634  43
635  36
635  58
635  62
635  67
636  1
637  15
637  64
637  66
637  68
637  91
638  88
639  26
640  7
641  13
641  87
642  11
642  34
642  78
643  45
644  53
645  67
646  12
646  14
646  69
647  41
649  87
649  88
649  91
649  92
651  1
651  10
651  30
651  68
651  78
652  26
653  39
653  73
654  6
654  11
654  34
655  67
656  31
656  53
658  58
659  40
659  72
661  12
661  78
661  88
661  91
662  47
662  79
663  65
664  8
664  49
664  69
665  45
666  26
666  48
666  67
666  68
666  92
667  1
667  34
668  11
668  40
669  53
669  72
670  64
671  37
671  38
671  78
672  66
673  55
673  88
673  91
673  92
674  7
675  12
676  47
676  65
676  69
677  8
677  40
678  64
679  49
679  72
680  38
680  92
681  37
681  48
681  66
682  18
682  34
682  67
682  78
683  11
683  26
684  68
685  43
685  53
685  55
685  88
687  40
687  64
687  92
690  36
690  38
690  65
690  66
690  69
690  72
691  87
692  8
692  37
692  47
693  58
694  78
694  92
695  91
696  64
697  49
697  88
698  40
699  34
699  48
699  55
700  38
700  66
701  67
701  92
702  72
704  37
706  64
706  69
707  65
708  78
708  92
709  8
709  88
710  40
711  38
711  66
712  47
715  55
715  92
716  72
717  37
717  64
717  87
720  18
720  49
722  66
722  92
723  40
723  48
724  38
727  34
727  88
728  65
729  64
729  92
731  8
732  72
733  37
734  66
735  55
736  92
737  40
737  47
738  38
740  87
742  64
743  92
747  66
750  72
750  92
751  37
753  38
753  40
753  49
753  88
754  65
756  64
757  48
757  92
759  55
760  8
760  66
760  69
760  78
762  87
764  67
764  92
765  88
770  34
770  38
770  40
770  47
770  72
771  37
771  64
771  92
773  78
774  66
775  11
776  69
776  88
778  13
778  92
780  67
780  91
783  53
783  87
785  92
786  65
786  78
787  11
787  64
787  68
787  88
788  55
788  66
789  38
789  40
790  12
790  34
790  91
791  26
792  1
792  72
792  92
794  37
794  69
795  49
795  53
796  45
797  8
797  67
798  88
799  68
799  92
800  11
800  12
800  58
800  91
801  78
803  1
803  26
803  66
803  87
804  13
804  48
804  64
806  92
807  53
809  88
810  13
810  21
810  38
810  40
810  45
810  91
811  10
811  12
811  67
811  87
812  66
813  34
813  47
813  68
813  92
814  1
814  39
814  69
815  11
816  13
816  26
817  7
817  72
817  78
817  87
819  15
820  14
820  32
820  41
820  66
820  91
820  92
821  53
821  88
822  13
822  42
822  71
823  12
823  36
823  43
823  87
824  10
824  24
824  30
824  37
825  31
825  39
825  55
825  64
825  67
826  1
826  45
826  65
827  92
828  13
828  66
828  68
829  15
829  87
830  7
830  26
831  41
831  91
832  11
832  73
832  88
833  6
