11  8
11  22
11  57
11  71
15  6
15  73
18  19
18  60
18  81
19  98
20  35
20  44
23  13
23  66
23  80
23  99
24  8
24  22
24  26
24  53
24  57
24  71
25  18
25  61
25  82
25  97
28  65
29  14
29  77
30  2
30  86
30  93
32  6
33  73
34  29
34  50
37  81
38  94
39  8
39  22
39  57
39  71
39  98
40  85
41  19
41  60
48  80
48  99
49  35
49  44
54  6
55  82
55  97
56  8
57  22
57  57
57  81
58  71
58  73
60  25
60  54
61  13
61  66
61  98
63  11
64  53
64  68
67  86
68  93
73  26
75  41
76  17
76  62
76  80
76  99
77  8
78  81
81  22
81  57
82  18
82  33
82  46
82  61
82  65
83  19
83  60
83  71
83  94
85  77
87  6
87  98
90  82
91  97
94  38
99  81
104  99
106  8
106  80
107  73
108  85
115  98
119  86
120  22
120  93
121  57
121  81
124  71
129  94
132  82
133  99
135  97
136  80
141  35
141  44
143  81
143  98
145  6
147  8
154  14
161  99
164  81
165  53
166  80
172  94
174  98
178  82
179  65
184  86
184  97
185  81
186  93
188  99
193  2
194  77
195  80
202  8
206  81
206  98
209  22
209  57
212  94
214  99
219  6
221  71
221  85
222  80
226  81
227  82
234  97
237  98
240  99
246  81
248  94
249  80
249  86
252  93
256  60
257  8
257  73
258  19
265  81
265  99
266  65
269  53
270  98
275  80
278  82
281  66
281  94
282  13
283  6
284  77
284  81
285  97
289  99
300  80
302  81
303  98
308  8
312  94
312  99
313  22
313  29
313  50
313  57
318  41
318  86
319  81
320  93
324  71
324  80
324  97
326  44
328  61
329  82
330  8
333  66
334  22
334  98
334  99
336  53
336  81
336  85
339  57
339  97
340  8
341  50
342  94
343  22
343  44
343  71
345  65
348  19
348  57
348  60
348  80
348  81
349  6
349  98
353  22
354  8
356  71
356  99
358  57
360  81
362  26
363  22
363  77
364  98
367  19
367  60
368  57
369  8
370  94
371  71
371  80
372  81
374  22
375  82
377  99
379  57
379  98
381  86
383  81
383  93
385  8
385  35
386  22
387  71
391  57
391  60
392  19
392  80
392  98
394  81
394  99
395  18
396  73
397  94
399  22
399  71
399  97
401  14
402  8
402  85
403  2
403  98
404  57
405  81
406  6
406  80
408  99
411  26
412  71
413  22
414  98
415  73
416  81
417  57
417  65
420  80
421  8
421  14
422  85
422  99
423  94
424  2
424  60
424  82
424  98
425  19
426  71
427  22
427  38
427  81
431  57
434  80
434  98
436  99
438  81
439  73
440  8
440  53
440  77
441  71
442  22
443  26
443  85
443  86
445  98
446  57
447  14
448  93
449  97
450  80
453  2
453  94
454  81
455  98
455  99
457  71
458  22
462  57
464  85
465  98
467  19
467  60
470  80
471  81
472  73
474  71
475  22
475  82
475  98
478  99
479  57
484  14
485  98
486  85
487  71
487  81
489  13
489  35
490  57
490  80
490  82
492  22
492  26
493  18
495  98
497  29
498  2
498  71
499  97
500  35
500  99
502  13
502  57
502  82
503  81
505  98
508  80
508  85
509  18
510  22
512  71
513  8
513  81
513  86
514  93
514  99
515  19
515  60
515  98
519  73
520  80
521  57
523  26
523  81
524  94
525  8
525  98
526  99
527  22
531  6
531  85
532  97
533  81
534  8
534  44
535  61
535  66
535  80
537  53
538  22
538  65
541  57
542  81
542  94
542  98
543  8
543  97
544  77
545  44
545  50
545  99
548  61
548  66
551  93
553  19
554  81
555  97
556  53
556  80
557  6
557  44
558  73
561  25
561  41
561  68
561  94
562  66
563  61
563  99
564  62
564  93
565  33
567  50
567  97
569  81
569  82
570  44
570  65
573  73
575  86
576  80
578  93
579  66
579  97
580  53
580  94
581  99
582  61
582  77
582  81
585  8
585  44
587  16
589  30
591  6
591  22
591  25
591  73
591  81
591  97
591  98
592  93
593  19
593  68
594  8
596  80
597  57
598  50
598  66
598  99
599  94
600  22
600  81
602  44
602  98
603  8
603  97
604  33
604  61
604  62
607  71
607  80
609  60
609  81
609  99
610  22
610  57
610  98
611  53
612  8
614  85
615  65
616  71
616  82
616  97
618  80
618  81
618  94
618  98
619  57
620  99
621  35
623  13
624  14
624  71
625  22
626  6
626  18
626  82
626  98
627  26
628  2
628  29
628  60
628  86
629  57
629  81
630  85
631  35
631  80
632  71
634  98
635  13
636  99
637  54
637  82
638  11
640  6
640  86
641  17
641  18
641  38
641  46
641  57
641  60
642  35
643  71
644  98
646  26
647  29
647  85
648  14
648  80
648  82
649  13
650  81
652  86
654  35
655  2
655  99
656  6
657  98
658  18
659  82
662  54
663  11
664  13
664  63
664  85
664  86
665  80
668  35
669  26
669  49
670  82
671  17
671  29
671  46
671  98
674  6
676  99
677  86
678  18
681  82
682  13
684  35
690  86
692  82
694  6
703  86
705  54
712  11
716  86
717  6
720  82
722  93
729  86
734  46
734  82
739  97
742  6
742  86
743  81
744  17
744  35
744  82
745  98
748  13
748  80
750  71
750  99
751  18
751  85
752  98
753  57
753  60
754  81
754  82
755  29
755  86
756  22
756  71
758  8
758  80
759  6
759  35
759  98
759  99
760  26
760  57
761  81
762  14
762  22
762  73
763  19
763  60
763  71
763  94
763  97
764  8
764  82
765  85
766  2
766  13
766  98
767  57
767  80
767  93
768  22
768  81
768  86
768  99
769  6
769  44
769  73
770  8
770  71
771  66
772  18
772  19
772  53
772  77
772  97
773  61
773  98
774  57
774  65
775  22
775  81
775  82
776  8
776  60
776  73
776  80
776  94
777  99
778  93
779  50
780  44
781  85
781  97
782  71
783  19
783  66
784  81
784  98
790  25
790  93
791  61
792  68
794  73
802  41
815  97
821  94
830  80
