109  2
109  77
115  10
115  69
145  28
145  51
173  2
173  77
176  32
176  47
177  10
177  69
229  28
229  51
234  2
234  77
236  10
236  69
243  82
243  97
249  83
251  7
259  10
264  24
266  83
273  7
280  49
283  83
286  10
289  2
289  77
290  69
294  29
297  88
300  83
302  51
303  7
303  28
320  96
321  72
322  69
331  47
331  55
334  96
335  32
338  72
340  2
340  77
341  30
343  69
348  96
350  50
350  82
350  97
355  91
359  72
362  96
363  55
367  69
369  28
370  51
376  96
377  26
381  10
385  72
388  2
388  77
390  96
394  69
404  96
411  30
414  91
417  70
418  96
420  72
424  10
424  69
424  82
424  97
427  55
431  83
432  51
432  96
433  28
434  2
434  77
440  10
441  7
442  83
446  24
446  96
454  83
455  69
458  10
460  88
461  7
462  32
463  49
465  47
466  83
472  53
474  29
475  51
476  24
477  2
477  77
477  98
478  83
479  10
481  3
481  49
482  7
483  67
483  82
483  97
485  29
485  51
487  98
490  28
490  83
492  9
494  14
495  3
496  51
497  49
497  98
498  29
498  67
501  10
502  83
503  88
506  7
506  34
514  83
515  96
518  2
518  77
523  69
525  10
526  83
526  96
530  72
532  24
537  96
538  82
538  83
538  97
541  69
543  28
545  50
545  91
548  96
549  7
549  81
549  83
550  30
550  55
551  10
551  72
552  28
552  88
553  76
554  12
555  50
558  2
558  77
558  81
559  96
561  28
561  69
563  30
564  65
566  50
566  76
567  81
568  12
570  96
571  28
571  72
574  45
574  47
576  81
578  30
578  32
578  50
579  12
580  76
581  96
582  28
582  69
583  91
585  6
585  80
585  81
586  82
586  97
587  12
590  98
591  17
592  50
592  96
593  65
594  28
594  81
595  72
596  2
596  6
596  12
596  30
596  77
596  80
597  76
598  37
603  81
603  96
604  55
605  69
605  98
606  28
607  50
608  12
611  83
612  81
614  96
616  80
617  30
617  76
619  28
620  10
620  83
621  51
624  72
624  81
624  91
624  96
624  98
627  29
628  69
629  51
630  49
630  67
630  82
630  83
630  97
631  7
632  3
633  2
633  77
633  98
636  10
636  73
637  99
638  29
638  51
638  67
638  96
640  83
642  81
642  88
642  98
643  62
644  49
645  24
646  3
646  14
646  67
646  73
648  42
648  99
649  7
650  29
650  83
651  98
654  67
657  73
659  81
659  99
661  62
661  98
662  3
663  67
667  49
670  73
670  99
671  98
672  4
673  67
674  29
674  34
676  81
677  42
681  99
685  62
685  73
692  99
693  81
697  67
699  98
701  73
704  99
705  14
707  67
708  98
710  81
711  3
716  98
716  99
717  83
718  29
718  67
719  51
721  73
724  49
724  62
724  98
725  83
726  81
727  51
728  7
728  99
730  3
730  67
731  10
732  29
732  96
732  98
733  83
734  81
735  51
737  69
738  88
738  98
739  2
739  42
739  77
739  96
740  28
740  55
740  81
740  99
741  24
741  49
741  83
742  10
742  12
743  50
744  7
744  51
744  80
744  98
746  6
746  72
747  30
747  82
747  96
747  97
748  81
749  28
749  69
750  12
750  67
750  76
752  32
752  83
753  17
753  47
754  80
754  91
755  50
756  6
758  81
758  96
761  98
763  37
764  12
775  65
781  75
