8  13
8  66
11  67
11  78
12  1
12  12
12  53
13  11
13  15
13  26
13  64
13  68
13  87
13  92
14  34
14  38
14  39
14  40
14  41
14  69
15  7
15  10
15  45
15  72
16  37
16  42
17  13
17  66
19  14
19  24
19  55
19  65
19  88
21  8
21  32
21  47
21  71
21  91
22  30
22  31
22  48
22  49
23  67
24  78
26  1
26  12
26  53
26  87
26  92
27  13
27  26
27  66
28  11
28  15
28  64
29  58
29  68
30  34
30  38
30  40
30  41
31  39
31  69
32  7
32  72
33  21
34  10
34  36
34  43
34  45
37  37
37  42
37  67
38  13
38  66
38  78
38  88
40  87
40  92
42  53
43  1
43  12
43  91
44  26
45  24
45  55
46  11
46  14
46  15
46  65
47  64
49  34
49  68
50  13
50  66
51  40
52  8
52  38
52  41
52  71
53  6
53  18
53  39
53  67
53  69
53  73
54  61
54  78
55  7
55  32
55  72
55  87
55  92
56  47
57  30
57  49
58  88
60  10
60  31
60  48
61  45
62  53
64  13
64  66
65  12
66  1
66  26
68  37
68  91
69  42
70  11
71  15
71  87
71  92
72  64
72  67
73  78
74  34
78  68
79  79
79  88
81  13
81  66
83  40
83  69
86  39
87  87
87  92
88  38
88  41
89  53
94  24
94  55
96  67
96  78
97  91
98  58
99  12
99  26
100  7
101  72
101  88
102  13
102  66
103  1
103  87
104  92
109  11
111  34
117  14
117  65
118  10
120  87
121  92
122  15
123  78
123  88
124  45
124  64
127  67
128  91
129  53
130  13
130  66
134  69
137  0
138  87
139  92
144  88
145  40
148  68
153  26
155  72
156  87
157  47
157  66
157  92
158  78
160  8
163  34
163  49
163  91
164  48
165  12
166  67
166  88
167  40
170  65
171  13
172  39
174  37
174  87
175  92
181  42
183  72
184  53
187  11
187  71
188  88
190  66
192  87
193  40
194  38
194  41
194  92
199  91
200  1
200  47
200  78
211  87
212  49
212  92
217  48
219  72
220  65
220  88
221  66
223  13
223  32
223  92
224  40
224  64
226  12
230  87
231  38
234  8
234  92
235  37
235  55
236  66
236  91
240  64
242  13
245  92
249  87
251  38
252  66
253  15
255  30
256  92
258  64
259  7
259  37
259  69
264  55
265  13
266  40
267  72
267  92
268  87
269  66
269  88
273  91
275  38
277  92
278  8
280  64
281  47
285  31
285  68
287  87
287  92
288  10
289  66
291  13
291  37
294  45
297  92
301  18
304  38
305  64
306  55
306  87
307  21
307  92
310  88
310  91
314  39
317  92
320  1
321  13
325  87
326  66
327  92
333  24
333  37
335  64
337  92
340  38
344  69
344  87
345  14
345  41
347  92
348  91
349  88
355  13
357  92
358  66
361  26
363  87
367  92
368  36
369  42
369  64
373  55
377  92
379  38
381  37
382  43
382  87
383  66
385  15
385  91
387  88
387  92
388  13
389  11
390  12
393  40
395  72
396  92
397  65
399  8
399  66
400  49
400  64
401  87
402  48
405  92
408  47
409  40
412  7
413  38
414  72
414  92
416  66
419  13
420  65
420  87
421  68
422  69
422  91
423  55
423  92
425  12
425  88
426  37
428  40
429  49
431  48
431  64
432  92
433  8
434  66
436  71
436  72
439  67
439  87
440  1
441  53
441  92
442  47
447  78
448  34
448  88
449  38
449  40
450  65
450  67
450  92
451  13
452  26
452  69
454  10
455  39
455  53
455  66
457  78
458  87
459  11
459  91
461  34
461  45
461  58
461  88
462  67
462  72
468  78
471  53
472  26
472  49
473  40
474  88
475  11
475  34
475  48
475  67
477  87
479  12
480  78
481  92
488  32
488  41
488  88
489  67
490  53
491  34
491  68
491  69
492  65
493  47
493  58
493  72
493  78
495  92
496  87
496  91
498  26
500  40
501  88
503  15
503  92
505  67
507  78
509  66
510  34
510  69
511  92
513  53
514  64
515  87
515  88
518  13
518  79
519  92
520  11
520  37
521  38
523  66
523  78
524  8
524  67
525  55
526  72
527  92
529  40
529  88
532  34
532  64
532  69
533  91
534  26
534  30
534  87
535  92
536  49
538  66
539  13
541  78
542  48
543  37
543  38
543  53
543  65
543  88
543  92
545  67
551  92
552  18
552  64
553  87
554  12
554  55
554  66
555  47
557  88
558  8
558  42
558  69
559  92
560  1
560  34
560  40
561  72
561  78
562  13
567  7
567  38
567  92
569  24
569  91
570  66
570  67
571  37
571  88
572  87
573  58
573  64
575  14
575  92
583  92
585  31
587  66
588  13
591  87
591  92
593  40
593  55
594  38
597  64
598  39
598  65
599  72
599  92
604  37
604  49
605  66
607  91
607  92
608  8
609  10
610  48
610  87
615  92
616  13
623  92
624  64
626  38
626  45
629  87
631  92
636  41
639  92
644  15
645  91
647  92
648  87
650  13
652  37
658  88
658  92
659  55
667  87
675  68
684  1
684  91
686  87
690  71
698  92
700  88
705  87
723  91
724  87
724  92
731  42
735  39
737  7
740  88
743  87
747  92
753  32
762  87
762  91
766  92
772  15
772  92
776  66
778  64
778  92
779  13
779  88
780  38
781  87
782  21
782  41
783  12
784  37
784  40
784  66
784  92
785  10
786  72
788  55
788  69
789  11
789  64
789  78
789  88
790  8
790  47
790  65
790  67
790  92
791  34
791  53
791  68
792  13
792  26
792  38
792  66
794  40
794  48
794  49
795  1
796  11
796  12
796  45
796  91
796  92
797  78
798  68
798  72
799  26
799  37
799  53
799  67
799  69
799  88
800  24
800  36
800  43
800  64
800  66
800  73
800  87
801  6
802  1
802  10
802  14
802  34
802  92
803  12
803  13
804  11
805  7
805  30
805  38
805  39
805  40
805  45
806  47
806  55
806  65
806  68
806  78
806  91
807  18
807  26
807  53
807  58
807  66
807  67
808  8
808  13
808  31
808  87
808  92
809  1
809  15
809  88
810  12
810  32
810  41
810  69
810  72
811  10
811  21
811  42
811  71
812  11
812  24
813  7
813  13
813  14
813  39
813  49
813  64
813  66
814  34
814  45
814  48
814  68
814  87
815  26
815  78
815  92
816  1
816  15
816  37
816  53
816  61
816  67
816  91
817  30
818  3
818  12
818  13
818  40
818  41
819  36
819  43
819  66
819  76
819  88
820  38
820  42
820  87
821  10
821  11
821  31
821  39
822  7
822  92
823  0
823  24
823  32
823  68
823  69
823  71
824  1
824  13
824  15
824  26
824  45
824  62
824  72
825  14
825  17
825  65
825  67
825  78
826  12
826  47
826  53
826  66
826  87
826  91
827  34
827  41
827  55
827  64
829  92
830  8
830  13
830  39
830  42
830  73
830  88
831  6
831  11
831  30
832  7
832  10
832  15
832  40
832  87
833  1
833  26
833  66
833  68
