9  36
10  43
10  47
11  32
12  33
12  46
12  89
12  90
13  20
13  59
15  34
15  45
16  3
16  4
16  74
16  75
16  87
16  92
17  5
17  24
17  39
17  40
17  55
18  38
18  41
18  76
19  36
19  96
20  31
20  43
20  48
20  84
20  95
21  47
21  83
23  7
23  28
23  32
23  51
23  72
23  82
23  97
24  89
25  33
25  90
26  46
27  19
28  20
28  60
29  59
30  36
31  25
31  54
31  88
31  91
32  43
32  87
32  92
34  34
34  45
34  47
34  65
35  3
35  74
36  89
37  4
37  26
37  32
37  53
37  75
38  24
38  39
38  40
38  55
39  90
39  96
40  5
40  14
40  33
41  76
42  36
42  41
42  46
42  84
42  95
43  38
44  83
45  43
46  20
47  0
47  79
48  47
48  89
48  97
49  59
49  82
50  87
50  92
51  31
51  48
53  90
54  32
55  10
55  36
58  33
59  74
60  3
60  96
61  34
61  43
61  45
61  89
62  85
62  94
64  46
65  47
66  7
66  51
66  72
67  28
67  84
67  95
68  90
69  87
70  24
70  36
70  55
70  83
70  92
71  4
71  39
71  75
72  20
72  40
74  88
74  89
74  91
76  32
76  69
78  97
79  59
80  82
81  5
81  43
81  96
83  33
83  76
83  90
85  47
87  36
87  89
89  87
90  92
91  38
91  41
92  74
94  95
95  84
96  46
97  3
99  83
99  90
100  89
102  96
108  32
108  36
108  43
110  47
111  87
112  19
112  92
113  89
114  60
115  20
115  97
116  90
117  82
120  33
123  34
123  45
123  96
125  95
126  84
126  89
132  83
133  36
133  87
133  90
135  88
135  92
136  91
140  59
140  74
140  89
141  47
144  96
146  46
147  31
148  4
148  87
149  55
150  90
152  43
153  3
153  45
154  89
155  97
157  65
158  82
158  92
158  95
159  84
162  59
162  87
164  36
165  96
166  72
167  83
167  89
168  90
169  32
169  46
173  4
173  48
177  55
178  33
178  87
179  39
180  47
180  89
182  92
185  96
186  90
190  31
191  95
192  84
192  89
194  75
195  36
195  40
196  24
198  88
199  74
200  20
200  97
202  82
202  89
203  41
204  83
204  90
205  96
206  87
207  54
207  92
208  84
209  3
209  51
209  91
213  89
216  40
220  53
220  94
222  90
224  84
224  88
225  41
225  43
226  89
226  95
227  19
229  47
232  92
233  87
237  97
238  5
238  82
239  32
239  43
239  89
240  51
240  84
240  90
242  83
242  96
243  40
249  25
249  36
251  54
251  88
252  89
253  41
254  43
255  32
255  82
255  97
257  84
257  92
258  90
259  47
259  87
262  95
263  76
267  89
268  36
271  43
273  82
273  97
274  32
274  90
275  38
275  94
279  91
280  83
280  95
282  28
282  92
284  39
285  85
285  87
286  90
287  34
289  89
290  43
291  36
292  38
292  47
292  82
292  97
293  26
293  60
294  96
295  95
297  90
301  32
301  91
302  39
303  84
304  83
305  28
306  90
307  25
307  92
308  5
310  76
310  89
310  95
311  87
312  38
315  7
315  90
316  46
319  14
319  83
324  43
324  90
324  91
325  5
325  39
325  95
326  59
328  60
328  76
328  85
329  32
330  89
333  90
333  92
334  83
336  38
336  96
337  28
337  87
340  26
340  95
343  90
344  43
345  46
345  82
346  84
346  97
348  91
349  32
350  89
354  69
354  88
355  39
355  90
355  95
356  36
359  92
361  82
362  97
363  47
363  87
367  90
368  38
368  43
369  89
369  95
371  25
372  91
373  36
376  96
377  33
377  82
377  83
378  85
378  97
379  90
381  75
383  95
384  92
385  84
386  32
386  47
387  24
388  89
389  28
389  87
390  90
392  36
392  39
393  43
393  82
394  20
394  97
396  60
396  91
397  95
401  56
401  90
406  23
407  89
409  38
409  82
409  92
410  97
411  95
412  47
412  90
413  36
415  84
415  87
415  96
417  45
418  43
418  89
420  32
420  88
420  91
421  48
423  83
424  40
425  41
425  82
426  90
426  97
427  84
428  89
429  51
432  19
433  85
434  36
434  92
434  95
436  47
436  89
436  94
438  53
438  88
439  84
440  40
440  54
440  87
440  96
441  41
441  82
442  97
443  89
444  36
444  74
445  43
446  3
447  33
447  47
450  89
450  90
451  51
451  84
452  96
457  34
457  74
457  88
457  89
458  20
459  19
459  40
459  92
460  3
460  41
460  65
462  87
463  84
464  83
464  89
464  96
465  4
465  10
465  55
466  33
466  59
467  45
468  46
469  94
470  31
470  72
471  87
471  89
471  90
472  74
476  3
476  4
476  84
476  96
477  55
477  59
477  88
478  45
478  89
479  0
479  53
479  54
480  46
480  87
482  51
483  40
484  41
485  31
485  82
485  89
485  92
486  72
488  33
488  96
489  4
489  59
489  84
489  87
490  45
490  55
490  74
492  20
492  89
492  90
493  36
493  46
495  3
496  88
497  65
499  89
501  47
501  84
501  96
501  97
503  36
503  83
505  87
506  89
506  94
507  19
508  82
508  95
510  40
511  47
511  74
511  92
512  36
512  90
513  41
513  84
514  89
514  97
515  96
516  88
517  32
517  43
520  95
522  82
522  90
524  91
525  84
525  89
527  51
528  43
528  97
529  32
529  33
529  90
531  83
531  95
532  39
533  38
535  5
536  43
536  76
536  82
536  90
536  92
538  32
538  87
539  28
541  91
542  83
542  85
542  95
543  24
543  75
543  90
543  97
545  25
545  34
545  60
545  92
547  5
547  26
548  7
548  20
548  48
548  76
549  14
550  90
551  33
551  39
552  79
553  24
553  75
553  83
553  92
554  34
555  89
556  38
556  43
557  88
557  95
559  20
559  90
560  5
561  48
562  76
562  92
563  7
564  33
564  34
564  46
564  75
565  24
565  83
566  91
567  87
569  32
569  90
571  20
571  92
576  5
576  34
576  48
576  69
576  75
577  83
578  24
579  33
579  76
579  89
579  90
580  92
581  7
582  14
583  79
584  20
589  34
589  75
589  83
589  90
589  92
592  24
594  5
594  48
594  87
596  33
597  90
597  96
598  20
598  76
598  92
600  46
601  83
601  89
601  95
602  7
603  32
603  34
604  75
604  90
605  43
606  84
607  92
608  24
608  82
609  91
610  97
611  32
611  90
611  95
612  43
612  83
613  5
614  59
614  89
616  39
617  36
617  38
617  84
619  47
619  90
620  28
620  82
620  87
620  89
621  85
622  95
622  96
622  97
623  76
624  36
624  88
626  43
626  89
627  32
627  47
627  84
627  91
628  87
629  40
629  59
630  4
630  41
630  45
631  3
631  46
631  55
632  74
632  96
633  31
633  89
636  72
636  87
636  94
638  82
640  59
641  45
642  4
644  92
645  90
646  55
651  97
653  87
653  89
655  0
656  84
657  88
661  96
670  90
676  89
680  92
683  95
686  87
693  90
696  83
697  89
707  84
711  92
712  96
714  90
715  87
716  82
717  89
723  97
724  95
734  90
737  89
740  83
740  92
743  87
747  84
753  96
754  90
756  91
757  89
762  95
764  82
768  92
770  87
772  97
774  88
774  90
776  89
780  83
785  84
792  96
793  90
795  89
795  92
797  87
799  95
810  82
812  90
814  89
819  83
819  97
822  84
822  92
823  87
831  90
831  91
831  96
833  89
