13  35
13  44
15  37
15  42
17  6
17  73
18  38
18  41
18  89
18  90
19  85
19  87
19  92
19  94
22  0
22  79
23  2
23  21
23  32
23  47
23  58
23  77
24  33
24  46
25  1
25  30
25  49
25  78
26  29
26  50
28  34
28  45
29  35
29  44
31  3
31  12
31  67
31  76
35  31
35  37
35  42
35  48
37  89
37  90
38  87
38  92
40  6
40  73
40  85
40  94
44  38
44  41
48  35
48  44
54  0
54  79
57  89
57  90
59  87
59  92
62  2
62  77
63  21
63  32
63  47
63  58
63  85
63  94
64  37
64  42
67  1
67  33
67  46
67  78
71  35
71  44
76  90
77  89
78  92
79  30
80  87
81  6
81  73
82  29
82  50
83  94
84  49
86  60
88  85
90  19
92  90
96  92
96  95
97  38
97  41
98  89
100  35
100  44
102  87
103  94
104  32
108  21
108  90
109  84
111  42
113  92
115  85
119  31
119  34
119  45
119  48
119  89
123  94
124  87
124  90
125  30
126  1
130  92
135  35
135  37
137  44
139  89
139  90
143  94
144  85
146  87
146  92
154  90
155  32
159  89
162  92
162  94
163  78
167  87
168  90
172  21
174  85
176  35
177  92
178  44
179  89
181  94
182  90
184  95
188  30
188  87
192  92
193  1
196  90
199  89
199  94
203  12
205  85
207  92
208  87
209  90
210  32
211  42
211  67
217  94
218  35
218  89
220  44
221  92
222  90
228  87
233  21
233  48
234  31
234  94
235  3
235  85
235  90
235  92
237  89
241  6
241  73
244  0
246  30
246  76
247  87
247  90
249  92
251  94
251  95
253  1
253  79
255  89
258  78
259  35
259  90
260  32
260  44
262  92
265  87
266  85
268  94
271  90
273  89
275  92
278  58
283  87
283  90
284  94
285  60
288  92
289  21
291  47
291  89
294  90
295  2
296  41
297  35
298  85
299  44
300  38
300  92
300  94
301  30
301  87
302  77
305  90
307  32
307  95
308  89
309  42
310  1
310  33
311  37
312  92
313  46
316  90
316  94
318  87
323  48
324  31
324  92
325  89
327  90
330  85
331  94
335  35
335  87
336  92
337  44
338  90
342  78
342  89
343  21
346  94
347  92
348  90
352  30
352  32
352  87
357  95
358  89
358  90
358  92
361  1
361  94
362  85
368  87
368  90
369  92
371  35
373  44
374  89
375  94
378  90
380  92
384  87
388  90
389  94
390  89
391  92
393  21
394  85
395  32
398  90
400  87
401  30
402  42
402  92
402  95
403  94
405  49
406  89
407  29
407  35
408  50
408  90
409  44
410  48
412  31
412  92
413  1
415  87
417  90
417  94
420  78
421  89
422  92
426  85
426  90
430  87
431  94
432  92
435  90
436  32
436  89
441  6
441  21
441  73
442  35
442  92
443  44
443  95
444  90
444  94
445  87
447  30
451  89
452  60
452  92
453  90
457  94
458  85
460  87
461  1
462  90
462  92
466  89
470  94
471  90
472  92
475  87
476  32
476  35
477  44
477  84
480  90
481  89
482  92
482  95
483  94
484  37
487  21
487  48
487  85
488  31
489  34
489  87
489  90
490  42
490  77
491  33
491  92
492  30
493  38
493  78
494  76
495  89
496  94
498  37
498  45
498  90
499  73
500  85
500  92
501  77
502  33
502  34
503  87
506  1
506  90
508  35
508  94
509  76
509  89
509  92
510  21
510  38
510  44
512  85
513  32
513  37
513  77
514  33
514  87
514  90
517  34
517  47
517  89
518  41
518  58
518  73
518  92
519  0
519  95
520  49
520  85
520  94
522  87
522  90
525  89
526  78
527  47
527  79
527  92
530  58
530  87
530  90
531  85
532  49
532  94
533  89
534  19
534  84
536  30
536  92
538  47
538  87
538  90
540  35
540  37
541  44
541  89
541  98
542  85
543  58
544  94
545  49
545  92
546  87
546  90
547  78
549  89
550  1
550  32
550  47
553  85
554  87
554  90
554  92
554  94
554  95
555  21
555  48
556  2
556  58
557  31
557  46
557  89
558  42
560  3
560  49
560  84
562  45
562  87
562  90
562  94
563  6
563  92
564  47
564  85
565  89
566  2
566  41
567  46
569  19
569  58
570  87
571  35
571  42
571  90
572  44
572  78
572  94
573  3
573  89
574  92
575  45
575  85
576  2
577  49
578  46
578  87
579  6
579  47
581  89
584  41
584  58
586  85
586  87
587  2
587  90
588  3
588  84
588  94
589  89
589  92
590  45
590  46
592  42
594  87
596  89
597  47
597  49
597  85
599  6
599  81
600  2
601  58
601  90
602  35
602  44
602  78
602  87
602  92
602  94
603  46
603  89
606  3
607  41
607  45
608  85
608  90
609  67
610  42
610  87
610  89
610  92
610  94
614  2
615  90
616  12
617  47
617  84
617  89
618  46
618  87
618  92
618  94
619  85
620  58
621  49
622  90
624  48
624  89
625  6
626  31
626  42
626  87
626  92
626  94
627  95
628  1
628  3
628  30
628  32
628  45
629  90
630  2
630  85
631  89
632  35
632  44
634  87
634  92
634  94
635  46
636  21
636  90
638  78
638  85
638  89
639  41
640  47
642  37
642  58
642  87
642  92
642  94
643  77
643  90
644  33
645  42
645  89
646  84
646  85
647  34
648  76
649  32
649  49
649  60
650  30
650  38
650  87
650  90
650  92
651  73
652  19
652  37
652  89
652  94
652  95
653  21
653  77
654  1
654  35
654  85
655  33
657  79
657  90
658  50
658  87
658  92
659  37
659  89
661  6
661  34
661  35
661  44
662  67
662  76
662  85
662  94
664  77
664  90
665  41
666  37
666  79
666  87
666  89
666  92
667  33
667  47
668  38
668  50
669  35
669  73
670  85
671  90
672  21
672  32
672  94
673  6
673  84
673  89
674  37
674  87
674  92
675  67
675  79
676  30
676  34
676  78
677  35
677  77
678  76
678  85
678  90
678  95
679  41
679  50
680  33
680  89
681  49
682  37
682  87
682  92
682  94
684  1
685  35
685  48
685  79
685  90
686  6
686  85
687  31
687  89
687  98
689  38
689  67
690  37
690  44
690  87
690  92
691  50
691  77
692  73
692  90
692  94
694  21
694  34
694  35
694  85
694  89
695  33
695  41
696  47
696  79
698  32
698  76
698  87
698  92
699  37
699  90
700  6
700  84
701  89
702  85
702  94
703  35
704  50
704  95
705  58
706  30
706  67
706  77
706  87
706  90
706  92
707  79
708  37
708  41
708  89
709  6
709  85
709  94
711  33
713  35
713  90
714  78
714  87
714  92
715  29
715  89
716  34
716  85
716  94
717  37
717  38
717  49
718  1
718  2
718  21
718  41
718  44
718  50
719  6
719  79
720  42
720  46
720  90
721  73
721  92
722  87
722  89
723  35
723  45
723  76
723  85
723  94
724  58
724  77
725  3
726  47
726  60
726  67
727  32
727  37
727  84
727  90
728  42
728  92
729  0
729  6
729  38
729  41
729  44
729  71
729  73
729  87
729  89
730  33
730  85
730  94
730  95
731  2
731  29
733  35
733  79
734  12
734  46
734  50
734  90
735  42
735  92
736  44
736  87
736  89
737  0
737  38
737  73
737  85
737  94
738  37
739  30
740  6
740  41
741  29
741  34
741  45
741  90
742  92
743  42
743  44
743  48
743  87
743  89
744  21
744  35
744  58
744  77
744  81
744  85
744  94
745  0
745  3
745  12
745  73
746  2
746  31
746  38
748  79
748  90
749  37
749  92
750  46
750  67
750  87
750  89
751  6
751  29
751  33
751  42
751  44
751  78
751  85
751  94
752  41
752  49
752  50
753  84
754  0
754  1
754  73
754  98
755  35
755  38
755  76
755  90
755  95
756  32
756  47
756  92
757  12
757  87
757  89
758  85
758  94
759  42
759  44
761  37
762  45
762  90
763  0
763  2
763  6
763  29
763  73
763  92
764  87
764  89
765  38
765  41
765  79
765  85
765  94
766  35
766  77
767  44
767  58
768  42
768  46
769  90
770  3
770  92
771  12
771  34
771  87
771  89
772  21
772  85
772  94
773  0
773  30
773  37
773  73
774  50
775  33
775  38
776  6
776  29
776  44
776  90
777  42
777  92
778  35
778  84
778  87
778  89
779  41
779  85
779  94
780  67
780  95
781  19
782  2
782  90
783  73
783  79
784  0
784  89
784  92
785  44
785  87
786  32
786  37
786  38
786  47
786  85
786  94
787  12
787  42
787  45
787  49
787  78
788  90
789  46
790  1
790  6
790  29
790  35
790  77
790  89
791  92
792  58
792  87
793  85
793  94
794  41
794  44
794  73
794  90
795  8
795  76
796  0
796  89
797  42
798  38
798  92
799  48
799  81
799  87
800  21
800  31
800  85
800  90
800  94
801  3
801  33
802  89
803  2
803  84
804  44
805  92
805  95
806  12
806  29
806  73
806  87
806  90
807  30
807  85
807  94
808  34
808  42
808  89
809  0
812  46
812  90
812  92
813  87
814  44
814  89
814  94
815  38
815  47
816  85
817  45
819  58
821  42
821  49
821  87
822  89
823  0
825  29
825  98
827  2
829  12
829  85
830  94
832  84
