108  52
118  48
124  50
147  81
177  52
189  14
196  10
200  48
203  81
213  50
218  56
218  76
218  77
219  20
219  55
225  65
227  88
235  31
236  32
238  45
238  56
239  76
239  77
241  52
242  55
248  81
248  93
253  88
264  56
266  77
267  76
268  65
272  55
273  48
281  88
287  81
290  50
299  52
299  56
301  77
302  93
305  76
309  88
315  55
317  45
329  96
330  34
330  83
334  38
334  41
335  7
335  72
336  88
337  45
344  56
345  77
350  96
351  76
351  83
357  34
359  93
362  88
363  45
369  38
369  41
369  55
372  96
373  7
373  72
373  83
387  88
390  56
392  77
395  96
396  83
397  45
398  76
403  34
409  93
411  65
411  88
418  96
419  83
420  55
434  88
436  56
436  77
439  45
441  96
442  83
443  2
443  23
444  3
444  24
444  76
447  38
447  41
449  34
449  91
454  2
454  23
454  93
455  3
456  24
456  88
459  86
460  14
462  72
463  96
464  7
464  83
464  91
466  23
466  55
467  2
468  3
469  34
470  24
473  77
476  56
478  88
480  23
480  91
481  2
483  3
485  45
485  86
485  96
486  24
486  76
486  83
490  14
494  34
495  93
496  23
497  2
497  91
499  88
500  3
505  24
506  96
508  83
511  55
512  65
513  77
514  86
514  91
515  23
516  2
519  56
519  88
520  3
524  34
527  96
528  24
528  76
529  83
530  45
531  91
533  93
537  23
538  2
538  88
542  14
544  3
545  86
547  96
548  41
549  38
549  91
550  52
550  81
550  83
551  48
552  77
553  50
555  24
555  55
557  88
558  56
560  14
561  34
563  23
563  52
564  2
564  10
565  48
565  65
565  81
566  91
567  7
567  72
567  76
567  96
568  20
569  50
569  93
570  83
571  3
572  45
574  31
575  32
576  88
577  86
583  91
586  96
588  24
589  83
590  77
592  14
592  27
594  2
594  23
594  29
594  88
595  55
596  31
596  81
597  56
597  98
600  91
601  34
601  65
602  27
603  69
603  93
604  3
605  59
605  96
606  29
606  76
608  47
608  83
609  31
609  86
611  98
612  88
613  27
614  45
617  91
619  29
622  65
623  96
624  24
624  31
625  27
625  77
625  98
627  2
627  23
627  83
628  69
629  42
629  88
630  37
633  56
634  29
634  59
634  91
635  93
636  55
638  27
638  41
639  3
639  34
639  38
639  47
640  86
640  98
641  96
642  31
643  76
645  83
646  88
649  65
650  91
652  29
653  27
654  45
655  98
657  31
657  48
658  14
658  72
659  77
659  96
660  7
660  52
661  2
661  23
661  24
661  81
662  88
663  83
665  50
666  91
666  93
667  56
668  85
669  32
669  63
670  48
670  86
671  4
672  67
673  3
673  52
674  5
675  55
675  81
676  85
676  96
678  34
678  63
678  88
679  10
679  32
679  76
680  14
680  83
681  25
681  50
681  95
682  4
682  65
684  85
684  91
685  67
687  20
687  48
687  52
687  63
689  5
689  81
690  32
691  45
692  85
692  96
693  77
694  4
694  88
696  93
697  63
697  83
699  67
700  85
701  50
701  56
702  32
702  95
703  6
703  52
704  81
705  25
707  4
707  5
708  48
708  63
708  85
708  96
709  88
712  55
714  83
715  32
715  76
716  67
716  85
717  38
717  91
719  10
719  81
720  31
720  63
721  48
722  4
722  41
722  52
723  16
723  94
724  88
724  96
725  14
725  47
725  50
725  75
725  93
725  98
726  95
727  12
727  45
728  27
728  74
729  2
729  23
729  86
730  77
730  83
730  85
730  94
731  16
731  91
732  24
733  29
733  65
734  3
735  47
735  54
735  75
736  34
736  84
737  31
738  94
738  98
739  12
740  16
741  56
742  27
742  74
742  96
744  72
746  47
746  75
746  94
748  69
748  91
749  16
753  12
755  73
757  84
757  94
760  98
761  54
