180  97
181  72
185  85
189  20
191  64
192  52
195  76
196  79
209  57
222  32
229  56
230  64
231  77
232  52
233  97
236  85
238  0
238  71
239  72
240  79
245  76
249  20
253  97
258  85
262  4
264  71
266  72
268  64
269  57
270  70
271  52
272  97
279  85
282  73
282  79
284  20
285  0
285  76
290  97
293  71
297  72
299  85
300  32
305  64
307  97
309  52
318  56
318  85
322  77
323  20
323  71
323  79
324  97
326  76
327  57
328  72
334  73
336  85
340  97
342  6
342  33
342  94
342  95
347  73
348  0
352  85
352  94
352  95
353  6
353  17
353  22
353  33
355  97
359  72
361  73
361  90
361  99
362  20
362  94
362  95
365  6
365  33
366  4
368  85
370  97
372  94
372  95
373  46
376  73
377  17
377  22
378  6
378  33
382  94
382  95
383  85
384  97
388  99
389  72
389  90
392  94
392  95
393  6
393  33
393  73
395  70
395  71
398  46
398  85
398  97
399  20
402  47
402  92
402  94
402  95
403  19
403  84
406  48
407  0
408  39
408  46
409  6
409  33
411  17
411  73
411  97
412  22
412  47
412  85
412  92
412  94
412  95
414  84
415  19
416  35
418  99
419  46
419  48
419  49
419  72
419  90
422  92
422  94
422  95
423  47
424  39
424  97
425  84
426  6
426  33
426  85
428  19
430  73
431  46
432  71
432  92
432  94
432  95
433  48
435  20
435  47
436  84
436  97
439  85
442  19
442  92
442  94
442  95
444  33
444  39
444  46
445  6
445  35
447  84
448  47
448  72
448  97
449  48
449  90
449  99
451  73
451  94
451  95
452  85
452  92
454  49
458  19
458  46
458  84
460  94
460  95
460  97
462  0
462  47
462  92
464  33
465  6
465  85
466  17
466  22
466  71
467  48
469  4
469  39
469  84
469  94
469  95
472  92
473  46
477  19
477  47
478  90
478  94
478  95
479  99
480  84
482  92
485  33
486  6
486  43
487  48
487  94
487  95
489  46
491  84
492  92
494  47
496  35
496  43
496  55
496  67
496  94
496  95
497  40
498  19
499  62
500  48
502  7
502  39
502  84
502  92
503  42
503  63
504  55
505  67
505  94
505  95
506  40
506  46
507  43
507  90
508  6
508  33
508  99
511  62
512  47
512  92
513  55
513  84
514  48
514  67
514  94
514  95
516  40
517  7
519  42
519  43
519  63
522  19
522  92
523  55
523  94
523  95
524  22
524  46
524  62
524  67
524  84
527  40
528  17
528  81
529  48
530  49
531  6
531  33
531  47
531  94
531  95
532  92
533  43
533  97
534  85
535  84
535  90
536  99
538  73
539  7
539  94
539  95
541  72
542  92
542  97
543  46
544  20
544  39
544  85
546  71
546  84
547  94
547  95
548  19
550  73
551  97
552  47
552  92
553  6
553  33
554  85
555  72
555  94
555  95
556  0
556  84
560  20
560  97
561  92
562  46
562  71
562  90
563  73
563  94
563  95
563  99
564  70
564  85
566  84
569  97
570  52
570  64
570  72
570  76
570  92
571  79
571  94
571  95
574  47
574  48
574  57
574  71
574  85
575  6
575  19
575  33
576  32
576  84
577  4
577  20
577  73
578  97
579  52
579  56
579  64
579  77
579  94
579  95
580  76
580  92
581  79
582  35
583  0
583  85
584  46
585  22
586  17
586  71
586  72
587  57
587  94
587  95
587  97
588  64
588  90
588  99
589  52
591  32
591  76
592  73
592  79
593  85
595  94
595  95
596  20
596  56
596  88
596  92
596  97
597  6
597  33
597  77
597  84
598  64
599  52
599  71
601  57
602  85
603  72
603  76
603  79
603  94
603  95
605  92
605  97
606  84
608  73
609  32
609  64
610  52
611  85
611  94
611  95
612  99
613  46
613  71
613  90
614  70
614  92
614  97
616  0
616  76
616  79
616  84
617  56
617  57
618  20
618  47
618  94
618  95
619  6
619  33
619  77
620  64
620  85
622  52
622  72
622  97
623  19
623  39
623  92
624  48
625  73
625  84
625  94
625  95
628  71
629  85
630  46
630  76
630  79
630  97
631  32
632  64
632  92
632  94
632  95
634  52
634  84
634  88
635  47
636  4
636  57
636  99
637  90
638  85
638  97
639  17
639  94
639  95
640  6
640  22
640  33
640  92
641  20
641  48
642  72
642  73
643  84
644  19
644  55
644  67
644  71
645  56
645  64
645  79
646  40
646  43
646  76
646  94
646  95
646  97
647  46
647  85
648  49
648  62
648  92
650  77
651  39
652  55
652  67
652  84
653  7
653  42
653  47
653  48
653  63
653  94
653  95
654  52
654  97
655  0
655  40
656  43
656  85
656  92
658  36
658  99
659  11
659  34
659  58
660  48
660  62
660  73
660  90
660  94
660  95
661  6
661  9
661  27
661  33
661  55
661  67
661  84
662  21
662  72
662  97
664  36
664  92
665  11
665  20
665  34
665  35
665  40
665  46
665  85
666  12
666  58
667  19
667  43
667  48
667  94
667  95
668  27
669  7
669  9
669  42
669  63
670  36
670  55
670  67
670  81
670  84
670  97
671  11
671  21
671  34
672  47
672  92
673  58
673  62
674  48
674  94
674  95
675  27
675  40
676  36
677  12
677  99
678  9
678  11
678  34
678  90
679  43
679  84
680  55
680  58
680  67
680  92
681  6
681  21
681  33
681  94
681  95
682  48
683  17
683  27
683  36
683  46
685  11
685  34
685  39
686  22
686  40
687  7
687  9
687  58
687  63
688  12
688  62
688  84
688  92
689  42
690  19
690  36
690  48
690  55
691  47
691  67
692  11
692  21
692  27
692  34
692  43
695  58
697  9
697  36
698  40
700  11
700  34
701  27
701  55
701  92
702  12
702  67
703  58
704  21
705  36
705  62
705  81
706  75
708  9
708  11
708  34
711  27
712  58
713  36
729  86
735  51
