20  7
20  72
20  81
20  98
28  2
28  77
30  19
30  60
33  39
33  40
41  81
41  98
43  87
43  92
44  26
44  53
45  7
45  72
46  84
46  95
47  27
47  52
47  80
47  86
47  93
47  99
49  12
49  67
56  5
56  74
57  30
57  49
58  25
58  54
62  81
62  98
67  8
67  71
68  1
68  78
81  7
81  72
83  81
83  98
92  19
92  60
104  81
104  98
109  20
109  59
118  87
118  92
125  81
125  98
127  2
127  77
131  7
131  72
133  84
133  95
143  80
143  99
145  81
145  86
145  93
145  98
164  81
164  98
166  27
166  52
182  81
182  98
183  35
183  44
187  7
187  72
198  19
198  60
200  81
200  98
208  5
208  74
218  81
218  98
235  81
235  98
238  7
238  72
238  87
238  92
240  99
243  26
251  49
251  81
252  98
254  99
260  26
261  4
262  76
262  95
263  84
267  81
268  98
268  99
271  34
272  27
273  46
275  52
275  80
277  49
277  89
278  39
278  40
279  86
279  93
280  26
282  99
283  81
284  98
287  7
287  19
288  60
288  72
296  99
298  81
299  98
304  26
310  99
313  49
313  81
314  98
324  99
325  30
328  81
329  98
332  4
332  26
333  7
334  72
334  89
336  5
338  74
338  99
342  81
343  98
344  76
345  92
351  99
352  87
356  81
357  98
361  49
364  99
365  26
369  27
370  81
371  19
371  98
372  52
372  60
375  95
377  99
380  7
381  72
384  81
385  98
390  99
391  84
395  89
398  81
399  80
399  98
400  86
401  26
401  34
402  87
403  2
403  99
404  67
405  54
406  71
407  19
407  40
410  39
411  81
411  86
412  87
413  93
413  98
414  2
415  99
416  67
417  46
418  54
418  73
419  49
421  40
421  71
422  86
422  87
424  19
424  81
426  98
427  2
427  7
427  99
428  39
429  72
430  67
432  87
433  54
433  86
437  81
439  26
439  40
439  98
439  99
440  71
444  5
449  81
451  60
451  99
452  89
452  98
453  19
456  74
459  53
460  80
460  92
461  81
462  27
463  99
464  30
464  52
464  98
465  7
466  72
469  4
469  53
470  80
471  49
472  75
473  3
473  81
475  99
476  98
478  30
479  33
479  45
480  26
480  53
480  80
481  90
485  81
488  98
490  77
490  80
491  92
491  93
492  12
492  53
493  25
493  60
494  8
496  84
497  30
497  81
498  76
498  95
499  75
500  39
500  77
500  80
500  92
500  93
500  98
503  3
503  7
503  12
503  72
504  25
505  6
505  53
506  8
507  60
509  81
509  92
509  93
510  80
511  77
512  98
513  90
514  12
515  39
515  40
516  25
518  92
518  93
520  8
520  45
520  53
520  80
521  30
521  81
523  60
523  77
524  33
524  98
527  12
527  92
527  93
530  25
530  80
531  98
532  7
532  39
532  77
533  81
534  6
534  84
536  8
536  92
537  1
537  53
537  93
538  98
539  52
540  80
541  12
541  59
541  60
541  74
542  77
543  40
544  27
544  81
545  44
545  92
546  25
547  16
547  72
547  93
548  7
550  80
550  90
550  98
553  30
553  39
553  75
554  5
554  92
555  8
555  81
557  12
557  53
557  93
559  77
560  80
561  60
561  98
563  92
564  3
566  25
566  81
567  93
569  99
570  80
572  92
572  98
576  12
577  81
577  93
578  99
580  53
580  72
580  80
581  8
581  30
581  39
581  77
583  49
583  98
584  26
585  40
586  92
587  99
588  81
589  87
590  80
590  86
590  90
592  89
593  19
594  98
595  2
596  67
596  99
597  87
598  54
598  86
599  71
599  81
600  80
601  26
602  49
605  2
605  19
605  87
605  98
605  99
606  40
606  86
607  53
607  67
608  7
608  60
608  81
608  95
610  72
610  80
611  27
611  30
611  52
611  54
612  2
612  73
613  71
613  87
614  81
614  86
614  99
615  78
615  98
616  4
616  95
618  19
618  20
618  72
619  2
619  34
619  35
619  67
620  26
620  63
620  81
621  87
622  86
622  89
623  99
624  46
624  95
625  54
625  80
625  98
626  2
626  72
626  78
626  81
627  49
629  5
629  40
629  71
629  87
630  76
630  86
631  20
632  67
632  81
632  95
632  99
633  19
633  96
634  2
634  35
634  72
635  74
635  80
635  98
637  87
638  78
638  81
639  86
640  90
640  95
641  54
641  63
641  99
642  2
643  26
643  72
644  7
644  81
645  80
645  87
645  98
646  20
647  73
648  67
648  71
648  86
648  95
650  19
650  81
650  99
651  2
651  78
652  35
652  72
653  30
653  53
653  87
654  80
654  89
655  98
656  49
656  81
656  95
657  40
657  86
659  84
659  99
660  2
660  54
661  87
662  72
662  81
662  96
663  80
664  20
665  95
665  98
666  67
666  78
666  86
668  26
668  81
668  99
669  19
669  87
670  2
670  71
672  63
672  72
672  80
673  95
674  35
674  81
675  86
675  98
676  39
677  7
677  53
677  87
677  90
677  99
680  2
680  40
680  81
680  92
681  27
681  30
681  80
681  93
682  45
682  95
683  54
683  72
683  78
684  86
685  39
685  75
685  87
685  98
686  20
686  52
686  67
686  81
686  99
688  33
688  89
688  92
689  49
689  93
690  19
690  40
690  60
690  80
691  2
691  81
691  95
692  77
693  12
693  25
693  86
693  87
694  39
694  72
695  26
695  98
695  99
696  3
696  81
696  92
696  96
697  8
697  93
698  71
699  80
699  95
701  4
701  40
701  81
701  87
702  2
702  86
703  5
703  35
704  39
704  53
704  78
704  92
704  99
705  60
705  72
705  93
705  98
706  77
706  81
707  95
708  12
708  25
708  80
709  54
709  67
709  87
710  7
711  6
711  81
711  86
712  92
713  19
713  20
713  40
713  93
713  99
714  2
714  30
714  39
714  90
715  8
715  98
716  81
716  95
717  72
717  80
717  87
719  74
720  76
720  86
720  92
721  60
721  77
721  81
721  93
722  99
723  89
724  12
724  26
724  95
725  25
725  39
725  40
725  49
725  87
725  98
726  2
726  80
726  81
727  63
728  78
728  92
729  72
729  86
729  93
731  81
731  99
732  53
732  71
732  73
732  95
733  87
733  96
734  98
735  34
735  80
736  67
736  81
736  92
737  8
737  19
737  39
737  93
738  40
738  54
738  86
739  2
739  60
739  77
740  95
740  99
741  81
741  87
742  7
742  72
743  98
744  12
744  35
744  80
744  92
745  93
746  25
746  27
746  81
747  86
748  95
749  20
749  30
749  39
749  87
749  90
749  99
750  46
750  52
751  81
752  2
752  40
752  92
752  98
753  26
753  80
753  93
755  72
755  86
756  81
756  95
757  77
757  78
757  87
757  89
758  6
758  98
758  99
759  60
759  84
760  7
760  92
761  81
761  93
762  39
762  53
762  80
763  19
763  49
763  86
763  98
764  8
764  95
765  1
765  67
765  77
765  87
766  2
766  12
766  81
766  84
767  7
767  40
767  59
767  99
768  44
768  72
768  92
768  98
769  93
770  25
770  71
770  96
771  80
771  81
771  86
772  54
772  95
773  16
773  77
773  84
773  87
773  98
774  7
775  1
775  99
776  39
776  81
776  92
777  93
778  59
778  83
778  98
779  80
779  86
780  60
780  84
780  95
781  2
781  7
781  44
781  77
781  81
781  87
782  26
782  40
782  72
782  75
783  90
783  98
783  99
784  92
785  1
785  30
785  93
786  5
786  81
787  80
787  84
787  86
788  74
788  95
788  98
789  7
789  12
789  53
789  87
790  19
790  77
790  89
791  39
791  59
791  81
791  99
792  8
792  20
792  92
793  16
793  49
793  93
793  98
794  78
794  84
795  3
795  80
795  86
796  1
796  44
796  72
796  81
796  95
797  2
797  7
797  25
797  87
798  40
798  98
799  35
799  67
799  77
799  99
800  92
801  84
801  93
802  83
803  60
803  80
803  98
804  86
805  7
805  81
806  59
807  4
807  87
807  99
808  84
808  92
808  98
809  1
809  77
809  93
810  45
811  80
813  98
814  96
815  44
815  52
815  84
816  7
816  12
816  90
816  92
817  93
819  39
820  77
821  98
822  16
823  84
824  1
824  59
827  33
829  27
831  83
