11  8
11  22
11  57
11  71
14  6
15  73
17  81
18  19
18  60
19  98
20  35
20  44
21  99
22  53
22  80
23  8
23  13
23  66
24  22
24  26
24  57
24  65
24  71
25  18
25  61
25  77
25  82
25  97
29  14
30  2
30  6
30  86
30  93
32  94
33  73
34  29
34  50
35  81
37  8
39  22
39  57
39  71
39  98
40  85
41  60
42  19
43  99
45  80
49  35
49  44
50  6
53  8
53  81
54  53
55  82
55  97
56  41
57  22
57  57
58  71
58  73
60  25
60  54
61  13
61  66
61  98
62  65
63  11
64  68
64  77
67  86
68  99
69  93
69  94
71  80
72  8
72  81
73  26
75  62
76  17
78  6
81  22
81  57
82  46
82  61
83  18
83  33
83  60
83  71
84  19
87  98
91  81
91  82
91  97
93  99
96  38
97  8
98  80
107  73
107  94
108  85
111  81
115  98
118  86
119  99
120  22
121  57
122  6
122  93
125  80
126  71
127  53
131  81
132  8
133  82
135  97
139  65
142  35
142  44
143  98
145  99
146  94
151  81
152  80
153  77
154  14
170  99
171  81
174  98
179  80
181  8
181  86
182  82
183  94
183  97
185  93
190  81
191  6
193  2
195  99
205  80
206  98
209  22
209  57
209  81
217  94
219  99
221  71
221  85
227  65
227  81
228  97
229  8
231  80
232  53
233  82
234  66
237  44
237  98
240  50
240  61
243  99
245  77
245  81
245  86
245  97
247  22
249  8
249  94
253  93
255  80
256  60
257  73
258  6
259  19
262  81
264  66
266  99
269  98
272  57
275  22
275  81
276  71
278  8
279  80
279  94
282  13
282  57
282  82
284  19
284  41
284  60
285  22
285  98
287  81
289  99
290  71
292  8
292  57
296  22
298  53
299  81
301  98
303  57
303  80
305  65
305  71
306  97
307  8
307  19
307  60
308  22
308  94
311  81
311  86
311  99
313  29
314  57
316  6
317  98
319  93
320  22
322  71
323  8
323  77
323  81
326  57
326  80
330  82
331  85
332  99
333  22
333  98
335  81
336  94
337  19
337  60
339  57
341  8
341  71
347  22
347  80
347  81
347  98
350  99
351  26
352  57
354  71
357  73
357  97
358  98
359  14
361  2
361  85
362  22
362  81
365  80
366  57
367  71
368  8
369  98
373  99
374  26
377  19
377  22
377  60
377  73
377  86
379  14
379  81
380  82
380  98
381  57
381  93
382  71
382  85
383  2
385  80
386  38
387  35
390  98
394  22
395  99
396  81
397  18
398  57
398  71
401  98
402  73
403  85
404  80
405  14
406  97
408  26
412  22
412  98
413  2
413  81
415  57
415  71
416  99
422  98
423  80
425  85
428  19
429  60
429  81
430  22
432  57
432  82
432  98
433  71
434  8
437  99
438  73
442  80
442  98
443  14
443  81
444  86
447  85
447  93
448  22
450  8
450  57
450  99
451  71
452  98
453  81
455  80
455  97
456  94
461  2
462  98
462  99
463  81
464  6
464  8
466  22
466  26
467  80
468  57
468  65
469  85
470  71
471  77
472  98
473  53
473  81
474  94
474  99
476  19
476  60
478  8
479  82
480  80
482  98
483  81
484  22
486  57
487  6
488  99
492  8
492  94
493  81
494  65
495  97
497  22
497  44
498  98
500  53
500  61
500  66
500  77
502  8
502  80
502  81
504  50
505  41
505  57
505  86
506  97
507  44
507  99
509  22
511  81
511  94
512  8
513  61
513  66
513  93
514  98
518  6
518  44
518  97
520  53
520  81
521  22
522  8
522  80
523  50
523  57
524  19
524  60
525  99
526  85
527  82
527  98
528  66
528  71
529  61
529  65
529  81
530  94
530  97
531  44
533  80
534  8
534  22
536  98
537  99
538  81
541  57
542  71
542  77
545  80
545  85
545  98
547  81
549  73
549  99
550  94
551  13
551  71
552  35
553  57
553  82
554  98
556  14
556  18
557  26
558  80
558  81
559  22
559  29
560  71
561  35
562  2
562  13
563  98
564  57
564  82
564  85
566  99
567  60
567  86
568  6
568  18
569  71
570  19
571  35
572  98
574  13
574  38
574  81
575  26
575  29
575  73
575  82
576  57
576  80
576  93
579  71
579  86
580  60
581  6
581  11
581  54
581  98
582  18
582  35
583  85
584  17
585  46
586  14
586  82
586  99
587  13
592  86
594  35
594  80
595  98
596  6
596  29
597  2
597  26
597  82
598  18
602  13
602  81
602  85
603  49
605  63
605  86
605  98
605  99
606  54
608  11
608  35
608  82
609  71
609  73
611  80
613  6
614  57
614  98
615  60
616  17
616  46
616  81
617  18
618  71
618  86
619  13
619  22
619  82
620  97
621  85
622  98
623  29
623  35
624  26
624  57
624  99
627  80
628  71
628  81
629  6
629  14
629  60
630  82
631  86
631  98
632  22
634  57
634  99
635  8
636  81
637  80
638  71
639  19
639  98
640  13
640  35
640  85
640  94
641  18
641  82
643  8
643  22
643  93
644  81
644  99
645  57
645  97
647  80
647  98
648  2
649  71
649  73
650  44
651  8
651  53
652  22
652  66
652  81
653  61
653  65
654  99
655  94
655  97
656  19
656  98
657  50
657  73
657  77
657  93
658  80
659  8
659  85
660  81
661  44
662  22
663  25
664  66
664  68
665  97
666  62
667  8
667  33
667  53
667  57
667  61
668  19
668  81
668  93
668  99
671  73
671  82
671  94
671  98
673  44
675  97
676  22
676  50
677  80
678  65
678  66
679  81
680  93
681  41
684  61
685  25
685  97
685  99
686  44
687  68
687  73
687  77
688  53
689  94
690  16
692  62
692  93
693  33
695  30
695  66
696  97
705  93
711  73
774  86
776  98
782  81
792  82
802  80
807  99
812  98
814  97
818  81
