349  85
356  41
364  48
370  72
371  26
375  59
380  85
394  6
394  79
403  33
406  85
407  41
412  90
414  12
415  83
427  48
430  55
431  77
434  19
434  75
437  52
443  72
445  26
456  55
457  59
459  36
459  77
466  19
466  75
468  80
469  51
475  52
476  85
477  90
486  41
486  48
491  85
501  6
501  44
506  83
506  85
509  72
512  79
513  26
516  41
519  25
521  85
526  33
526  90
529  59
536  85
542  48
543  44
543  83
548  12
550  85
551  41
562  98
564  85
568  90
570  72
574  26
575  51
576  55
576  79
578  77
578  80
578  85
580  83
582  5
583  19
583  75
587  98
589  41
590  52
590  80
591  71
593  48
593  85
594  5
596  55
596  59
598  6
600  18
600  71
601  8
601  61
601  77
602  80
605  99
606  51
608  24
608  74
609  2
609  90
610  4
610  60
611  8
611  71
612  19
612  27
612  75
616  99
617  31
617  36
617  38
617  74
618  7
618  28
618  53
618  94
619  20
621  24
622  81
623  2
623  43
623  73
625  4
626  60
626  76
627  74
627  89
627  94
627  99
628  38
629  0
629  27
629  35
630  3
630  31
630  61
631  18
631  46
632  7
632  53
633  28
633  96
634  67
635  20
636  24
636  81
636  94
637  74
638  99
639  2
640  38
641  8
642  80
643  73
644  4
645  60
646  31
646  71
647  54
650  89
650  99
651  27
653  5
653  8
654  80
658  85
666  98
