11  8
11  22
11  57
11  71
15  6
15  73
17  19
17  60
18  81
18  98
20  35
20  44
23  8
23  13
23  22
23  57
23  66
23  71
24  26
24  53
24  80
24  99
25  18
25  61
25  82
25  97
29  14
29  65
30  2
30  77
30  86
30  93
33  6
33  73
34  29
34  50
36  22
36  57
37  8
37  71
37  81
37  98
39  19
39  60
40  85
40  94
49  35
49  44
51  22
51  57
51  80
51  99
53  8
53  71
55  82
55  97
57  81
57  98
58  6
58  73
60  25
60  54
61  13
61  66
63  11
63  68
67  22
67  57
67  86
67  93
70  19
70  60
72  8
72  53
72  71
73  26
76  17
76  62
77  81
78  98
82  18
82  33
82  46
82  61
82  80
82  99
85  22
85  57
90  41
91  8
91  82
91  97
92  6
94  38
94  94
95  71
95  81
99  98
100  65
103  77
105  22
105  57
105  73
107  85
110  99
111  80
113  8
113  81
118  86
118  93
121  19
121  60
121  98
123  71
128  22
128  57
131  81
132  82
133  97
137  94
138  8
138  99
140  80
142  35
142  44
142  98
146  6
148  81
152  22
152  57
154  14
155  71
163  98
164  53
165  8
165  81
166  99
169  80
177  22
177  57
178  82
178  94
181  65
181  81
181  93
181  97
182  86
184  98
187  2
187  60
188  19
192  71
193  8
193  99
195  77
197  80
197  81
202  22
202  57
205  98
212  81
215  85
216  94
219  6
219  99
221  8
225  80
226  98
227  22
227  57
227  81
227  82
228  71
230  97
242  81
245  93
245  98
245  99
246  86
248  8
251  94
252  22
252  57
252  80
253  19
253  60
253  73
256  81
264  71
264  98
269  65
270  53
270  81
270  99
274  8
276  22
276  57
277  82
278  80
279  66
281  97
282  13
283  98
284  81
284  94
285  6
286  77
294  99
298  81
299  71
300  22
300  57
301  8
302  98
303  80
311  81
312  60
312  86
312  93
313  19
313  29
313  50
315  94
317  99
320  98
323  22
323  41
323  57
324  81
326  85
327  8
327  80
327  82
331  97
333  71
337  81
338  98
340  99
345  94
346  22
346  57
347  65
349  6
350  81
351  80
352  8
355  98
362  53
362  81
362  99
364  26
366  71
366  77
368  22
368  57
369  60
370  19
372  98
373  94
374  80
374  81
376  82
377  8
378  86
379  93
380  97
383  99
385  44
386  35
386  81
389  98
390  22
390  57
392  61
397  18
397  80
398  71
398  81
400  94
401  8
404  99
405  98
410  6
410  73
410  81
412  22
412  57
419  80
420  65
421  81
421  98
422  60
423  19
424  8
424  99
426  82
426  94
429  71
430  97
432  81
433  22
433  57
436  85
437  98
441  80
443  77
443  81
443  86
444  99
445  53
446  93
447  8
451  94
453  98
454  22
454  57
454  81
460  71
462  80
463  99
465  8
465  81
467  6
467  97
468  22
468  98
469  44
469  66
473  61
474  57
475  60
475  81
475  94
476  19
477  8
477  50
477  82
479  97
480  53
481  22
481  44
482  99
483  66
483  80
483  98
485  81
487  65
489  71
494  57
495  98
496  81
497  8
497  99
498  80
498  94
499  14
501  2
502  71
502  73
502  85
505  22
505  98
506  26
506  81
508  86
509  99
510  80
510  93
511  77
514  57
514  61
515  14
515  98
516  71
516  81
518  2
518  38
519  73
519  85
520  41
521  94
521  99
522  80
523  6
523  82
524  19
524  60
525  98
526  8
526  26
526  71
527  13
527  22
528  35
528  57
528  81
532  18
534  14
534  82
534  97
534  98
535  71
536  29
537  85
538  2
538  35
539  13
539  73
540  57
541  80
542  26
542  99
543  98
545  18
545  71
545  81
546  82
548  22
549  35
552  13
552  57
552  98
555  29
555  71
555  85
558  14
558  82
559  80
561  18
561  81
561  98
562  26
562  35
562  99
565  2
565  57
566  71
566  73
567  13
568  22
570  60
570  82
570  93
570  98
571  19
573  86
574  85
576  35
576  38
576  80
576  81
577  71
578  57
579  98
580  18
580  29
580  99
582  82
585  13
585  81
586  26
587  22
587  49
587  80
587  97
588  98
589  71
590  8
591  99
592  14
592  57
593  35
593  85
593  94
594  81
596  82
597  98
598  80
599  8
600  22
601  73
601  97
602  99
603  44
603  81
604  2
605  66
606  53
606  98
607  65
608  8
609  61
610  80
610  94
611  6
611  22
611  50
612  81
612  97
613  19
613  77
614  44
615  85
615  93
616  99
617  8
617  60
617  73
618  66
621  81
622  98
623  22
623  97
624  25
624  53
624  57
624  61
625  68
626  8
626  19
626  44
627  62
627  93
627  94
628  33
630  50
630  80
630  81
632  66
632  73
633  99
634  97
635  22
635  86
636  8
636  65
637  98
639  44
639  81
640  93
641  19
642  6
642  61
645  94
645  97
646  53
648  66
648  77
649  73
649  80
650  25
650  99
652  16
652  68
652  81
653  93
654  44
655  30
655  50
656  97
658  62
659  33
663  61
663  94
666  81
666  93
667  66
667  80
667  97
667  99
669  73
670  44
673  53
677  65
678  97
679  93
680  81
681  41
681  94
682  6
683  99
685  80
688  44
689  81
689  97
690  66
691  8
691  61
691  73
692  50
692  93
693  98
694  22
697  25
697  81
698  19
699  8
699  57
699  94
699  99
700  97
702  77
702  80
703  22
704  68
705  81
705  86
705  93
705  98
708  8
708  53
709  44
710  82
711  57
711  60
711  97
712  19
712  22
713  73
713  81
713  99
714  98
715  80
716  66
716  71
717  8
717  94
718  93
721  57
721  81
722  22
722  85
722  97
722  98
723  71
723  73
723  99
724  82
725  80
726  6
726  8
726  61
727  19
729  60
729  65
729  81
730  35
730  57
730  71
730  98
731  26
731  86
732  13
732  22
732  93
733  14
733  18
733  44
733  82
733  97
733  99
734  6
735  33
735  80
735  94
736  2
736  54
736  85
737  8
737  71
737  81
738  11
738  98
739  29
739  57
740  17
740  46
740  60
740  62
742  35
742  86
743  82
744  6
745  13
745  99
747  18
747  26
747  98
748  71
749  80
753  85
753  86
755  82
758  54
761  11
766  63
802  46
