387  6
416  58
423  39
424  88
426  72
431  6
433  27
454  33
477  6
487  88
494  43
503  81
511  58
512  43
516  44
519  10
520  6
527  39
531  67
533  43
534  72
535  88
536  8
545  47
546  17
554  27
555  81
558  43
560  6
566  14
568  44
572  10
575  88
582  85
587  83
587  96
589  25
595  85
596  81
596  94
597  47
597  58
598  32
601  33
601  83
601  96
603  6
604  73
605  28
607  7
607  40
608  94
611  85
613  54
614  46
615  36
615  83
615  96
616  73
617  21
617  32
620  52
620  91
623  51
623  94
623  98
627  36
632  35
632  69
633  65
635  71
636  40
636  73
638  21
639  7
640  91
643  12
644  98
646  52
648  62
658  35
659  69
664  71
701  35
703  69
711  71
712  36
714  91
715  73
715  98
716  64
719  21
719  94
721  54
723  36
723  83
723  96
726  32
726  85
727  65
727  73
729  94
730  47
731  40
731  71
732  52
732  98
733  7
733  91
734  12
734  54
734  83
734  96
735  14
735  15
735  25
735  46
736  6
736  81
736  85
739  32
739  36
739  43
739  94
741  8
742  39
742  72
742  88
743  47
743  73
745  83
745  96
746  85
747  25
747  51
750  6
750  58
751  43
752  27
752  64
753  28
753  65
753  81
755  10
757  67
758  85
759  44
759  88
762  33
766  8
767  43
772  81
783  17
