215  25
221  47
224  13
227  61
229  14
236  8
244  21
254  75
282  97
283  74
290  13
304  14
320  19
320  26
320  88
323  94
332  50
333  21
333  87
339  41
341  88
345  19
346  31
346  94
349  72
354  97
355  13
357  79
363  88
366  87
370  94
374  14
380  79
381  19
390  74
392  25
395  47
398  61
403  8
409  97
412  13
413  25
414  21
415  45
415  75
419  47
420  27
425  61
433  27
435  14
439  8
440  25
441  52
441  74
452  47
457  27
466  61
467  52
476  25
476  75
477  54
478  32
479  18
481  71
485  4
488  0
490  54
493  32
495  18
496  34
497  8
497  47
500  71
503  52
506  54
509  4
510  32
511  0
512  5
512  66
513  65
515  18
516  58
517  52
523  82
524  54
524  71
525  66
527  5
527  65
530  53
531  32
533  29
533  52
533  58
535  0
539  18
540  66
542  60
542  91
543  4
543  34
543  65
544  85
545  0
545  7
545  82
546  54
549  5
549  92
550  38
551  48
553  58
554  60
554  91
555  0
556  71
557  66
557  85
558  32
563  7
563  65
567  92
569  0
569  82
569  91
571  5
572  18
572  52
574  54
575  60
577  66
578  53
578  63
580  58
591  27
593  32
597  25
600  61
600  79
601  45
603  27
603  47
604  13
605  74
607  14
608  79
608  97
609  21
609  88
610  8
611  94
613  19
614  72
614  75
616  87
617  25
617  79
619  31
620  13
620  41
620  88
623  61
623  94
624  26
625  14
626  19
628  97
629  21
629  79
631  50
631  88
632  87
634  72
635  94
637  16
637  74
638  13
640  31
641  19
642  88
644  41
647  14
648  94
649  87
649  97
653  88
655  21
659  19
660  13
661  94
664  88
667  87
670  31
671  97
674  94
675  14
676  88
680  19
682  41
685  87
686  13
687  72
687  94
688  26
688  88
690  21
694  74
694  97
700  88
700  94
704  87
705  19
710  14
712  88
713  79
713  94
716  31
717  13
717  97
722  48
722  79
722  87
724  88
726  94
728  25
728  47
729  50
731  19
731  72
731  79
732  61
734  8
735  88
736  21
738  27
739  94
740  75
740  97
741  79
741  87
742  74
743  25
744  47
746  88
747  45
748  27
749  14
751  13
751  52
751  61
751  79
752  41
752  94
753  54
755  0
755  8
755  31
756  18
756  32
756  34
757  71
757  88
758  91
759  5
759  27
759  48
759  65
759  66
759  85
760  60
760  87
761  4
761  25
761  52
762  19
762  47
762  82
763  0
763  58
763  72
763  92
763  97
764  7
764  74
766  54
766  79
767  38
767  91
768  45
769  85
770  60
770  75
771  0
771  66
772  18
772  32
772  65
773  52
774  5
774  48
775  71
776  91
776  92
777  29
779  82
779  85
781  7
781  58
783  60
787  53
790  38
805  20
