169  2
169  84
192  73
195  91
211  84
220  55
242  2
246  84
250  21
250  58
250  91
251  80
251  99
262  43
263  85
264  94
266  15
266  64
269  4
273  80
273  99
276  21
276  58
277  84
295  91
296  80
296  99
297  73
298  85
300  94
305  84
306  65
312  21
312  58
313  2
319  80
319  99
327  77
327  95
333  6
334  85
334  88
335  15
336  24
336  64
337  94
341  80
341  99
344  95
347  77
350  36
353  14
356  75
358  88
361  21
361  58
362  6
362  80
362  95
362  99
370  24
370  85
372  77
372  94
380  95
383  80
383  88
383  99
385  18
398  95
403  80
403  99
404  85
405  94
407  77
409  88
412  6
413  21
413  58
415  14
416  95
422  80
422  99
434  24
434  95
435  88
436  85
436  94
441  36
441  80
441  99
444  64
448  15
452  95
453  77
457  90
459  80
459  99
460  88
462  21
462  58
466  85
466  94
469  95
473  84
476  80
476  99
478  91
481  2
483  55
485  88
486  84
486  95
487  73
489  6
493  80
493  99
494  65
494  75
494  85
494  94
496  91
497  61
499  84
500  2
501  43
503  95
507  55
509  14
509  21
509  58
509  77
509  80
509  99
511  18
513  84
513  96
514  29
514  91
515  4
515  73
517  59
520  85
520  94
524  2
524  96
525  14
525  55
525  80
525  99
526  18
527  29
527  84
528  98
530  65
531  43
531  56
532  59
533  91
534  89
536  96
539  15
540  64
540  80
541  84
541  99
542  29
543  18
544  14
544  85
545  94
548  96
549  55
549  72
550  59
552  91
553  98
554  2
554  21
554  58
554  61
555  80
555  84
556  99
559  73
560  29
560  96
562  18
563  14
568  85
569  84
569  94
570  80
571  91
571  99
573  95
578  96
579  88
580  56
580  65
581  59
583  55
583  61
583  84
585  24
585  80
585  83
585  95
585  99
586  50
588  20
591  65
591  85
592  77
592  94
595  83
596  21
596  58
596  88
597  20
597  36
597  81
597  95
598  50
598  61
599  80
599  99
600  6
600  23
600  39
601  40
602  24
602  47
603  91
604  17
605  83
606  86
607  20
609  65
609  78
610  95
611  50
612  39
613  11
613  40
613  88
615  61
616  7
616  83
617  47
618  20
618  77
619  81
621  17
622  24
622  90
623  95
624  86
625  39
626  50
627  40
627  83
629  36
630  20
630  65
630  88
635  23
635  78
636  47
636  61
636  95
638  83
639  6
640  39
641  80
641  99
643  17
643  20
643  40
643  50
643  81
643  86
647  11
647  24
647  88
647  94
648  65
648  85
649  83
649  95
650  77
651  61
653  80
653  99
655  84
658  75
659  65
661  14
661  91
662  21
662  58
662  83
662  95
663  18
663  96
664  88
665  80
665  94
665  99
666  64
666  84
667  85
668  2
668  15
669  59
672  29
673  14
673  32
673  96
675  55
675  62
676  91
676  93
676  98
677  73
677  84
678  43
679  1
679  18
680  40
680  59
681  39
682  68
683  96
687  32
688  29
690  62
692  59
692  93
693  96
694  14
697  40
697  98
699  89
701  1
701  39
703  32
709  62
709  93
710  18
711  68
718  40
723  32
725  39
727  93
734  62
735  1
743  40
745  93
749  32
755  39
764  93
782  68
