0 0.582753 0.494391 0.000829052 0s
1 0.608927 0.521054 0.000545639 2.86522s
2 0.660172 0.545329 0.000902476 2.95068s
3 0.670623 0.569577 0.0012424 2.8173s
4 0.670623 0.594464 0.00147841 2.7782s
5 0.671015 0.613711 0.00229166 2.84077s
6 0.671162 0.63688 0.00141696 2.7729s
7 0.671249 0.637835 0.00175515 2.80124s
8 0.671417 0.640081 0.00191161 2.76649s
9 0.671474 0.636745 0.00259732 2.81012s
10 0.671474 0.637749 0.0025622 2.8541s
11 0.688369 0.578557 0.00558176 2.73611s
12 0.688369 0.585673 0.0046691 2.84379s
13 0.688369 0.584541 0.00491021 2.81348s
14 0.688369 0.594784 0.00446885 2.74894s
15 0.688369 0.616738 0.004352 2.80687s
16 0.688369 0.639444 0.00319163 2.80652s
17 0.688369 0.638476 0.00315723 2.84004s
18 0.688369 0.650191 0.00217417 2.73605s
19 0.688369 0.630154 0.00380584 2.81973s
20 0.688369 0.64495 0.00272388 2.77056s
21 0.688369 0.643108 0.00194648 2.81992s
22 0.688369 0.644258 0.00201409 3.83708s
23 0.697997 0.642623 0.00226714 2.81043s
24 0.69875 0.645916 0.00226794 2.82266s
25 0.712205 0.651682 0.00269227 2.78167s
26 0.712873 0.665296 0.00284717 2.84862s
27 0.714362 0.674758 0.00266908 2.80152s
28 0.729985 0.67746 0.00227618 2.77711s
29 0.729985 0.669611 0.00401994 2.83095s
30 0.729985 0.682977 0.00275608 2.77794s
31 0.729985 0.617974 0.00715841 2.81015s
32 0.729985 0.620449 0.00658674 2.7451s
33 0.732321 0.625597 0.00580331 2.82404s
34 0.733725 0.64876 0.00579468 2.73575s
35 0.734794 0.697828 0.00275248 2.75669s
36 0.744943 0.709415 0.00275991 2.88403s
37 0.744943 0.71627 0.00235199 2.75589s
38 0.744943 0.717424 0.00329127 2.74575s
39 0.744943 0.723923 0.00283359 2.78142s
40 0.744943 0.727982 0.00271745 2.74339s
41 0.745001 0.700752 0.0039269 2.76479s
42 0.745001 0.705017 0.00306532 2.77201s
43 0.745001 0.703205 0.0038362 2.77234s
44 0.745001 0.702412 0.00350009 2.88285s
45 0.745001 0.701689 0.00374825 2.81545s
46 0.745001 0.698591 0.0037584 2.7548s
47 0.7451 0.702225 0.00409855 2.78166s
48 0.7451 0.703166 0.00392756 2.82248s
49 0.7451 0.705809 0.00329583 2.75722s
50 0.745534 0.702225 0.00340611 2.90818s
51 0.745534 0.726313 0.00268814 2.82508s
52 0.745534 0.724429 0.00283522 2.75598s
53 0.745534 0.724519 0.00278204 2.83933s
54 0.745534 0.724656 0.00287499 2.7834s
55 0.745534 0.72018 0.00334396 2.81862s
56 0.745534 0.713141 0.00429561 2.76131s
57 0.745534 0.726702 0.00256199 2.80534s
58 0.745534 0.732387 0.00173424 2.77314s
59 0.745534 0.726983 0.00248263 2.83165s
60 0.745534 0.7237 0.00305533 2.78756s
61 0.755353 0.696831 0.00446418 2.88407s
62 0.755353 0.704775 0.00300465 2.83367s
63 0.755353 0.705572 0.00353196 2.75341s
64 0.756783 0.701543 0.0044204 2.82373s
65 0.756783 0.701763 0.00418063 2.77929s
66 0.756783 0.717052 0.00279949 2.75872s
67 0.756783 0.715376 0.00365814 2.80576s
68 0.756787 0.708511 0.00469836 2.82187s
69 0.756842 0.715914 0.00347189 2.77699s
70 0.756846 0.713128 0.00377131 2.84092s
71 0.756846 0.632556 0.00960478 2.77712s
72 0.756846 0.626782 0.00996651 2.81374s
73 0.756846 0.619373 0.00942874 2.75879s
74 0.756846 0.624642 0.00797684 2.79296s
75 0.756846 0.630988 0.00835228 2.81687s
76 0.757519 0.624487 0.0089051 2.77309s
77 0.757743 0.660016 0.00739325 2.83822s
78 0.758233 0.711183 0.00536804 2.75003s
79 0.760564 0.72798 0.00431989 2.79689s
80 0.760831 0.740206 0.00238592 2.83457s
81 0.760831 0.700205 0.00558771 2.77675s
82 0.760831 0.709863 0.0045819 2.80029s
83 0.760831 0.698446 0.00611073 2.80463s
84 0.761333 0.701436 0.00558525 2.77129s
85 0.761333 0.708215 0.00427204 2.76281s
86 0.761333 0.705025 0.00497055 2.76373s
87 0.762497 0.707618 0.00527081 2.8165s
88 0.762497 0.705894 0.00482517 2.83793s
89 0.762497 0.707905 0.00513778 2.79443s
90 0.762497 0.688385 0.00727976 2.82064s
91 0.762497 0.683701 0.00759398 2.78553s
92 0.762497 0.693344 0.00598717 2.77247s
93 0.762497 0.712138 0.00557789 2.77941s
94 0.762497 0.717671 0.00485693 2.78187s
95 0.762497 0.716857 0.00531169 2.7476s
96 0.762497 0.717922 0.004989 2.81596s
97 0.762497 0.71819 0.00480529 2.79003s
98 0.762497 0.729548 0.00335339 2.76165s
99 0.762497 0.723761 0.00382636 2.82731s
100 0.762497 0.713017 0.0060674 2.73694s
101 0.762497 0.706901 0.00515374 2.78471s
102 0.762937 0.703199 0.00504966 2.79519s
103 0.762937 0.711478 0.00493245 2.78609s
104 0.764435 0.712345 0.00496133 2.73445s
105 0.777601 0.719921 0.00397933 2.76072s
106 0.777919 0.717577 0.00392057 2.80672s
107 0.777919 0.719903 0.00406194 2.79843s
108 0.777919 0.714242 0.0046335 2.80661s
109 0.777919 0.73102 0.00259838 2.78798s
110 0.777919 0.719754 0.004823 2.80277s
111 0.777919 0.63101 0.0120207 2.77439s
112 0.777919 0.621608 0.0121347 2.81689s
113 0.777919 0.62283 0.0111397 2.77748s
114 0.777919 0.6258 0.0101804 2.79279s
115 0.777919 0.627405 0.0103278 2.80649s
116 0.777919 0.642953 0.00910377 2.785s
117 0.777919 0.647493 0.00965189 2.84032s
118 0.777919 0.663961 0.010283 2.77835s
119 0.777919 0.708353 0.00883785 2.75029s
120 0.777919 0.756474 0.00352736 2.8349s
121 0.777919 0.721385 0.00524736 2.76156s
122 0.778023 0.712647 0.00638351 2.83266s
123 0.778023 0.72131 0.00566083 2.75657s
124 0.778023 0.721898 0.00467013 2.86293s
125 0.778023 0.725846 0.00459733 2.80645s
126 0.778023 0.726856 0.0035787 2.7418s
127 0.778023 0.727006 0.00383471 2.81504s
128 0.778023 0.7122 0.00595708 2.75118s
129 0.778023 0.727101 0.00453155 2.85227s
130 0.778023 0.718951 0.00541632 2.75522s
131 0.778023 0.710839 0.00941549 2.84034s
132 0.778305 0.741838 0.00565443 2.75844s
133 0.778305 0.760496 0.00268988 2.80206s
134 0.778305 0.754121 0.00390552 2.77327s
135 0.778305 0.765277 0.00198688 2.76342s
136 0.778305 0.763123 0.0022471 2.81361s
137 0.778305 0.761465 0.00259889 2.80828s
138 0.778305 0.750566 0.00465927 2.76227s
139 0.778305 0.770557 0.00119293 2.81895s
140 0.778305 0.757834 0.00332863 2.79442s
141 0.778305 0.709684 0.00690994 2.76126s
142 0.778305 0.719999 0.00531057 2.83092s
143 0.778305 0.727539 0.00428051 2.74095s
144 0.778305 0.721787 0.00538987 2.83043s
145 0.778305 0.725644 0.00478867 2.74527s
146 0.778305 0.725618 0.00475642 2.80315s
147 0.778305 0.723265 0.00496317 2.74953s
148 0.778305 0.718125 0.00564787 2.85913s
149 0.778305 0.717276 0.005708 2.76811s
150 0.778305 0.720233 0.00535052 2.79558s
151 0.778305 0.742391 0.0055984 2.79575s
152 0.778305 0.7593 0.00314446 2.73607s
153 0.778305 0.750338 0.00421934 2.75888s
154 0.778305 0.766704 0.00177625 2.83421s
155 0.778305 0.74488 0.00541243 2.78964s
156 0.778305 0.749239 0.00460644 2.83922s
157 0.778305 0.756061 0.00364683 2.78041s
158 0.778305 0.757417 0.00327068 2.79294s
159 0.778305 0.755618 0.00366037 2.79244s
160 0.778305 0.764022 0.00245079 2.77958s
161 0.778305 0.718378 0.00579947 2.74577s
162 0.778305 0.724543 0.00547487 2.7614s
163 0.778305 0.727235 0.00423356 2.81549s
164 0.778305 0.719932 0.00544016 2.80471s
165 0.778305 0.71006 0.00680144 2.80665s
166 0.778305 0.729592 0.00375175 2.81226s
167 0.778305 0.727744 0.00451464 2.81087s
168 0.778305 0.724806 0.00524961 2.76203s
169 0.778305 0.7265 0.00434127 2.74731s
170 0.778305 0.725718 0.00459 2.78901s
171 0.778305 0.739772 0.00594738 2.77128s
172 0.778305 0.761676 0.00251645 2.82242s
173 0.778305 0.754415 0.00386577 2.76475s
174 0.778305 0.743208 0.00553489 2.79209s
175 0.778305 0.756693 0.00352293 2.78071s
176 0.778305 0.755542 0.00356467 2.86351s
177 0.778305 0.751355 0.0043511 2.73691s
178 0.778305 0.756057 0.00354985 2.76347s
179 0.778305 0.74985 0.0049161 2.7535s
180 0.778305 0.754238 0.00406093 2.77668s
181 0.778305 0.714467 0.00641438 2.75858s
182 0.778305 0.716286 0.00615978 2.77504s
183 0.778305 0.721197 0.00534631 2.81297s
184 0.778305 0.718916 0.00581997 2.74629s
185 0.778305 0.715196 0.00631135 2.82188s
186 0.778305 0.714476 0.0067736 2.802s
187 0.778305 0.722781 0.00571348 2.82993s
188 0.778305 0.722559 0.00531694 2.85733s
189 0.778305 0.729388 0.00410522 2.81783s
190 0.778305 0.7143 0.00628861 2.8199s
191 0.778305 0.748718 0.00447587 2.75703s
192 0.778305 0.749501 0.0047627 2.81523s
193 0.778305 0.757674 0.00330147 2.80182s
194 0.778305 0.755748 0.00353471 2.78525s
195 0.778305 0.766926 0.00168729 2.78987s
196 0.778305 0.754343 0.00367488 2.81616s
197 0.778305 0.746729 0.00495865 2.76479s
198 0.778305 0.759806 0.00296196 2.7885s
199 0.778305 0.760237 0.00291782 2.73239s
200 0.778305 0.755573 0.00377652 2.76691s
201 0.778305 0.727489 0.00434738 2.74926s
202 0.778305 0.712915 0.00688278 2.82743s
203 0.778305 0.726746 0.00423111 2.81819s
204 0.778305 0.719531 0.00568734 2.77894s
205 0.778305 0.725441 0.00489313 2.76863s
206 0.778305 0.722857 0.0049927 2.82084s
207 0.778305 0.715813 0.00614217 2.77409s
208 0.778305 0.725721 0.00464772 2.75343s
209 0.778305 0.722501 0.00558918 2.80638s
210 0.778305 0.723231 0.00454006 2.78765s
211 0.778305 0.758882 0.00284945 2.76763s
212 0.778305 0.753298 0.0042463 2.77453s
213 0.778305 0.760683 0.00287003 2.87601s
214 0.778305 0.763303 0.00226123 2.83157s
215 0.778305 0.75711 0.00331536 2.78326s
216 0.778305 0.749713 0.00438745 2.79206s
217 0.778305 0.748086 0.00496194 2.74387s
218 0.778305 0.761153 0.00301753 2.80877s
219 0.778305 0.757805 0.00338523 2.83795s
220 0.778305 0.760109 0.00265625 2.74842s
221 0.778305 0.719422 0.00592004 2.80179s
222 0.778305 0.724254 0.00472236 2.74165s
223 0.778305 0.721297 0.0056685 2.7372s
224 0.778305 0.709782 0.00711652 2.81499s
225 0.778305 0.723546 0.0052507 2.74406s
226 0.778305 0.726716 0.00455759 2.7562s
227 0.778305 0.715898 0.00531384 2.83879s
228 0.778305 0.727077 0.00396583 2.77865s
229 0.778305 0.72231 0.00479072 2.75592s
230 0.778305 0.718004 0.00542404 2.76731s
231 0.778305 0.750479 0.00465683 2.7521s
232 0.778305 0.764042 0.00226244 2.75552s
233 0.778305 0.752991 0.00426901 2.78023s
234 0.778305 0.767548 0.00156883 2.77042s
235 0.778305 0.752065 0.00415833 2.76776s
236 0.778305 0.753911 0.00418748 2.83875s
237 0.778305 0.7599 0.00285322 2.75401s
238 0.778305 0.752046 0.00461701 3.84656s
239 0.778305 0.753939 0.00428358 2.78225s
240 0.778305 0.761702 0.00298033 2.78128s
241 0.778305 0.728416 0.00436888 2.8075s
242 0.778305 0.730722 0.00374114 2.80657s
243 0.778305 0.714008 0.00605465 2.83014s
244 0.778305 0.731594 0.00315327 2.77188s
245 0.778305 0.716649 0.00611553 2.79074s
246 0.778305 0.732999 0.00392447 2.81362s
247 0.778305 0.720407 0.00598364 2.75219s
248 0.778305 0.723768 0.00472743 2.79168s
249 0.778305 0.721433 0.00520898 2.81182s
250 0.778305 0.718889 0.00656129 2.80906s
251 0.778305 0.748475 0.00476546 2.82742s
252 0.778305 0.76624 0.00175604 2.76722s
253 0.778305 0.756583 0.00392902 2.82474s
254 0.778305 0.757476 0.00356339 2.8132s
255 0.778305 0.764851 0.00215164 2.80128s
256 0.778305 0.75513 0.00390088 2.76408s
257 0.778397 0.75534 0.00386466 2.75515s
258 0.778398 0.752083 0.00448888 2.75027s
259 0.778398 0.749387 0.00513377 2.76647s
260 0.778398 0.744701 0.00571282 2.82959s
261 0.778398 0.723702 0.00497521 2.75491s
262 0.778398 0.724994 0.0057171 2.83461s
263 0.778398 0.732028 0.00388341 2.7944s
264 0.778398 0.71756 0.00621807 2.74756s
265 0.778398 0.720363 0.00612534 2.81724s
266 0.778398 0.72263 0.00541058 2.76984s
267 0.778398 0.727008 0.00535 2.81759s
268 0.778398 0.727287 0.00437163 2.83225s
269 0.778398 0.729051 0.00453543 2.75156s
270 0.778398 0.717641 0.00588366 2.81143s
271 0.778399 0.72144 0.00839792 2.80351s
272 0.778399 0.743872 0.00587757 2.74968s
273 0.778399 0.746414 0.00498502 2.73382s
274 0.778399 0.756646 0.0036124 2.77224s
275 0.778399 0.76401 0.00219446 2.78494s
276 0.778399 0.753976 0.00403272 2.85702s
277 0.778399 0.741723 0.00582166 2.75905s
278 0.778399 0.754139 0.00368557 2.77366s
279 0.778399 0.751278 0.00486284 2.78867s
280 0.778399 0.768373 0.0015148 2.80833s
281 0.778399 0.726787 0.00431102 2.73751s
282 0.778399 0.718722 0.00593424 2.79641s
283 0.778399 0.736218 0.00371332 2.77875s
284 0.778399 0.713139 0.00742546 2.76931s
285 0.778399 0.729267 0.00453531 2.8617s
286 0.778399 0.717809 0.00613628 2.77295s
287 0.778399 0.725427 0.00516619 2.76375s
288 0.778399 0.725493 0.00527443 2.77101s
289 0.778399 0.72062 0.00539518 2.82523s
290 0.778399 0.728236 0.00421948 2.8044s
291 0.778399 0.747821 0.00448965 2.79219s
292 0.778399 0.749643 0.00498333 2.78614s
293 0.778399 0.755435 0.00364596 2.84873s
294 0.778399 0.747552 0.00522263 2.75748s
295 0.778399 0.748531 0.0043291 2.81463s
296 0.778399 0.765805 0.00200876 2.76407s
297 0.779044 0.753858 0.00408485 2.82443s
298 0.779044 0.746721 0.00507488 2.79489s
299 0.779047 0.767933 0.0014389 2.8157s
300 0.779047 0.750432 0.00399593 2.79241s
301 0.779047 0.725346 0.00482369 2.78002s
302 0.779047 0.724056 0.00520559 2.80284s
303 0.779047 0.731333 0.00403454 2.81007s
304 0.779047 0.730114 0.00426731 2.74821s
305 0.779047 0.729855 0.00405211 2.752s
306 0.779047 0.721874 0.00552727 2.76956s
307 0.779047 0.730538 0.00404839 2.76002s
308 0.779047 0.721151 0.00575307 2.88263s
309 0.779047 0.722723 0.0060575 2.79276s
310 0.779047 0.722602 0.00539568 2.7766s
311 0.779047 0.653908 0.0133906 2.76675s
312 0.779047 0.68115 0.0122485 2.81002s
313 0.779047 0.751797 0.00434964 2.73624s
314 0.779047 0.74773 0.00534088 2.84649s
315 0.779047 0.758244 0.00342647 2.7513s
316 0.779047 0.747611 0.00461151 2.86301s
317 0.779047 0.750604 0.00417316 2.78417s
318 0.779047 0.755961 0.00383718 2.74438s
319 0.779047 0.750522 0.00465775 2.76015s
320 0.779047 0.757675 0.00366635 2.77875s
321 0.779047 0.72596 0.00504643 2.74431s
322 0.779047 0.708505 0.00756094 2.79944s
323 0.779047 0.735898 0.00369776 2.77421s
324 0.779047 0.72633 0.00493088 2.74865s
325 0.779047 0.711731 0.00744883 2.84222s
326 0.779047 0.719385 0.00625317 2.7958s
327 0.779047 0.710102 0.00708603 2.78896s
328 0.779047 0.723115 0.0049167 2.79259s
329 0.779047 0.729827 0.00404306 2.82568s
330 0.779047 0.729324 0.00418673 2.74427s
331 0.779047 0.752481 0.00471954 2.8178s
332 0.779047 0.760813 0.00293573 2.7588s
333 0.779047 0.738404 0.00700464 2.81453s
334 0.779047 0.759013 0.00353481 2.79101s
335 0.779047 0.75529 0.00365989 2.81061s
336 0.779047 0.754306 0.00449171 2.75736s
337 0.779047 0.757546 0.00330334 2.79267s
338 0.779047 0.750551 0.00538526 2.77675s
339 0.779047 0.753654 0.00421017 2.78914s
340 0.779047 0.757461 0.00356705 2.82262s
341 0.779047 0.717286 0.0074766 2.78003s
342 0.779047 0.729176 0.0046303 2.81537s
343 0.779047 0.727376 0.00457678 2.78867s
344 0.779047 0.71363 0.00646539 2.74265s
345 0.779047 0.721937 0.00523083 2.81422s
346 0.779047 0.728851 0.00427655 2.81437s
347 0.779047 0.712383 0.00716335 2.79475s
348 0.779047 0.727388 0.0044456 2.78584s
349 0.779047 0.719218 0.00538252 2.81887s
350 0.779047 0.711249 0.00657586 2.77947s
351 0.779047 0.760217 0.00276058 2.76965s
352 0.779047 0.763609 0.002793 2.7578s
353 0.779047 0.753125 0.00463998 2.78162s
354 0.779047 0.745607 0.00580644 2.7557s
355 0.779047 0.754172 0.00452794 2.82677s
356 0.779047 0.754919 0.00427226 2.77113s
357 0.779047 0.747493 0.00540742 2.81241s
358 0.779047 0.75378 0.00409097 2.73736s
359 0.779047 0.759142 0.00312883 2.81642s
360 0.779047 0.757965 0.00337699 2.74238s
361 0.779047 0.732837 0.00438623 2.7655s
362 0.779047 0.715294 0.00610857 2.81259s
363 0.779047 0.71842 0.00561143 2.75237s
364 0.779047 0.715787 0.00638153 2.83375s
365 0.779047 0.721114 0.00639061 2.76344s
366 0.779047 0.726453 0.00496459 2.81549s
367 0.779047 0.721072 0.00594267 2.83503s
368 0.779047 0.722737 0.00550079 2.73841s
369 0.779047 0.722243 0.0050596 2.80102s
370 0.779047 0.71459 0.0069704 2.75586s
371 0.779047 0.753448 0.00405385 2.80214s
372 0.779047 0.75867 0.00327964 2.75628s
373 0.779047 0.75429 0.00380307 2.85322s
374 0.779047 0.760516 0.00328446 2.73781s
375 0.779047 0.75307 0.00418622 2.77734s
376 0.779047 0.762531 0.00289473 2.81624s
377 0.779047 0.760499 0.0027569 2.75654s
378 0.779047 0.753738 0.00374829 2.78776s
379 0.779047 0.739286 0.00691299 2.7975s
380 0.779047 0.747161 0.00480602 2.74472s
381 0.779047 0.724852 0.0053498 2.83322s
382 0.779047 0.723762 0.00540677 2.7698s
383 0.779047 0.719337 0.00586098 2.74792s
384 0.779047 0.723314 0.00578856 2.82107s
385 0.779047 0.715481 0.00610828 2.74453s
386 0.779047 0.720496 0.00543314 2.80922s
387 0.779047 0.715392 0.0071404 2.8246s
388 0.779047 0.718323 0.00656854 2.84906s
389 0.779047 0.723909 0.00529247 2.81683s
390 0.779047 0.714969 0.00686467 2.76186s
391 0.779047 0.761738 0.00275136 2.75084s
392 0.779047 0.753329 0.00471272 2.79455s
393 0.779047 0.74925 0.00471321 2.77417s
394 0.779047 0.752946 0.00473516 2.81262s
395 0.779047 0.757039 0.00398512 2.76608s
396 0.779047 0.758831 0.00312607 2.86145s
397 0.779047 0.762842 0.00280753 2.8069s
398 0.779047 0.763336 0.00261596 2.75707s
399 0.779047 0.760671 0.00280537 2.83711s
400 0.779047 0.754593 0.00421886 2.75703s
401 0.779047 0.721552 0.00576642 2.81585s
402 0.779047 0.722203 0.00580765 2.83557s
403 0.779047 0.724169 0.00554353 2.80306s
404 0.779047 0.726449 0.00508469 2.79557s
405 0.779047 0.724341 0.00505155 2.78542s
406 0.779047 0.716494 0.00658752 2.80224s
407 0.779047 0.722789 0.00599929 2.75967s
408 0.779047 0.72573 0.00519295 2.75358s
409 0.779047 0.725232 0.00516654 2.75383s
410 0.779047 0.718035 0.00639308 2.79841s
411 0.779047 0.750663 0.00438941 2.74535s
412 0.779047 0.758993 0.00313931 2.86109s
413 0.779047 0.751988 0.00458089 2.77327s
414 0.779047 0.75566 0.00381952 2.79241s
415 0.779047 0.750951 0.00479818 2.80772s
416 0.779047 0.762063 0.00278611 2.79329s
417 0.779047 0.758767 0.0033197 2.80307s
418 0.779047 0.757591 0.00324048 2.82501s
419 0.779047 0.757217 0.0035501 2.78282s
420 0.779047 0.741137 0.00604154 2.75404s
421 0.779047 0.734806 0.00402669 2.77587s
422 0.779047 0.728927 0.0045833 2.79104s
423 0.779047 0.727206 0.00457525 2.78819s
424 0.779047 0.715078 0.00695756 2.76287s
425 0.779047 0.715639 0.00691169 2.8203s
426 0.779047 0.718015 0.00633333 2.80016s
427 0.779047 0.728709 0.00500931 2.76549s
428 0.779047 0.727161 0.00503994 2.76753s
429 0.779047 0.731417 0.0039985 2.83778s
430 0.779047 0.722271 0.00520875 2.7876s
431 0.779047 0.747524 0.00520799 2.73604s
432 0.779047 0.744715 0.00586132 2.81802s
433 0.779047 0.757419 0.00350722 2.81738s
434 0.779047 0.759369 0.0030121 2.78933s
435 0.779047 0.743957 0.00596063 2.80813s
436 0.779047 0.758099 0.00324794 2.7466s
437 0.779047 0.749178 0.00528042 2.77589s
438 0.779047 0.750238 0.00424284 2.7763s
439 0.779047 0.751494 0.00430997 2.81306s
440 0.779047 0.756026 0.00376912 2.7478s
441 0.779047 0.729303 0.00448253 2.75042s
442 0.779047 0.727155 0.00468665 2.79284s
443 0.779047 0.714561 0.00698339 2.80177s
444 0.779047 0.720776 0.00649609 2.74985s
445 0.779047 0.715963 0.00639576 2.85636s
446 0.779047 0.720187 0.00557577 2.79361s
447 0.779047 0.725271 0.00495441 2.75021s
448 0.779047 0.726737 0.00461391 2.80656s
449 0.779047 0.717834 0.00596925 2.76314s
450 0.779047 0.726741 0.00463894 2.79709s
451 0.779047 0.758153 0.00351547 2.78698s
452 0.779047 0.743467 0.00529539 2.83297s
453 0.779047 0.750523 0.00473335 2.78559s
454 0.779047 0.754538 0.00392975 2.80752s
455 0.779047 0.758268 0.00342644 2.77083s
456 0.779047 0.75818 0.00321197 3.77796s
457 0.779047 0.755064 0.00384137 2.78371s
458 0.779047 0.753017 0.00395068 2.74421s
459 0.779047 0.762914 0.0026308 2.81412s
460 0.779047 0.762325 0.00261721 2.77291s
461 0.779047 0.728923 0.00434147 2.79812s
462 0.779047 0.721565 0.00598124 2.77034s
463 0.779047 0.720169 0.00571977 2.81472s
464 0.779047 0.733965 0.00352992 2.82253s
465 0.779047 0.729038 0.0045344 2.75994s
466 0.779047 0.727272 0.00511749 2.80862s
467 0.779047 0.714593 0.00657136 2.7925s
468 0.779047 0.725465 0.00520006 2.8419s
469 0.779047 0.722194 0.00516619 2.85477s
470 0.779047 0.721977 0.00590657 2.74137s
471 0.779047 0.752932 0.00419629 2.80334s
472 0.779047 0.763775 0.00224011 2.72551s
473 0.779047 0.749541 0.00442087 2.81038s
474 0.779047 0.757869 0.00364208 2.75091s
475 0.779047 0.755533 0.00383886 2.83373s
476 0.779047 0.755295 0.00408756 2.78442s
477 0.779047 0.758308 0.00355145 2.84278s
478 0.779047 0.756806 0.00411299 2.75579s
479 0.779047 0.755232 0.00388893 2.78807s
480 0.779047 0.757677 0.00360165 2.81487s
481 0.779047 0.730559 0.00473215 2.8287s
482 0.779047 0.727275 0.0048141 2.79307s
483 0.779047 0.729612 0.00440468 2.80637s
484 0.779047 0.704788 0.00758772 2.73446s
485 0.779047 0.725132 0.00472778 2.87178s
486 0.779047 0.73262 0.00424338 2.8252s
487 0.779047 0.72607 0.00516911 2.77781s
488 0.779047 0.729899 0.00419355 2.76977s
489 0.779047 0.730575 0.00422703 2.8095s
490 0.779047 0.716174 0.00625368 2.78987s
491 0.779047 0.752499 0.00425298 2.75631s
492 0.779047 0.759534 0.0030988 2.85472s
493 0.779047 0.756418 0.00405142 2.85842s
494 0.779047 0.751576 0.00500396 2.74651s
495 0.779047 0.751561 0.0046064 2.83002s
496 0.779047 0.756342 0.00375798 2.76309s
497 0.779047 0.758984 0.00281842 2.81255s
498 0.779047 0.762395 0.00245111 2.75812s
499 0.779047 0.760016 0.00329544 2.8289s
500 0.779047 0.762358 0.00244423 2.79702s
501 0.779047 0.719617 0.00569928 2.84872s
502 0.779047 0.720245 0.00586412 2.74097s
503 0.779047 0.716029 0.00616747 2.78711s
504 0.779054 0.733965 0.00301343 2.82614s
505 0.779054 0.704845 0.00827127 2.82633s
506 0.779054 0.730793 0.00436674 2.74973s
507 0.779054 0.71201 0.00704694 2.82065s
508 0.779054 0.714223 0.00667846 2.84325s
509 0.779054 0.714574 0.00667223 2.72936s
510 0.779054 0.724672 0.00561816 2.84804s
511 0.779054 0.743453 0.00560049 2.75356s
512 0.779054 0.751088 0.00429326 2.80966s
513 0.779054 0.757957 0.00356527 2.80026s
514 0.779054 0.756344 0.00377117 2.80688s
515 0.779054 0.768467 0.00158595 2.78164s
516 0.779054 0.753341 0.00442987 2.8565s
517 0.779054 0.76377 0.00249793 2.74524s
518 0.779054 0.755236 0.0036569 2.78092s
519 0.779054 0.771086 0.00142842 2.72993s
520 0.779054 0.751628 0.00445197 2.73186s
521 0.779054 0.72035 0.00584603 2.8189s
522 0.779054 0.715724 0.00676943 2.81667s
523 0.779054 0.719192 0.00594162 2.80951s
524 0.779054 0.726006 0.00501176 2.78617s
525 0.779054 0.725821 0.00442254 2.74823s
526 0.779054 0.724585 0.00506232 2.83311s
527 0.779054 0.719593 0.00642209 2.78299s
528 0.779054 0.720394 0.00520549 2.75996s
529 0.779054 0.726602 0.00517278 2.83296s
530 0.779054 0.729579 0.00421439 2.7834s
531 0.779054 0.751514 0.00431596 2.84193s
532 0.779054 0.764126 0.00246219 2.76523s
533 0.779054 0.762615 0.00256793 2.80686s
534 0.779054 0.758687 0.00319192 2.75411s
535 0.779054 0.768148 0.00193445 2.79103s
536 0.779054 0.758156 0.0036225 2.80614s
537 0.779054 0.757746 0.0031097 2.7426s
538 0.779054 0.75327 0.0044565 2.79291s
539 0.779054 0.74481 0.00596185 2.83097s
540 0.779054 0.7652 0.00220047 2.77121s
541 0.779054 0.722062 0.00548527 2.84387s
542 0.779054 0.72018 0.00612737 2.73992s
543 0.779054 0.736535 0.00333977 2.81573s
544 0.779054 0.723005 0.0056086 2.7489s
545 0.779054 0.721071 0.00665637 2.8752s
546 0.779054 0.728601 0.00438269 2.7574s
547 0.779054 0.722336 0.00522262 2.84003s
548 0.779054 0.72238 0.0056186 2.79893s
549 0.779357 0.732862 0.00388926 2.76601s
550 0.779357 0.731826 0.00413943 2.74288s
551 0.779357 0.744485 0.00599601 2.81948s
552 0.779357 0.756151 0.00348837 2.75907s
553 0.779357 0.75369 0.00399237 2.83317s
554 0.779357 0.754812 0.00433712 2.78064s
555 0.779357 0.761564 0.00277238 2.81625s
556 0.779357 0.750195 0.00474714 2.77395s
557 0.779357 0.75765 0.00361677 2.81312s
558 0.779357 0.765484 0.00220012 2.83439s
559 0.779357 0.764504 0.00227453 2.74563s
560 0.779357 0.761299 0.00281096 2.80289s
561 0.779357 0.712288 0.00639677 2.75704s
562 0.779357 0.719608 0.00586342 2.79534s
563 0.779357 0.732788 0.00372219 2.75982s
564 0.779357 0.705822 0.00805295 2.7554s
565 0.779357 0.720847 0.00624789 2.84373s
566 0.779357 0.731657 0.0043678 2.74192s
567 0.779357 0.726812 0.00472481 2.81823s
568 0.779357 0.720759 0.00600856 2.77558s
569 0.779357 0.733543 0.00408668 2.82021s
570 0.779357 0.720571 0.0065476 2.79669s
571 0.779357 0.75645 0.00367317 2.75867s
572 0.779357 0.76841 0.00164398 2.85388s
573 0.779357 0.765529 0.00207607 2.74845s
574 0.779357 0.755446 0.0040158 2.83066s
575 0.779357 0.755393 0.00345311 2.79029s
576 0.779357 0.760656 0.00291958 2.73804s
577 0.779357 0.753407 0.00429657 2.79549s
578 0.779357 0.743057 0.00561815 2.76585s
579 0.779357 0.75097 0.00438103 2.8196s
580 0.779357 0.751161 0.00477414 2.83309s
581 0.779357 0.725673 0.00500098 2.79642s
582 0.779357 0.723085 0.00555124 2.84506s
583 0.779357 0.722605 0.00553506 2.73046s
584 0.779357 0.722952 0.00493438 2.82858s
585 0.779357 0.714054 0.00699442 2.75075s
586 0.779357 0.726702 0.00549823 2.82158s
587 0.779357 0.715391 0.00728969 2.74209s
588 0.779357 0.721798 0.00591771 2.83169s
589 0.779357 0.721343 0.00551538 2.79982s
590 0.779357 0.710557 0.00717124 2.76273s
591 0.779357 0.749113 0.00478966 2.73745s
592 0.779357 0.743031 0.00602675 2.80324s
593 0.779357 0.758417 0.00366957 2.81697s
594 0.779357 0.753987 0.00449006 2.77188s
595 0.779357 0.762022 0.00278175 2.795s
596 0.779357 0.755084 0.00387945 2.79785s
597 0.779357 0.764141 0.00241616 2.74249s
598 0.779357 0.752939 0.0042488 2.80341s
599 0.779357 0.76811 0.00197064 2.78585s
600 0.779357 0.754993 0.00389769 2.7559s
601 0.779357 0.731394 0.00404262 2.82262s
602 0.779357 0.716708 0.00626575 2.82518s
603 0.779357 0.710274 0.00712312 2.79277s
604 0.779357 0.721496 0.0055684 2.83108s
605 0.779357 0.722729 0.00590452 2.77655s
606 0.779357 0.725028 0.00494859 2.76372s
607 0.779357 0.726367 0.00557863 2.80667s
608 0.779357 0.733257 0.00371765 2.74607s
609 0.779357 0.731839 0.00506743 2.82819s
610 0.779357 0.71265 0.00726338 2.82593s
611 0.779357 0.740063 0.00668879 2.74522s
612 0.779357 0.760658 0.002951 2.79798s
613 0.779357 0.754695 0.0040671 2.74006s
614 0.779357 0.758777 0.00319527 2.80755s
615 0.779357 0.761224 0.00318046 2.80743s
616 0.779357 0.765741 0.00221554 2.7455s
617 0.779357 0.755998 0.00380504 2.83812s
618 0.779357 0.758919 0.00342417 2.77826s
619 0.779357 0.767997 0.00178862 2.77673s
620 0.779357 0.754092 0.00402865 2.80119s
621 0.779357 0.719352 0.00564664 2.75425s
622 0.779357 0.722067 0.00582693 2.75563s
623 0.779357 0.73611 0.00322301 2.81815s
624 0.779357 0.724125 0.00484305 2.80684s
625 0.779357 0.729858 0.00423001 2.81744s
626 0.779357 0.725566 0.00530053 2.77677s
627 0.779357 0.723533 0.00542963 2.76535s
628 0.779357 0.721648 0.00575567 2.85025s
629 0.779357 0.711023 0.00768049 2.7635s
630 0.779357 0.730842 0.00438 2.75946s
631 0.779357 0.741241 0.00634947 2.81381s
632 0.779357 0.759884 0.00349674 2.83862s
633 0.779357 0.747374 0.00514039 2.73789s
634 0.779357 0.769958 0.00147901 2.78043s
635 0.779357 0.757566 0.00376896 2.83694s
636 0.779357 0.762483 0.00285665 2.78716s
637 0.779357 0.754419 0.00395124 2.76133s
638 0.779357 0.752111 0.00456376 2.82194s
639 0.779357 0.759073 0.00352254 2.75617s
640 0.779357 0.756542 0.00358722 2.81347s
641 0.779357 0.716541 0.00589383 2.80375s
642 0.779357 0.720292 0.00577383 2.78578s
643 0.779357 0.716781 0.00605936 2.84615s
644 0.779357 0.72399 0.00522177 2.77499s
645 0.779357 0.720222 0.00559925 2.83755s
646 0.779357 0.727374 0.00476928 2.74496s
647 0.779357 0.723798 0.00533261 2.76701s
648 0.779357 0.724505 0.00486834 2.84776s
649 0.779357 0.721959 0.00570821 2.79358s
650 0.779357 0.716746 0.0067387 2.80701s
651 0.779357 0.75895 0.00297453 2.81118s
652 0.779357 0.764081 0.00268414 2.84816s
653 0.779357 0.755287 0.00376865 2.82478s
654 0.779357 0.74745 0.00471515 2.73718s
655 0.779357 0.762519 0.00244474 2.76752s
656 0.779357 0.750418 0.0050231 2.80485s
657 0.779357 0.75437 0.00428119 2.77412s
658 0.779357 0.745709 0.00552887 2.81027s
659 0.779357 0.764272 0.00261337 2.75972s
660 0.779357 0.751705 0.00481874 2.8481s
661 0.779357 0.716441 0.00687441 2.76024s
662 0.779357 0.718134 0.00627943 2.81147s
663 0.779357 0.716437 0.00610685 2.787s
664 0.779357 0.72625 0.00549852 2.8475s
665 0.779357 0.729548 0.00454466 2.79152s
666 0.779357 0.71659 0.00575327 2.74205s
667 0.779357 0.711394 0.00631362 2.74511s
668 0.779357 0.722024 0.00504029 2.75661s
669 0.779357 0.72113 0.00520643 2.79846s
670 0.779357 0.714479 0.00695493 2.73813s
671 0.779357 0.74893 0.00512641 2.79645s
672 0.779357 0.751635 0.00516348 2.80095s
673 0.779357 0.752646 0.00467214 3.7915s
674 0.779357 0.75269 0.00415356 2.83798s
675 0.779357 0.751622 0.0045072 2.78037s
676 0.779357 0.761583 0.00285055 2.76974s
677 0.779357 0.75127 0.00455439 2.8629s
678 0.779357 0.753826 0.00414197 2.73686s
679 0.779357 0.760468 0.00272515 2.75203s
680 0.779357 0.759636 0.00324698 2.77638s
681 0.779357 0.712862 0.00716283 2.79116s
682 0.779357 0.721871 0.00552492 2.76253s
683 0.779357 0.723596 0.00532476 2.81658s
684 0.779357 0.701965 0.00842101 2.82552s
685 0.779357 0.724634 0.0051309 2.78849s
686 0.779357 0.730385 0.00415501 2.78748s
687 0.779357 0.72735 0.00511162 2.73638s
688 0.779357 0.718632 0.00585284 2.813s
689 0.779357 0.734568 0.0036803 2.76892s
690 0.779357 0.715954 0.00727291 2.77411s
691 0.779357 0.744924 0.00530302 2.82647s
692 0.779357 0.748416 0.00524667 2.76108s
693 0.779357 0.754278 0.00406592 2.8293s
694 0.779357 0.757631 0.00315965 2.77113s
695 0.779357 0.759564 0.002982 2.81065s
696 0.779357 0.751556 0.00432908 2.76751s
697 0.779357 0.758559 0.00350212 2.79382s
698 0.779357 0.761623 0.00304694 2.8122s
699 0.779357 0.757063 0.00363782 2.75714s
700 0.779357 0.754092 0.00430829 2.78737s
701 0.779357 0.733244 0.0041109 2.79625s
702 0.779357 0.711425 0.00756858 2.79027s
703 0.779357 0.714761 0.00687471 2.79444s
704 0.779357 0.728619 0.00513648 2.84806s
705 0.779357 0.720064 0.00564902 2.80229s
706 0.779357 0.710723 0.00672256 2.81219s
707 0.779357 0.716539 0.00610825 2.79098s
708 0.779357 0.721287 0.00497519 2.77575s
709 0.779357 0.718357 0.00619123 2.81628s
710 0.779357 0.720726 0.00524335 2.79311s
711 0.779357 0.755317 0.00382864 2.7396s
712 0.779357 0.74493 0.00598423 2.82131s
713 0.779357 0.754444 0.00388096 2.74529s
714 0.779357 0.758209 0.00322491 2.81303s
715 0.779357 0.75644 0.00383774 2.92405s
716 0.779357 0.76017 0.00285467 2.74738s
717 0.779357 0.758034 0.00321278 2.77907s
718 0.779357 0.768849 0.00180572 2.73937s
719 0.779357 0.757522 0.00383607 2.80309s
720 0.779357 0.751294 0.00520922 2.80204s
721 0.779357 0.724571 0.00536895 2.79676s
722 0.779357 0.724484 0.00500508 2.81534s
723 0.779357 0.726476 0.00547535 2.79965s
724 0.779357 0.726897 0.00525585 2.76884s
725 0.779357 0.71514 0.00653176 2.87165s
726 0.779357 0.734606 0.00419363 2.80238s
727 0.779357 0.727191 0.00512356 2.78795s
728 0.779357 0.721383 0.00546078 2.74827s
729 0.779357 0.728613 0.00431744 2.80898s
730 0.779357 0.732808 0.00401049 2.79536s
731 0.779357 0.74268 0.00602913 2.81117s
732 0.779357 0.761292 0.00270166 2.86617s
733 0.779357 0.759082 0.00327422 2.7589s
734 0.779357 0.764253 0.00249205 2.80446s
735 0.779357 0.760262 0.00356989 2.81669s
736 0.779357 0.74852 0.00484092 2.74471s
737 0.779357 0.758547 0.00350683 2.83293s
738 0.779357 0.763732 0.00238426 2.77981s
739 0.779358 0.752481 0.00449267 2.77601s
740 0.779358 0.754066 0.00417507 2.76988s
741 0.779358 0.719442 0.00623437 2.81714s
742 0.779358 0.720688 0.00595916 2.84s
743 0.779358 0.728266 0.00460378 2.75987s
744 0.779358 0.719035 0.00611685 2.8121s
745 0.779358 0.70502 0.00802936 2.78747s
746 0.779358 0.733274 0.00384392 2.73984s
747 0.779358 0.723715 0.00569811 2.78638s
748 0.779358 0.733906 0.00381785 2.77167s
749 0.779358 0.727677 0.00529992 2.86392s
750 0.779358 0.723046 0.00572212 2.77082s
751 0.779358 0.660732 0.0121118 2.81206s
752 0.779358 0.698862 0.00977209 2.82547s
753 0.779359 0.743402 0.00626881 2.77774s
754 0.779359 0.762292 0.00300036 2.8142s
755 0.779359 0.761149 0.00313238 2.81472s
756 0.779359 0.753129 0.00404892 2.78209s
757 0.779359 0.74477 0.0051982 2.82574s
758 0.779359 0.753073 0.00453787 2.7921s
759 0.779359 0.749742 0.00457643 2.76104s
760 0.779359 0.749659 0.0047628 2.81917s
761 0.779359 0.727465 0.00568553 2.74094s
762 0.779359 0.722459 0.0052858 2.80156s
763 0.779359 0.730041 0.00453399 2.85236s
764 0.779359 0.729889 0.00444415 2.80131s
765 0.779359 0.726463 0.00552975 2.77055s
766 0.779359 0.723862 0.00531281 2.83979s
767 0.779359 0.717905 0.00605459 2.82585s
768 0.779359 0.732082 0.00438979 2.77689s
769 0.779359 0.726796 0.00504534 2.79614s
770 0.779359 0.723677 0.00591773 2.79791s
771 0.779359 0.756346 0.00383102 2.78694s
772 0.779359 0.755484 0.0038935 2.74882s
773 0.779359 0.745958 0.00569754 2.80165s
774 0.779359 0.756234 0.0035096 2.79337s
775 0.779359 0.745129 0.00605117 2.82003s
776 0.779359 0.748423 0.00447808 2.83367s
777 0.779359 0.753121 0.00410965 2.75709s
778 0.779359 0.756089 0.0038715 2.80836s
779 0.779359 0.754311 0.00442403 2.74156s
780 0.779359 0.759109 0.00309416 2.73805s
781 0.779359 0.734682 0.00408384 2.78375s
782 0.779359 0.704257 0.00785905 2.78s
783 0.779359 0.709787 0.00733023 2.74894s
784 0.779359 0.736234 0.00351175 2.83717s
785 0.779359 0.724408 0.00507438 2.75308s
786 0.779359 0.723591 0.00541279 2.79748s
787 0.779359 0.731261 0.0041774 2.75497s
788 0.779359 0.723175 0.00587541 2.78642s
789 0.779359 0.727983 0.0045413 2.75046s
790 0.779359 0.725879 0.00437016 2.75391s
791 0.779359 0.747369 0.00507456 2.74876s
792 0.779359 0.754242 0.00410076 2.81923s
793 0.779359 0.748411 0.00507074 2.76277s
794 0.779359 0.754963 0.00396651 2.82523s
795 0.779359 0.753167 0.00457073 2.78082s
796 0.779359 0.763032 0.00278411 2.76671s
797 0.779359 0.753708 0.00416631 2.79s
798 0.779359 0.742429 0.00600395 2.745s
799 0.779359 0.749413 0.0046736 2.81115s
800 0.779359 0.758574 0.0036977 2.76255s
801 0.779359 0.724199 0.00536521 2.75416s
802 0.779359 0.728655 0.00399564 2.7768s
803 0.779359 0.721247 0.00545291 2.82488s
804 0.779359 0.720449 0.00628174 2.81062s
805 0.779359 0.725489 0.004672 2.77175s
806 0.779359 0.725647 0.00491236 2.80711s
807 0.779359 0.725692 0.00474441 2.81505s
808 0.779359 0.714018 0.00643446 2.75291s
809 0.779359 0.725014 0.00477457 2.84867s
810 0.779359 0.720073 0.00577575 2.77094s
811 0.779359 0.754236 0.00411781 2.74006s
812 0.779359 0.753982 0.00425523 2.8356s
813 0.779359 0.760645 0.00298021 2.74241s
814 0.779359 0.759624 0.00312212 2.7802s
815 0.779359 0.757804 0.00318947 2.79006s
816 0.779359 0.768841 0.00149858 2.82655s
817 0.779359 0.751134 0.00478584 2.75312s
818 0.779359 0.75575 0.00405862 2.80036s
819 0.779359 0.753485 0.00382952 2.7656s
820 0.779359 0.758375 0.00318724 2.80368s
821 0.779359 0.72429 0.00519588 2.7758s
822 0.779359 0.715458 0.00659945 2.74743s
823 0.779359 0.724848 0.00499437 2.82813s
824 0.779359 0.723528 0.00513436 2.74068s
825 0.779359 0.714894 0.00658832 2.81864s
826 0.779359 0.710915 0.00726359 2.8094s
827 0.779359 0.720676 0.00577033 2.75921s
828 0.779359 0.732761 0.00407005 2.84576s
829 0.779359 0.73409 0.0037319 2.8113s
830 0.779359 0.712441 0.00696849 2.81016s
831 0.779359 0.752205 0.00430436 2.79691s
832 0.779359 0.753652 0.00457054 2.82616s
833 0.779359 0.758773 0.00360074 2.81249s
834 0.779359 0.756119 0.0039218 2.79379s
835 0.779359 0.752257 0.0042662 2.78515s
836 0.779359 0.760148 0.00304321 2.85527s
837 0.779359 0.751029 0.0043906 2.81535s
838 0.779359 0.763091 0.00248126 2.78269s
839 0.779359 0.753315 0.00428996 2.80061s
840 0.779359 0.753081 0.00448164 2.74575s
841 0.779359 0.721374 0.00555651 2.81541s
842 0.779359 0.722142 0.00603315 2.74659s
843 0.779359 0.725631 0.0052423 2.79248s
844 0.779359 0.726063 0.00540396 2.78091s
845 0.779359 0.725852 0.00533728 2.85203s
846 0.779359 0.724125 0.00580104 2.76803s
847 0.779359 0.715811 0.00648064 2.75383s
848 0.779359 0.725252 0.0050001 2.81329s
849 0.779359 0.725853 0.00537648 2.7412s
850 0.779359 0.733515 0.00391396 2.79674s
851 0.779359 0.755095 0.00385502 2.75317s
852 0.779359 0.750787 0.0043852 2.76837s
853 0.779359 0.750597 0.00496393 2.85951s
854 0.779359 0.742962 0.00580816 2.73788s
855 0.779359 0.758357 0.00358067 2.74632s
856 0.779359 0.75268 0.00421354 2.82037s
857 0.779359 0.739351 0.0069388 2.80912s
858 0.779359 0.759491 0.00328305 2.81901s
859 0.779359 0.761891 0.00288979 2.7434s
860 0.779359 0.76446 0.00242819 2.85162s
861 0.779359 0.727386 0.0047599 2.73338s
862 0.779359 0.714175 0.00682286 2.76736s
863 0.779359 0.729426 0.00407511 2.74387s
864 0.779359 0.740369 0.00329942 2.81119s
865 0.779359 0.724978 0.00515082 2.78603s
866 0.779359 0.728105 0.00475619 2.81011s
867 0.779359 0.728047 0.00465902 2.80648s
868 0.779359 0.716113 0.00635164 2.80601s
869 0.779359 0.718679 0.00567126 2.83287s
870 0.779359 0.722013 0.00580148 2.75681s
871 0.779359 0.75794 0.00346792 2.79407s
872 0.779359 0.761831 0.00252223 2.75519s
873 0.779359 0.75241 0.00445095 2.81769s
874 0.779359 0.757185 0.00394871 2.80458s
875 0.779359 0.75239 0.00481392 2.74312s
876 0.779359 0.751269 0.00457216 2.75861s
877 0.779359 0.760181 0.00349102 2.80191s
878 0.779359 0.762578 0.00244429 2.75942s
879 0.779359 0.756299 0.00416274 2.79519s
880 0.779359 0.755566 0.00353523 2.79512s
881 0.779359 0.720097 0.00571189 2.74476s
882 0.779359 0.723689 0.00498365 2.83794s
883 0.779359 0.718733 0.00613823 2.7932s
884 0.779359 0.72601 0.0052353 2.78603s
885 0.779359 0.732617 0.0041969 2.80347s
886 0.779359 0.707407 0.008067 2.80096s
887 0.779359 0.71885 0.00635502 2.87262s
888 0.779359 0.722877 0.00580801 2.78102s
889 0.779359 0.724625 0.00506541 3.80099s
890 0.779359 0.711413 0.00683701 2.77864s
891 0.779359 0.752632 0.00429233 2.77328s
892 0.779359 0.748628 0.00478567 2.77132s
893 0.779359 0.767043 0.00199367 2.75793s
894 0.779359 0.763298 0.0027003 2.79292s
895 0.779359 0.762619 0.0025398 2.8297s
896 0.779359 0.760023 0.00293314 2.78311s
897 0.779359 0.746825 0.00517209 2.73624s
898 0.779359 0.748099 0.00508489 2.78825s
899 0.779359 0.740635 0.00644056 2.79368s
900 0.779359 0.751116 0.00435872 2.77914s
901 0.779359 0.70741 0.00805371 2.75846s
902 0.779359 0.7184 0.00642222 2.77257s
903 0.779359 0.736391 0.00406111 2.74979s
904 0.779359 0.719649 0.0060529 2.83204s
905 0.779359 0.71706 0.0062738 2.75364s
906 0.779359 0.720179 0.00607845 2.81169s
907 0.779359 0.723557 0.00470967 2.76843s
908 0.779359 0.721781 0.00572046 2.77503s
909 0.779359 0.736014 0.00372376 2.8576s
910 0.779359 0.719349 0.00622905 2.832s
911 0.779359 0.757278 0.00345437 2.76553s
912 0.779359 0.754061 0.00432228 2.75026s
913 0.779359 0.754572 0.00408947 2.82669s
914 0.779359 0.761772 0.00274352 2.76081s
915 0.779359 0.765046 0.00236055 2.82651s
916 0.779359 0.757069 0.00365165 2.78216s
917 0.779359 0.748891 0.00524174 2.83736s
918 0.779359 0.746596 0.00537231 2.75813s
919 0.779359 0.74457 0.00594512 2.81343s
920 0.779359 0.767895 0.00195572 2.77698s
921 0.779359 0.722015 0.00579514 2.82137s
922 0.779359 0.715159 0.00629509 2.77869s
923 0.779359 0.717191 0.0056389 2.83682s
924 0.779359 0.717755 0.00589831 2.75572s
925 0.779359 0.733736 0.00382825 2.84883s
926 0.779359 0.705396 0.00791422 2.78824s
927 0.779359 0.728231 0.0043281 2.75845s
928 0.779803 0.71277 0.00667443 2.84504s
929 0.779803 0.725041 0.00512853 2.79428s
930 0.779803 0.72778 0.00444128 2.80442s
931 0.779803 0.747788 0.00505884 2.80855s
932 0.779803 0.751519 0.00391713 2.7535s
933 0.779803 0.756435 0.00386817 2.83681s
934 0.779803 0.748048 0.00515768 2.78145s
935 0.779803 0.752034 0.00479231 2.79005s
936 0.779803 0.752939 0.00441457 2.81803s
937 0.779803 0.757277 0.00397398 2.73369s
938 0.779803 0.759622 0.00343219 2.75698s
939 0.779803 0.757341 0.00384508 2.76832s
940 0.779803 0.749048 0.00505305 2.80089s
941 0.779803 0.717501 0.00648679 2.85444s
942 0.779803 0.722505 0.00510485 2.76202s
943 0.779803 0.724147 0.00492692 2.79511s
944 0.779803 0.716115 0.00640115 2.82121s
945 0.779803 0.740134 0.0036103 2.80063s
946 0.779803 0.717068 0.00685376 2.81073s
947 0.780483 0.715509 0.00644408 2.76869s
948 0.780483 0.716507 0.00612966 2.77749s
949 0.780483 0.731331 0.00452317 2.74994s
950 0.780483 0.73327 0.0038764 2.82382s
951 0.780483 0.748592 0.00535996 2.75553s
952 0.780483 0.763721 0.00244206 2.83721s
953 0.780483 0.746683 0.00556837 2.8164s
954 0.780483 0.760268 0.0033349 2.81095s
955 0.780483 0.765712 0.00233831 2.75996s
956 0.780483 0.749506 0.00528179 2.79864s
957 0.780483 0.747342 0.00553201 2.86081s
958 0.780483 0.755943 0.00446733 2.74598s
959 0.780483 0.761897 0.00297308 2.77727s
960 0.780483 0.757582 0.00361389 2.79537s
961 0.780483 0.729118 0.00516037 2.76604s
962 0.780483 0.72973 0.00534957 2.75786s
963 0.780483 0.708338 0.0077908 2.81655s
964 0.780483 0.726495 0.00553291 2.76413s
965 0.780483 0.718988 0.00622211 2.84901s
966 0.780483 0.72015 0.00569817 2.77454s
967 0.780483 0.717134 0.00634904 2.77231s
968 0.780483 0.72719 0.00508703 2.74584s
969 0.780483 0.719652 0.00656116 2.83253s
970 0.780483 0.713938 0.00777723 2.76292s
971 0.780483 0.75565 0.00398876 2.81907s
972 0.780483 0.760423 0.00337705 2.74881s
973 0.780483 0.756536 0.00373361 2.76171s
974 0.780483 0.751717 0.00473963 2.77709s
975 0.780483 0.757331 0.00325927 2.80672s
976 0.780483 0.755646 0.00423124 2.77466s
977 0.780483 0.756181 0.00408068 2.80295s
978 0.780483 0.773479 0.00100833 2.79002s
979 0.780483 0.749984 0.00479872 2.84228s
980 0.780483 0.758904 0.00351339 2.76975s
981 0.780483 0.7201 0.00615576 2.84981s
982 0.780483 0.724302 0.00585369 2.82847s
983 0.780483 0.727611 0.00447963 2.75884s
984 0.780483 0.721321 0.00549135 2.83805s
985 0.780483 0.72331 0.00603654 2.77765s
986 0.780483 0.718822 0.00619667 2.79744s
987 0.780483 0.726522 0.00557204 2.76564s
988 0.780483 0.723027 0.00543206 2.82903s
989 0.780483 0.713562 0.0076872 2.80829s
990 0.780483 0.727221 0.00517234 2.75258s
991 0.780483 0.755523 0.00426239 2.77029s
992 0.780483 0.767236 0.00212045 2.73523s
993 0.811236 0.758539 0.00363292 2.83462s
994 0.811236 0.752929 0.0043778 2.76869s
995 0.811236 0.748124 0.00481985 2.80959s
996 0.811236 0.750416 0.00464761 2.74758s
997 0.811236 0.746204 0.00512472 2.86281s
998 0.811236 0.746408 0.00462593 2.74907s
999 0.811236 0.742287 0.00559493 2.81223s
1000 0.811236 0.743765 0.00582911 2.77423s
1001 0.811236 0.7304 0.00517748 2.814s
1002 0.811236 0.721846 0.00602531 2.79702s
1003 0.811236 0.725581 0.00569161 2.80791s
1004 0.811236 0.71776 0.00692247 2.80602s
1005 0.811447 0.720853 0.00642854 2.79156s
1006 0.811447 0.72657 0.00742494 2.82493s
1007 0.811447 0.72108 0.00775729 2.81101s
1008 0.811447 0.726813 0.00644803 2.81094s
1009 0.811447 0.719143 0.00762615 2.81138s
1010 0.811447 0.726023 0.00760079 2.81522s
1011 0.812652 0.660997 0.0149149 2.79219s
1012 0.815458 0.673432 0.0146314 2.79929s
1013 0.822082 0.696697 0.0129305 2.8471s
1014 0.824828 0.74088 0.0107616 2.77805s
1015 0.826724 0.769236 0.00675651 2.76007s
1016 0.82693 0.777485 0.00700766 2.8077s
1017 0.827465 0.784081 0.00681317 2.79504s
1018 0.827571 0.789199 0.00706256 2.8277s
1019 0.82772 0.788074 0.00809167 2.76815s
1020 0.828064 0.789978 0.00769217 2.7591s
1021 0.828064 0.753235 0.00725569 2.81813s
1022 0.828064 0.748221 0.00695159 2.74944s
1023 0.828064 0.741619 0.00949099 2.75808s
1024 0.828064 0.747186 0.00942142 2.84826s
1025 0.828064 0.736276 0.0106179 2.79235s
1026 0.828064 0.749241 0.00728982 2.80556s
1027 0.828064 0.737779 0.00989541 2.8204s
1028 0.828064 0.739067 0.00935226 2.79797s
1029 0.828064 0.73795 0.00991391 2.75233s
1030 0.828064 0.747015 0.00812284 2.83888s
1031 0.828064 0.65974 0.018144 2.76624s
1032 0.828064 0.680607 0.0185327 2.82164s
1033 0.828064 0.750765 0.0145208 2.74903s
1034 0.828064 0.797116 0.0059153 2.79584s
1035 0.828064 0.784674 0.00894306 2.82807s
1036 0.828177 0.818374 0.00187825 2.80012s
1037 0.828177 0.810798 0.00342271 2.80359s
1038 0.828177 0.782038 0.0086726 2.72898s
1039 0.828177 0.799648 0.0059775 2.81454s
1040 0.828177 0.803177 0.0053277 2.80466s
1041 0.828177 0.748925 0.00802288 2.74658s
1042 0.828177 0.751375 0.00797074 2.82627s
1043 0.828177 0.732427 0.0114221 2.75054s
1044 0.828177 0.740742 0.00790497 2.84969s
1045 0.828177 0.739403 0.0090925 2.74527s
1046 0.828177 0.729179 0.0114891 2.80329s
1047 0.828177 0.749466 0.00690531 2.76449s
1048 0.828177 0.750316 0.00775903 2.85362s
1049 0.828177 0.736623 0.00983913 2.78284s
1050 0.828177 0.758371 0.00722658 2.8275s
1051 0.828177 0.794058 0.00709929 2.77067s
1052 0.828177 0.777922 0.00995861 2.74764s
1053 0.828177 0.8047 0.00491937 2.77283s
1054 0.828177 0.806839 0.00444881 2.74467s
1055 0.828177 0.810281 0.00363647 2.82484s
1056 0.828177 0.807147 0.00440364 2.79867s
1057 0.828177 0.803905 0.00540635 2.74225s
1058 0.828177 0.803506 0.00500997 2.76166s
1059 0.828177 0.800413 0.00586636 2.76661s
1060 0.828177 0.78999 0.00717492 2.79112s
1061 0.828177 0.737941 0.00958814 2.82703s
1062 0.828177 0.731944 0.0104899 2.75436s
1063 0.828177 0.750872 0.00726347 2.82196s
1064 0.828177 0.744861 0.00850197 2.76025s
1065 0.828177 0.743045 0.00859742 2.81176s
1066 0.828177 0.744103 0.0084969 2.7988s
1067 0.828177 0.749086 0.0073403 2.82332s
1068 0.828177 0.76002 0.0056885 2.85283s
1069 0.828177 0.749603 0.0081972 2.76344s
1070 0.828177 0.747416 0.00841824 2.80772s
1071 0.828177 0.799688 0.00533384 2.77868s
1072 0.828177 0.793912 0.00677456 2.74893s
1073 0.828177 0.800316 0.00592454 2.80166s
1074 0.828177 0.820607 0.00163808 2.81686s
1075 0.828177 0.794198 0.00672428 2.7871s
1076 0.828177 0.792545 0.00667463 2.8101s
1077 0.828177 0.793995 0.00696677 2.76644s
1078 0.828177 0.807332 0.0041615 2.75655s
1079 0.828177 0.803958 0.00483034 2.80295s
1080 0.828177 0.793155 0.00722169 2.75892s
1081 0.828177 0.751909 0.00750929 2.75404s
1082 0.828177 0.743783 0.0090494 2.84698s
1083 0.828177 0.739155 0.00982544 2.77601s
1084 0.828177 0.748579 0.00706722 2.75545s
1085 0.828177 0.746205 0.00749125 2.7785s
1086 0.828177 0.738432 0.00956277 2.80976s
1087 0.828177 0.748295 0.00745222 2.77646s
1088 0.828177 0.740505 0.00841381 2.86348s
1089 0.828177 0.743664 0.00892077 3.64492s
1090 0.828177 0.734692 0.00953714 2.80059s
1091 0.828177 0.785662 0.00752354 2.82765s
1092 0.828177 0.800559 0.00521579 2.83166s
1093 0.828177 0.795207 0.00630356 2.76598s
1094 0.828177 0.804481 0.00469083 2.76211s
1095 0.828177 0.793703 0.0073826 2.79616s
1096 0.828177 0.792899 0.00724413 2.81136s
1097 0.828177 0.800774 0.0055627 2.73081s
1098 0.828177 0.808199 0.00378719 2.79171s
1099 0.828177 0.807058 0.00424463 2.8317s
1100 0.828177 0.799068 0.0060361 2.76348s
1101 0.828177 0.745816 0.00825397 2.82127s
1102 0.828177 0.753861 0.00702721 2.75083s
1103 0.828177 0.747996 0.00768715 2.79864s
1104 0.828177 0.730238 0.0104429 2.83671s
1105 0.828177 0.758403 0.00762395 2.82499s
1106 0.828177 0.749044 0.00758723 2.8291s
1107 0.828177 0.74696 0.00787069 3.78355s
1108 0.828177 0.748307 0.00709163 2.799s
1109 0.828177 0.743562 0.00786209 2.83953s
1110 0.828177 0.753239 0.00727652 2.78445s
1111 0.828177 0.798669 0.00557396 2.78505s
1112 0.828177 0.801406 0.00570598 2.78442s
1113 0.828177 0.80057 0.00521576 2.74305s
1114 0.828177 0.810647 0.00324805 2.7652s
1115 0.828177 0.798507 0.00616647 2.7997s
1116 0.828177 0.787639 0.00785846 2.78894s
1117 0.828177 0.792347 0.00722229 2.79051s
1118 0.828177 0.799978 0.00525442 2.74584s
1119 0.828177 0.799038 0.00579623 2.77649s
1120 0.828177 0.801915 0.00526519 2.74425s
1121 0.828177 0.734733 0.00925658 2.82687s
1122 0.828177 0.748932 0.00768722 2.79821s
1123 0.828177 0.757364 0.00627719 2.8162s
1124 0.828177 0.73576 0.0105782 2.77182s
1125 0.828177 0.737796 0.00934225 2.76817s
1126 0.828177 0.735573 0.00970334 2.81194s
1127 0.828177 0.751146 0.00780164 2.83218s
1128 0.828177 0.742618 0.00849324 2.7488s
1129 0.828177 0.744706 0.0080216 2.79851s
1130 0.828177 0.743225 0.00801643 2.80079s
1131 0.828177 0.797819 0.00558669 2.80267s
1132 0.828177 0.786985 0.00819061 2.75616s
1133 0.828177 0.787321 0.00871249 2.76269s
1134 0.828177 0.809393 0.00354584 2.8221s
1135 0.828177 0.786818 0.00842253 2.79082s
1136 0.828177 0.789219 0.00744792 2.78497s
1137 0.828177 0.80127 0.00568157 2.7469s
1138 0.828177 0.803356 0.00481549 2.79631s
1139 0.828177 0.804498 0.00510266 2.74533s
1140 0.828177 0.783023 0.00860579 2.75472s
1141 0.828177 0.735659 0.0111353 2.83497s
1142 0.828177 0.748156 0.00801048 2.75972s
1143 0.828177 0.752799 0.00667158 2.83255s
1144 0.828177 0.75527 0.00727265 2.82054s
1145 0.828177 0.73291 0.0105037 2.75411s
1146 0.828177 0.74758 0.00770236 2.84165s
1147 0.828177 0.757508 0.0066475 2.76315s
1148 0.828177 0.742643 0.008847 2.84241s
1149 0.828177 0.747101 0.00906426 2.74402s
1150 0.828177 0.748136 0.00820998 2.80729s
1151 0.828177 0.791063 0.00762623 2.78359s
1152 0.828719 0.802571 0.00475434 2.78383s
1153 0.828719 0.792972 0.00663064 2.82234s
1154 0.828719 0.792052 0.00690414 2.73578s
1155 0.828719 0.813189 0.00258203 2.81198s
1156 0.828799 0.803159 0.00461752 2.85814s
1157 0.828841 0.777121 0.00974648 2.74895s
1158 0.828841 0.785361 0.00805522 2.8264s
1159 0.828841 0.80577 0.00439352 2.76881s
1160 0.828841 0.788818 0.00805693 2.74878s
1161 0.828841 0.744229 0.0087794 2.76409s
1162 0.828841 0.745947 0.00851979 2.83282s
1163 0.828841 0.743118 0.00923228 2.76084s
1164 0.828841 0.757219 0.00729624 2.76196s
1165 0.828841 0.748143 0.0093925 2.7662s
1166 0.828841 0.74546 0.0086461 2.79381s
1167 0.828841 0.738419 0.0103846 2.76753s
1168 0.828841 0.739189 0.00919581 2.82892s
1169 0.828841 0.754448 0.00689474 2.79788s
1170 0.828841 0.736105 0.00952453 2.75648s
1171 0.828841 0.790665 0.00816548 2.81517s
1172 0.828841 0.802623 0.00612054 2.75437s
1173 0.828841 0.799051 0.00592811 2.82251s
1174 0.828841 0.790423 0.00753109 2.78955s
1175 0.828841 0.812167 0.00370392 2.76689s
1176 0.828841 0.804653 0.00479656 2.81581s
1177 0.828841 0.807257 0.00454679 2.75483s
1178 0.828841 0.804965 0.00471553 2.73773s
1179 0.828841 0.804716 0.00510581 2.82027s
1180 0.828841 0.799144 0.00584845 2.80017s
1181 0.828841 0.751616 0.007696 2.81525s
1182 0.828841 0.736419 0.00981477 2.81727s
1183 0.828841 0.756503 0.00665033 2.74894s
1184 0.828841 0.743282 0.00901583 2.80294s
1185 0.828841 0.75826 0.00674236 2.80499s
1186 0.828841 0.738979 0.0101555 2.80943s
1187 0.828841 0.737693 0.00957327 2.7786s
1188 0.828841 0.750124 0.00718493 2.85627s
1189 0.828841 0.756074 0.00728545 2.78282s
1190 0.828841 0.752823 0.0071386 2.74824s
1191 0.828841 0.800551 0.00597699 2.8667s
1192 0.828841 0.799606 0.00608266 2.7386s
1193 0.828841 0.80118 0.00560781 2.75024s
1194 0.828841 0.802629 0.00571418 2.84679s
1195 0.828841 0.809493 0.0037205 2.79677s
1196 0.828841 0.803815 0.00480407 2.74272s
1197 0.828841 0.813074 0.00328421 2.75903s
1198 0.828841 0.80122 0.00587871 2.79475s
1199 0.828841 0.802324 0.00563624 2.79354s
1200 0.828841 0.80394 0.00465716 2.74781s
1201 0.828841 0.753984 0.00759723 2.81083s
1202 0.828841 0.748678 0.00843823 2.78192s
1203 0.828841 0.75685 0.00703366 2.80327s
1204 0.828841 0.748419 0.00906541 2.88203s
1205 0.828841 0.740185 0.00945873 2.73074s
1206 0.828841 0.746863 0.00854324 2.81539s
1207 0.828841 0.742526 0.0102359 2.78277s
1208 0.828841 0.750317 0.00861147 2.74682s
1209 0.828841 0.760861 0.00623041 2.82037s
1210 0.828841 0.748226 0.00837313 2.79318s
1211 0.828841 0.788699 0.00846526 2.78408s
1212 0.828841 0.813248 0.00361691 2.74425s
1213 0.828841 0.797922 0.00606624 2.78764s
1214 0.828841 0.80466 0.00504154 2.7702s
1215 0.828841 0.810032 0.00412162 2.75486s
1216 0.828841 0.791172 0.00814574 2.84457s
1217 0.828841 0.782071 0.0089776 2.75902s
1218 0.828841 0.793378 0.00715452 2.82166s
1219 0.828841 0.803076 0.0053174 2.78794s
1220 0.828841 0.804676 0.00442349 2.80351s
1221 0.828841 0.750403 0.00770904 2.73433s
1222 0.828841 0.745506 0.00924348 2.83532s
1223 0.828841 0.745897 0.00804635 2.81202s
1224 0.828841 0.749486 0.00828727 2.78222s
1225 0.828841 0.759701 0.00628497 2.78988s
1226 0.828841 0.743891 0.00932698 2.80707s
1227 0.828841 0.74894 0.007505 2.77214s
1228 0.828841 0.753944 0.00701919 2.82331s
1229 0.828841 0.7482 0.00817201 2.75409s
1230 0.828841 0.746338 0.00938804 2.79254s
1231 0.828841 0.800869 0.00569904 2.73084s
1232 0.828841 0.785231 0.00891461 2.84132s
1233 0.828841 0.808042 0.00375527 2.75519s
1234 0.828841 0.798362 0.00654778 2.74505s
1235 0.828841 0.803227 0.00496094 2.79506s
1236 0.828841 0.797241 0.00676698 2.796s
1237 0.828841 0.803031 0.00555385 2.76993s
1238 0.828841 0.799268 0.00593789 2.73885s
1239 0.828841 0.799444 0.00585378 2.74321s
1240 0.828841 0.803396 0.00536848 2.78973s
1241 0.828841 0.753434 0.00720012 2.7343s
1242 0.828841 0.740955 0.00950699 2.84409s
1243 0.828841 0.736309 0.0112378 2.80338s
1244 0.828841 0.746405 0.00842432 2.75181s
1245 0.828841 0.745779 0.00773566 2.83982s
1246 0.828841 0.756066 0.00637289 2.78737s
1247 0.828841 0.769836 0.00461424 2.75465s
1248 0.828841 0.743701 0.0100184 2.83314s
1249 0.828841 0.752527 0.00783101 2.81434s
1250 0.828841 0.75099 0.00829248 2.76061s
1251 0.828841 0.778359 0.010598 2.806s
1252 0.828841 0.798494 0.00604422 2.81339s
1253 0.828841 0.809265 0.00403603 2.80995s
1254 0.828841 0.805127 0.00431368 2.74474s
1255 0.828841 0.800694 0.00589662 2.79s
1256 0.828841 0.803375 0.00495013 2.74253s
1257 0.828841 0.79536 0.0070629 2.82393s
1258 0.828841 0.806907 0.00421785 2.78269s
1259 0.828841 0.785313 0.00863405 2.79184s
1260 0.828841 0.805772 0.00437579 2.91127s
1261 0.828841 0.748257 0.00843908 2.91377s
1262 0.828841 0.738847 0.0091112 2.74664s
1263 0.828841 0.741936 0.00919722 2.74937s
1264 0.828841 0.733329 0.0107581 2.7395s
1265 0.828841 0.753324 0.0083401 2.82804s
1266 0.828841 0.750426 0.00795414 2.78682s
1267 0.828841 0.742664 0.00933897 2.81661s
1268 0.828841 0.745749 0.00886139 2.79191s
1269 0.828841 0.74515 0.00886736 2.78215s
1270 0.828841 0.738004 0.0107659 2.80112s
1271 0.828841 0.802268 0.0051522 2.76502s
1272 0.828841 0.80005 0.00565128 2.74572s
1273 0.828841 0.794789 0.00700041 2.77072s
1274 0.828841 0.793645 0.00737891 2.80144s
1275 0.828841 0.793927 0.00678687 2.81203s
1276 0.828841 0.807649 0.00409639 2.81935s
1277 0.828841 0.798675 0.00631109 2.82593s
1278 0.828841 0.801266 0.00541245 2.76094s
1279 0.828841 0.79491 0.00657251 2.88151s
1280 0.828841 0.792414 0.0072082 2.73656s
1281 0.828841 0.758557 0.00737873 2.80502s
1282 0.828841 0.740711 0.0100951 2.77667s
1283 0.828841 0.745274 0.00787113 2.8124s
1284 0.828841 0.739323 0.00992696 2.81526s
1285 0.828841 0.743893 0.00828135 2.78655s
1286 0.828841 0.740713 0.00899648 2.78234s
1287 0.828841 0.746323 0.00795555 2.76218s
1288 0.828841 0.751525 0.00750611 2.76865s
1289 0.828841 0.74497 0.00784774 2.81185s
1290 0.828841 0.739752 0.00898906 2.78675s
1291 0.828841 0.791825 0.00705244 2.77414s
1292 0.828841 0.80783 0.00453173 2.75057s
1293 0.828841 0.790568 0.00762679 2.85455s
1294 0.828841 0.799073 0.0064239 2.75341s
1295 0.828841 0.804066 0.0050246 2.77797s
1296 0.828841 0.792972 0.00724405 2.75953s
1297 0.828841 0.812261 0.00303866 2.79961s
1298 0.828841 0.796404 0.00652296 2.73181s
1299 0.828841 0.807375 0.00456866 2.81687s
1300 0.828841 0.794217 0.00652088 2.76462s
1301 0.828841 0.724744 0.0127748 2.83808s
1302 0.828841 0.750132 0.00851262 2.74034s
1303 0.828841 0.735299 0.0104697 2.79656s
1304 0.828841 0.74179 0.00854814 2.75679s
1305 0.828841 0.745294 0.00788009 2.79874s
1306 0.828841 0.755926 0.0065628 2.73307s
1307 0.828841 0.74384 0.00817976 2.8273s
1308 0.828841 0.74108 0.00864976 2.83577s
1309 0.828841 0.734963 0.0109177 2.73719s
1310 0.828841 0.743285 0.00946157 2.75339s
1311 0.828841 0.789622 0.00784988 2.77168s
1312 0.828841 0.787547 0.00868196 2.84702s
1313 0.828841 0.806517 0.00480478 2.79146s
1314 0.828841 0.80795 0.00437545 2.79865s
1315 0.828841 0.803996 0.00504647 2.74408s
1316 0.828841 0.795434 0.00690757 2.75609s
1317 0.828841 0.790727 0.00761841 2.75167s
1318 0.828841 0.800186 0.00549642 2.74335s
1319 0.828841 0.792525 0.00742927 2.81001s
1320 0.828841 0.810403 0.00390564 2.74646s
1321 0.828841 0.746408 0.00780181 2.82877s
1322 0.828841 0.737591 0.0098838 2.81165s
1323 0.828841 0.740367 0.0089161 2.76839s
1324 0.828841 0.75837 0.0069594 3.8309s
1325 0.828841 0.738119 0.0103799 2.83495s
1326 0.828841 0.741653 0.00868412 2.73997s
1327 0.828841 0.743281 0.00893132 2.77128s
1328 0.828841 0.739196 0.00977866 2.8032s
1329 0.828841 0.743431 0.00936037 2.79173s
1330 0.828841 0.741648 0.0091153 2.74102s
1331 0.828841 0.79092 0.00693734 2.80061s
1332 0.828841 0.789123 0.00821588 2.79657s
1333 0.828841 0.804377 0.00448846 2.78536s
1334 0.828841 0.792846 0.00742386 2.82347s
1335 0.828841 0.800592 0.00646037 2.76045s
1336 0.828841 0.788565 0.00802807 2.76924s
1337 0.828841 0.803509 0.00512279 2.81224s
1338 0.828841 0.818391 0.00218615 2.76927s
1339 0.828841 0.812356 0.00335437 2.77826s
1340 0.828841 0.799304 0.00601881 2.83389s
1341 0.828841 0.758634 0.0076714 2.7982s
1342 0.828841 0.744901 0.0103786 2.79918s
1343 0.828841 0.750524 0.00941073 2.78194s
1344 0.828841 0.751454 0.00814378 2.79664s
1345 0.828841 0.741239 0.00990649 2.74497s
1346 0.828841 0.739785 0.0102815 2.80325s
1347 0.828841 0.748144 0.00909261 2.81521s
1348 0.828841 0.757268 0.00631002 2.76468s
1349 0.828841 0.740951 0.00936115 2.76295s
1350 0.828841 0.736841 0.0100276 2.81364s
1351 0.828841 0.786597 0.00888392 2.78759s
1352 0.828841 0.804293 0.00497157 2.75919s
1353 0.828841 0.802353 0.00509995 2.77351s
1354 0.828841 0.797648 0.00602089 2.77798s
1355 0.828841 0.786688 0.00820723 2.78675s
1356 0.828841 0.790313 0.00834835 2.76945s
1357 0.828841 0.793173 0.00685368 2.8258s
1358 0.828841 0.803677 0.00430951 2.80904s
1359 0.828841 0.811635 0.00378178 2.76471s
1360 0.828841 0.794153 0.00682135 2.82687s
1361 0.828841 0.747171 0.00814429 2.76278s
1362 0.828841 0.751073 0.00752328 2.76158s
1363 0.828841 0.735578 0.0104135 2.83526s
1364 0.828841 0.750301 0.00805257 2.80612s
1365 0.828841 0.747623 0.00889388 2.82778s
1366 0.828841 0.750905 0.00828702 2.77187s
1367 0.828841 0.738519 0.0096544 2.73394s
1368 0.828841 0.750134 0.00863338 2.81892s
1369 0.828841 0.733143 0.0111637 2.75342s
1370 0.828841 0.731135 0.0102493 2.80926s
1371 0.828841 0.787671 0.00808527 2.76947s
1372 0.828841 0.796608 0.00652138 2.83802s
1373 0.828841 0.799489 0.00587583 2.78198s
1374 0.828841 0.778247 0.0105153 2.80825s
1375 0.828841 0.796268 0.00611398 2.77969s
1376 0.828841 0.80569 0.00504313 2.74187s
1377 0.828841 0.810485 0.00390989 2.74888s
1378 0.828841 0.813916 0.00291079 2.8226s
1379 0.828841 0.807885 0.00427097 2.73599s
1380 0.828841 0.791638 0.00792842 2.73432s
1381 0.828841 0.746015 0.00925585 2.76711s
1382 0.828841 0.726684 0.012589 2.83471s
1383 0.828841 0.745334 0.00841171 2.78077s
1384 0.828841 0.756265 0.00687008 2.76631s
1385 0.828841 0.738534 0.0094677 2.78951s
1386 0.828841 0.742949 0.0091578 2.82813s
1387 0.828841 0.742758 0.00836165 2.81927s
1388 0.828841 0.737184 0.00912786 2.84012s
1389 0.828841 0.747956 0.00811562 2.74662s
1390 0.828841 0.753985 0.00714763 2.79039s
1391 0.828841 0.803666 0.00483318 2.81792s
1392 0.828841 0.810353 0.00394967 2.73678s
1393 0.828841 0.795374 0.00653742 2.76421s
1394 0.828841 0.800139 0.00596045 2.78246s
1395 0.828841 0.816506 0.00246657 2.75s
1396 0.828841 0.809746 0.00369472 2.80483s
1397 0.828841 0.799647 0.00628188 2.79199s
1398 0.828841 0.786027 0.00823765 2.75526s
1399 0.828841 0.799119 0.00581327 2.8141s
1400 0.828841 0.802544 0.00523323 2.79322s
1401 0.828841 0.743897 0.00892657 2.78998s
1402 0.828841 0.743496 0.00936102 2.75676s
1403 0.828841 0.747062 0.00929743 2.796s
1404 0.828841 0.744577 0.0091591 2.76901s
1405 0.828841 0.75109 0.00814836 2.84719s
1406 0.828841 0.739884 0.00854745 2.79082s
1407 0.828841 0.742568 0.00915679 2.817s
1408 0.828841 0.742289 0.00816749 2.79127s
1409 0.828841 0.755298 0.00655686 2.75965s
1410 0.828841 0.748116 0.00846892 2.73757s
1411 0.828841 0.795313 0.0064531 2.72323s
1412 0.828841 0.801136 0.00570584 2.86328s
1413 0.828841 0.79439 0.00748336 2.75892s
1414 0.828841 0.810989 0.00328916 2.83296s
1415 0.828841 0.80297 0.0051346 2.78093s
1416 0.828841 0.793598 0.00691336 2.75797s
1417 0.828841 0.816561 0.00255226 2.73426s
1418 0.828841 0.799113 0.00614342 2.81155s
1419 0.828841 0.802363 0.00534612 2.74888s
1420 0.828841 0.795521 0.00696639 2.8213s
1421 0.828841 0.741138 0.00951152 2.77502s
1422 0.828841 0.746071 0.00944856 2.80102s
1423 0.828841 0.737756 0.00939915 2.74368s
1424 0.828841 0.757135 0.00616698 2.81381s
1425 0.828841 0.745986 0.00951895 2.76064s
1426 0.828841 0.755858 0.00684304 2.80554s
1427 0.828841 0.746283 0.00903646 2.75938s
1428 0.828841 0.743485 0.0100398 2.7592s
1429 0.828841 0.739715 0.00977805 2.7978s
1430 0.828841 0.75364 0.00682124 2.75747s
1431 0.828841 0.777618 0.0100316 2.76736s
1432 0.828841 0.800709 0.00536121 2.73463s
1433 0.828841 0.795624 0.00638698 2.79571s
1434 0.828841 0.80057 0.00624359 2.7965s
1435 0.828841 0.783059 0.0095138 2.78342s
1436 0.828841 0.803384 0.00504559 2.78273s
1437 0.828841 0.802497 0.0055471 2.79308s
1438 0.828841 0.802912 0.00521838 2.82078s
1439 0.828841 0.800724 0.00563722 2.75738s
1440 0.828841 0.797579 0.00647611 2.78189s
1441 0.828841 0.734112 0.00986475 2.80631s
1442 0.828841 0.74553 0.00804305 2.7998s
1443 0.828841 0.742731 0.0091145 2.75863s
1444 0.828841 0.75012 0.00799718 2.77289s
1445 0.828841 0.739803 0.010326 2.7628s
1446 0.828841 0.748881 0.00824402 2.82057s
1447 0.828841 0.741754 0.00899694 2.8058s
1448 0.828841 0.743331 0.00938557 2.80024s
1449 0.828841 0.757363 0.00694798 2.79154s
1450 0.828841 0.740569 0.00950231 2.79147s
1451 0.828841 0.792249 0.00760388 2.75729s
1452 0.828841 0.801908 0.00576511 2.77737s
1453 0.828841 0.801787 0.00512362 2.83566s
1454 0.828841 0.798937 0.00657107 2.74074s
1455 0.828841 0.797553 0.00640883 2.81102s
1456 0.828841 0.806149 0.00451231 2.75794s
1457 0.828841 0.793248 0.00743316 2.81829s
1458 0.828841 0.800005 0.00622765 2.78325s
1459 0.828841 0.794366 0.00771191 2.7605s
1460 0.828841 0.809842 0.00345918 2.74404s
1461 0.828841 0.749101 0.00849964 2.77046s
1462 0.828841 0.736964 0.0101232 2.81187s
1463 0.828841 0.743126 0.00984912 2.76872s
1464 0.828841 0.735206 0.00971436 2.74381s
1465 0.828841 0.750662 0.00784722 2.76896s
1466 0.828841 0.747259 0.00822002 2.76097s
1467 0.828841 0.741454 0.00960939 2.76141s
1468 0.828841 0.740731 0.00929015 2.81652s
1469 0.828841 0.753258 0.00674892 2.80775s
1470 0.828841 0.75459 0.0072721 2.76462s
1471 0.828841 0.786562 0.00917015 2.80047s
1472 0.828841 0.790956 0.00808142 2.80514s
1473 0.828841 0.792163 0.00745337 2.79582s
1474 0.828841 0.792128 0.00700652 2.78047s
1475 0.828841 0.803257 0.00526881 2.82281s
1476 0.828841 0.800167 0.0058925 2.78011s
1477 0.828841 0.788032 0.00814735 2.7714s
1478 0.828841 0.808682 0.00465376 2.84879s
1479 0.828841 0.804859 0.00489957 2.76977s
1480 0.828841 0.79989 0.00609263 2.80511s
1481 0.828841 0.759259 0.00646731 2.77966s
1482 0.828841 0.738643 0.0100613 2.81459s
1483 0.828841 0.735129 0.0104475 2.82251s
1484 0.828841 0.742842 0.0102355 2.73977s
1485 0.828841 0.741976 0.00911184 2.82054s
1486 0.828841 0.744511 0.00857558 2.75471s
1487 0.828841 0.742175 0.00913293 2.74395s
1488 0.828841 0.755542 0.00635561 2.73499s
1489 0.828841 0.745631 0.00876802 2.79219s
1490 0.828841 0.752542 0.00762748 2.76784s
1491 0.828841 0.800778 0.00605851 2.80367s
1492 0.828841 0.812973 0.00320162 2.77911s
1493 0.828841 0.797374 0.00617593 2.83834s
1494 0.828841 0.804265 0.00519808 2.75379s
1495 0.828841 0.792986 0.00756313 2.78561s
1496 0.828841 0.794668 0.00710783 2.81324s
1497 0.828841 0.804745 0.00450887 2.76981s
1498 0.828841 0.797522 0.00644549 2.79877s
1499 0.828841 0.809785 0.00382267 2.75451s
1500 0.828841 0.810632 0.00354872 2.7619s
