348  80
358  55
361  77
367  19
367  75
375  52
384  80
408  48
411  72
412  26
414  59
422  55
423  41
424  6
427  36
427  90
430  77
431  85
439  51
440  48
446  19
446  41
446  75
447  85
448  72
449  26
451  79
455  33
456  59
457  83
461  12
463  85
465  52
473  90
480  41
481  51
482  55
485  48
492  6
492  77
496  80
504  25
505  72
508  26
512  80
517  19
518  75
520  90
522  18
522  61
524  59
528  80
539  48
539  55
544  80
545  52
553  77
556  5
558  71
560  80
562  74
562  90
563  3
563  76
563  85
565  72
566  5
567  41
568  98
572  18
573  26
574  85
575  80
576  61
577  44
579  5
582  19
582  75
586  51
589  8
589  59
589  71
590  55
590  80
591  48
593  99
597  2
597  24
599  4
599  8
599  36
599  60
600  27
602  6
602  71
604  99
605  31
605  74
606  38
607  7
607  28
607  53
607  94
608  20
611  2
611  24
612  43
612  73
614  83
615  4
615  60
615  89
616  94
617  38
618  31
618  81
619  0
619  35
620  27
621  46
622  7
622  53
623  67
623  96
624  20
626  94
629  38
633  31
633  73
636  89
636  94
637  35
637  54
638  0
640  7
640  53
643  38
643  46
644  20
644  96
646  94
649  67
651  31
652  81
656  94
659  35
659  38
659  89
661  28
661  99
662  7
662  53
662  74
663  0
663  24
663  73
665  2
666  94
667  81
667  96
668  4
668  60
669  8
671  20
672  27
672  71
672  99
674  80
678  5
678  85
679  8
680  24
682  98
684  41
685  80
687  44
687  77
687  85
690  79
691  5
691  51
691  55
691  90
692  52
693  33
693  71
693  72
693  75
694  19
694  26
694  48
694  83
696  85
697  12
698  41
699  59
703  98
704  44
704  80
705  85
708  77
709  6
709  79
712  5
712  90
713  41
713  51
714  55
714  83
714  85
715  80
716  33
716  48
716  72
716  98
717  26
718  52
720  8
720  71
720  75
721  19
721  44
721  99
724  5
724  85
726  80
727  74
729  94
730  2
731  99
732  8
733  24
734  4
734  60
735  81
736  28
736  35
736  59
737  38
738  12
739  94
748  89
756  96
