9  36
9  43
11  32
11  47
12  33
12  46
12  89
12  90
13  20
13  59
15  34
15  45
16  4
16  75
16  87
16  92
17  5
17  24
17  39
17  40
17  55
17  74
18  3
18  38
18  41
18  76
19  36
19  43
20  31
20  48
20  84
20  95
21  83
21  96
23  7
23  28
23  32
23  47
23  51
23  72
23  82
23  97
25  89
25  90
26  33
26  46
27  19
27  60
29  20
29  59
30  36
30  43
31  25
31  54
31  88
31  91
32  87
32  92
34  34
34  45
36  32
36  47
37  4
37  26
37  53
37  75
38  24
38  39
38  40
38  55
39  89
39  90
40  5
40  14
40  65
40  74
41  3
41  76
42  36
42  43
42  84
42  95
43  33
43  38
43  41
43  46
44  83
44  96
47  0
47  79
47  82
47  97
49  20
49  59
50  87
50  92
51  31
51  32
51  47
51  48
53  89
53  90
56  36
56  43
61  34
61  45
62  85
62  94
64  33
64  46
66  7
66  28
66  51
66  72
67  84
67  95
68  89
68  90
69  32
69  47
69  87
69  92
70  24
70  55
70  83
70  96
71  4
71  75
72  36
72  39
72  40
72  43
72  82
72  97
74  88
74  91
75  10
75  69
79  20
79  59
81  5
81  74
83  89
83  90
84  3
84  76
89  87
89  92
90  36
90  43
91  32
91  38
91  41
91  47
94  84
94  95
98  33
98  46
98  82
98  97
99  83
99  89
99  90
99  96
111  19
111  60
111  87
111  92
112  36
112  43
115  89
115  90
118  32
118  47
123  34
123  45
125  82
125  84
125  95
125  97
132  83
132  89
132  90
132  96
134  87
134  92
135  88
135  91
138  36
138  43
149  20
149  59
149  89
149  90
151  32
151  47
151  82
151  97
158  84
158  87
158  92
158  95
167  36
167  43
167  83
167  89
167  90
167  96
175  31
175  48
176  82
176  97
183  87
183  92
185  89
185  90
186  33
186  46
190  32
190  47
192  4
192  75
192  84
192  95
198  36
198  43
200  82
200  97
201  24
201  55
203  89
203  90
204  83
204  96
207  39
207  40
207  87
207  92
208  88
208  91
221  89
221  90
224  82
224  97
227  84
227  95
230  32
230  36
230  43
230  47
233  87
233  92
238  89
239  90
242  54
242  83
242  96
243  5
243  74
246  25
246  41
246  82
246  84
247  97
251  51
251  89
253  88
254  40
257  90
259  87
259  92
260  94
261  36
262  43
263  53
263  84
263  95
264  3
264  76
264  89
266  19
267  41
268  82
268  97
270  32
270  47
275  90
277  89
279  88
280  40
280  83
280  84
280  96
281  51
282  38
284  87
284  92
286  20
286  91
287  59
288  34
288  54
289  82
289  97
291  45
292  89
293  36
293  90
294  43
296  85
299  95
305  46
307  33
307  90
308  28
308  82
309  32
309  47
309  72
310  87
310  92
310  97
312  89
314  95
315  39
318  38
319  83
319  90
319  96
320  7
320  91
321  84
323  26
324  60
325  36
325  43
328  82
329  95
330  97
331  90
332  28
332  89
334  39
336  87
336  92
338  25
339  38
343  90
343  91
344  95
346  23
346  32
346  47
346  56
346  85
348  82
349  97
351  89
355  36
355  43
355  90
357  39
358  60
358  83
358  96
359  95
361  87
361  92
364  84
365  38
366  28
367  82
367  90
368  91
368  97
370  89
372  26
374  95
375  4
378  75
379  90
380  88
383  32
384  43
384  47
385  36
386  82
387  55
387  87
387  89
387  92
387  97
388  39
389  24
389  95
391  84
391  90
392  91
397  25
397  83
397  96
398  38
398  89
399  41
401  85
401  88
402  40
403  90
404  82
404  84
404  95
405  97
409  89
410  51
411  94
412  19
413  36
413  43
413  87
413  92
415  90
417  41
417  84
417  91
419  32
419  95
420  47
420  89
421  48
421  53
422  40
422  82
422  88
423  28
423  97
424  20
424  39
425  59
426  90
427  54
428  33
429  46
430  31
430  84
431  60
431  89
433  95
436  83
436  96
437  90
438  41
438  74
438  87
438  92
439  82
440  38
440  51
440  91
440  97
441  5
442  36
442  43
442  89
443  84
444  88
446  40
447  95
448  19
448  90
449  94
452  85
453  89
454  32
455  34
455  47
456  45
456  82
456  84
457  97
459  90
461  95
464  87
464  89
464  91
464  92
465  3
465  41
465  76
466  88
469  36
469  84
470  43
472  82
474  97
475  83
475  89
475  96
476  90
478  40
482  84
486  51
486  53
486  89
488  32
488  88
489  47
489  82
490  87
490  92
491  97
493  54
493  94
495  84
496  90
497  36
497  43
497  89
499  41
502  95
505  82
507  90
507  97
508  84
508  89
509  88
513  91
514  83
514  95
514  96
516  87
516  92
517  40
517  90
518  19
519  89
521  39
521  82
521  84
522  32
522  47
522  65
523  97
524  36
524  38
524  43
526  95
527  14
527  90
530  28
530  89
531  88
533  91
534  84
534  85
537  82
537  90
538  25
538  95
539  41
539  94
539  97
540  26
541  87
541  89
541  92
542  60
544  46
546  33
546  39
547  84
547  90
550  43
550  51
550  95
551  36
551  38
552  89
552  91
553  82
553  83
553  88
553  96
554  97
555  32
555  47
557  90
560  40
560  84
562  20
562  59
562  89
562  95
565  75
566  4
566  92
567  87
567  90
568  28
568  82
569  97
571  85
572  55
572  89
572  91
573  84
573  88
574  24
574  95
576  39
576  43
577  36
577  90
579  41
581  94
582  89
583  32
583  38
583  82
584  90
584  97
585  83
586  43
586  84
586  95
587  47
588  5
589  54
589  76
591  90
591  92
592  87
592  89
592  91
592  96
593  32
594  46
594  88
595  43
596  83
597  25
597  82
598  84
598  90
598  95
599  5
599  97
600  0
600  76
601  60
602  19
602  36
602  40
602  89
603  32
604  43
604  59
604  79
605  69
605  90
607  83
609  14
610  53
610  84
610  85
610  95
611  5
611  46
611  82
612  39
612  89
612  90
612  91
613  51
613  76
613  97
614  32
614  43
614  88
616  87
616  92
618  47
618  83
619  26
619  38
619  90
621  28
622  41
622  84
622  89
622  95
623  72
623  94
624  5
624  34
624  43
625  32
625  45
625  82
626  90
627  7
627  36
627  76
627  97
629  83
631  91
631  96
632  46
632  89
633  88
633  90
634  84
634  95
635  43
636  59
636  74
637  32
638  92
639  5
639  82
640  33
640  83
640  90
641  40
641  87
641  97
642  89
643  20
643  34
643  48
643  76
644  24
644  75
646  14
646  43
646  84
646  92
646  95
647  90
648  47
648  85
649  7
649  32
649  33
650  91
651  36
651  83
652  20
652  39
652  89
653  34
653  69
653  82
653  88
654  24
654  75
654  90
654  92
655  48
655  97
656  5
657  43
657  46
657  95
658  38
658  84
659  33
660  3
660  89
661  41
661  76
661  90
662  32
662  83
662  94
663  36
663  96
664  47
666  40
666  87
666  89
667  20
667  74
667  82
668  90
668  95
669  43
669  91
669  97
670  3
670  84
670  92
671  36
672  19
672  31
672  88
672  89
673  47
673  59
673  96
674  4
674  45
674  46
674  51
674  55
674  87
676  60
677  54
677  74
678  89
679  36
680  10
680  65
680  72
680  83
681  3
681  33
681  82
681  84
681  90
682  47
682  87
683  4
683  31
683  45
683  59
683  96
683  97
684  55
684  89
684  95
686  46
688  36
688  74
690  85
690  87
690  88
690  89
692  47
692  84
693  3
693  4
693  45
693  96
694  59
694  82
695  55
695  72
696  31
696  89
696  97
697  0
697  36
698  87
699  94
700  41
700  46
700  92
701  74
702  47
702  89
703  45
703  84
704  4
704  96
706  3
706  59
706  87
707  33
707  36
707  55
707  65
708  82
708  88
708  89
708  90
709  53
709  97
710  31
712  72
712  95
713  47
714  46
714  84
714  87
714  89
715  45
715  74
715  90
715  96
716  4
717  36
717  40
717  59
719  91
719  92
720  10
720  83
720  89
721  3
721  20
721  33
721  43
721  82
721  90
722  32
722  55
722  97
723  95
724  39
725  24
725  34
725  75
725  84
726  88
727  51
727  90
727  92
728  48
729  47
730  5
730  83
730  96
731  7
731  20
731  43
732  38
732  76
732  87
733  89
733  90
734  32
734  33
734  34
734  95
735  28
735  75
735  91
735  92
736  24
737  82
738  94
740  79
740  85
740  97
741  48
742  20
742  83
743  92
745  34
746  90
747  7
748  75
751  25
754  24
757  33
772  89
773  87
778  90
782  92
797  89
803  90
805  87
813  92
815  96
819  89
824  83
825  90
827  95
831  84
