112  92
115  12
128  66
134  1
137  8
137  14
141  39
142  11
146  99
151  81
152  92
162  72
163  36
163  45
163  85
169  20
185  66
199  1
200  81
204  99
210  14
242  81
243  66
257  99
265  1
273  72
275  45
278  81
281  14
281  36
296  20
297  66
299  99
310  81
324  1
326  92
330  99
331  12
337  85
338  8
339  81
341  39
341  92
342  11
345  14
348  66
351  12
355  99
356  92
357  75
363  85
366  81
369  8
372  72
372  92
373  45
376  39
377  11
377  12
379  1
379  99
380  36
384  22
388  92
391  81
391  85
396  66
402  99
403  20
404  14
404  92
412  12
415  81
418  8
419  85
420  92
424  99
429  1
435  92
438  39
438  81
440  66
444  11
446  99
447  85
450  92
458  12
459  14
459  72
460  45
460  81
465  92
467  99
469  36
475  85
479  1
480  92
481  81
483  66
487  99
488  8
494  92
497  20
502  81
502  85
506  12
506  75
507  99
508  92
511  14
515  39
521  1
522  11
522  81
522  92
523  66
525  71
526  99
527  16
528  85
530  34
530  45
531  1
534  76
535  71
536  72
536  92
539  16
541  81
542  1
544  99
546  34
546  71
549  36
549  92
552  16
552  73
553  8
553  12
553  85
554  1
555  76
557  66
557  71
559  45
559  54
562  92
563  13
563  78
563  81
564  34
564  49
566  8
567  16
568  63
568  71
571  86
571  99
572  93
574  78
575  13
576  3
577  67
577  87
579  63
580  8
580  40
580  68
581  78
582  13
583  94
584  71
585  65
586  80
587  34
587  87
588  7
588  67
588  78
588  98
589  43
590  6
590  59
592  4
593  63
594  13
595  40
595  68
596  65
597  87
598  80
599  94
600  67
601  3
601  25
601  98
602  30
603  7
603  78
605  43
605  57
607  13
607  59
608  65
610  87
612  80
614  98
620  78
621  7
621  13
622  65
624  43
628  59
628  80
628  98
631  34
637  13
638  65
641  78
642  98
644  7
644  80
650  43
655  13
656  98
657  59
657  65
659  80
662  87
663  78
666  67
668  94
670  98
671  13
671  40
671  68
672  78
672  80
672  87
675  8
675  34
675  63
676  71
677  7
679  67
680  13
680  65
681  78
682  87
683  8
683  71
684  94
685  45
686  93
687  3
687  16
687  86
687  92
688  1
688  63
688  66
689  34
692  98
693  8
693  99
694  81
694  85
695  40
695  71
696  1
696  92
697  68
697  76
698  12
698  66
699  80
700  4
700  14
701  45
702  11
702  39
705  99
706  72
706  81
707  20
710  36
714  92
