382  50
389  16
446  24
461  50
476  16
519  50
528  92
531  17
535  46
536  7
539  16
539  30
541  56
543  92
544  4
545  60
551  17
553  84
559  46
559  92
567  56
568  30
569  50
571  7
574  65
574  92
575  17
576  42
583  8
583  91
585  4
586  84
587  26
587  60
588  24
588  47
590  65
590  92
591  46
594  42
596  16
597  1
597  47
599  56
602  25
605  3
605  17
605  76
605  91
605  92
607  47
607  54
609  65
611  8
611  30
616  25
616  42
616  47
618  66
619  7
620  84
621  92
622  3
622  76
623  54
623  64
624  15
625  32
625  47
626  50
627  48
629  31
629  91
630  14
630  37
633  25
633  65
634  47
636  92
637  32
637  71
638  88
639  46
639  54
642  3
642  76
644  14
644  42
644  47
645  37
645  56
646  32
648  17
649  78
652  25
652  92
654  32
654  47
654  91
655  84
656  8
656  87
658  54
658  62
658  88
660  14
660  33
660  71
661  23
662  32
662  49
663  37
664  65
665  47
666  19
666  75
667  13
667  87
668  4
668  92
669  3
669  76
670  32
670  95
671  62
674  72
675  1
676  23
676  33
677  25
679  14
679  29
679  32
679  87
679  88
680  49
680  63
680  91
682  54
684  42
684  72
685  37
686  62
688  32
688  64
689  15
689  75
690  55
691  19
691  29
691  87
691  95
692  71
694  23
694  63
695  33
695  72
698  32
701  88
702  53
703  14
703  49
703  87
704  62
704  78
705  3
705  29
707  72
707  91
708  25
708  32
708  76
709  65
710  63
713  54
714  37
714  95
715  23
715  87
717  55
719  32
720  33
720  72
721  29
724  88
725  31
725  47
725  62
725  75
727  87
729  63
730  32
731  19
732  48
732  56
733  91
733  92
734  14
734  23
734  47
734  72
734  84
734  95
735  49
736  53
739  7
739  87
740  42
741  29
742  32
744  26
744  47
745  25
745  30
745  56
745  92
747  8
747  23
747  88
749  17
749  95
750  7
750  54
750  84
752  16
752  50
753  65
754  3
754  46
754  47
755  37
756  71
757  76
757  91
757  92
758  60
767  7
769  92
770  24
772  16
772  50
774  17
774  84
779  30
781  92
782  4
782  91
789  46
799  50
799  92
801  16
