112  92
115  12
137  8
141  39
142  11
152  92
163  85
184  66
186  1
186  92
188  14
191  12
191  99
196  81
201  36
201  45
201  72
205  20
214  66
220  1
226  14
230  81
233  99
254  66
264  81
271  1
275  72
276  45
276  99
284  36
287  14
296  81
296  92
299  20
303  99
304  66
309  85
310  8
310  12
313  39
313  92
315  11
326  81
330  1
330  75
330  92
330  99
338  85
342  12
347  8
347  92
351  14
355  81
358  39
358  71
358  99
360  11
360  66
361  16
363  22
364  92
365  34
367  1
369  85
370  76
371  71
377  16
381  92
385  12
386  71
387  34
397  16
397  73
398  92
400  85
402  76
403  71
409  54
410  8
415  13
418  92
419  34
420  49
420  71
421  78
422  16
426  86
427  93
431  13
438  63
438  78
444  8
446  3
449  45
450  67
450  87
451  13
452  63
454  40
454  68
455  78
455  86
456  93
458  94
462  8
462  87
463  67
465  6
467  78
468  63
470  4
471  80
472  3
472  40
472  65
472  68
474  87
475  98
476  7
476  25
476  43
477  78
478  59
478  67
478  94
479  13
479  45
484  8
484  30
485  65
485  80
486  87
488  57
488  63
488  78
490  98
491  34
494  7
495  40
495  43
495  67
496  13
496  68
498  87
499  59
499  94
500  65
500  78
500  80
505  98
510  87
512  78
515  63
515  80
516  13
516  67
519  7
519  65
520  34
521  94
522  43
523  8
523  87
525  98
528  40
530  3
533  68
534  71
536  45
541  4
542  8
543  86
543  93
545  66
546  1
547  92
548  71
549  16
554  1
555  85
556  99
557  12
558  66
558  81
558  92
561  39
562  11
562  14
563  76
565  72
566  36
568  20
569  99
570  92
571  81
572  1
574  66
576  85
579  14
