169  2
169  84
190  55
192  73
192  96
195  91
198  29
210  18
211  84
219  14
220  43
242  2
246  84
250  91
268  21
268  58
269  80
269  99
271  4
277  84
280  85
281  94
282  15
282  64
290  80
290  99
291  21
291  58
296  91
303  73
311  80
311  99
313  85
314  94
315  77
315  95
321  6
322  21
322  58
322  88
325  24
332  80
332  99
333  95
336  77
339  36
340  64
341  15
346  75
347  88
348  85
348  94
351  6
352  95
354  24
356  83
357  50
359  61
359  65
362  20
363  77
371  83
371  95
373  88
376  50
376  81
378  61
378  65
382  24
383  23
383  36
386  20
387  83
390  95
395  80
395  99
396  14
400  77
400  88
408  6
408  21
408  58
409  94
409  95
410  85
412  80
412  99
428  84
428  88
429  80
429  99
432  95
433  2
434  91
436  94
437  21
437  58
437  85
439  55
442  84
446  80
446  99
448  73
450  96
452  2
452  64
454  15
454  18
454  29
454  59
454  91
455  43
457  55
457  84
458  14
463  96
466  98
470  18
470  59
471  29
471  56
472  84
475  91
476  2
476  96
477  14
479  55
481  40
482  39
483  59
484  32
485  73
486  62
487  84
488  93
489  4
489  96
490  18
491  29
493  1
493  43
493  72
494  89
495  98
496  40
496  91
497  59
497  68
498  39
500  14
502  84
502  96
504  32
507  2
508  55
508  62
508  65
511  93
515  18
515  96
517  29
517  84
517  91
519  59
522  80
522  99
526  98
528  14
529  96
530  85
530  94
532  84
533  21
533  58
535  80
535  99
536  56
538  91
541  95
546  88
548  80
548  84
548  99
549  65
549  77
549  94
550  2
550  61
550  85
552  83
553  95
554  24
555  21
555  58
555  73
557  50
559  6
559  20
560  15
562  64
563  83
563  88
564  80
564  99
565  61
566  36
566  65
566  81
566  95
568  77
569  47
570  20
571  17
571  50
572  24
572  39
573  75
573  86
574  40
574  83
576  78
580  11
580  95
582  20
582  88
583  61
585  23
585  47
585  83
586  7
586  65
588  39
588  50
589  17
589  90
590  81
592  40
592  86
595  20
596  83
604  61
604  78
606  47
607  39
608  83
609  50
609  65
610  20
612  86
613  17
613  40
616  81
618  11
620  83
630  39
633  47
633  86
640  40
650  17
654  86
658  39
658  78
674  40
674  47
676  86
692  39
698  86
701  83
705  20
711  83
712  17
712  61
712  65
713  50
713  95
714  40
715  81
717  88
718  20
718  24
719  77
719  86
720  80
720  99
721  65
721  83
722  61
723  95
724  6
724  14
724  84
725  85
725  94
726  18
726  21
726  36
726  39
726  58
727  11
728  91
728  96
729  80
729  99
730  88
731  14
731  59
731  65
732  40
732  55
733  2
733  84
734  24
734  29
734  50
734  77
734  83
734  95
735  18
737  96
738  93
739  32
739  43
739  98
740  64
740  73
742  15
742  59
743  62
744  85
745  91
745  94
746  1
747  81
749  90
769  89
771  68
