24  7
24  72
25  81
25  98
28  2
28  77
33  39
33  40
39  19
39  60
43  87
43  92
44  26
44  53
46  84
46  95
47  80
47  86
47  93
47  99
50  12
50  67
51  81
51  98
57  30
57  49
58  7
58  25
58  54
58  72
67  1
67  8
67  71
67  78
76  27
76  52
76  81
76  98
88  5
88  74
100  81
100  98
109  20
109  59
111  7
111  72
118  87
118  92
124  81
124  98
127  2
127  77
133  84
133  95
135  19
135  60
143  80
143  99
145  86
145  93
147  81
147  98
169  81
169  98
171  7
171  72
186  35
186  44
190  81
190  98
210  81
210  98
211  27
211  52
228  7
228  72
229  81
229  98
238  87
238  92
240  19
240  60
243  99
247  26
247  81
247  98
253  5
253  74
254  49
258  99
262  95
263  84
264  81
265  4
265  26
265  98
266  76
273  99
275  34
275  80
277  39
277  40
278  46
279  7
279  72
279  86
279  93
281  81
282  49
282  98
283  89
287  26
288  99
298  81
299  98
303  99
314  26
314  81
315  98
316  27
318  99
323  52
325  49
329  7
329  19
329  72
330  60
330  81
331  98
333  99
338  30
346  81
346  92
346  98
348  99
349  26
351  89
352  4
354  87
361  81
361  98
362  99
368  76
374  95
375  7
375  72
376  81
376  98
376  99
382  5
382  74
387  49
390  26
390  98
390  99
391  81
391  84
398  80
404  98
404  99
405  81
408  86
409  19
412  87
413  2
413  27
414  60
414  67
414  93
415  54
417  40
417  71
417  99
418  52
418  98
419  81
419  86
420  7
420  72
420  89
421  39
422  87
425  2
425  19
427  67
429  54
429  73
430  86
430  99
432  26
432  40
432  71
432  81
432  87
432  98
433  34
438  2
440  39
441  86
442  67
443  19
443  87
443  99
445  54
445  81
445  98
448  46
451  40
452  71
453  49
456  99
458  81
458  98
460  86
461  7
463  72
463  92
468  53
469  80
469  99
471  81
471  98
472  26
474  30
479  5
479  53
479  80
481  75
481  89
481  99
482  3
484  81
484  98
486  60
489  30
489  33
489  45
489  80
490  49
491  53
492  90
493  74
496  98
497  81
497  95
497  99
499  77
499  80
499  84
500  27
500  92
500  93
501  12
502  25
502  52
503  8
503  72
504  7
504  53
505  60
508  98
509  30
509  77
509  80
509  81
509  92
510  39
510  93
511  75
512  12
514  6
514  25
515  3
516  8
518  92
519  53
519  80
520  60
520  77
520  93
520  98
521  81
524  12
526  39
527  25
527  40
527  90
527  92
529  80
529  98
530  77
530  93
531  7
531  8
533  81
533  84
536  1
536  45
536  53
536  92
536  98
537  30
538  12
538  60
538  77
539  59
539  80
540  7
540  93
541  33
541  44
541  72
542  25
542  84
542  98
543  16
545  81
545  92
546  39
547  6
547  77
548  1
548  8
549  7
549  80
549  98
550  93
551  84
553  12
554  59
555  53
555  92
555  98
556  77
557  81
557  83
558  60
559  7
559  40
559  44
559  80
560  25
560  84
560  93
561  98
562  1
565  92
566  77
566  90
567  98
568  16
568  74
569  8
569  39
569  80
569  81
570  7
570  84
570  93
571  12
574  59
575  92
576  30
577  52
577  53
578  75
578  98
579  80
580  72
580  81
580  93
581  60
582  25
585  27
585  92
587  3
589  80
590  77
590  93
590  98
591  5
591  81
592  12
592  99
595  92
596  8
597  39
599  80
600  93
601  99
602  81
602  98
603  26
603  40
603  53
605  19
605  92
606  30
606  49
608  60
608  90
608  95
609  25
609  80
610  93
610  99
613  81
614  87
614  98
615  86
615  89
617  4
617  72
618  26
619  2
619  19
619  80
619  92
619  99
620  40
620  76
621  67
622  54
622  87
623  86
624  71
624  81
625  98
626  49
628  39
628  99
629  2
629  80
630  87
631  53
631  86
632  19
632  67
632  81
635  54
635  72
636  2
636  26
636  30
636  95
636  98
637  73
637  99
638  71
638  78
638  81
638  87
639  80
640  86
641  20
642  35
643  2
643  63
643  72
644  81
644  95
645  34
645  67
646  87
646  89
646  99
647  19
647  40
647  98
649  54
649  78
649  80
649  86
650  81
651  2
651  46
651  49
651  72
651  90
652  95
654  20
654  71
654  87
655  27
655  99
656  26
656  81
657  35
657  96
658  52
658  86
658  98
659  2
659  67
659  80
660  72
660  95
661  4
661  53
661  78
662  81
662  87
663  19
664  99
665  5
665  63
666  30
666  54
667  2
667  86
668  76
668  81
668  95
669  20
669  72
669  80
669  98
670  87
673  99
674  71
674  73
674  78
674  81
675  35
675  67
676  2
676  86
677  95
678  87
679  26
679  40
679  72
679  74
679  80
680  81
680  89
680  98
681  19
681  49
682  99
685  2
685  54
685  86
686  81
686  87
686  95
687  20
687  96
689  72
690  78
690  98
691  99
692  45
692  81
693  67
694  86
694  87
695  2
695  90
695  95
697  63
697  71
698  35
698  81
700  72
700  98
700  99
701  7
702  19
702  87
703  86
704  81
704  95
705  2
706  26
708  54
708  78
709  20
709  99
710  81
710  87
710  98
711  72
712  86
713  95
715  40
715  67
716  2
716  81
716  89
718  87
718  99
720  98
721  86
722  81
722  95
723  72
723  96
724  27
725  19
726  87
727  71
727  99
728  2
728  52
728  81
730  35
730  78
730  86
730  98
731  95
733  81
734  7
734  87
735  26
735  72
736  54
736  99
738  81
739  20
739  86
740  2
740  67
740  95
740  98
742  87
744  81
745  99
748  72
748  86
749  39
749  81
749  95
750  19
750  80
750  87
750  98
751  5
752  89
753  2
753  40
754  81
754  99
756  49
756  78
757  86
758  80
758  87
758  95
759  81
760  98
761  72
761  92
762  34
762  39
762  93
762  96
763  4
763  40
763  53
763  71
763  99
764  7
764  81
765  26
765  30
765  84
766  74
766  80
766  86
766  87
766  98
767  2
767  60
767  73
767  77
767  95
768  67
768  92
769  54
769  81
769  93
770  12
771  7
771  39
771  63
771  98
772  84
772  99
773  8
773  25
773  40
774  1
774  72
774  77
774  80
774  81
774  87
775  86
775  90
775  92
775  95
776  19
776  35
776  93
776  98
778  7
778  44
778  49
778  59
778  76
779  20
779  53
779  60
779  81
779  84
780  39
780  75
781  2
781  77
781  98
781  99
782  12
782  80
782  87
782  92
783  3
783  93
784  30
784  40
784  81
784  86
784  95
785  1
785  6
785  7
786  16
786  33
786  46
786  83
786  84
786  98
787  8
787  25
787  89
788  77
789  92
790  39
790  80
790  87
790  99
791  27
791  93
791  98
792  26
792  59
792  60
793  7
793  44
793  72
793  84
795  77
795  81
796  12
796  52
796  53
796  86
796  92
796  98
797  1
798  80
799  93
800  84
802  90
802  98
803  7
803  25
803  77
803  92
804  8
807  93
808  84
809  59
810  98
811  1
812  44
812  80
812  83
813  16
815  99
