224  13
229  14
239  88
241  21
245  19
246  94
268  87
275  88
281  41
282  97
284  74
287  94
292  13
303  19
306  14
308  88
316  72
318  31
321  26
323  94
326  87
331  21
336  50
337  88
344  79
353  97
354  13
354  94
363  88
364  19
374  14
379  25
380  47
381  79
382  61
384  8
389  74
389  75
397  25
400  47
404  61
405  27
406  45
407  97
409  8
412  13
418  21
419  25
423  75
424  27
425  47
425  52
433  61
447  25
448  8
454  52
455  54
456  32
457  18
459  47
459  71
463  4
467  0
469  54
472  32
474  18
475  34
478  61
479  71
486  54
489  4
491  32
492  0
492  52
495  18
495  27
499  5
499  66
501  65
503  58
505  71
506  52
506  54
511  82
512  66
514  5
514  32
515  65
517  53
520  58
521  0
521  29
522  18
527  66
528  4
528  60
529  34
529  91
530  54
531  0
531  7
531  85
532  65
534  82
536  92
537  38
538  48
540  60
541  58
541  91
542  0
542  71
544  5
544  32
544  85
545  66
550  7
552  65
553  91
554  0
554  60
554  92
559  18
559  82
560  52
561  54
561  85
566  5
566  66
567  38
569  48
569  53
569  58
575  63
577  52
583  32
585  25
585  27
589  47
591  79
593  8
593  45
594  61
594  74
595  75
596  14
597  13
597  27
599  79
600  97
601  21
602  88
603  25
603  94
605  19
606  72
608  79
608  87
610  47
612  14
612  31
612  41
613  13
613  88
614  74
615  94
617  26
618  19
618  79
620  97
621  8
622  21
623  61
624  50
624  87
624  88
626  72
627  94
631  14
631  16
632  13
633  31
634  19
635  88
636  41
640  94
641  87
641  97
647  88
649  21
652  19
653  74
653  94
654  14
655  13
659  87
659  88
664  31
664  97
666  94
671  88
673  19
675  41
677  87
679  94
681  72
682  13
683  88
684  14
685  26
686  21
687  97
692  94
695  88
696  87
699  19
705  94
707  88
710  97
712  74
714  13
714  31
715  87
716  79
718  94
719  88
720  14
727  50
730  19
731  88
731  94
733  97
734  21
734  87
740  79
743  88
744  94
748  41
749  13
749  27
749  79
750  25
750  72
752  47
753  87
754  88
755  61
755  74
756  97
757  75
757  94
758  8
758  19
758  79
759  27
760  14
760  52
762  0
762  31
762  54
763  25
763  45
765  18
765  32
765  34
765  48
765  88
765  91
766  65
766  66
766  71
766  85
767  5
767  47
767  60
769  0
769  79
769  82
770  4
770  27
770  52
770  58
770  92
771  7
773  61
774  91
775  54
776  85
777  0
777  38
777  60
777  87
778  48
778  65
778  66
778  94
780  18
780  32
782  5
783  91
783  92
784  29
785  71
786  82
786  85
788  7
788  58
790  75
791  60
792  53
