0 0.671401 0.496717 0.000967307 0s
1 0.671401 0.52927 0.00111757 2.922s
2 0.718899 0.574467 0.0020879 3.10141s
3 0.725863 0.616839 0.00252868 2.86119s
4 0.725863 0.646363 0.00199537 2.84284s
5 0.740935 0.66638 0.00162411 2.86708s
6 0.75241 0.66523 0.00281517 2.81054s
7 0.769404 0.679652 0.00343886 2.80607s
8 0.769404 0.704145 0.00282978 2.84698s
9 0.78033 0.704953 0.00454204 2.79742s
10 0.78033 0.71033 0.00385991 2.82409s
11 0.78033 0.635242 0.00967649 2.84612s
12 0.78033 0.627882 0.00942788 2.78246s
13 0.78033 0.63023 0.00909659 2.82767s
14 0.78033 0.640757 0.009442 2.79222s
15 0.78033 0.667938 0.0092528 2.79827s
16 0.790341 0.719169 0.00634127 2.82225s
17 0.805645 0.748837 0.00350682 2.83161s
18 0.806938 0.751147 0.00528055 2.76162s
19 0.806938 0.757556 0.0048122 2.84595s
20 0.807732 0.75382 0.00755394 2.84556s
21 0.807732 0.732215 0.00628746 2.84957s
22 0.807732 0.73883 0.00448344 2.79474s
23 0.807732 0.723511 0.00678475 2.87111s
24 0.807732 0.729378 0.00617849 2.82017s
25 0.807732 0.723248 0.00667315 2.82712s
26 0.807732 0.730631 0.00548442 2.77075s
27 0.807732 0.718648 0.00681332 2.88198s
28 0.807732 0.724864 0.00626565 2.80581s
29 0.807732 0.728973 0.00535666 2.77813s
30 0.807732 0.725889 0.00665424 2.86745s
31 0.807732 0.756677 0.00710329 2.78513s
32 0.807905 0.759574 0.00900485 2.99648s
33 0.807905 0.783447 0.00436998 2.86016s
34 0.807905 0.782889 0.00481285 2.79576s
35 0.807905 0.772743 0.00704424 2.83694s
36 0.807905 0.776978 0.00560506 2.85074s
37 0.807905 0.781818 0.00466022 2.81583s
38 0.807905 0.782255 0.00518019 2.81039s
39 0.807905 0.769895 0.00692174 2.78158s
40 0.807905 0.778098 0.00591108 2.8037s
41 0.807905 0.737973 0.00578812 2.81577s
42 0.807905 0.729033 0.00641407 2.79678s
43 0.807905 0.726524 0.00688292 2.84s
44 0.807905 0.734734 0.00563572 2.79994s
45 0.807905 0.726625 0.00683365 2.82693s
46 0.807905 0.725752 0.00671443 2.82071s
47 0.807905 0.7221 0.00696933 2.8164s
48 0.807905 0.712941 0.00857287 2.79518s
49 0.807905 0.728304 0.00594173 2.80134s
50 0.807905 0.721585 0.00594852 2.82723s
51 0.807905 0.767511 0.00533604 2.89759s
52 0.807905 0.776226 0.00608976 2.82352s
53 0.807905 0.788713 0.00371072 2.84264s
54 0.807905 0.779348 0.0053837 2.78636s
55 0.807905 0.781377 0.00507641 2.81598s
56 0.807905 0.788416 0.00358694 2.89228s
57 0.807905 0.776539 0.0056195 2.81902s
58 0.807905 0.773311 0.00662733 2.78275s
59 0.807905 0.79138 0.0031357 2.80559s
60 0.807905 0.780512 0.00504491 2.82065s
61 0.807905 0.734654 0.00662831 2.85348s
62 0.807905 0.72436 0.00707458 2.78877s
63 0.807905 0.731936 0.00570042 2.82106s
64 0.807905 0.73157 0.00605082 2.78506s
65 0.807905 0.729639 0.00614759 2.80127s
66 0.807905 0.729415 0.00580462 2.80673s
67 0.807905 0.732119 0.0048527 2.82379s
68 0.807905 0.731192 0.00506901 2.76567s
69 0.807905 0.730383 0.00593348 2.79766s
70 0.807905 0.739269 0.00371854 2.86202s
71 0.807905 0.789281 0.00205013 2.79821s
72 0.807905 0.776141 0.00601135 2.85263s
73 0.807905 0.783501 0.00459463 2.76909s
74 0.807905 0.784167 0.00456452 2.82852s
75 0.807905 0.784781 0.00472955 2.82108s
76 0.807905 0.772964 0.0067987 2.77086s
77 0.807905 0.778181 0.00561992 2.78167s
78 0.807905 0.776651 0.00589961 2.79879s
79 0.807905 0.783995 0.0042049 2.77422s
80 0.807905 0.793881 0.00247571 2.82515s
81 0.807905 0.724825 0.00845835 2.80992s
82 0.807905 0.722934 0.00728322 2.7949s
83 0.807905 0.721625 0.00803247 2.75965s
84 0.807905 0.719657 0.00716371 2.8631s
85 0.807905 0.728368 0.00526277 2.79663s
86 0.807905 0.730242 0.00545061 2.87117s
87 0.807905 0.714263 0.00771349 2.81763s
88 0.807905 0.724108 0.00630623 2.80143s
89 0.807905 0.731193 0.00508258 2.7929s
90 0.807905 0.717506 0.0071991 2.82854s
91 0.807905 0.7547 0.00811268 2.76628s
92 0.807905 0.783477 0.00432676 2.85552s
93 0.807905 0.775818 0.00608124 2.79936s
94 0.807905 0.77946 0.00565764 2.7822s
95 0.807905 0.786983 0.00414243 2.78504s
96 0.807905 0.780003 0.00499762 2.80256s
97 0.807905 0.785024 0.0042481 2.8655s
98 0.807905 0.78351 0.00493374 2.79111s
99 0.807905 0.781079 0.0053168 2.77651s
100 0.807905 0.7894 0.00337666 2.89278s
101 0.807905 0.730768 0.007154 2.82248s
102 0.807905 0.731595 0.00578747 2.8083s
103 0.807905 0.723059 0.00669019 2.81478s
104 0.807905 0.736383 0.00440632 2.8617s
105 0.807905 0.730194 0.00497398 2.80012s
106 0.807905 0.735817 0.00494127 2.83046s
107 0.807905 0.722511 0.00634374 2.80453s
108 0.807905 0.716542 0.00683757 2.81883s
109 0.807905 0.731542 0.00492851 2.78272s
110 0.807905 0.721512 0.00623057 2.81534s
111 0.807905 0.757565 0.00685176 2.7824s
112 0.807905 0.777337 0.00518256 2.81654s
113 0.807905 0.785549 0.00445421 2.84735s
114 0.807905 0.778801 0.00540916 2.77951s
115 0.807905 0.784576 0.00472627 2.80871s
116 0.807905 0.782603 0.00496699 2.83976s
117 0.807905 0.76919 0.00724151 2.84067s
118 0.807905 0.771012 0.00688763 2.80292s
119 0.807905 0.780336 0.00516214 2.80309s
120 0.807905 0.787066 0.00422383 2.82233s
121 0.807905 0.733413 0.00622901 2.84428s
122 0.807905 0.730078 0.006619 2.78476s
123 0.807905 0.728687 0.00622723 2.81299s
124 0.807905 0.728742 0.0063483 2.83836s
125 0.807905 0.72149 0.00730628 2.82447s
126 0.807905 0.724554 0.00656595 2.76041s
127 0.807905 0.727663 0.00625737 2.82109s
128 0.807905 0.724467 0.00609667 2.92584s
129 0.807905 0.724878 0.00643836 2.84329s
130 0.807905 0.714916 0.0075768 2.77783s
131 0.807905 0.768636 0.00566554 2.7984s
132 0.807905 0.789213 0.00323728 2.82813s
133 0.807905 0.779195 0.0051934 2.90061s
134 0.807905 0.784531 0.00472585 2.80495s
135 0.807905 0.779762 0.00512911 2.80783s
136 0.807905 0.786308 0.00434256 2.83897s
137 0.807905 0.789373 0.00348419 2.78836s
138 0.807905 0.769628 0.00750639 2.83175s
139 0.807905 0.792375 0.00303358 2.81604s
140 0.807905 0.789186 0.0034349 2.8597s
141 0.807905 0.727336 0.00683411 2.80527s
142 0.807905 0.72885 0.00623703 2.8122s
143 0.807905 0.728254 0.00586857 2.80415s
144 0.807905 0.725247 0.00682126 2.78689s
145 0.807905 0.721694 0.00709799 2.86035s
146 0.807905 0.710321 0.00858845 2.78524s
147 0.807905 0.725565 0.00619853 2.80497s
148 0.807905 0.722604 0.00694245 2.88502s
149 0.807905 0.734318 0.00493441 2.78757s
150 0.807905 0.725269 0.00577256 2.82401s
151 0.807905 0.768788 0.00523131 2.76398s
152 0.807905 0.776438 0.00566749 2.79022s
153 0.807905 0.787009 0.00413605 2.79442s
154 0.807905 0.777019 0.00603487 2.8713s
155 0.807905 0.78931 0.00338322 2.79678s
156 0.807905 0.768993 0.00766681 2.86139s
157 0.807905 0.784163 0.00419915 2.80888s
158 0.807905 0.790558 0.00334157 2.85473s
159 0.807905 0.788333 0.00405672 2.81941s
160 0.807905 0.784441 0.00462408 2.77388s
161 0.807905 0.73073 0.00687301 2.7938s
162 0.807905 0.732614 0.00575937 2.8146s
163 0.807905 0.730537 0.00631209 2.84691s
164 0.807905 0.736154 0.00519115 2.77458s
165 0.807905 0.734601 0.0053914 2.77627s
166 0.807905 0.728522 0.00569601 2.85483s
167 0.807905 0.729586 0.00607806 2.7926s
168 0.807905 0.729247 0.00539106 2.84881s
169 0.807905 0.732265 0.00518702 2.8401s
170 0.807905 0.728006 0.00611677 2.78546s
171 0.807905 0.774874 0.00442269 2.80545s
172 0.807905 0.782173 0.00485947 2.80039s
173 0.807905 0.781273 0.00534357 2.80821s
174 0.807905 0.775946 0.00593626 2.81397s
175 0.807905 0.790494 0.00330708 2.7792s
176 0.807905 0.786338 0.00397174 2.86767s
177 0.807905 0.792368 0.00293302 2.80137s
178 0.807905 0.773472 0.00663316 2.80672s
179 0.807905 0.785083 0.00421049 2.87098s
180 0.807905 0.786101 0.0042589 2.83494s
181 0.807905 0.73011 0.00716949 2.78633s
182 0.807905 0.727986 0.00687137 2.78171s
183 0.807905 0.729349 0.00607425 2.83448s
184 0.807905 0.731072 0.00602712 2.8685s
185 0.807905 0.735358 0.00476901 2.77795s
186 0.807905 0.724648 0.0064926 2.75823s
187 0.807905 0.729385 0.00547824 2.83542s
188 0.807905 0.715476 0.00717955 2.85191s
189 0.807905 0.723641 0.00648562 2.81258s
190 0.807905 0.726351 0.0064831 2.81063s
191 0.807905 0.783569 0.00276291 2.76484s
192 0.807905 0.782116 0.00474307 2.89313s
193 0.807905 0.788735 0.00375929 2.78672s
194 0.807905 0.781564 0.00485208 2.75295s
195 0.807905 0.782704 0.00499348 2.83011s
196 0.807905 0.783594 0.00478833 2.8151s
197 0.807905 0.78379 0.00446404 2.83913s
198 0.807905 0.78036 0.00523914 2.78454s
199 0.807905 0.778009 0.0057751 2.8459s
200 0.807905 0.787102 0.00375056 2.78462s
201 0.807905 0.732126 0.00715039 2.81812s
202 0.807905 0.722942 0.0072779 2.77924s
203 0.807905 0.728259 0.00622737 2.77423s
204 0.807905 0.715385 0.00854276 2.82964s
205 0.807905 0.717738 0.0079015 2.8414s
206 0.807905 0.727386 0.00580947 2.85287s
207 0.807905 0.71698 0.00792783 2.80119s
208 0.807905 0.718505 0.00722376 3.81321s
209 0.807905 0.730955 0.00510608 2.8549s
210 0.807905 0.724138 0.00647873 2.77639s
211 0.807906 0.754269 0.00801413 2.81733s
212 0.807906 0.788551 0.00355235 2.7916s
213 0.807906 0.793102 0.0031175 2.80082s
214 0.807906 0.786889 0.00411983 2.8065s
215 0.807906 0.773849 0.00612224 2.80846s
216 0.807906 0.775303 0.00625494 2.81342s
217 0.807906 0.781391 0.00500974 2.83571s
218 0.807906 0.792112 0.00281204 2.80198s
219 0.807906 0.790351 0.00311655 2.7793s
220 0.807906 0.783836 0.00466329 2.82455s
221 0.807906 0.737597 0.00551492 2.83827s
222 0.807906 0.720553 0.00787208 2.83048s
223 0.807906 0.730097 0.00604419 2.77666s
224 0.807906 0.729748 0.00603873 2.79173s
225 0.807906 0.730347 0.00564483 2.78129s
226 0.807906 0.724566 0.00664842 2.79517s
227 0.807906 0.722287 0.00720071 2.78231s
228 0.807906 0.725687 0.00548501 2.84621s
229 0.807906 0.715945 0.00829474 2.81406s
230 0.807906 0.730157 0.00557344 2.82658s
231 0.807906 0.765876 0.00616154 2.76694s
232 0.807906 0.786357 0.0043216 2.82241s
233 0.807906 0.775252 0.00641311 3.49622s
234 0.807906 0.772505 0.00672544 2.83802s
235 0.807906 0.791545 0.00357629 2.84333s
236 0.807906 0.790083 0.00307572 2.80531s
237 0.807906 0.780903 0.00474544 2.83213s
238 0.807906 0.767465 0.00724731 2.86074s
239 0.807906 0.784804 0.00449813 2.79721s
240 0.807906 0.779652 0.00566694 2.81496s
241 0.807906 0.736322 0.00573565 2.83246s
242 0.807906 0.712124 0.00908145 2.79707s
243 0.807906 0.732527 0.00576731 2.78826s
244 0.807906 0.731554 0.00597561 2.79492s
245 0.807906 0.734601 0.00477791 2.84909s
246 0.807906 0.728163 0.00586564 2.79628s
247 0.807906 0.732479 0.00507448 2.82666s
248 0.807906 0.714246 0.00806604 2.83617s
249 0.807906 0.720289 0.00696693 2.76506s
250 0.807906 0.731522 0.00535745 2.77953s
251 0.807906 0.766296 0.00634619 2.84229s
252 0.807906 0.784497 0.0043856 2.7891s
253 0.807906 0.788158 0.00351343 2.80092s
254 0.807906 0.783667 0.00506621 2.76962s
255 0.807906 0.779512 0.00531549 2.79216s
256 0.807906 0.771719 0.0068457 2.79196s
257 0.807906 0.795567 0.00193686 2.80872s
258 0.807906 0.777036 0.00571103 2.77703s
259 0.807906 0.776379 0.00636946 2.84062s
260 0.807906 0.784761 0.00425695 2.77523s
261 0.807906 0.736567 0.00564586 2.81266s
262 0.807906 0.727249 0.00642578 2.78054s
263 0.807906 0.72488 0.00650304 2.78963s
264 0.807906 0.742106 0.00385202 2.82663s
265 0.807906 0.729963 0.00597784 2.79341s
266 0.807906 0.72957 0.00590164 2.77121s
267 0.807906 0.718649 0.00762024 2.78551s
268 0.807906 0.72544 0.00662927 2.87019s
269 0.807906 0.729215 0.00529493 2.81226s
270 0.807906 0.717513 0.00755414 2.82071s
271 0.807906 0.773167 0.00477138 2.78907s
272 0.807906 0.762553 0.00819281 2.80326s
273 0.807906 0.76821 0.00673716 2.83136s
274 0.807906 0.77675 0.00542361 2.82909s
275 0.807906 0.780939 0.00536835 2.7779s
276 0.807906 0.795077 0.00235816 2.78037s
277 0.807906 0.770181 0.00700571 2.86552s
278 0.807906 0.790488 0.00337575 2.8028s
279 0.807906 0.776639 0.0062355 2.79938s
280 0.807906 0.780221 0.00471659 2.76097s
281 0.807906 0.730785 0.00659388 2.79194s
282 0.807906 0.732417 0.00573739 2.86039s
283 0.807906 0.717191 0.00857865 2.81331s
284 0.807906 0.731932 0.00533158 2.82404s
285 0.807906 0.719477 0.00746019 2.75756s
286 0.807906 0.72227 0.00624579 2.86113s
287 0.807906 0.736759 0.00432542 2.82856s
288 0.807906 0.730079 0.00590567 2.83281s
289 0.807906 0.730025 0.00470476 2.79811s
290 0.807906 0.726056 0.00615816 2.81947s
291 0.807906 0.772057 0.00501926 2.81605s
292 0.807906 0.778989 0.0054762 2.82167s
293 0.807906 0.785758 0.00428749 2.80425s
294 0.807906 0.785055 0.00434559 2.8029s
295 0.807906 0.774411 0.00645444 2.82714s
296 0.807906 0.787217 0.00363478 2.81527s
297 0.807906 0.782173 0.00465999 2.75765s
298 0.807906 0.793515 0.00241535 2.82509s
299 0.807906 0.790184 0.00307129 2.83392s
300 0.807906 0.765849 0.00783542 2.83322s
301 0.807906 0.730676 0.00646419 2.8064s
302 0.807906 0.727251 0.00626194 2.81772s
303 0.807906 0.728607 0.00672348 2.81616s
304 0.807906 0.732464 0.00544632 2.78106s
305 0.807906 0.734536 0.00463832 2.81089s
306 0.807906 0.718541 0.00721084 2.77179s
307 0.807906 0.715641 0.00763368 2.78739s
308 0.807906 0.733486 0.00520818 2.84814s
309 0.807906 0.726773 0.00576441 2.83522s
310 0.807906 0.714637 0.00802707 2.79417s
311 0.807906 0.772747 0.00435992 2.80834s
312 0.807906 0.797043 0.00205754 2.89741s
313 0.807906 0.78836 0.00379124 2.81321s
314 0.807906 0.780005 0.00535111 2.76581s
315 0.807906 0.766118 0.00762596 2.76345s
316 0.807906 0.775672 0.00554695 2.85758s
317 0.807906 0.770154 0.00704027 2.81508s
318 0.807906 0.780367 0.00586846 2.80383s
319 0.807906 0.772552 0.00640971 2.78332s
320 0.807906 0.790069 0.00356624 2.80129s
321 0.807906 0.734831 0.00655166 2.80728s
322 0.807906 0.714236 0.00908523 2.79107s
323 0.807906 0.726463 0.00651243 2.78899s
324 0.807906 0.728215 0.00587469 2.80164s
325 0.807906 0.719214 0.00732115 2.82767s
326 0.807906 0.731914 0.0049986 2.77425s
327 0.807906 0.720902 0.00698605 2.81871s
328 0.807906 0.712922 0.0084453 2.81416s
329 0.807906 0.729474 0.00544448 2.84567s
330 0.807906 0.734159 0.00421834 2.81065s
331 0.807906 0.776045 0.00413141 2.83562s
332 0.807906 0.777061 0.00582474 2.79076s
333 0.807906 0.778649 0.00494164 2.79292s
334 0.807906 0.786059 0.00404773 2.79193s
335 0.807906 0.776829 0.00605188 2.82357s
336 0.807906 0.78151 0.00513196 2.84493s
337 0.807906 0.77506 0.0062845 2.7987s
338 0.807906 0.773633 0.00666631 2.79366s
339 0.807906 0.769352 0.00671194 2.75918s
340 0.807906 0.773465 0.00690344 2.79981s
341 0.807906 0.727214 0.00747171 2.84558s
342 0.807906 0.735395 0.00535774 2.83578s
343 0.807906 0.725364 0.00718234 2.83775s
344 0.807906 0.728682 0.0057348 2.80151s
345 0.807906 0.726654 0.0062789 2.80208s
346 0.807906 0.726281 0.00653206 2.82834s
347 0.807906 0.734425 0.00523761 2.79469s
348 0.807906 0.720674 0.00689258 2.82934s
349 0.807906 0.719862 0.00722304 2.77761s
350 0.807906 0.73423 0.00466595 2.7995s
351 0.807906 0.777198 0.00391073 2.81815s
352 0.807906 0.788757 0.00349417 2.80738s
353 0.807906 0.792424 0.00291266 2.75805s
354 0.807906 0.782529 0.00495567 2.82072s
355 0.807906 0.788242 0.003709 2.78228s
356 0.807906 0.789841 0.00332425 2.77654s
357 0.807906 0.782 0.00490758 2.75075s
358 0.807906 0.784928 0.0045281 2.8436s
359 0.807906 0.784982 0.00458507 2.75625s
360 0.807906 0.785135 0.00440375 2.82251s
361 0.807906 0.736897 0.00630587 2.80711s
362 0.807906 0.736375 0.0052235 2.96854s
363 0.807906 0.727013 0.00630883 2.77715s
364 0.807906 0.723408 0.00675805 2.85728s
365 0.807906 0.715713 0.00765185 2.78131s
366 0.807906 0.733277 0.00486176 2.77165s
367 0.807906 0.713132 0.00791244 2.77075s
368 0.807906 0.721181 0.0065736 2.79826s
369 0.807906 0.7303 0.0054929 2.85299s
370 0.807906 0.731535 0.00538288 2.81292s
371 0.807906 0.768808 0.00563522 2.82022s
372 0.807906 0.780854 0.00511138 2.86477s
373 0.807906 0.777576 0.00602312 2.82418s
374 0.807906 0.772244 0.00660951 2.84636s
375 0.807906 0.783846 0.00428281 2.87374s
376 0.807906 0.782383 0.00455111 2.81483s
377 0.807906 0.78596 0.00402634 2.80074s
378 0.807906 0.774453 0.00581281 2.87114s
379 0.807906 0.782446 0.00466954 2.85061s
380 0.807906 0.779613 0.00513157 2.80631s
381 0.807906 0.728418 0.00744864 2.79151s
382 0.807906 0.723108 0.00804063 2.76939s
383 0.807906 0.727569 0.00671991 2.76912s
384 0.807906 0.729787 0.00627807 2.83104s
385 0.807906 0.721251 0.00716149 2.80699s
386 0.807906 0.717969 0.00777759 2.7934s
387 0.807906 0.731023 0.00541505 2.83391s
388 0.807906 0.727881 0.00588765 2.78219s
389 0.807906 0.736076 0.00468257 2.83543s
390 0.807906 0.730046 0.00522621 2.81637s
391 0.807906 0.770169 0.00525983 2.82367s
392 0.807906 0.795366 0.00236757 2.78226s
393 0.807906 0.77975 0.00503735 2.85829s
394 0.807906 0.78383 0.00436548 2.81455s
395 0.807906 0.789912 0.00309368 2.77851s
396 0.807906 0.786493 0.00373078 2.82767s
397 0.807906 0.770904 0.00728194 2.79526s
398 0.807906 0.791343 0.00308017 2.76554s
399 0.807906 0.772189 0.00718232 2.81155s
400 0.807906 0.764246 0.00729139 2.81464s
401 0.807906 0.725079 0.0075849 2.79008s
402 0.807906 0.730538 0.00703484 2.85731s
403 0.807906 0.724062 0.00808067 2.83219s
404 0.807906 0.734412 0.00570575 2.78127s
405 0.807906 0.722023 0.00695457 2.88176s
406 0.807906 0.728007 0.00568826 2.77934s
407 0.807906 0.731841 0.00494302 2.81783s
408 0.807906 0.720033 0.00667127 2.81612s
409 0.807906 0.72533 0.00623459 2.78979s
410 0.807906 0.717629 0.00734397 2.8344s
411 0.807906 0.779625 0.00356145 2.83642s
412 0.807906 0.775172 0.00646823 2.77411s
413 0.807906 0.775125 0.00627639 2.86002s
414 0.807906 0.783699 0.00444819 2.81733s
415 0.807906 0.778769 0.00564366 2.78287s
416 0.807906 0.78001 0.00518176 2.79022s
417 0.807906 0.779038 0.00546699 2.81301s
418 0.807906 0.778736 0.00593767 2.78952s
419 0.807906 0.783235 0.00452373 2.81673s
420 0.807906 0.780267 0.00486237 2.77875s
421 0.807906 0.729897 0.00769102 2.8029s
422 0.807906 0.707322 0.0091497 2.85043s
423 0.807906 0.727848 0.00589278 3.83308s
424 0.807906 0.7339 0.00513534 2.83453s
425 0.807906 0.734871 0.0048813 2.75533s
426 0.807906 0.733641 0.00521915 2.83644s
427 0.807906 0.72742 0.00600648 2.83002s
428 0.807906 0.719546 0.00705028 2.81835s
429 0.807906 0.733357 0.00453942 2.84669s
430 0.807906 0.725614 0.00643627 2.77688s
431 0.807906 0.766781 0.00574992 2.84214s
432 0.807906 0.777191 0.00591159 2.82728s
433 0.807906 0.774682 0.00684874 2.79537s
434 0.807906 0.783075 0.00487671 2.78131s
435 0.807906 0.786072 0.00432221 2.7721s
436 0.807906 0.790175 0.00349101 2.8591s
437 0.807906 0.771912 0.00678018 2.80698s
438 0.807906 0.791631 0.00345954 2.80395s
439 0.807906 0.783758 0.00441004 2.80678s
440 0.807906 0.790914 0.00349562 2.81961s
441 0.807906 0.738588 0.00517357 2.80993s
442 0.807906 0.729483 0.0066279 2.80696s
443 0.807906 0.732228 0.00566949 2.82116s
444 0.807906 0.730749 0.00556112 2.85474s
445 0.807906 0.73656 0.00463379 2.88507s
446 0.807906 0.729209 0.00563632 2.77801s
447 0.807906 0.730677 0.00517613 2.8206s
448 0.807906 0.727025 0.00570045 2.79814s
449 0.807906 0.723917 0.0062958 2.79445s
450 0.807906 0.725726 0.00602286 2.78379s
451 0.807906 0.777192 0.00362377 2.84757s
452 0.807906 0.769784 0.00761414 2.7935s
453 0.807906 0.787168 0.00396341 2.83458s
454 0.807906 0.781288 0.0051853 2.80995s
455 0.807906 0.781571 0.0051763 2.81657s
456 0.807906 0.766913 0.00727502 2.82835s
457 0.807906 0.78737 0.00370042 2.73798s
458 0.807906 0.772844 0.00667484 2.78281s
459 0.807906 0.779878 0.0052484 2.78455s
460 0.807906 0.784877 0.00427451 2.88413s
461 0.807906 0.725181 0.00808633 2.82449s
462 0.807906 0.732181 0.00601279 2.76436s
463 0.807906 0.722379 0.0073789 2.79177s
464 0.807906 0.71999 0.00765635 2.80908s
465 0.807906 0.724764 0.00716368 2.79897s
466 0.807906 0.720345 0.00689673 2.81494s
467 0.807906 0.723396 0.00709774 2.79506s
468 0.807906 0.741362 0.003249 2.87472s
469 0.807906 0.723641 0.00586363 2.81274s
470 0.807906 0.720633 0.00648181 2.88085s
471 0.807906 0.76115 0.00646187 2.79224s
472 0.807906 0.792187 0.00321086 2.78791s
473 0.807906 0.777066 0.00595859 2.78831s
474 0.807906 0.770764 0.00728905 2.84841s
475 0.807906 0.778968 0.00586144 2.87001s
476 0.807906 0.787992 0.00392411 2.89539s
477 0.807906 0.775745 0.00614207 2.84473s
478 0.807906 0.775859 0.006526 2.82275s
479 0.807906 0.784449 0.00416557 2.83323s
480 0.807906 0.788572 0.00350979 2.82099s
481 0.807906 0.727427 0.00733263 2.76519s
482 0.807906 0.733722 0.00561617 2.75913s
483 0.807906 0.725761 0.00699635 2.75699s
484 0.807906 0.71865 0.00777342 2.86106s
485 0.807906 0.739582 0.0042835 2.79911s
486 0.807906 0.722506 0.00729676 2.80623s
487 0.807906 0.740025 0.0037457 2.79348s
488 0.807906 0.719097 0.00704577 2.80608s
489 0.807906 0.725241 0.00607919 2.85295s
490 0.807906 0.735776 0.00451334 2.81088s
491 0.807906 0.77789 0.00380553 2.83306s
492 0.807906 0.770922 0.00685909 2.80378s
493 0.807906 0.774224 0.00649222 2.81098s
494 0.807906 0.782271 0.004815 2.83585s
495 0.807906 0.772558 0.00639032 2.80525s
496 0.807906 0.784548 0.00406735 2.82957s
497 0.807906 0.789593 0.00330997 2.83991s
498 0.807906 0.788139 0.0040268 2.79333s
499 0.807906 0.7902 0.00353406 2.81684s
500 0.807906 0.786334 0.00404045 2.8443s
501 0.807906 0.742986 0.00481191 2.78892s
502 0.807906 0.728488 0.00676687 2.84929s
503 0.807906 0.722223 0.00711594 2.80374s
504 0.807906 0.73453 0.00510215 2.81279s
505 0.807906 0.735679 0.00490772 2.7709s
506 0.807906 0.733936 0.0045872 2.79937s
507 0.807906 0.724344 0.00612269 2.82781s
508 0.807906 0.72773 0.00581243 2.78582s
509 0.807906 0.727038 0.00538849 2.76597s
510 0.807906 0.716777 0.00755399 2.81334s
511 0.807906 0.765685 0.00611551 2.83949s
512 0.807906 0.790682 0.00319715 2.83331s
513 0.807906 0.778455 0.00543032 2.76724s
514 0.807906 0.782829 0.00460733 2.83852s
515 0.807906 0.775852 0.00613358 2.85s
516 0.807906 0.79292 0.00259086 2.79278s
517 0.807906 0.776676 0.0057435 2.8731s
518 0.807906 0.791304 0.0030045 2.78744s
519 0.807906 0.785133 0.00395563 2.78565s
520 0.807906 0.783194 0.0046753 2.81702s
521 0.807906 0.724974 0.00809131 2.77155s
522 0.807906 0.733668 0.00527381 2.78957s
523 0.807906 0.727711 0.00659541 2.83822s
524 0.807906 0.731657 0.00583524 2.83668s
525 0.807906 0.725646 0.00624514 2.77428s
526 0.807906 0.723684 0.00727328 2.77683s
527 0.807906 0.723483 0.00638719 2.79391s
528 0.807906 0.722292 0.00623385 2.86694s
529 0.807906 0.726314 0.00550617 2.80953s
530 0.807906 0.71731 0.00674659 2.77703s
531 0.807906 0.775709 0.00398281 2.85683s
532 0.807906 0.77125 0.0069463 2.80666s
533 0.807906 0.781355 0.00471513 2.83991s
534 0.807906 0.779319 0.00477799 2.78003s
535 0.807906 0.791904 0.00285534 2.83126s
536 0.807906 0.763317 0.00861703 2.80843s
537 0.807906 0.780647 0.00499343 2.8051s
538 0.807906 0.785646 0.00462621 2.78806s
539 0.807906 0.774111 0.0062766 2.78052s
540 0.807906 0.788762 0.00372361 2.8381s
541 0.807906 0.739773 0.00530789 2.82528s
542 0.807906 0.723344 0.00807885 2.78238s
543 0.807906 0.729366 0.0071662 2.80113s
544 0.807906 0.73107 0.00610899 2.79482s
545 0.807906 0.726259 0.00635469 2.8089s
546 0.807906 0.730558 0.00569667 2.84426s
547 0.807906 0.731412 0.00543018 2.77635s
548 0.807906 0.724091 0.00651186 2.83159s
549 0.807906 0.724818 0.0062287 2.79959s
550 0.807906 0.719462 0.00679577 2.81269s
551 0.807906 0.774171 0.00440014 2.7616s
552 0.807906 0.779675 0.0053971 2.77065s
553 0.807906 0.774233 0.0063156 2.80048s
554 0.807906 0.779855 0.00499204 2.8253s
555 0.807906 0.787909 0.00400102 2.79305s
556 0.807906 0.781667 0.00460166 2.83711s
557 0.807906 0.775006 0.00633636 2.8657s
558 0.807906 0.785348 0.00413319 2.75443s
559 0.807906 0.77637 0.00571309 2.748s
560 0.807906 0.785448 0.00442149 2.78999s
561 0.807906 0.72281 0.00853086 2.79998s
562 0.807906 0.731572 0.00610358 2.8382s
563 0.807906 0.716215 0.00856591 2.77195s
564 0.807906 0.729395 0.00570704 2.874s
565 0.807906 0.726743 0.00651735 2.76901s
566 0.807906 0.721617 0.00715114 2.80923s
567 0.807906 0.72858 0.0051858 2.80244s
568 0.807906 0.720277 0.00714369 2.82767s
569 0.807906 0.717765 0.0078267 2.77675s
570 0.807906 0.724778 0.00638593 2.792s
571 0.807907 0.780387 0.00343898 2.85104s
572 0.807907 0.795216 0.00229816 2.7878s
573 0.807951 0.778242 0.00509545 2.78227s
574 0.807951 0.769862 0.00710217 2.77289s
575 0.807951 0.770387 0.00685027 2.79907s
576 0.807951 0.781304 0.00500959 2.82675s
577 0.807951 0.779202 0.0054535 2.76322s
578 0.807951 0.765876 0.00801967 2.77519s
579 0.807951 0.776229 0.00586947 2.81814s
580 0.807951 0.770053 0.00691966 2.84522s
581 0.807951 0.718963 0.00877422 2.85258s
582 0.807951 0.722892 0.00674163 2.78875s
583 0.807951 0.725711 0.00633222 2.82712s
584 0.807951 0.728223 0.00615962 2.7941s
585 0.807951 0.714535 0.00819344 2.78292s
586 0.807951 0.731053 0.00598963 2.8151s
587 0.807951 0.730772 0.00537202 2.85016s
588 0.807951 0.720793 0.00675931 2.79264s
589 0.807951 0.721013 0.00656082 2.80837s
590 0.807951 0.717788 0.00698731 2.84358s
591 0.807951 0.772606 0.00449764 2.80367s
592 0.807951 0.789691 0.00348854 2.85354s
593 0.807951 0.778478 0.00522567 2.77738s
594 0.807951 0.791433 0.00318009 2.8362s
595 0.807951 0.779466 0.00542795 2.77826s
596 0.807951 0.780552 0.00526338 2.7545s
597 0.807951 0.788762 0.00368021 2.78622s
598 0.807951 0.793513 0.00239587 2.82447s
599 0.807951 0.788153 0.00386883 2.77667s
600 0.807951 0.776497 0.00579535 2.7922s
601 0.807951 0.74015 0.00458712 2.80555s
602 0.807951 0.731885 0.00580896 2.8091s
603 0.807951 0.74241 0.00391219 2.79687s
604 0.807951 0.731039 0.00590585 2.82189s
605 0.807951 0.729247 0.00576996 2.80562s
606 0.807951 0.732934 0.00568359 2.80321s
607 0.807951 0.719183 0.00697411 2.79882s
608 0.807951 0.726169 0.00575434 2.84823s
609 0.807951 0.723077 0.00667605 2.76992s
610 0.807951 0.730398 0.00529548 2.85412s
611 0.807951 0.76734 0.0053907 2.78834s
612 0.807951 0.783571 0.00424625 2.87314s
613 0.807951 0.786452 0.00402142 2.87663s
614 0.807951 0.78267 0.00505027 2.78289s
615 0.807951 0.771546 0.00750945 2.80487s
616 0.807951 0.779054 0.00560797 2.83113s
617 0.807951 0.789615 0.00324812 2.81925s
618 0.807951 0.775782 0.00641772 2.77588s
619 0.807951 0.792971 0.0027387 2.8395s
620 0.807951 0.782511 0.00498318 2.82504s
621 0.807951 0.730014 0.00694382 2.87455s
622 0.807951 0.724236 0.00786219 2.77632s
623 0.807951 0.723245 0.00745266 2.84893s
624 0.807951 0.722256 0.00718522 2.80335s
625 0.807951 0.717919 0.0079974 2.82675s
626 0.807951 0.726795 0.00604975 2.79003s
627 0.807951 0.726087 0.00669821 2.76611s
628 0.807951 0.743346 0.0035003 2.84526s
629 0.807951 0.72213 0.00687527 2.78946s
630 0.807951 0.729624 0.00541793 2.88165s
631 0.807951 0.77588 0.0040928 2.82712s
632 0.807951 0.776986 0.00584172 2.82384s
633 0.807951 0.797816 0.00173942 2.77415s
634 0.807951 0.774181 0.0064821 2.80363s
635 0.807951 0.768851 0.00664972 2.84241s
636 0.807951 0.783146 0.00421966 2.78548s
637 0.807951 0.782487 0.004824 2.86212s
638 0.807951 0.787951 0.00366418 3.85811s
639 0.807951 0.785578 0.00403153 2.81561s
640 0.807951 0.780872 0.00510631 2.82188s
641 0.807951 0.722469 0.00891488 2.75366s
642 0.807951 0.729557 0.00602311 2.843s
643 0.807951 0.722011 0.00731766 2.79208s
644 0.807951 0.723665 0.00667834 2.8544s
645 0.807951 0.721758 0.0072684 2.77362s
646 0.807951 0.726183 0.00626338 2.80073s
647 0.807951 0.719105 0.00714853 2.80856s
648 0.807951 0.726975 0.00606412 2.83304s
649 0.807951 0.719486 0.00685175 2.78576s
650 0.807951 0.730587 0.00557707 2.80633s
651 0.807951 0.761611 0.00668739 2.87764s
652 0.807951 0.796465 0.00214517 2.76485s
653 0.807951 0.787418 0.00382256 2.84122s
654 0.807951 0.789131 0.00379163 2.79721s
655 0.807951 0.778145 0.00572235 2.75581s
656 0.807951 0.776836 0.00591486 2.83073s
657 0.807951 0.768898 0.00736768 2.77488s
658 0.807951 0.797439 0.00178622 2.77745s
659 0.807951 0.789463 0.00357365 2.77398s
660 0.807951 0.765475 0.00775083 2.86297s
661 0.807951 0.732286 0.00625588 2.83637s
662 0.807951 0.738298 0.00524179 2.79545s
663 0.807951 0.734207 0.0056144 2.7849s
664 0.807951 0.737278 0.0050044 2.79448s
665 0.807951 0.725509 0.00680079 2.81104s
666 0.807951 0.736123 0.00471582 2.78755s
667 0.807951 0.723267 0.00628871 2.82084s
668 0.807951 0.724776 0.00650518 2.8418s
669 0.807951 0.725049 0.00706657 2.78188s
670 0.807951 0.722779 0.00674832 2.84629s
671 0.807951 0.776737 0.00415863 2.82209s
672 0.807951 0.779807 0.00541764 2.84329s
673 0.807951 0.785765 0.00403216 2.78686s
674 0.807951 0.786967 0.00435063 2.79418s
675 0.807951 0.778173 0.0056461 2.8077s
676 0.807951 0.771547 0.0069441 2.7873s
677 0.807951 0.784641 0.00412451 2.85301s
678 0.807951 0.775726 0.00668737 2.89391s
679 0.807951 0.782526 0.00480555 2.79749s
680 0.807951 0.790054 0.00321262 2.8337s
681 0.807951 0.732905 0.00671998 2.84339s
682 0.807951 0.731051 0.00614737 2.85561s
683 0.807951 0.729703 0.00670373 3.00294s
684 0.807951 0.71821 0.0081455 2.85323s
685 0.807951 0.724319 0.00661116 2.78337s
686 0.807951 0.717037 0.0074977 2.80229s
687 0.807951 0.726628 0.00595168 2.91834s
688 0.807951 0.721408 0.0067786 2.7989s
689 0.807951 0.722817 0.00690911 2.76803s
690 0.807951 0.725998 0.00578406 2.75628s
691 0.807951 0.783162 0.00267861 2.75863s
692 0.807951 0.77786 0.00504933 2.80795s
693 0.807951 0.766686 0.00773003 2.8318s
694 0.807951 0.779445 0.00528861 2.80767s
695 0.807951 0.777754 0.00541757 2.75707s
696 0.807951 0.788777 0.00335217 2.80319s
697 0.807951 0.78572 0.00403965 2.7642s
698 0.807951 0.792029 0.0030834 2.70791s
699 0.807951 0.773291 0.00617652 2.7672s
700 0.807951 0.778832 0.0055232 2.71354s
701 0.807951 0.746681 0.00427228 2.76679s
702 0.807951 0.72125 0.00745136 2.75068s
703 0.807951 0.739327 0.00446844 2.77157s
704 0.807951 0.735694 0.00518135 2.72244s
705 0.807951 0.713471 0.00856477 2.76526s
706 0.807951 0.731154 0.00558756 2.77644s
707 0.807951 0.724927 0.00596065 2.76012s
708 0.807951 0.721513 0.00684997 2.7328s
709 0.807951 0.726306 0.00580099 2.82728s
710 0.807951 0.737904 0.0038394 2.73082s
711 0.807951 0.768537 0.00535756 2.766s
712 0.807951 0.788772 0.00352055 2.752s
713 0.807951 0.778423 0.00554338 2.71634s
714 0.807951 0.778805 0.00523601 2.81484s
715 0.807951 0.793503 0.00270707 2.72721s
716 0.807951 0.781554 0.00515766 2.77893s
717 0.807951 0.784729 0.00429377 2.78855s
718 0.807951 0.786567 0.00403383 2.71005s
719 0.807951 0.788058 0.00412001 2.77352s
720 0.807951 0.779342 0.00513744 2.77853s
721 0.807951 0.733368 0.00564661 2.69993s
722 0.807951 0.73212 0.00621626 2.70685s
723 0.807951 0.732052 0.00584068 2.72179s
724 0.807951 0.714338 0.00821152 2.80413s
725 0.807951 0.719175 0.00766945 2.79085s
726 0.807951 0.730441 0.00505797 2.76936s
727 0.807951 0.73838 0.00465978 2.7586s
728 0.807951 0.727751 0.00531023 2.78305s
729 0.807951 0.725358 0.00597489 2.70957s
730 0.807951 0.719444 0.00624149 2.82723s
731 0.807951 0.771644 0.00494038 2.73003s
732 0.807951 0.780244 0.005174 2.81268s
733 0.807951 0.783676 0.00444145 2.71659s
734 0.807951 0.790846 0.00329584 2.77381s
735 0.807951 0.782448 0.00520119 2.76367s
736 0.807951 0.773169 0.00673289 2.79195s
737 0.807951 0.76796 0.00771352 2.75923s
738 0.807951 0.783959 0.00405552 2.71028s
739 0.807951 0.788199 0.003611 2.72942s
740 0.807951 0.783536 0.00462267 2.805s
741 0.807951 0.744268 0.00460764 2.76806s
742 0.807951 0.726276 0.00721015 2.76233s
743 0.807951 0.725783 0.006455 2.77359s
744 0.807951 0.73166 0.00516119 2.71429s
745 0.807951 0.72169 0.00751855 2.73497s
746 0.807951 0.73255 0.00572175 2.75525s
747 0.807951 0.711178 0.00767382 2.7706s
748 0.807951 0.726613 0.00635105 2.77276s
749 0.807951 0.733704 0.00447642 2.7098s
750 0.807951 0.720904 0.00747048 2.7212s
751 0.808492 0.774631 0.00425593 2.77036s
752 0.808492 0.791447 0.00339797 2.77831s
753 0.808492 0.766596 0.00808988 2.7269s
754 0.808492 0.779418 0.00534882 2.73388s
755 0.808492 0.770622 0.00627881 2.76342s
756 0.808492 0.767608 0.00746431 2.74069s
757 0.808492 0.7661 0.00756536 2.77312s
758 0.808492 0.792881 0.00287168 2.71429s
759 0.808492 0.780312 0.00531294 2.75029s
760 0.808492 0.779623 0.00498359 2.76107s
761 0.808492 0.72723 0.00621497 2.77212s
762 0.808492 0.72769 0.00643026 2.79401s
763 0.808492 0.733916 0.00479846 2.71276s
764 0.808492 0.724195 0.00550658 2.78176s
765 0.808492 0.730517 0.00429673 2.74618s
766 0.808492 0.717722 0.0064993 2.74376s
767 0.808492 0.717879 0.00652195 2.83277s
768 0.808492 0.722173 0.00527853 2.71422s
769 0.808492 0.711183 0.00724248 2.7636s
770 0.808492 0.722189 0.00551337 2.81669s
771 0.808492 0.773304 0.00457008 2.74976s
772 0.808492 0.785426 0.00418156 2.75928s
773 0.808492 0.783469 0.00431834 2.73172s
774 0.808492 0.772055 0.00679402 2.76595s
775 0.808493 0.770367 0.0073752 2.70438s
776 0.808511 0.769471 0.007296 2.7115s
777 0.808511 0.786832 0.00392604 2.76254s
778 0.808511 0.773978 0.00682536 2.74897s
779 0.808511 0.787996 0.00362829 2.74279s
780 0.808511 0.755476 0.0100283 2.76549s
781 0.808511 0.734712 0.00522075 2.74875s
782 0.808511 0.727081 0.00604686 2.7728s
783 0.808511 0.719917 0.00688644 2.74766s
784 0.808511 0.723723 0.00587715 2.77679s
785 0.808511 0.721439 0.00671571 2.73177s
786 0.808511 0.729881 0.00465405 2.7343s
787 0.808511 0.71154 0.00765654 2.78643s
788 0.808511 0.729389 0.00521209 2.75314s
789 0.808511 0.722168 0.0059997 2.73726s
790 0.808511 0.722993 0.00582636 2.78147s
791 0.808511 0.764117 0.00595185 2.75489s
792 0.808511 0.774891 0.00638425 2.76724s
793 0.808511 0.783117 0.00454855 2.69826s
794 0.808511 0.774717 0.00656095 2.78436s
795 0.808511 0.791591 0.0031636 2.77795s
796 0.808511 0.790126 0.00377004 2.74725s
797 0.808511 0.777543 0.00579892 2.74262s
798 0.808511 0.773677 0.00643452 2.72477s
799 0.808511 0.770575 0.0075463 2.72589s
800 0.808511 0.774224 0.00627486 2.70962s
801 0.808511 0.724721 0.00757961 2.76932s
802 0.808511 0.72909 0.00594892 2.72368s
803 0.808511 0.709159 0.00870404 2.71235s
804 0.808511 0.721325 0.00702769 2.78228s
805 0.808511 0.741499 0.00327509 2.79226s
806 0.808511 0.728784 0.00521552 2.74376s
807 0.808511 0.717751 0.00644193 2.75677s
808 0.808511 0.714681 0.00762828 2.76269s
809 0.808511 0.727346 0.00483864 2.6946s
810 0.808511 0.713563 0.00676191 2.76766s
811 0.808511 0.777023 0.0037088 2.71888s
812 0.808511 0.78607 0.00405226 2.82758s
813 0.808511 0.792723 0.00269191 2.72465s
814 0.808511 0.778039 0.00566074 2.71904s
815 0.808511 0.777381 0.0058203 2.72491s
816 0.808511 0.785038 0.00468964 2.70427s
817 0.808511 0.770865 0.00690339 2.77373s
818 0.808511 0.782256 0.00468319 2.73397s
819 0.808511 0.775023 0.00580646 2.75764s
820 0.808511 0.782323 0.00485963 2.7218s
821 0.808511 0.727276 0.00657014 2.81809s
822 0.808511 0.727203 0.00633821 2.70537s
823 0.808511 0.727124 0.00591473 2.79955s
824 0.808511 0.720137 0.00630018 2.7605s
825 0.808511 0.716468 0.00704239 2.80168s
826 0.808511 0.724452 0.00555751 2.78362s
827 0.808511 0.723231 0.00585839 2.7563s
828 0.808511 0.727003 0.00508837 2.77597s
829 0.808511 0.720215 0.00598412 2.77094s
830 0.808511 0.729588 0.0044719 2.74897s
831 0.808511 0.780805 0.00299743 2.71849s
832 0.808511 0.785012 0.00428563 2.79121s
833 0.808511 0.770128 0.0072315 2.80135s
834 0.808511 0.786523 0.0044761 2.73844s
835 0.808511 0.785446 0.00418014 2.71708s
836 0.808511 0.782518 0.00425813 2.79795s
837 0.808511 0.792353 0.00291639 2.76608s
838 0.808511 0.786185 0.00445484 2.71048s
839 0.808511 0.775295 0.00648686 2.75662s
840 0.808511 0.780952 0.0050623 2.79357s
841 0.808511 0.723484 0.00710995 2.70946s
842 0.808511 0.71616 0.0080621 2.72584s
843 0.808511 0.722696 0.00651692 2.76751s
844 0.808511 0.730859 0.00492978 2.74406s
845 0.808511 0.721126 0.00653433 2.73791s
846 0.808511 0.720828 0.0060148 2.71226s
847 0.808511 0.718781 0.00587332 2.71442s
848 0.808511 0.722705 0.00492849 2.77882s
849 0.808511 0.723145 0.00536009 2.70032s
850 0.808511 0.715365 0.00658672 2.7852s
851 0.808511 0.767129 0.00542167 2.77521s
852 0.808511 0.76762 0.00818421 2.73556s
853 0.808511 0.788146 0.00415707 2.8147s
854 0.808511 0.77802 0.00633643 2.75148s
855 0.808511 0.781153 0.00498469 2.76071s
856 0.808511 0.774404 0.00622713 3.7895s
857 0.808511 0.769113 0.0076234 2.76413s
858 0.808511 0.788042 0.00346573 2.78057s
859 0.808511 0.774067 0.00602614 2.75641s
860 0.808511 0.782581 0.00459613 2.8392s
861 0.808511 0.73346 0.00610722 2.74512s
862 0.808511 0.723431 0.00656308 2.75375s
863 0.808511 0.724497 0.00634019 2.75593s
864 0.808511 0.718526 0.00730882 2.73938s
865 0.808511 0.721554 0.00616295 2.77956s
866 0.808511 0.736631 0.00355017 2.73517s
867 0.808511 0.711478 0.00736291 2.71239s
868 0.808511 0.726081 0.00508124 2.78993s
869 0.808511 0.721852 0.00572399 2.72829s
870 0.808511 0.722169 0.00583464 2.83103s
871 0.808511 0.769098 0.00522538 2.74351s
872 0.808511 0.778661 0.00551714 2.78509s
873 0.808511 0.776845 0.00587623 2.73483s
874 0.808511 0.778617 0.00559489 2.78034s
875 0.808511 0.785317 0.00473916 2.75936s
876 0.808511 0.782773 0.00471384 2.73095s
877 0.808511 0.772808 0.00657123 2.77954s
878 0.808511 0.772606 0.00692803 2.69378s
879 0.808511 0.790113 0.00345034 2.70749s
880 0.808511 0.771095 0.00701431 2.78729s
881 0.808511 0.725184 0.0074155 2.70154s
882 0.808511 0.718842 0.00743692 2.78642s
883 0.808511 0.72629 0.00585273 2.77351s
884 0.808511 0.718006 0.00690864 2.72391s
885 0.808511 0.722605 0.00609668 2.75442s
886 0.808511 0.718678 0.00635655 2.76868s
887 0.808511 0.723163 0.00575691 2.7279s
888 0.808511 0.714897 0.00700032 2.79197s
889 0.808511 0.717011 0.00668141 2.71074s
890 0.808511 0.720322 0.00599894 2.75029s
891 0.808511 0.769102 0.00526356 2.75706s
892 0.808511 0.794996 0.00214144 2.72433s
893 0.808511 0.78868 0.00396987 2.80196s
894 0.808511 0.78158 0.00534366 2.98588s
895 0.808511 0.776125 0.00593047 2.86564s
896 0.808511 0.786994 0.00420274 2.81334s
897 0.808511 0.78237 0.0049774 3.44866s
898 0.808511 0.786191 0.00428704 2.77494s
899 0.808511 0.786702 0.00428943 2.77481s
900 0.808511 0.779225 0.00580872 2.74268s
901 0.808511 0.729877 0.00616287 2.79204s
902 0.808511 0.725509 0.00633165 2.76278s
903 0.808511 0.718563 0.00766958 2.79974s
904 0.808511 0.725488 0.0060652 2.72113s
905 0.808511 0.706278 0.00893899 2.75877s
906 0.808511 0.72454 0.00565272 2.75963s
907 0.808511 0.718453 0.00670715 2.71901s
908 0.808511 0.714617 0.00621509 2.80316s
909 0.808511 0.725905 0.00464192 2.78204s
910 0.808511 0.724518 0.00489918 2.71898s
911 0.808511 0.759535 0.00693304 2.79268s
912 0.808511 0.784511 0.00437254 2.71246s
913 0.808511 0.766276 0.00762742 2.73434s
914 0.808511 0.775893 0.00567008 2.76722s
915 0.808511 0.782615 0.00493177 2.70235s
916 0.808511 0.788384 0.00373464 2.81142s
917 0.808511 0.786067 0.00467864 2.77654s
918 0.808511 0.777166 0.00593603 2.76413s
919 0.808511 0.776758 0.00596332 2.70003s
920 0.808511 0.793939 0.00277668 2.70753s
921 0.808511 0.734162 0.00568025 2.76324s
922 0.808511 0.72538 0.00631433 2.73144s
923 0.808511 0.722429 0.00618322 2.77251s
924 0.808511 0.718124 0.00716295 2.71955s
925 0.808511 0.723731 0.00599395 2.83743s
926 0.808511 0.725003 0.00520463 2.71732s
927 0.808511 0.71988 0.00660425 2.78022s
928 0.808511 0.720488 0.00656093 2.73118s
929 0.808511 0.711428 0.00665679 2.72179s
930 0.808511 0.717782 0.00614772 2.78768s
931 0.808511 0.76899 0.00576075 2.76114s
932 0.808511 0.79965 0.00161628 2.71596s
933 0.808511 0.780032 0.0051384 2.80441s
934 0.808511 0.785579 0.00437269 2.77304s
935 0.808511 0.788149 0.00386074 2.73861s
936 0.808511 0.769516 0.00680247 2.71364s
937 0.808511 0.78064 0.00519592 2.7526s
938 0.808511 0.764571 0.00844965 2.71515s
939 0.808511 0.789725 0.0031726 2.75089s
940 0.808511 0.782306 0.00469876 2.73375s
941 0.808511 0.719418 0.00824614 2.73801s
942 0.808511 0.734676 0.00490249 2.73216s
943 0.808511 0.722517 0.00641732 2.73665s
944 0.808511 0.720676 0.0067847 2.71624s
945 0.808511 0.721706 0.00627635 2.80113s
946 0.808511 0.72015 0.00556203 2.74987s
947 0.808511 0.717002 0.00641722 2.75533s
948 0.808511 0.722198 0.00569694 2.76413s
949 0.808511 0.718083 0.0067883 2.73999s
950 0.808511 0.726466 0.00489508 2.80003s
951 0.808511 0.762235 0.00652719 2.76422s
952 0.808511 0.782424 0.00503088 2.79163s
953 0.808511 0.793784 0.00250389 2.76123s
954 0.808511 0.78913 0.00378595 2.70537s
955 0.808511 0.766668 0.00768871 2.79467s
956 0.808511 0.780589 0.00597616 2.71564s
957 0.808511 0.795713 0.00236727 2.819s
958 0.808511 0.782749 0.00489429 2.71004s
959 0.808511 0.792135 0.00288636 2.69851s
960 0.808511 0.772123 0.00701876 2.72343s
961 0.808511 0.732989 0.00559307 2.74707s
962 0.808511 0.728086 0.00594104 2.70491s
963 0.808511 0.722329 0.00696664 2.73636s
964 0.808511 0.717999 0.00711863 2.80066s
965 0.808511 0.719489 0.00659513 2.78223s
966 0.808511 0.71001 0.00857294 2.74603s
967 0.808511 0.725142 0.00560468 2.76402s
968 0.808511 0.716203 0.00674955 2.7112s
969 0.808511 0.720469 0.00607796 2.76205s
970 0.808511 0.726806 0.00533122 2.73472s
971 0.808511 0.771713 0.00557385 2.7119s
972 0.808511 0.789583 0.00344466 2.75285s
973 0.808511 0.778466 0.00570129 2.71481s
974 0.808511 0.787495 0.0039582 2.71957s
975 0.808511 0.782637 0.00512467 2.86188s
976 0.808511 0.790354 0.00329047 2.71978s
977 0.808511 0.771614 0.00711598 2.76234s
978 0.808511 0.776631 0.00538153 2.75623s
979 0.808511 0.788194 0.00390967 2.71483s
980 0.808511 0.789992 0.00316976 2.74014s
981 0.808511 0.726119 0.00733836 2.8143s
982 0.808511 0.730832 0.00566461 2.74352s
983 0.808511 0.720304 0.00693038 2.73393s
984 0.808511 0.724193 0.0061498 2.76742s
985 0.808511 0.717717 0.00698474 2.72024s
986 0.808511 0.715933 0.00734331 2.76292s
987 0.808511 0.733408 0.00439328 2.73271s
988 0.808511 0.718275 0.00640649 2.73218s
989 0.808511 0.720137 0.00606409 2.81015s
990 0.808511 0.715371 0.00666532 2.70487s
991 0.808511 0.759353 0.00765739 2.78354s
992 0.808511 0.774085 0.00656147 2.74708s
993 0.808511 0.776872 0.00603256 2.70285s
994 0.808511 0.790329 0.00352416 2.70925s
995 0.808511 0.792864 0.00272828 2.76154s
996 0.808511 0.780001 0.00521176 2.75913s
997 0.808511 0.783238 0.00470923 2.72826s
998 0.808511 0.772304 0.00701325 2.79531s
999 0.808511 0.774413 0.00578475 2.70947s
1000 0.808511 0.789131 0.00338555 2.80179s
1001 0.808511 0.729275 0.00661555 2.72835s
1002 0.808511 0.731705 0.00538984 2.75666s
1003 0.808511 0.722502 0.00659796 2.78021s
1004 0.808511 0.722449 0.00618829 2.73807s
1005 0.808511 0.727117 0.0054358 2.75519s
1006 0.808511 0.726129 0.00536175 2.70101s
1007 0.808511 0.7163 0.00669908 2.78427s
1008 0.808511 0.721869 0.00600282 2.72111s
1009 0.808511 0.71592 0.00686495 2.7622s
1010 0.808511 0.713083 0.00675351 2.72419s
1011 0.808511 0.774877 0.00470547 2.71374s
1012 0.808511 0.780367 0.00489526 2.76454s
1013 0.808511 0.773631 0.00613826 2.71814s
1014 0.808511 0.782224 0.00514064 2.77067s
1015 0.808511 0.781746 0.00483717 2.71954s
1016 0.808511 0.778507 0.00575467 2.78262s
1017 0.808511 0.780222 0.00534681 2.75172s
1018 0.808511 0.773448 0.00658574 2.72842s
1019 0.808511 0.784778 0.00459751 2.71046s
1020 0.808511 0.789871 0.00348609 2.7589s
1021 0.808511 0.734717 0.00532126 2.79795s
1022 0.808511 0.727026 0.00620623 2.71134s
1023 0.808511 0.723097 0.00657256 2.76943s
1024 0.808511 0.726889 0.0055054 2.78048s
1025 0.808511 0.713711 0.00675925 2.75853s
1026 0.808511 0.727616 0.00499883 2.75529s
1027 0.808511 0.724978 0.00506438 2.76197s
1028 0.808511 0.707548 0.00779654 2.76385s
1029 0.808511 0.723559 0.0055443 2.71992s
1030 0.808511 0.723509 0.00549297 2.76024s
1031 0.808511 0.763657 0.00588676 2.75269s
1032 0.808511 0.778968 0.00591751 2.74044s
1033 0.808511 0.787387 0.00370012 2.76075s
1034 0.808511 0.783176 0.00470746 2.70989s
1035 0.808511 0.785311 0.00451576 2.78507s
1036 0.808511 0.793723 0.00290337 2.74144s
1037 0.808511 0.775162 0.00593422 2.74285s
1038 0.808511 0.7674 0.00793163 2.7s
1039 0.808511 0.779433 0.00491979 2.81598s
1040 0.808511 0.769342 0.00658928 2.74607s
1041 0.808511 0.720512 0.00800133 2.71723s
1042 0.808511 0.732543 0.00510846 2.79294s
1043 0.808511 0.731559 0.00498522 2.73181s
1044 0.808511 0.729173 0.00546089 2.71699s
1045 0.808511 0.720588 0.00607333 2.763s
1046 0.808511 0.724862 0.005379 2.76994s
1047 0.808511 0.722589 0.00561269 2.76672s
1048 0.808511 0.721637 0.00622869 2.72542s
1049 0.808511 0.716862 0.00678691 2.75185s
1050 0.808511 0.7123 0.00748363 2.77953s
1051 0.808511 0.757663 0.00713905 2.72226s
1052 0.808511 0.777675 0.00576877 2.91691s
1053 0.808511 0.769111 0.00742343 2.77677s
1054 0.808511 0.78817 0.00357513 2.76046s
1055 0.808511 0.7802 0.00561384 2.79845s
1056 0.808511 0.783183 0.004822 2.76188s
1057 0.808511 0.785221 0.00465131 2.69372s
1058 0.808511 0.77381 0.00616261 2.75549s
1059 0.808511 0.77008 0.00750698 2.71257s
1060 0.808511 0.79119 0.00334811 2.78233s
1061 0.808511 0.736573 0.00508478 2.7788s
1062 0.808511 0.73297 0.00533088 2.71682s
1063 0.808511 0.721263 0.00698737 2.74387s
1064 0.808511 0.731682 0.00546495 2.72655s
1065 0.808511 0.714376 0.00778873 2.72808s
1066 0.808511 0.723316 0.00602344 2.72178s
1067 0.808511 0.728165 0.00508203 2.76794s
1068 0.808511 0.720085 0.00631044 2.79459s
1069 0.808511 0.723331 0.00551632 2.70369s
1070 0.808511 0.720309 0.00656637 2.78756s
1071 0.808511 0.759131 0.00676443 2.78007s
1072 0.808511 0.776656 0.00637026 2.75795s
1073 0.808511 0.784475 0.00451439 2.75178s
1074 0.808511 0.790853 0.00327183 2.77405s
1075 0.808511 0.77079 0.00725812 2.74693s
1076 0.808511 0.79826 0.00192632 3.72724s
1077 0.808511 0.776598 0.00594108 2.92063s
1078 0.808511 0.774021 0.00606282 2.72346s
1079 0.808511 0.778017 0.00577472 2.7817s
1080 0.808511 0.775426 0.00594962 2.7191s
1081 0.808511 0.720002 0.00806207 2.73418s
1082 0.808511 0.726857 0.00628077 2.77791s
1083 0.808511 0.723197 0.0065195 2.71992s
1084 0.808511 0.718436 0.00709297 2.79055s
1085 0.808511 0.719113 0.0068125 2.78128s
1086 0.808511 0.718014 0.00637688 2.77916s
1087 0.808511 0.725498 0.00514077 2.7204s
1088 0.808511 0.729444 0.00458052 2.78067s
1089 0.808511 0.727593 0.00486887 2.79298s
1090 0.808511 0.720452 0.00559605 2.75899s
1091 0.808511 0.762243 0.00581907 2.72455s
1092 0.808511 0.788618 0.00372471 2.75557s
1093 0.808511 0.777534 0.00619453 2.79718s
1094 0.808511 0.778384 0.00584218 2.7868s
1095 0.808511 0.779875 0.00568874 2.75886s
1096 0.808511 0.768071 0.00767655 2.7005s
1097 0.808511 0.777283 0.00597572 2.78331s
1098 0.808511 0.78448 0.00469373 2.74781s
1099 0.808511 0.77055 0.0071331 2.72364s
1100 0.808511 0.783418 0.0042721 2.80082s
1101 0.808511 0.72028 0.00778242 2.71563s
1102 0.808511 0.722324 0.00673212 2.77578s
1103 0.808511 0.729441 0.00542848 2.7628s
1104 0.808511 0.723184 0.00598647 2.73985s
1105 0.808511 0.709198 0.00865761 2.7744s
1106 0.808511 0.714652 0.00732817 2.77719s
1107 0.808511 0.720817 0.00631006 2.77573s
1108 0.808511 0.722185 0.00573766 2.74693s
1109 0.808511 0.718326 0.00607692 2.72032s
1110 0.808511 0.715485 0.00639648 2.77419s
1111 0.808511 0.776169 0.00385438 2.75558s
1112 0.808511 0.760451 0.0085091 2.7662s
1113 0.808511 0.77855 0.0055928 2.71997s
1114 0.808511 0.793502 0.00275679 2.7883s
1115 0.808511 0.77273 0.00629755 2.76017s
1116 0.808511 0.781267 0.00558496 2.80195s
1117 0.808511 0.779323 0.00547763 2.76612s
1118 0.808511 0.767299 0.0073186 2.71087s
1119 0.808511 0.783098 0.00466875 2.71761s
1120 0.808511 0.783887 0.00506711 2.73018s
1121 0.808511 0.714909 0.00929751 2.81196s
1122 0.808511 0.736468 0.00444481 2.72066s
1123 0.808511 0.722356 0.00640313 2.80757s
1124 0.808511 0.720422 0.00744322 2.71646s
1125 0.808511 0.724458 0.00586717 2.78853s
1126 0.808511 0.713643 0.00762063 2.71198s
1127 0.808511 0.720902 0.00618888 2.76409s
1128 0.808511 0.725181 0.00583981 2.72182s
1129 0.808511 0.727041 0.00507875 2.76768s
1130 0.808511 0.715495 0.0069911 2.73962s
1131 0.808511 0.768526 0.00540698 2.74717s
1132 0.808511 0.775894 0.00613862 2.75325s
1133 0.808511 0.783481 0.00481216 2.80776s
1134 0.808511 0.789236 0.00356586 2.74777s
1135 0.808511 0.784505 0.0043458 2.80015s
1136 0.808511 0.795261 0.00224737 2.70192s
1137 0.808511 0.777619 0.00624346 2.78699s
1138 0.808511 0.779144 0.00557384 2.71353s
1139 0.808511 0.792848 0.00308057 2.78734s
1140 0.808511 0.781215 0.00510449 2.75545s
1141 0.808511 0.72237 0.0074162 2.7511s
1142 0.808511 0.723118 0.00644422 2.72944s
1143 0.808511 0.728739 0.00572501 2.80379s
1144 0.808511 0.722968 0.006459 2.77647s
1145 0.808511 0.728306 0.00497002 2.75787s
1146 0.808511 0.735448 0.00405817 2.72177s
1147 0.808511 0.719868 0.00638243 2.75753s
1148 0.808511 0.711706 0.00741495 2.71612s
1149 0.808511 0.718842 0.00629099 2.82853s
1150 0.808511 0.73253 0.0042111 2.76869s
1151 0.808511 0.770826 0.00583144 2.78665s
1152 0.808511 0.786522 0.00426468 2.73294s
1153 0.808511 0.771699 0.00642991 2.7507s
1154 0.808511 0.787843 0.00383118 2.75385s
1155 0.808511 0.781061 0.00530533 2.7642s
1156 0.808511 0.787981 0.00385964 2.73778s
1157 0.808511 0.788728 0.0038353 2.79143s
1158 0.808511 0.780018 0.00504548 2.7519s
1159 0.808511 0.774652 0.00622752 2.72152s
1160 0.808511 0.785355 0.00449732 2.80605s
1161 0.808511 0.726822 0.00673311 2.70306s
1162 0.808511 0.736185 0.00481 2.70381s
1163 0.808511 0.722512 0.00647917 2.75721s
1164 0.808511 0.725885 0.00536058 2.70577s
1165 0.808511 0.717337 0.00679204 2.76856s
1166 0.808511 0.724804 0.00564495 2.70739s
1167 0.808511 0.717855 0.00626941 2.74941s
1168 0.808511 0.719301 0.00657154 2.77256s
1169 0.808511 0.720172 0.00684844 2.72868s
1170 0.808511 0.721508 0.00582227 2.76959s
1171 0.808511 0.777675 0.00409373 2.72785s
1172 0.808511 0.781775 0.00523688 2.74365s
1173 0.808511 0.766942 0.00793942 2.71444s
1174 0.808511 0.780884 0.00478207 2.73233s
1175 0.808511 0.772142 0.00653724 2.73138s
1176 0.808511 0.776088 0.00605496 2.76482s
1177 0.808511 0.774034 0.00665918 2.78865s
1178 0.808511 0.777573 0.0059582 2.75632s
1179 0.808511 0.784708 0.00436747 2.74406s
1180 0.808511 0.788164 0.00407897 2.78982s
1181 0.808511 0.719088 0.00824452 2.75552s
1182 0.808511 0.709301 0.00926586 2.75861s
1183 0.808511 0.729772 0.00507679 2.71835s
1184 0.808511 0.724148 0.00616204 2.7174s
1185 0.808511 0.727483 0.00562979 2.79132s
1186 0.808511 0.724002 0.00637622 2.78404s
1187 0.808511 0.726558 0.00518482 2.7633s
1188 0.808511 0.710255 0.00762861 2.74009s
1189 0.808511 0.718517 0.00629422 2.72358s
1190 0.808511 0.726355 0.00504744 2.75894s
1191 0.808511 0.773336 0.00459351 2.72095s
1192 0.808511 0.777139 0.00627871 2.78217s
1193 0.808511 0.785801 0.00405726 2.72752s
1194 0.808511 0.783673 0.0047023 2.7216s
1195 0.808511 0.778405 0.00547412 2.71346s
1196 0.808511 0.77944 0.00540977 2.76451s
1197 0.808511 0.772736 0.00682534 2.84808s
1198 0.808511 0.775801 0.00618217 2.72235s
1199 0.808511 0.776105 0.00574154 2.75143s
1200 0.808511 0.788637 0.00366694 2.78193s
1201 0.808511 0.72819 0.00690229 2.7585s
1202 0.808511 0.737528 0.00493076 2.73211s
1203 0.808511 0.729776 0.00529092 2.71747s
1204 0.808511 0.728146 0.00515261 2.79787s
1205 0.808511 0.715729 0.00686587 2.77006s
1206 0.808511 0.723565 0.00600807 2.77468s
1207 0.808511 0.719403 0.00625495 2.72757s
1208 0.808511 0.725283 0.00542986 2.71413s
1209 0.808511 0.717285 0.00663267 2.7753s
1210 0.808511 0.712098 0.00784829 2.78306s
1211 0.808511 0.764319 0.00627495 2.79178s
1212 0.808511 0.777509 0.00604043 2.73201s
1213 0.808511 0.775036 0.00674444 2.82723s
1214 0.808511 0.783053 0.0045441 2.70614s
1215 0.808511 0.780362 0.00522279 2.76242s
1216 0.808511 0.788323 0.00366224 2.74584s
1217 0.808511 0.765087 0.00797995 2.70775s
1218 0.808511 0.777736 0.00582395 2.74948s
1219 0.808511 0.774092 0.00704891 2.78582s
1220 0.808511 0.775165 0.00637466 2.72181s
1221 0.808511 0.719754 0.0080578 2.74323s
1222 0.808511 0.726541 0.00637965 2.80864s
1223 0.808511 0.725496 0.00621497 2.70833s
1224 0.808511 0.714487 0.00719239 2.77657s
1225 0.808511 0.727364 0.00542774 2.78137s
1226 0.808511 0.725374 0.00496456 2.7448s
1227 0.808511 0.723741 0.00556722 2.72462s
1228 0.808511 0.73663 0.0031813 2.84672s
1229 0.808511 0.719525 0.00574906 2.75424s
1230 0.808511 0.720691 0.00591335 2.76347s
1231 0.808511 0.780232 0.00358381 2.77219s
1232 0.808511 0.787624 0.00438879 2.72298s
1233 0.808511 0.778206 0.005489 2.74779s
1234 0.808511 0.781197 0.00542675 2.73353s
1235 0.808511 0.787844 0.00374241 2.72359s
1236 0.808511 0.78652 0.00407402 2.76187s
1237 0.808511 0.786405 0.0038766 2.72191s
1238 0.808511 0.778246 0.00567793 2.72788s
1239 0.808511 0.788522 0.00384274 2.70717s
1240 0.808511 0.772037 0.00618471 2.7172s
1241 0.808511 0.735512 0.00518968 2.79939s
1242 0.808511 0.734467 0.0050034 2.71357s
1243 0.808511 0.731159 0.00523939 2.79037s
1244 0.808511 0.713501 0.0070989 2.71977s
1245 0.808511 0.73227 0.00426217 2.79131s
1246 0.808511 0.720674 0.00573776 2.76653s
1247 0.808511 0.723268 0.00557414 2.76814s
1248 0.808511 0.715795 0.00681887 2.72705s
1249 0.808511 0.725637 0.00552612 2.79442s
1250 0.808511 0.720881 0.00554231 2.75332s
1251 0.808511 0.769172 0.00575557 2.79209s
1252 0.808511 0.789285 0.00409464 2.73523s
1253 0.808511 0.794254 0.0025427 2.80301s
1254 0.808511 0.78175 0.00487846 2.7901s
1255 0.808511 0.774497 0.00647916 2.70622s
1256 0.808511 0.776053 0.00656086 2.76476s
1257 0.808511 0.785737 0.00474573 2.78471s
1258 0.808511 0.782265 0.00528395 2.80854s
1259 0.808511 0.783544 0.00495111 2.74659s
1260 0.808511 0.780742 0.00504487 2.75449s
1261 0.808511 0.727578 0.00723226 2.78115s
1262 0.808511 0.727208 0.00640769 2.73024s
1263 0.808511 0.726338 0.00597082 2.78016s
1264 0.808511 0.725039 0.00621362 2.75166s
1265 0.808511 0.718175 0.00633943 2.77412s
1266 0.808511 0.71234 0.00707465 2.80122s
1267 0.808511 0.720451 0.0062942 2.7484s
1268 0.808511 0.725536 0.00576903 2.73373s
1269 0.808511 0.726845 0.0057874 2.7843s
1270 0.808511 0.707648 0.00869472 2.81404s
1271 0.808511 0.782511 0.00354535 2.78026s
1272 0.808511 0.78229 0.00469781 2.75598s
1273 0.808511 0.779911 0.00519914 2.72106s
1274 0.808511 0.781126 0.00568966 2.75334s
1275 0.808511 0.777656 0.00577976 2.72896s
1276 0.808511 0.778869 0.00581802 2.78758s
1277 0.808511 0.787917 0.00387407 2.76279s
1278 0.808511 0.778686 0.00552173 2.77938s
1279 0.808511 0.779587 0.00556346 2.80089s
1280 0.808511 0.784491 0.00452897 2.70024s
1281 0.808511 0.729388 0.0068619 2.7187s
1282 0.808511 0.725712 0.00712082 2.77597s
1283 0.808511 0.727073 0.00577444 2.75766s
1284 0.808511 0.721143 0.00685532 2.72446s
1285 0.808511 0.725766 0.00533605 2.73878s
1286 0.808511 0.712954 0.00717194 2.7619s
1287 0.808511 0.730665 0.00494473 2.71671s
1288 0.808511 0.738569 0.0031818 2.78356s
1289 0.808511 0.733149 0.00368804 2.74679s
1290 0.808511 0.727925 0.00443711 2.73327s
1291 0.808511 0.775064 0.00443031 2.76703s
1292 0.808511 0.792494 0.0028352 2.75031s
1293 0.808511 0.791405 0.00321412 2.7753s
1294 0.808511 0.782617 0.00539514 2.76635s
1295 0.808511 0.776777 0.00562889 3.72389s
1296 0.808511 0.781774 0.00516825 2.77685s
1297 0.808511 0.778953 0.00553116 2.81723s
1298 0.808511 0.774489 0.00610166 2.71852s
1299 0.808511 0.782749 0.00492257 2.77085s
1300 0.808511 0.789536 0.00346019 2.74264s
1301 0.808511 0.729633 0.00677325 2.74793s
1302 0.808511 0.711453 0.00915795 2.69799s
1303 0.808511 0.731842 0.00474562 2.82915s
1304 0.808511 0.72943 0.00543624 2.73095s
1305 0.808511 0.713602 0.00793248 2.76428s
1306 0.808511 0.716074 0.00677076 2.75097s
1307 0.808511 0.724498 0.00555977 2.7478s
1308 0.808511 0.724277 0.00574775 2.7393s
1309 0.808511 0.713085 0.00681986 2.81156s
1310 0.808511 0.726879 0.00475995 2.75348s
1311 0.808511 0.754408 0.0073103 2.74286s
1312 0.808511 0.782379 0.00538096 2.7946s
1313 0.808511 0.776471 0.00589137 2.71421s
1314 0.808511 0.784582 0.00454768 2.77797s
1315 0.808511 0.778693 0.00539497 2.7558s
1316 0.808511 0.777572 0.00598519 2.7182s
1317 0.808511 0.787006 0.00384872 2.78255s
1318 0.808511 0.780362 0.00550836 2.76629s
1319 0.808511 0.787275 0.0040999 2.75225s
1320 0.808511 0.754695 0.0101045 2.76547s
1321 0.808511 0.728362 0.00687624 2.70528s
1322 0.808511 0.728708 0.00617239 2.84416s
1323 0.808511 0.727552 0.00573655 2.81185s
1324 0.808511 0.727563 0.00540627 2.73339s
1325 0.808511 0.716737 0.00727019 2.74724s
1326 0.808511 0.713302 0.0069636 2.79443s
1327 0.808511 0.72108 0.00587064 2.71987s
1328 0.808511 0.719345 0.00651806 2.71915s
1329 0.808511 0.714387 0.00661459 2.74481s
1330 0.808511 0.721827 0.00568712 2.72313s
1331 0.808511 0.764392 0.00670811 2.72753s
1332 0.808511 0.792059 0.00336763 2.80028s
1333 0.808511 0.77206 0.00705491 2.72015s
1334 0.808511 0.789121 0.00384862 2.76568s
1335 0.808511 0.781859 0.00467253 2.70948s
1336 0.808511 0.777834 0.00569704 2.79698s
1337 0.808511 0.785108 0.00436565 2.72432s
1338 0.808511 0.781968 0.00505081 2.75943s
1339 0.808511 0.784534 0.00484154 2.80767s
1340 0.808511 0.778516 0.00538688 2.72929s
1341 0.808511 0.72666 0.00685727 2.70184s
1342 0.808511 0.728058 0.00634347 2.73111s
1343 0.808511 0.719581 0.00708327 2.76214s
1344 0.808511 0.733245 0.00443099 2.78347s
1345 0.808511 0.729859 0.00473458 2.94116s
1346 0.808511 0.732499 0.00405782 2.75547s
1347 0.808511 0.719095 0.00625325 2.76746s
1348 0.808511 0.724269 0.00542876 2.76753s
1349 0.808511 0.717352 0.00650714 2.72332s
1350 0.808511 0.721185 0.00531952 2.77676s
1351 0.808511 0.771737 0.00438638 2.75761s
1352 0.808511 0.770387 0.00721436 2.70324s
1353 0.808511 0.782827 0.00470795 2.73072s
1354 0.808511 0.776481 0.00629387 2.76674s
1355 0.808511 0.783492 0.00532424 2.75582s
1356 0.808511 0.78455 0.00471413 2.71278s
1357 0.808511 0.786803 0.00402997 2.82373s
1358 0.808511 0.776262 0.00633173 2.70344s
1359 0.808511 0.783591 0.00504529 2.87161s
1360 0.808511 0.791142 0.00319997 2.76657s
1361 0.808511 0.726433 0.00669549 2.75584s
1362 0.808511 0.715775 0.00845556 2.74761s
1363 0.808511 0.724779 0.0066453 2.73961s
1364 0.808511 0.725807 0.00574777 2.74001s
1365 0.808511 0.72816 0.00461354 2.75202s
1366 0.808511 0.718624 0.00616951 2.77664s
1367 0.808511 0.722168 0.00606841 2.71421s
1368 0.808511 0.721893 0.0059384 2.78485s
1369 0.808511 0.715994 0.00665127 2.73194s
1370 0.808511 0.718036 0.00641184 2.8674s
1371 0.808511 0.770419 0.0048754 2.73119s
1372 0.808511 0.775436 0.00610434 2.75128s
1373 0.808511 0.774909 0.00632287 2.72203s
1374 0.808511 0.789783 0.00391213 2.71861s
1375 0.808511 0.774897 0.00652172 2.69884s
1376 0.808511 0.789958 0.00348869 2.72517s
1377 0.808511 0.774447 0.00654602 2.771s
1378 0.808511 0.77651 0.00593314 2.74083s
1379 0.808511 0.781552 0.00518417 2.75693s
1380 0.808511 0.789422 0.00409365 2.78306s
1381 0.808511 0.735257 0.00563574 2.72445s
1382 0.808511 0.725153 0.00651547 2.7731s
1383 0.808511 0.721994 0.0065643 2.75897s
1384 0.808511 0.717888 0.00697009 2.7961s
1385 0.808511 0.723143 0.00577959 2.72026s
1386 0.808511 0.70902 0.00776189 2.70653s
1387 0.808511 0.725235 0.00527354 2.70084s
1388 0.808511 0.722958 0.00563825 2.74968s
1389 0.808511 0.723507 0.00547802 2.72124s
1390 0.808511 0.711444 0.00750755 2.74967s
1391 0.808511 0.763054 0.00603952 2.84375s
1392 0.808511 0.781098 0.00491831 2.71117s
1393 0.808511 0.782277 0.00524261 2.72408s
1394 0.808511 0.772839 0.00659488 2.78872s
1395 0.808511 0.780743 0.00507075 2.81109s
1396 0.808511 0.787303 0.00395859 2.72399s
1397 0.808511 0.778157 0.00612292 2.83165s
1398 0.808511 0.783508 0.00485708 2.81739s
1399 0.808511 0.779098 0.00557335 2.70449s
1400 0.808511 0.794303 0.00290051 2.72704s
1401 0.808511 0.726435 0.00713969 2.76835s
1402 0.808511 0.728548 0.00623543 2.71544s
1403 0.808511 0.731412 0.00548867 2.81681s
1404 0.808511 0.72218 0.00649054 2.75126s
1405 0.808511 0.715322 0.00724779 2.78417s
1406 0.808511 0.706798 0.00827984 2.73826s
1407 0.808511 0.724791 0.00553024 2.78226s
1408 0.808511 0.724405 0.00588174 2.73887s
1409 0.808511 0.726723 0.00462593 2.76241s
1410 0.808511 0.72394 0.00539473 2.74889s
1411 0.808511 0.772599 0.00485252 2.75679s
1412 0.808511 0.778613 0.00574647 2.80043s
1413 0.808511 0.768452 0.0069272 2.71922s
1414 0.808511 0.783155 0.00488316 2.73497s
1415 0.808511 0.79136 0.00363692 2.71473s
1416 0.808511 0.777245 0.00575202 2.79933s
1417 0.808511 0.778471 0.00577896 2.74169s
1418 0.808511 0.792096 0.00291152 2.76666s
1419 0.808511 0.780566 0.00529496 2.73679s
1420 0.808511 0.778517 0.00603607 2.74538s
1421 0.808511 0.724475 0.00745238 2.80875s
1422 0.808511 0.73412 0.00479726 2.6982s
1423 0.808511 0.733256 0.0051133 2.73238s
1424 0.808511 0.717348 0.00727624 2.78219s
1425 0.808511 0.729035 0.00489059 2.74335s
1426 0.808511 0.719977 0.00625478 2.76156s
1427 0.808511 0.722156 0.00626413 2.75889s
1428 0.808511 0.731386 0.00396796 2.72652s
1429 0.808511 0.71228 0.00716209 2.72719s
1430 0.808511 0.721552 0.00604612 2.74444s
1431 0.808511 0.766205 0.00480524 2.72238s
1432 0.808511 0.766683 0.00775953 2.71134s
1433 0.808511 0.773554 0.00694491 2.76688s
1434 0.808511 0.789604 0.00350537 2.74148s
1435 0.808511 0.784904 0.00448082 2.70886s
1436 0.808511 0.781841 0.00462079 2.78502s
1437 0.808511 0.794742 0.00251048 2.72677s
1438 0.808511 0.783351 0.00488192 2.72964s
1439 0.808511 0.778346 0.00605204 2.71638s
1440 0.808511 0.78682 0.00374939 2.74123s
1441 0.808511 0.731617 0.00612935 2.77314s
1442 0.808511 0.737716 0.00441838 2.73162s
1443 0.808511 0.725662 0.00582677 2.74411s
1444 0.808511 0.721812 0.00680096 2.77335s
1445 0.808511 0.726758 0.0052474 2.81374s
1446 0.808511 0.723018 0.00577829 2.75921s
1447 0.808511 0.727015 0.00476102 2.72807s
1448 0.808511 0.71707 0.00703482 2.77724s
1449 0.808511 0.723267 0.00527022 2.74762s
1450 0.808511 0.72035 0.00625543 2.76132s
1451 0.808511 0.773225 0.00478738 2.75658s
1452 0.808511 0.790417 0.00353563 2.79635s
1453 0.808511 0.783615 0.0046944 2.71655s
1454 0.808511 0.778896 0.00566183 2.78718s
1455 0.808511 0.78091 0.00528697 2.69912s
1456 0.808511 0.779908 0.00522138 2.70445s
1457 0.808511 0.776342 0.00649875 2.70599s
1458 0.808511 0.780354 0.00560185 2.76715s
1459 0.808511 0.774837 0.00644174 2.76347s
1460 0.808511 0.786216 0.00387635 2.7153s
1461 0.808511 0.731857 0.00605317 2.79867s
1462 0.808511 0.720226 0.007604 2.71431s
1463 0.808511 0.724189 0.00617543 2.77109s
1464 0.808511 0.714226 0.00736547 2.75102s
1465 0.808511 0.722197 0.00561306 2.74078s
1466 0.808511 0.719214 0.005797 2.77342s
1467 0.808511 0.710867 0.0072548 2.79351s
1468 0.808511 0.722372 0.00548293 2.78633s
1469 0.808511 0.716609 0.00708173 2.77732s
1470 0.808511 0.723474 0.00537519 2.71032s
1471 0.808511 0.7748 0.00460013 2.77772s
1472 0.808511 0.79051 0.00335795 2.70855s
1473 0.808511 0.769094 0.00743163 2.7331s
1474 0.808511 0.766873 0.0078671 2.72332s
1475 0.808511 0.795548 0.00253532 2.74473s
1476 0.808511 0.790244 0.00330555 2.73352s
1477 0.808511 0.785105 0.00422356 2.73643s
1478 0.808511 0.786817 0.00427166 2.74494s
1479 0.808511 0.779461 0.00581949 2.75006s
1480 0.808511 0.789527 0.00361097 2.79685s
1481 0.808511 0.725594 0.00687695 2.7518s
1482 0.808511 0.716173 0.00800609 2.75976s
1483 0.808511 0.729944 0.00535384 2.81476s
1484 0.808511 0.722809 0.00641667 2.77033s
1485 0.808511 0.710349 0.00795412 2.729s
1486 0.808511 0.729245 0.00492005 2.79134s
1487 0.808511 0.720422 0.00688792 2.74684s
1488 0.808511 0.727828 0.00494802 2.76857s
1489 0.808511 0.72619 0.00566935 2.70721s
1490 0.808511 0.715976 0.00747633 2.7359s
1491 0.808511 0.763709 0.00635159 2.774s
1492 0.808511 0.778251 0.00597202 2.74484s
1493 0.808511 0.786941 0.00382653 2.70412s
1494 0.808511 0.778444 0.00586043 2.74392s
1495 0.808511 0.795149 0.00239396 2.75656s
1496 0.808511 0.782407 0.00542246 2.77769s
1497 0.808511 0.784523 0.00466992 2.7003s
1498 0.808511 0.773736 0.00643799 2.7022s
1499 0.808511 0.766696 0.00838552 2.73421s
1500 0.808511 0.787188 0.00412526 2.80024s
