8  13
8  66
11  1
11  12
12  26
12  67
12  78
13  11
13  15
13  53
13  64
13  68
13  87
13  92
14  10
14  38
14  39
14  40
14  41
14  45
15  7
15  34
15  69
15  72
16  37
16  42
17  13
17  66
19  14
19  24
19  55
19  65
19  91
21  8
21  32
21  47
21  71
21  88
22  30
22  31
22  48
22  49
23  12
24  1
26  26
26  67
26  78
26  87
26  92
27  13
27  53
27  66
28  15
28  64
28  68
29  11
29  21
30  38
30  39
30  41
30  45
31  10
31  40
32  7
32  72
33  58
34  34
34  36
34  43
34  69
37  12
37  37
37  42
38  1
38  13
38  66
38  91
40  87
40  92
42  26
43  67
43  78
43  88
44  53
45  24
45  55
46  14
46  64
46  65
46  68
47  15
49  11
49  45
50  13
50  66
51  39
52  8
52  38
52  41
52  71
53  6
53  10
53  12
53  40
53  61
53  73
54  1
54  18
55  7
55  47
55  72
55  87
55  92
56  32
57  30
57  49
58  91
60  31
60  48
60  69
61  34
62  26
64  13
64  66
65  67
66  53
66  78
68  42
68  88
69  37
70  68
71  64
71  87
71  92
72  12
72  15
73  1
74  45
78  11
79  0
79  91
81  13
81  66
83  39
84  10
86  40
87  87
87  92
88  38
88  41
90  26
94  24
94  55
96  1
96  12
97  88
98  21
99  53
99  67
100  72
101  7
101  91
102  13
102  66
103  78
103  92
104  87
109  68
112  45
115  14
117  65
118  69
120  92
121  87
122  64
123  91
124  1
124  15
124  34
125  13
126  39
128  12
128  88
130  66
131  26
134  7
137  10
137  79
138  87
138  92
139  32
144  71
145  91
146  30
148  11
148  31
151  39
152  13
153  67
155  14
155  53
156  87
156  92
163  88
164  1
169  7
170  66
170  91
172  40
174  87
174  92
175  42
180  39
180  45
181  37
187  8
187  13
188  32
192  87
192  92
194  38
194  41
200  78
200  88
206  87
207  30
211  13
211  92
212  7
212  15
212  31
213  66
216  14
216  39
217  41
217  87
217  91
223  42
223  47
224  24
224  71
226  67
227  13
228  87
229  15
230  92
234  66
237  88
239  41
239  87
244  13
249  15
249  42
249  92
250  87
253  64
255  49
256  24
257  72
257  91
258  66
259  39
261  7
261  87
262  13
265  10
266  41
268  92
271  68
271  71
272  87
273  15
274  88
275  32
282  13
283  87
285  11
285  42
285  48
287  66
287  92
289  69
290  14
294  87
295  34
296  91
298  41
299  39
299  61
300  15
300  30
301  24
303  13
304  87
305  31
306  92
307  7
309  58
311  88
312  67
314  40
314  87
317  66
320  78
324  87
325  92
326  13
329  15
329  42
333  41
334  55
334  87
335  91
341  10
344  87
344  92
345  38
345  65
345  71
346  39
348  88
349  13
350  66
353  26
354  87
357  43
357  53
359  32
362  15
363  7
363  24
363  92
364  87
365  12
365  14
369  37
371  13
371  41
372  91
374  36
374  42
374  87
382  39
382  92
384  64
384  66
384  87
384  88
388  30
393  13
393  31
393  67
394  87
395  15
398  7
401  92
404  87
408  71
409  41
409  91
410  68
411  72
413  1
413  87
414  10
414  39
415  12
415  14
416  13
417  45
417  66
418  26
420  32
420  92
421  11
422  87
422  88
423  1
423  53
423  91
424  24
424  42
427  12
429  15
430  21
431  10
431  45
431  87
434  1
434  26
435  68
436  7
436  8
437  91
439  13
439  92
440  12
440  87
441  78
446  1
446  39
446  53
447  45
447  69
449  41
449  87
450  30
451  10
451  91
452  26
452  66
454  31
455  12
456  40
458  87
458  92
459  88
460  1
461  34
462  13
464  15
465  45
465  67
465  91
467  21
467  87
470  14
470  42
472  7
472  12
472  68
475  1
475  10
476  26
476  53
476  87
477  71
477  92
479  39
479  91
482  24
484  13
484  32
485  87
486  38
486  41
486  66
487  45
489  47
492  12
493  15
494  1
494  87
495  91
496  88
496  92
503  87
505  13
505  64
512  7
512  42
512  87
513  0
513  61
514  39
515  92
516  66
518  41
520  87
522  30
523  15
526  13
529  14
529  87
530  31
533  49
534  24
534  92
535  88
536  71
537  87
542  67
545  87
547  13
547  66
552  41
553  15
553  39
553  87
553  92
554  37
555  42
556  11
559  32
560  7
561  78
561  87
568  13
569  55
569  87
569  91
572  92
573  65
573  72
573  88
577  87
578  66
583  15
583  48
585  41
585  87
586  39
589  13
590  14
591  92
592  24
593  40
593  87
595  42
597  7
598  30
599  71
601  87
605  31
609  13
609  66
609  87
610  91
610  92
611  88
612  15
615  67
617  87
618  39
619  32
619  41
619  69
625  87
629  92
630  13
632  34
633  87
635  7
636  38
637  42
640  66
641  15
641  87
644  14
644  24
646  64
648  88
648  92
649  39
649  87
649  91
650  13
651  41
657  87
662  71
665  87
667  92
670  15
671  66
673  87
674  10
678  42
681  78
681  87
685  41
686  88
686  92
688  91
689  8
689  87
692  11
696  24
697  87
700  15
702  66
704  87
705  92
710  13
710  61
711  87
716  41
718  42
718  87
723  13
724  7
724  39
724  88
724  92
725  87
725  91
727  15
729  10
730  1
730  72
731  12
731  30
731  66
732  26
732  31
732  32
732  68
732  87
733  14
733  45
733  53
734  40
734  67
736  13
736  91
738  1
738  37
739  11
739  71
739  87
740  12
740  68
741  7
741  10
741  39
742  24
743  26
743  92
744  41
744  45
745  21
746  36
746  43
746  53
746  87
747  1
747  6
747  91
748  11
748  68
748  73
749  12
750  13
750  15
750  67
750  78
751  26
751  34
751  42
751  88
752  69
753  87
754  10
754  53
755  30
755  47
755  58
756  1
756  11
756  45
756  66
757  31
757  68
757  78
758  12
758  14
758  32
758  67
758  91
759  39
760  7
760  26
760  34
760  40
760  87
760  92
761  65
761  72
761  88
762  13
762  49
762  53
762  64
762  66
763  38
763  69
764  48
765  11
765  55
765  76
765  78
766  1
766  3
766  67
766  68
766  92
767  8
767  12
767  36
767  37
767  43
767  47
767  87
768  10
768  40
768  66
769  13
769  26
769  41
769  45
769  64
769  91
770  34
770  71
770  72
771  21
771  38
771  53
771  88
772  65
772  69
772  92
773  15
773  17
773  62
773  78
774  11
774  58
774  66
774  67
774  87
775  18
775  49
776  1
776  24
776  55
776  64
776  68
777  12
777  13
777  37
777  40
777  48
778  79
778  92
779  8
779  26
779  38
779  39
779  72
780  6
780  7
780  34
780  53
780  66
780  73
780  91
781  47
781  78
781  87
781  88
782  69
783  10
783  45
783  67
784  11
784  42
784  64
784  65
784  92
785  13
786  40
786  68
787  1
787  12
787  30
787  37
787  55
787  66
788  38
788  87
789  14
789  49
789  72
790  26
790  53
790  78
790  92
791  34
791  88
791  91
792  32
792  48
792  64
793  8
793  67
793  69
794  31
795  11
795  36
796  40
796  43
796  92
797  38
797  47
798  0
798  12
798  45
798  65
798  68
799  1
799  37
799  58
799  66
800  55
800  72
800  78
801  53
801  64
802  26
802  39
802  88
802  91
802  92
803  67
804  34
805  7
805  69
806  18
807  11
807  38
807  40
807  49
808  92
810  8
810  12
810  48
810  66
810  78
811  64
811  68
811  94
812  1
812  37
812  72
813  53
813  88
813  91
814  65
814  67
814  92
815  21
815  26
815  55
816  47
817  45
818  34
818  38
818  87
819  40
819  66
819  69
821  11
821  64
821  78
821  85
821  92
822  13
823  12
824  88
824  91
825  68
825  87
826  66
826  72
827  1
827  37
827  53
827  67
828  39
828  92
830  13
830  26
830  49
831  8
831  10
831  38
832  40
832  87
833  64
833  78
