73
7
72
68
17
75
97
93
6
23
6
75
24
97
12
79
77
28
34
10
79
46
42
8
84
56
86
51
7
80
49
73
30
6
40
21
10
41
44
27
55
59
30
15
10
24
28
66
25
64
44
74
54
49
39
14
3
96
64
7
92
11
78
45
68
37
26
87
88
84
47
51
38
8
90
21
73
85
93
69
86
16
12
32
58
6
36
60
94
52
17
50
46
6
33
82
34
49
83
64
35
68
47
74
30
44
92
25
77
18
99
27
26
96
7
38
93
43
19
62
93
32
98
82
70
64
84
57
38
56
68
94
40
31
35
19
87
70
33
24
58
23
73
22
43
93
6
82
21
81
72
48
35
73
40
14
88
44
97
29
7
88
42
21
75
9
79
82
74
0
8
64
67
11
74
32
12
95
73
65
5
99
8
87
2
68
54
46
62
53
44
67
1
90
25
87
82
85
54
73
57
66
29
14
16
49
74
87
51
24
14
40
91
46
49
7
54
12
95
35
34
62
60
82
35
5
70
65
87
1
16
58
84
87
49
56
35
17
46
68
87
27
40
48
1
89
38
71
65
33
54
28
1
39
44
56
19
8
78
95
3
42
7
60
0
68
22
33
81
71
33
78
35
71
17
58
92
8
67
50
39
47
33
96
82
12
2
4
92
67
85
77
34
83
81
30
92
89
53
68
18
20
3
70
57
9
16
17
46
24
58
71
32
4
20
72
12
44
80
65
8
56
33
25
44
63
82
17
7
79
24
2
50
49
75
16
92
39
31
15
23
45
89
70
33
40
12
58
22
55
7
83
66
31
74
26
63
36
20
49
5
54
0
38
3
15
47
61
49
76
45
15
93
8
29
9
67
58
13
22
36
77
87
37
68
58
60
57
13
92
77
85
36
79
72
59
51
67
26
14
48
47
56
78
1
17
0
26
13
72
23
57
59
45
24
54
49
37
22
65
19
55
70
38
13
57
62
41
10
73
8
40
73
14
24
11
12
31
78
1
21
13
23
71
39
41
8
25
47
67
6
34
63
51
39
45
56
28
25
49
38
61
1
6
21
0
75
10
37
55
77
5
20
47
40
9
8
1
46
76
35
7
46
45
59
53
14
26
65
11
36
25
51
58
0
48
68
5
15
64
83
26
20
22
3
67
28
69
37
60
39
72
82
68
6
25
92
19
38
66
68
40
29
44
59
71
56
48
76
64
83
21
36
95
18
41
28
25
29
55
6
68
22
17
56
0
26
7
49
30
7.2799
5.15482
4.8087
5.85869
1.22752
2.57228
6.17244
8.43175
2.21203
5.13648
2.57153
4.43248
8.86697
6.60207
4.08904
10
4.54432
0.410097
10
9.98689
10
5.91781
1.54273
6.18228
8.57499
0.14413
5.19009
2.68397
5.62532
1.07012
7.98315
0.396803
2.45299
4.43252
0.719772
5.5207
7.4191
3.107
8.42889
8.67896
5.73238
3.96295
9.4793
6.48604
2.37545
1.68851
5.41831
4.90563
5.41811
7.23519
1.15634
5.99078
0.964004
10
8.98057
2.81044
9.74176
1.22471
8.19965
0.00276438
2.42254
2.03022
2.12374
6.73302
9.22186
4.8981
7.37415
1.94793
7.64778
0.359881
5.37624
7.73757
3.40391
3.02725
5.94781
7.04851
3.77538
1.56089
8.60654
6.00673
4.25906
0.267579
5.31025
1.66101
8.63132
2.11482
8.17387
9.18898
9.1136
8.16367
5.59056
0.325235
8.68734
5.62023
1.65015
9.99691
6.65409
6.47456
3.75883
0.879707
1.51244
0.853153
7.24824
7.43367
5.10439
5.04138
0.617854
7.61151
7.50858
0.110842
0.530424
3.35559
0.0329446
0.701195
9.12052
0.502154
1.56618
2.25036
9.54997
6.36967
7.80818
4.07276
9.18606
6.4167
9.40927
8.56339
0.0310333
5.91771
6.15516
1.14103
7.12648
1.68937
6.09701
3.71789
5.373
8.42667
7.27898
6.05328
1.3059
3.81915
2.39189
9.79755
7.08636
5.53694
1.83799
3.6324
8.21671
5.21299
10
5.53084
7.77292
6.51123
1.10716
3.59011
7.83294
2.3192
9.0961
7.12288
1.17215
5.24147
6.07019
8.76292
4.0066
0.310508
7.24934
2.03051
5.97607
3.67392
5.51523
9.04094
1.37207
5.3208
7.31779
3.28379
1.99472
6.55137
8.85615
4.76822
2.2356
3.05322
6.88109
2.40619
5.68851
0.413618
0.958792
1.86905
1.53588
9.44306
7.70311
8.41938
2.8394
6.02407
2.17022
4.79243
8.47134
3.76772
4.79705
2.49647
6.98971
4.04626
0.9575
4.19469
0.882896
1.56558
7.5679
0.121899
4.00372
0.808988
9.80039
3.63244
4.49451
8.50398
2.21664
7.67968
3.54832
2.1499
8.53373
1.09462
1.74399
4.69475
7.43931
7.49575
9.20283
6.93439
8.62454
10
6.88913
7.42997
1.05933
3.439
0.878759
9.75147
7.11824
8.92425
1.89276
8.58133
9.12975
0.969451
2.45182
4.47986
9.07129
9.76007
3.72986
2.60993
3.77918
0.707232
7.72229
3.87695
5.00901
1.02289
10
5.17965
1.1693
6.99681
1.51315
8.44087
4.95812
7.89125
4.43881
7.7693
2.28979
5.98525
8.73486
0.422409
5.19214
2.58764
4.9819
2.00366
4.12282
2.21948
7.31013
1.31674
4.70103
6.91658
6.77744
0.528149
3.88299
5.45961
1.1869
9.29483
9.97693
6.33191
2.86779
2.36654
2.89883
8.97021
5.6681
2.75673
7.37384
1.80532
5.74249
7.39126
1.9899
5.0296
7.29584
4.92867
3.26139
4.88396
6.74791
4.07318
4.98996
6.57822
3.48081
9.00279
9.94999
1.11499
0.982161
1.10489
6.36557
4.72913
4.40255
8.1143
6.38414
9.0961
1.47828
10
2.3426
3.16605
8.62515
6.30304
3.3075
3.96346
2.48197
0.272295
7.49328
3.47482
6.00679
2.28737
8.00276
5.6509
9.47441
0.0477087
6.75911
0.390581
2.50379
2.59727
9.17842
2.85778
3.41683
4.02293
9.53578
7.5635
8.77868
5.02146
9.5646
3.78107
2.5212
8.52262
8.06552
2.23675
3.97042
7.62992
8.54916
2.33137
8.53656
9.4001
2.40614
9.31527
3.5242
2.57506
5.63284
2.21165
9.92398
2.36136
9.63536
0.779099
3.75029
9.42685
7.23764
4.28738
1.50856
1.05528
6.26537
5.79315
1.41547
5.88302
3.75565
2.65921
0.73698
0.396077
6.12062
8.80424
7.22788
6.53774
6.70613
5.7784
2.0048
5.56796
4.62241
2.13013
7.56331
4.12896
7.43813
9.84089
9.78286
0.166536
8.15136
5.2862
2.60089
10
3.02521
1.56153
6.8335
1.91551
4.44099
6.84343
7.39309
7.40206
2.71315
6.87889
4.7023
2.33105
6.79955
9.04922
8.87298
6.17224
0.577598
1.70553
9.29268
1.91893
1.31853
7.61257
0.860103
9.44601
2.14772
4.90498
3.92254
7.59254
4.02383
4.88358
2.20593
5.08646
6.33388
3.8988
4.97979
9.19177
2.49377
4.8122
4.50294
0.435367
8.83393
8.33863
0.856152
5.46056
8.6549
5.93078
4.52222
9.71694
6.47205
9.14731
-0.285323
-0.203248
-0.268842
0.0529972
-28.5323
-0.812993
183.424
160
