11  8
11  22
11  57
11  71
15  6
15  73
18  19
18  60
18  81
19  98
20  35
20  44
23  13
23  66
23  80
23  99
24  8
24  22
24  26
24  53
24  57
24  71
25  18
25  61
25  82
25  97
28  65
29  14
29  77
30  2
30  86
30  93
32  6
33  73
34  29
34  50
37  81
38  94
39  8
39  22
39  57
39  71
39  98
40  85
41  19
41  60
48  80
48  99
49  35
49  44
54  6
55  82
55  97
56  8
57  22
57  57
57  81
58  71
58  73
60  25
60  54
61  13
61  66
61  98
63  11
64  53
64  68
67  86
68  93
73  26
75  41
76  17
76  62
76  80
76  99
77  8
78  81
81  22
81  57
82  18
82  33
82  46
82  61
82  65
83  19
83  60
83  71
83  94
85  77
87  6
87  98
90  82
91  97
94  38
99  81
104  99
106  8
106  80
107  73
108  85
115  98
119  86
120  22
120  93
121  57
121  81
124  71
129  94
132  82
133  99
135  97
136  80
141  35
141  44
143  81
143  98
145  6
147  8
154  14
161  53
161  99
164  81
164  97
166  80
171  66
172  44
172  94
173  8
174  98
175  22
178  50
178  82
179  65
180  61
184  86
185  81
186  93
186  97
188  99
192  2
193  77
194  80
206  81
206  98
208  57
209  8
211  94
214  99
218  85
219  6
221  71
221  80
226  81
227  82
234  53
234  98
235  22
236  57
236  97
238  19
238  60
240  71
240  81
240  99
243  8
247  22
247  94
248  57
248  80
250  86
251  98
252  93
254  81
255  73
258  71
260  8
260  22
261  19
261  57
261  60
265  99
266  65
268  81
269  98
274  22
274  80
275  57
275  82
278  71
279  8
281  13
281  81
281  94
282  6
282  77
287  98
289  22
289  99
290  57
292  19
292  60
292  97
294  81
299  80
300  8
301  71
304  98
305  22
306  57
309  81
313  29
315  99
316  85
316  93
316  98
317  71
317  86
320  26
322  22
323  57
323  82
324  80
324  94
325  14
325  73
327  2
328  98
329  81
333  71
336  19
337  60
339  85
340  22
340  98
340  99
341  57
342  97
345  41
345  80
348  81
349  26
351  14
351  71
351  73
352  98
356  2
359  22
360  57
363  85
364  8
364  38
364  98
364  99
366  80
366  81
370  71
375  82
376  98
378  22
379  57
382  93
383  81
384  86
385  35
387  80
387  85
387  99
388  73
388  98
389  14
389  19
390  71
392  18
392  60
392  97
397  8
397  26
398  22
399  57
399  98
400  81
404  2
408  80
409  99
410  98
411  71
411  85
417  81
418  22
419  57
421  98
426  82
427  8
427  80
428  99
429  81
432  98
433  71
435  85
438  22
438  94
439  57
439  73
439  81
440  80
441  8
441  99
442  19
443  6
443  97
443  98
445  60
447  65
449  53
449  81
449  86
449  93
450  14
450  77
453  80
454  98
454  99
455  71
456  8
457  94
458  22
459  57
459  81
460  85
466  6
469  81
471  98
472  8
472  65
474  80
474  82
474  99
476  22
477  94
478  53
479  57
479  77
479  81
479  97
480  44
480  66
482  8
484  61
488  22
488  50
488  98
489  81
491  44
491  97
492  8
493  66
493  99
494  19
495  60
496  80
497  6
497  94
498  61
499  53
499  57
499  81
501  22
503  8
503  44
503  97
504  98
508  50
508  66
509  65
509  81
512  99
513  93
514  22
514  86
515  8
515  61
515  97
516  80
517  44
518  57
518  94
518  98
519  81
520  77
522  82
524  41
525  99
526  71
528  80
528  98
529  81
530  53
534  85
537  57
537  99
538  6
538  71
538  98
539  81
539  94
540  22
540  80
542  13
542  19
543  26
543  35
543  60
544  82
545  2
546  18
546  73
547  71
547  98
549  57
550  29
552  85
553  14
553  35
554  13
555  81
555  82
556  71
556  98
557  99
558  80
559  18
560  26
561  57
563  22
564  35
564  86
565  98
566  71
567  13
567  60
567  82
568  8
568  29
571  81
571  85
572  38
573  2
574  6
574  18
575  11
575  54
575  57
575  73
575  93
575  98
576  35
576  80
577  86
577  99
578  17
578  82
579  46
580  26
582  13
583  71
589  6
589  14
590  35
590  82
590  85
590  86
590  98
591  29
592  18
593  80
597  99
599  13
599  49
600  63
602  82
602  97
602  98
603  86
604  54
605  26
605  35
606  6
606  11
608  71
609  85
610  80
611  73
611  81
611  98
612  57
612  60
613  17
613  18
614  46
614  82
616  99
617  2
617  22
617  71
617  86
619  13
620  98
623  35
623  57
624  6
624  29
624  81
626  60
626  80
626  82
627  71
628  85
629  19
629  98
630  99
631  22
632  81
632  86
633  8
634  57
637  71
637  80
637  94
638  26
638  82
638  98
639  14
640  81
641  99
642  8
642  18
642  22
642  97
643  35
643  93
644  13
645  57
647  85
647  98
648  80
648  81
649  44
649  65
650  8
650  66
650  71
652  22
652  73
652  77
652  94
652  97
652  99
653  19
653  53
653  61
656  81
656  98
657  50
658  8
658  93
659  82
660  44
661  80
662  22
662  66
662  97
663  25
664  68
664  73
664  81
665  19
667  33
667  62
668  61
668  94
668  99
669  8
670  93
672  44
672  53
672  97
673  65
676  66
677  50
679  73
681  81
682  93
684  97
684  98
687  25
689  68
691  16
691  80
697  33
699  62
704  30
705  93
770  81
774  86
777  98
786  82
788  99
791  97
803  80
806  81
813  98
