42  25
42  54
49  99
50  27
55  52
56  31
56  48
59  85
62  33
62  46
62  80
64  67
65  12
86  99
96  6
97  85
117  99
125  31
125  48
127  27
129  85
133  44
137  80
138  5
138  74
141  33
142  46
144  99
148  25
148  54
150  3
150  76
156  85
163  94
169  99
177  66
181  52
181  85
187  31
187  48
192  99
196  27
197  13
197  80
204  85
208  33
210  46
212  6
213  99
224  82
225  85
233  41
233  99
243  48
245  31
245  85
248  80
252  99
255  54
256  25
259  27
260  67
262  12
264  85
270  33
270  99
272  46
282  85
287  99
290  52
293  44
293  80
300  85
304  99
308  6
317  26
317  27
317  82
317  85
318  59
320  99
321  93
322  61
322  74
323  89
328  12
330  56
332  80
332  82
333  85
336  26
336  59
336  99
338  93
339  74
342  61
342  89
346  82
347  12
349  85
351  99
356  93
358  26
359  59
359  74
360  82
362  89
364  85
366  99
369  61
370  12
370  80
371  27
372  23
374  82
374  93
379  85
380  99
382  52
382  89
385  74
386  26
388  82
391  59
393  93
394  6
394  85
394  99
399  12
402  82
402  89
404  54
406  80
408  85
408  99
410  61
411  93
416  82
418  48
418  74
419  12
419  31
421  54
421  99
422  27
422  33
422  85
422  89
423  46
424  44
425  26
431  25
434  99
435  48
435  76
435  85
436  31
438  3
439  80
442  33
443  46
445  93
447  99
448  85
454  80
455  48
455  52
455  67
455  94
456  31
457  99
458  27
461  73
461  85
463  80
464  25
464  35
465  94
466  52
467  33
467  99
468  46
471  6
472  80
473  27
474  85
475  94
477  99
478  52
478  73
479  31
479  48
481  38
481  80
485  94
487  85
487  99
488  35
490  27
490  80
491  52
492  41
496  94
497  76
497  99
498  3
499  33
499  73
499  80
499  85
500  46
507  31
507  48
507  94
509  52
510  67
510  80
510  97
511  53
512  5
512  20
512  25
513  86
514  18
514  90
515  54
518  94
520  67
520  97
521  80
523  5
523  53
525  20
526  86
527  18
527  90
528  73
529  25
529  94
530  35
530  97
531  67
532  80
535  5
537  46
537  53
538  33
539  20
539  86
540  31
540  94
540  97
541  48
541  90
542  80
543  18
543  67
544  99
549  5
549  25
550  21
550  85
550  97
551  58
551  80
551  94
552  52
552  86
552  99
553  53
555  90
556  20
556  27
556  67
560  80
560  85
560  97
560  99
562  18
562  94
565  5
565  86
567  52
568  99
569  80
569  90
570  67
570  85
570  97
571  27
571  53
573  73
573  94
575  25
576  31
576  99
577  48
578  80
579  6
579  44
580  20
580  33
580  38
580  46
580  85
583  94
584  52
584  54
584  99
586  82
587  27
587  80
590  12
590  85
590  93
591  89
592  99
593  94
595  74
595  82
596  59
596  80
598  26
600  54
600  61
600  85
601  12
601  86
602  93
602  99
604  82
604  89
606  81
607  83
608  2
608  13
609  4
609  56
610  74
610  85
612  25
612  48
612  58
612  59
612  99
613  12
613  31
613  82
614  93
615  1
615  26
615  81
616  83
617  89
618  2
618  6
618  13
618  54
618  61
619  56
620  33
620  85
621  4
622  46
622  82
622  99
623  3
623  25
624  58
624  81
625  83
626  12
626  74
626  76
626  93
628  13
629  2
630  56
630  85
630  89
631  59
631  82
632  99
633  81
635  1
635  4
635  26
635  83
636  44
638  58
638  93
639  13
640  61
640  82
640  85
641  2
642  56
642  81
642  99
643  89
645  74
645  83
649  82
651  13
651  81
651  93
652  4
653  12
654  59
655  2
655  58
655  83
656  56
657  89
658  25
658  82
660  26
660  81
662  1
664  93
665  13
665  83
669  81
671  2
671  56
672  4
673  82
674  58
675  61
675  83
678  81
680  13
692  83
