11  8
11  22
11  57
11  71
15  6
15  73
17  19
17  60
18  81
18  98
20  35
20  44
23  8
23  13
23  22
23  57
23  66
23  71
23  80
23  99
24  26
24  53
25  18
25  61
25  82
25  97
28  65
29  14
29  77
30  2
30  86
30  93
32  6
33  73
34  29
34  50
36  22
36  57
36  81
37  8
37  71
37  98
38  94
39  19
39  60
40  85
48  80
48  99
49  35
49  44
51  22
51  57
52  8
53  71
54  6
54  81
55  82
55  97
57  98
58  73
60  25
60  54
61  13
61  66
63  11
63  53
63  68
67  22
67  57
67  86
67  93
69  8
69  19
70  60
72  71
73  26
73  81
75  41
76  17
76  62
76  80
76  99
78  98
82  46
82  61
82  65
83  18
83  33
83  94
84  77
85  22
85  57
87  6
89  8
91  82
91  97
92  81
94  38
94  71
99  98
104  99
105  22
106  57
106  73
106  80
107  85
111  81
112  8
116  93
118  86
120  60
121  19
121  98
122  71
128  22
128  57
128  94
129  81
133  97
133  99
134  82
136  80
137  8
141  35
141  44
142  98
144  6
147  81
152  22
152  57
154  14
155  71
161  99
163  53
163  98
164  8
164  81
166  80
171  94
177  22
177  57
178  93
179  65
180  81
180  82
181  97
182  86
184  98
187  2
187  60
188  19
188  99
192  8
192  71
192  77
195  80
196  81
202  22
202  57
205  98
210  94
212  81
214  99
215  85
218  6
220  8
223  80
226  98
227  22
227  57
227  71
227  81
229  82
230  97
240  99
241  93
242  81
245  98
246  86
246  94
248  8
250  80
252  22
252  57
253  19
253  60
253  73
256  81
264  71
264  98
265  99
266  65
268  53
270  81
274  8
276  22
276  57
276  80
279  82
280  66
280  94
281  97
282  13
282  77
283  6
283  98
284  81
289  99
298  71
298  81
300  22
300  57
301  8
301  80
302  98
307  93
311  60
311  81
312  94
312  99
313  19
313  29
313  50
313  86
317  41
320  98
323  22
323  57
324  81
325  80
325  85
327  8
329  82
331  97
332  71
334  99
337  81
337  98
342  94
345  65
346  22
346  57
348  6
349  80
350  81
352  8
354  98
356  99
360  53
362  81
363  77
364  26
365  71
368  22
368  57
369  19
369  60
370  94
371  98
372  80
374  81
374  93
377  8
377  99
379  82
380  97
381  86
384  44
386  35
386  81
388  22
388  61
388  98
390  57
392  8
394  97
395  80
396  66
397  44
397  71
397  94
398  81
398  99
399  18
403  22
404  98
406  53
408  6
408  61
409  8
410  73
410  81
412  57
413  50
417  65
417  80
419  99
420  98
421  81
422  19
422  60
423  94
427  22
428  71
428  82
428  97
432  81
432  85
433  57
436  98
439  8
439  77
439  80
439  99
442  93
443  81
447  86
448  94
450  22
450  98
453  71
454  57
454  80
454  81
454  99
457  14
459  2
460  98
462  73
462  85
465  6
465  8
465  81
466  26
467  71
467  80
467  99
470  98
471  22
473  94
474  14
474  57
475  60
476  19
476  81
477  2
478  82
479  38
480  80
480  98
480  99
481  71
481  73
481  85
485  65
487  81
489  8
490  26
490  98
492  22
493  97
494  57
494  80
494  99
495  14
496  71
500  2
500  98
501  85
503  13
504  35
504  81
504  82
505  93
505  94
506  57
506  71
506  73
508  18
510  26
510  86
510  98
512  22
512  29
514  80
515  13
515  35
516  71
516  82
517  99
518  57
520  98
521  81
521  85
522  18
523  14
524  19
524  60
527  35
527  71
528  82
529  13
530  98
531  57
532  2
532  22
532  26
532  29
533  80
537  81
538  71
538  99
539  18
540  35
540  73
540  82
540  98
541  85
542  97
544  57
545  80
546  13
547  81
549  98
550  8
550  99
551  22
556  38
556  71
556  81
557  80
557  94
559  98
561  8
561  85
562  99
564  22
564  97
565  14
565  44
565  53
565  81
567  6
567  66
569  77
569  93
570  8
570  61
571  19
571  60
571  80
572  98
573  57
574  81
575  50
575  97
576  22
576  44
576  94
578  65
578  86
579  8
579  66
580  99
582  93
583  53
583  81
584  61
584  73
585  19
585  41
586  97
587  44
589  25
589  98
590  68
592  62
592  66
592  80
593  33
595  93
595  94
596  6
596  50
597  97
598  73
598  81
598  99
599  77
600  44
601  61
604  53
608  66
608  93
608  97
610  8
612  80
613  81
614  44
614  73
614  94
615  16
615  99
616  25
616  65
617  30
620  61
620  68
620  97
622  93
624  82
625  50
626  33
626  62
626  66
627  81
629  49
630  44
630  53
631  80
632  73
632  97
632  99
633  94
634  6
636  93
639  81
644  8
644  97
645  61
645  86
646  22
646  77
647  98
648  44
648  66
648  81
649  19
649  99
650  80
650  93
652  8
652  57
652  94
653  73
655  22
656  97
657  81
657  98
661  8
661  99
662  19
662  80
663  53
663  71
664  22
664  57
664  73
664  93
665  60
665  98
666  81
667  85
668  50
668  65
668  97
669  44
670  8
671  71
671  82
671  94
672  25
672  57
672  80
672  99
673  22
673  98
674  66
674  81
677  61
678  6
678  26
678  35
679  2
679  71
680  8
680  97
681  13
681  57
681  82
681  98
682  18
682  60
682  85
683  14
683  80
683  81
683  99
684  22
684  86
686  6
686  29
687  71
689  35
689  98
690  54
690  57
691  82
691  94
692  11
694  13
694  17
694  26
694  46
694  60
695  81
696  18
696  71
696  86
697  80
697  85
698  98
698  99
701  6
701  35
701  82
702  2
706  29
708  86
711  13
713  54
715  82
716  11
719  63
725  46
726  17
736  86
785  98
798  81
815  97
817  93
820  80
821  99
822  82
822  98
