273  96
281  2
281  76
286  18
286  42
289  51
290  4
291  53
293  8
310  96
343  96
348  2
349  76
355  73
361  18
363  42
363  51
364  4
367  53
371  96
372  33
373  8
375  98
376  68
377  0
385  70
385  72
397  96
401  98
402  33
412  2
413  76
420  96
422  4
423  51
425  53
427  8
431  18
433  85
434  29
435  42
439  14
440  65
444  96
446  85
450  29
450  66
451  13
460  4
464  53
465  96
468  51
478  2
481  76
482  98
485  68
486  0
490  33
490  92
505  72
512  70
545  98
552  58
554  68
555  0
556  33
562  98
572  67
572  96
576  70
576  72
579  98
580  68
582  0
582  33
585  96
586  18
587  42
590  2
590  76
596  98
598  96
609  18
611  42
611  96
613  33
613  68
613  98
614  2
615  76
617  47
618  8
619  0
620  4
620  51
621  53
623  85
623  96
625  47
627  29
629  32
630  14
630  72
630  73
630  98
631  65
631  92
632  70
632  85
633  47
634  8
635  17
635  58
636  18
636  96
637  4
638  51
638  53
639  29
639  42
640  66
641  2
641  13
641  32
641  85
641  94
642  14
642  47
643  65
643  76
647  98
648  96
650  85
651  27
651  33
651  47
652  8
653  29
655  20
655  50
656  4
657  32
658  68
659  51
659  53
660  96
663  73
664  98
669  0
672  18
673  96
676  2
679  42
681  76
681  98
686  96
697  33
698  98
699  96
703  92
706  72
708  70
711  96
712  68
714  98
720  47
720  85
723  96
726  2
726  8
726  18
726  32
727  0
727  4
728  29
728  47
728  51
728  53
728  65
728  76
728  85
729  14
729  94
730  98
731  42
732  32
733  50
735  26
735  71
735  75
735  96
736  67
736  85
736  94
737  47
738  32
739  13
739  28
739  33
739  66
740  65
741  14
741  29
742  50
743  47
744  8
744  26
744  32
744  75
744  85
744  94
745  4
745  6
745  71
745  98
746  96
747  53
748  47
748  51
749  28
750  32
750  77
750  83
751  3
751  37
751  61
752  50
752  65
752  85
752  94
753  14
753  47
754  26
754  75
755  32
756  29
756  71
757  96
758  2
758  47
759  28
759  83
760  13
760  32
760  46
760  68
760  77
760  85
760  94
760  98
761  3
761  61
761  66
762  11
762  37
762  73
762  79
762  81
763  18
763  47
763  50
764  6
764  8
764  76
765  7
765  9
765  26
765  32
765  59
765  75
766  4
766  65
767  14
767  71
768  53
768  83
768  85
768  94
768  96
769  0
769  46
769  47
770  28
770  32
770  77
771  3
771  42
772  29
772  51
772  61
773  11
773  21
773  79
773  81
773  92
774  37
774  72
775  32
775  47
775  50
775  98
776  70
776  85
776  87
776  94
777  26
777  75
777  83
778  33
779  7
779  9
779  96
780  46
780  71
781  32
781  47
781  77
782  12
782  28
782  58
783  3
783  14
783  65
784  52
784  81
784  85
784  94
785  11
785  61
785  62
786  79
786  83
787  8
787  32
787  37
787  47
788  6
788  50
789  13
789  98
790  4
790  26
790  29
790  75
790  96
791  66
792  46
792  53
792  85
792  94
793  2
793  32
793  47
793  77
794  71
795  81
795  83
796  3
796  7
796  9
796  28
799  11
799  32
799  61
800  21
800  47
800  51
800  79
800  85
800  94
801  14
801  96
802  37
802  65
803  50
803  76
803  98
804  83
805  26
805  32
805  46
805  75
807  47
807  81
808  18
808  77
808  85
808  94
810  68
811  3
811  71
812  28
812  29
812  32
812  96
813  87
814  42
814  47
814  83
816  85
816  94
817  8
817  89
818  61
818  98
819  33
821  4
823  50
823  96
825  0
825  53
825  85
829  90
830  65
833  98
