321  83
328  3
328  77
333  61
334  37
348  46
350  81
353  11
356  79
359  83
370  7
370  9
389  81
392  83
395  3
395  77
408  28
408  75
409  26
409  61
409  71
412  37
420  83
430  6
431  75
432  94
433  26
433  28
434  50
434  71
439  14
439  65
446  83
453  94
459  77
461  3
462  75
465  26
467  28
469  71
470  83
478  61
481  46
481  81
482  37
487  11
488  79
492  83
503  7
503  81
504  9
507  21
507  46
513  83
517  77
518  3
520  11
523  79
525  81
526  12
529  87
532  83
541  61
542  46
547  37
548  81
551  83
558  32
559  75
560  26
561  28
561  94
562  71
564  50
568  32
569  11
569  14
569  65
569  83
570  81
571  77
572  3
572  9
572  94
573  7
574  62
576  47
577  6
577  79
579  13
581  66
583  75
585  26
586  83
588  28
589  71
591  46
591  81
598  61
603  59
603  83
605  37
610  50
612  81
614  75
616  32
618  26
618  52
619  83
620  77
622  3
622  28
624  71
629  11
630  94
631  32
632  81
634  83
641  46
641  79
646  6
649  83
650  75
651  21
652  81
653  61
656  26
658  7
659  9
659  87
660  37
662  28
664  83
666  71
668  77
671  3
671  81
678  83
678  94
680  32
686  11
686  50
687  94
688  14
688  46
688  47
688  65
689  81
690  32
691  75
692  83
692  85
694  47
695  29
696  94
698  13
698  26
698  66
699  4
699  50
699  53
699  79
700  8
700  14
700  32
700  47
700  65
700  85
703  51
704  61
705  28
705  29
705  83
705  94
706  47
707  81
708  85
709  4
709  53
709  73
710  71
711  8
711  32
712  37
712  77
713  47
714  14
714  50
714  65
714  94
716  29
716  85
717  3
717  51
718  83
719  66
720  4
720  13
720  47
720  53
722  32
723  8
723  94
724  81
725  85
727  47
728  29
729  14
730  65
731  46
731  50
731  73
731  75
731  83
732  94
733  4
733  20
733  32
733  51
733  53
734  85
735  7
735  47
736  26
737  8
738  9
739  32
741  29
741  81
741  94
742  11
743  47
743  83
743  85
743  96
744  2
744  76
745  18
745  32
745  42
746  28
746  51
746  87
747  4
747  14
747  53
747  65
749  47
749  66
750  71
750  79
750  94
751  32
751  50
752  8
752  12
752  85
752  96
753  61
754  2
754  13
754  77
755  29
755  33
755  47
755  76
755  83
756  18
756  42
756  68
757  0
757  98
758  32
759  81
759  94
760  51
760  70
760  72
761  37
761  47
761  85
761  96
762  3
763  4
764  53
765  2
765  33
765  73
766  6
766  76
767  14
768  18
768  32
768  58
768  65
768  68
768  83
768  94
768  98
769  0
769  8
769  42
769  47
769  75
770  85
771  29
771  92
771  96
773  50
775  26
775  70
776  33
776  51
776  72
777  94
778  2
779  32
779  67
779  76
779  85
780  98
781  4
781  68
781  96
782  17
782  18
782  27
783  0
783  42
783  53
786  47
786  94
788  71
788  85
789  8
789  33
790  29
790  32
791  96
792  2
792  14
792  98
793  47
793  65
793  76
794  70
795  51
795  72
795  94
796  68
797  32
797  85
798  18
798  58
798  83
799  0
799  50
800  42
800  47
801  96
802  4
803  33
804  32
804  94
804  98
805  53
806  66
806  85
807  47
807  75
807  81
808  2
809  83
810  13
810  76
811  26
811  28
811  29
811  32
811  96
812  92
813  94
814  8
815  47
815  85
818  51
818  68
820  81
820  83
821  14
821  46
821  77
822  65
822  94
824  3
824  18
824  61
827  11
827  37
831  79
831  83
833  81
