226  95
227  91
237  76
254  29
254  43
263  95
265  91
279  60
294  95
297  91
308  76
318  17
322  95
324  13
324  66
325  91
326  48
347  95
348  46
350  91
352  17
370  95
372  12
372  76
373  87
373  91
373  92
375  13
376  66
391  95
393  17
395  91
410  48
411  95
415  29
415  91
417  84
417  88
418  46
419  3
419  62
427  31
428  33
430  50
430  88
430  95
431  84
432  76
434  91
435  62
436  3
436  36
437  17
446  43
446  88
448  95
449  84
452  91
465  67
465  95
469  13
469  66
470  91
474  29
479  17
480  48
480  87
480  92
482  46
482  95
484  43
485  29
486  76
487  91
492  15
494  43
494  60
496  29
498  5
498  74
498  95
499  42
503  91
504  43
506  1
507  15
508  29
508  62
509  60
513  95
517  17
519  91
521  43
523  62
525  84
525  88
528  95
531  3
534  33
534  50
534  91
535  31
537  36
537  51
537  76
537  84
537  88
542  17
542  46
542  50
543  62
545  36
547  19
547  64
549  3
549  84
549  88
550  95
551  13
551  50
553  36
553  37
553  66
555  33
557  92
558  31
558  87
559  19
559  78
560  50
560  64
561  84
561  88
562  36
565  62
566  33
570  50
570  69
571  3
571  36
573  19
573  37
573  84
573  88
574  18
574  28
575  64
577  33
579  79
580  16
580  26
580  50
581  36
582  69
583  25
585  84
585  88
589  18
589  19
589  33
589  78
590  31
590  62
591  50
592  36
592  64
595  69
597  84
597  88
598  3
599  37
601  9
602  33
603  36
603  50
606  79
607  19
608  26
609  17
609  84
609  88
613  64
614  91
614  95
615  36
616  50
617  62
618  17
621  84
621  87
621  88
622  92
624  29
624  43
625  48
625  91
625  95
626  13
626  62
626  66
626  67
629  31
631  46
632  15
632  60
632  76
633  29
633  43
636  3
636  91
636  95
637  10
637  42
639  61
640  46
642  29
642  43
645  53
645  60
646  0
646  15
647  10
647  91
647  95
648  1
648  54
652  29
652  43
652  48
652  61
654  46
655  63
656  76
657  42
658  10
658  91
658  95
660  12
661  60
662  15
662  43
662  70
663  29
666  53
667  0
668  61
670  46
671  10
671  91
671  95
673  54
679  60
681  15
683  42
684  1
685  10
687  61
695  53
700  0
701  10
707  51
710  61
716  54
716  60
720  10
740  61
742  10
745  53
753  70
762  43
763  29
764  91
764  95
765  46
767  15
768  10
768  62
770  17
770  43
771  29
771  60
772  31
772  84
772  88
772  95
773  91
774  36
774  46
774  48
775  50
775  62
775  76
776  0
777  17
777  33
777  61
778  42
778  43
780  29
780  84
780  88
781  19
781  36
781  69
781  95
782  3
782  18
782  31
782  62
782  91
783  48
783  50
783  64
784  17
785  33
785  37
786  13
786  15
786  66
787  46
788  84
788  88
789  36
789  87
789  92
791  69
792  25
794  26
795  19
796  18
796  50
796  79
798  78
