79
5
93
74
4
36
43
55
25
34
30
51
75
60
38
71
71
75
83
63
51
63
1
14
37
46
40
91
75
70
43
18
7
69
16
4
50
22
60
40
15
77
50
40
59
13
39
33
85
72
90
47
32
36
16
70
42
69
55
50
20
33
99
58
95
15
53
17
83
69
10
54
8
51
68
92
3
67
43
76
17
76
50
42
86
28
94
26
37
75
3
1
48
32
53
94
0
91
98
72
98
47
57
65
51
17
39
38
81
55
53
55
49
19
29
71
41
28
74
59
63
19
2
67
65
51
77
25
13
87
57
72
54
56
81
92
88
4
60
10
19
4
82
70
45
9
67
58
24
99
35
97
42
80
76
9
67
37
18
93
17
74
97
71
76
73
36
31
4
59
14
55
90
21
60
31
99
43
27
12
99
20
2
9
31
92
1
21
32
7
5
37
27
28
63
32
81
99
1
91
54
32
17
10
23
99
21
43
48
28
54
53
25
49
4
55
39
95
83
86
52
65
14
31
0
89
67
20
5
39
31
32
26
60
10
13
85
27
79
96
58
68
3
13
30
64
77
71
56
95
68
84
47
46
8
12
83
29
96
22
35
92
95
62
5
45
12
3
59
37
32
74
73
61
17
85
31
12
24
56
44
0
37
88
93
18
43
90
71
24
79
12
26
45
83
21
34
77
10
92
56
11
29
74
79
46
12
26
18
40
95
13
75
96
41
23
92
79
84
93
57
59
97
86
93
61
94
45
83
10
17
42
20
1
96
45
31
26
99
87
93
82
68
14
71
39
83
35
28
75
69
89
86
1
63
52
38
88
0
56
0
44
38
57
24
33
83
94
47
92
2
50
84
41
1
83
54
81
58
52
79
28
49
58
37
78
75
42
21
16
96
86
9
63
60
66
38
17
19
6
50
39
21
8
46
73
54
45
15
71
16
22
61
1
11
15
78
25
3
21
40
48
35
59
8
13
17
77
7
36
52
38
12
41
14
54
72
19
4
71
9
35
68
8
59
25
77
5
38
3
8
17
3
70
29
9
65
28
5
19
31
78
64
68
14
63
22
46
34
26
69
48
52
47
40
10
18
79
17
76
40
36
29
54
77
73
48
37
30
3
31
20
16
40
35
8
18
13
75
44
49
53
95
50
7
43
26
24
16
23
46
92
4
56
47
60
17
7
84
30
47
32
72
66
25
8
91
65
42
1
25
32
31
3
64
16
37
49
62
41
59
20
71
7
79
0
2
29
67
18
3.7973
5.70668
3.5476
2.05197
0.897489
4.52209
5.16969
2.18772
7.22392
4.79528
2.29841
7.33937
6.24676
5.49443
4.53142
9.11672
7.87635
0.625542
0.18655
5.27727
7.44639
9.67469
0.209214
5.19861
7.57517
0.719682
8.53648
8.16424
2.9818
5.80514
4.87529
1.03383
5.08851
5.44958
1.81009
8.8634
5.12894
5.60339
1.26734
2.26754
3.14277
9.44097
7.91005
0.812458
1.55984
7.03924
6.92499
5.77605
2.17315
3.12836
8.32328
0.140054
8.62758
3.26545
4.5907
4.14452
2.24284
5.27902
4.09368
5.22665
5.25405
3.00084
7.30735
8.86502
2.92335
7.2956
0.230908
1.46484
8.61764
9.65114
1.35765
6.00158
8.10596
3.7761
1.19127
6.72145
6.30501
3.15629
8.17048
9.83895
0.546647
0.379955
2.12552
5.29013e-05
10
1.40989
5.65175
4.69254
8.72532
0.718543
0.314798
0.332702
4.66887
6.7266
5.55638
1.99048
8.31955
9.77692
3.12091
1.43703
8.32937
8.41717
4.73312
8.80782
1.97095
6.3792
5.18963
1.65925
8.60758
6.76588
7.35137
5.87586
5.5731
1.19267
9.17197
9.3044
0.28425
2.38786
8.3906
2.14317
9.37779
1.78573
8.23586
2.692
4.46399
7.57528
8.60075
1.02401
2.40687
5.9029
1.11948
1.38231
0.374185
7.48
9.07836
1.94122
6.11669
4.95828
3.81557
5.82658
8.42192
2.35101
8.17579
2.0268
1.66582
0.975667
4.335
3.72264
2.44724
7.29372
4.8652
3.82886
3.38417
7.75911
3.05606
3.55113
6.07811
3.50998
4.04384
1.73241
3.59281
4.13416
6.90283
4.52515
0.290055
5.84341
9.99917
1.41952
4.43566
9.61331
9.59793
0.167571
5.42939
0.000204986
4.45076
2.4449
6.07982
4.94955
7.46906
4.99855
0.460913
5.66169
1.02075
2.65931
9.92183
6.93339
7.45342
3.94677
1.7913
8.76362
2.387
3.66952
3.70162
2.89591
8.40996
0.937634
6.77289
6.73737
5.99123
8.22921
5.69716
1.37974
7.63657
5.76062
8.35668
3.89345
4.58886
3.0719
8.38192
8.51896
9.77165
3.00028
1.26423
7.97564
3.89011
0
4.78093
4.26798
2.91939
5.85878
9.6793
7.71765
6.48762
4.87356
1.52495
0.78832
3.57857
2.84624
0.402198
8.80907
1.23749
0.514676
6.51642
1.57837
4.12548
0.559774
4.07682
8.32837
6.49104
0.0401927
3.2021
1.69337
5.51666
5.2359
1.36892
5.95297
9.99273
0.838532
6.85257
4.69905
2.62743
2.71941
2.17297
9.47687
4.57107
9.99162
5.62883
5.02606
1.9232
5.34849
4.30421
6.25689
7.68066
0.294465
6.79662
7.11868
4.72982
1.14461
8.70801
3.27225
0.375533
6.89993
4.38667
6.08208
9.17706
5.00701
7.22975
4.47189
7.90252
4.62202
5.49946
2.80849
5.74182
8.0491
2.13871
5.83923
3.2164
4.38539
2.44791
6.70962
2.96539
7.43641
1.76564
6.99672
4.11873
6.46521
1.045
2.44407
2.20595
4.82512
2.8181
9.37996
8.75955
1.73338
2.46266
7.06493
6.06006
8.33843
1.94374
1.88824
0.973981
0.00033864
3.76343
8.83152
7.73664
0.402914
0.598003
1.11262
0.938747
1.42289
5.85999
2.86263
8.17832
7.8584
1.30548
1.27808
5.69165
0.868528
7.56527
3.47966
4.29255
4.5273
0.840576
6.88427
4.16633
1.24321
5.71144
9.01346
7.29777
8.85035
6.9503
4.75876
4.21573
7.60731
1.80815
7.82514
3.3143
8.12023
2.3913
7.18056
9.07039
8.76938
2.96358
8.33754
5.9703
9.45892
8.43901
3.61605
3.04512
5.61892
3.32981
1.45123
7.60635
0.743799
1.7673
3.8098
8.69051
5.29994
6.37953
5.25161
8.79519
0.579335
0.648407
6.91779
0.239493
2.02659
0.680066
2.51042
5.20704
3.118
0.693822
9.62919
8.91136
8.71245
1.35918
3.01375
6.14658
4.0297
1.35975
2.62913
7.74845
4.57016
5.03803
5.03603
6.73017
9.02793
3.18718
7.99939
0.315259
0.982064
0.562367
2.41045
1.79126
8.74443
7.51883
0.504204
4.09455
3.66035
7.67437
3.23609
6.62277
9.17058
4.22819
9.52994
6.41581
4.01164
8.43386
1.42631
5.06304
6.15823
6.94576
2.93537
3.51682
1.51534
1.3348
4.71036
4.3875
8.4819
7.62636
2.56732
7.71939
6.42221
2.23975
7.32257
2.55241
7.23139
3.05314
2.16123
4.45918
4.25712
3.18757
5.3186
3.64237
9.63224
9.56357
8.98277
6.2339
6.58565
3.75377
0.186448
-0.265489
-0.957932
0.349706
0.890043
-26.5489
-3.83173
337.752
240
