10  36
10  43
11  32
11  47
12  33
12  46
12  89
12  90
13  20
13  59
15  34
15  45
16  4
16  75
16  87
16  92
17  5
17  24
17  39
17  40
17  55
17  74
18  3
18  38
18  41
18  76
20  31
20  36
20  43
20  48
20  84
20  95
21  83
21  96
23  7
23  28
23  32
23  47
23  51
23  72
23  82
23  97
25  89
25  90
26  33
26  46
28  19
28  60
29  20
29  59
31  25
31  54
31  88
31  91
32  36
32  43
32  87
32  92
34  34
34  45
37  4
37  26
37  32
37  47
37  53
37  75
38  24
38  39
38  40
38  55
38  89
39  74
39  90
40  3
40  5
40  14
40  65
41  76
42  33
42  84
42  95
43  38
43  41
43  46
43  96
44  83
45  36
45  43
47  0
47  79
48  20
49  59
49  82
49  97
50  87
50  92
51  31
51  48
51  89
53  47
53  90
54  32
60  36
61  34
61  43
61  45
62  33
62  85
62  94
64  46
65  89
66  7
66  28
66  51
66  72
66  96
67  84
67  95
68  90
69  10
69  74
69  87
69  92
70  24
70  55
70  83
71  3
71  4
71  75
72  39
72  40
72  47
74  88
74  91
76  20
76  32
76  69
77  36
79  59
79  89
80  43
80  82
80  97
81  5
83  90
84  76
87  87
89  92
89  96
90  33
91  38
91  41
91  46
93  89
94  84
94  95
95  47
97  36
99  83
99  90
100  45
105  87
107  43
107  89
108  32
111  59
111  92
113  96
114  4
114  31
115  55
115  60
116  19
116  74
116  82
116  90
118  97
120  3
121  36
121  89
122  87
123  34
124  47
125  20
125  46
125  84
125  95
132  83
133  90
134  33
134  92
135  88
135  89
135  91
136  96
140  87
144  45
149  43
149  89
150  36
150  90
158  82
158  84
158  92
158  95
158  97
159  96
160  47
163  89
166  87
167  83
168  90
169  32
173  48
173  74
177  89
181  96
182  92
183  36
186  3
186  90
191  87
191  89
192  39
192  84
192  95
193  65
193  75
199  24
200  33
201  47
201  82
201  97
202  96
204  83
204  90
205  40
205  89
207  92
210  91
211  88
215  20
217  87
217  89
218  36
221  84
222  90
223  96
224  43
227  95
228  89
229  41
229  74
230  54
233  92
240  5
240  51
240  90
241  89
242  83
243  47
243  87
243  96
244  3
246  82
246  97
247  25
250  88
253  36
254  40
254  89
255  84
256  94
258  90
258  92
262  96
263  95
264  76
265  33
267  32
267  89
268  87
273  59
276  46
276  90
280  83
280  89
281  38
281  74
281  87
281  96
282  4
282  55
282  72
283  47
284  45
284  92
287  31
287  91
288  34
289  36
289  59
290  97
292  82
292  84
293  46
293  87
293  89
294  90
295  3
295  85
298  95
299  96
300  4
302  20
302  55
303  45
304  43
305  53
305  89
307  87
310  92
312  90
313  0
313  59
314  89
316  72
317  33
317  84
317  96
318  28
319  83
321  7
322  88
323  36
323  47
323  89
324  41
325  10
329  40
330  90
331  19
332  74
332  84
332  89
333  51
333  95
334  96
335  92
336  97
337  82
338  87
341  89
343  41
343  54
345  88
346  31
347  32
347  39
347  84
348  43
348  90
348  94
349  36
352  40
353  82
353  97
354  47
354  89
357  91
358  83
360  43
361  32
361  84
361  92
362  53
362  65
364  51
366  87
366  90
367  19
367  89
368  41
368  95
369  88
369  97
370  82
373  36
373  96
374  43
376  75
377  32
377  90
379  38
381  95
382  26
382  39
383  60
384  91
385  84
385  90
386  24
386  43
386  92
387  28
387  83
387  97
389  5
389  82
391  32
391  76
391  89
393  25
393  87
393  90
395  38
395  95
400  14
400  85
400  92
401  34
401  83
402  48
403  5
403  46
403  90
404  20
404  39
405  24
405  75
406  76
407  33
408  43
411  7
411  92
412  91
413  89
414  34
414  90
415  32
415  83
418  20
418  79
419  48
420  5
420  75
420  87
421  24
422  33
422  69
422  92
424  76
425  90
427  46
428  34
429  83
432  92
433  20
433  43
434  7
434  89
434  96
436  90
437  14
437  75
438  84
439  24
439  95
440  5
440  33
440  48
443  32
443  83
443  92
444  34
445  76
446  90
447  87
452  20
453  97
454  89
454  90
454  95
455  82
456  43
457  83
459  92
461  46
461  59
462  32
462  91
463  38
464  90
467  39
467  95
467  97
468  28
468  84
468  89
469  36
469  82
470  47
470  60
472  88
473  87
473  96
475  89
477  43
479  36
479  40
480  84
482  41
482  47
483  85
483  89
484  87
485  3
485  90
485  96
488  4
488  45
488  74
488  97
489  55
490  59
490  94
491  26
494  31
494  46
494  87
495  92
496  72
496  89
497  88
499  82
502  45
503  4
507  55
507  90
514  87
515  51
516  96
517  89
518  95
524  84
526  92
528  90
530  83
538  89
545  87
548  90
555  92
557  91
557  97
558  89
559  95
563  96
564  84
565  82
568  90
571  83
574  87
578  89
583  92
588  90
597  88
597  89
597  95
602  84
602  87
604  96
606  97
607  90
610  83
610  92
615  82
616  89
626  90
629  87
634  95
635  89
637  92
639  84
641  91
643  96
645  90
649  83
653  97
654  89
656  87
662  82
663  92
664  90
670  95
673  89
674  88
675  84
682  87
682  96
683  90
688  83
689  92
692  89
699  97
702  90
706  95
708  82
708  87
711  84
711  89
715  92
716  91
721  90
721  96
727  83
730  89
734  87
740  90
741  92
742  95
745  97
747  84
749  89
750  88
751  94
754  82
755  85
759  90
760  87
760  96
766  83
767  92
768  89
778  36
778  90
778  95
783  84
786  87
787  47
787  89
791  97
792  91
793  33
793  92
795  59
797  90
799  96
800  82
805  83
806  89
812  87
814  95
815  90
819  84
819  92
821  43
824  46
825  89
827  32
827  88
