10  10
10  24
10  55
10  69
13  83
13  96
14  14
14  65
14  81
14  98
15  88
15  89
15  90
15  91
16  11
16  13
16  26
16  53
16  66
16  68
17  7
17  72
18  8
18  33
18  37
18  42
18  46
18  71
18  85
18  87
18  92
18  94
21  10
21  17
21  24
21  55
21  62
21  69
25  2
25  77
26  83
26  96
28  81
28  98
30  88
30  89
30  90
30  91
31  14
31  65
34  10
34  24
34  55
34  69
35  13
36  66
37  68
37  92
38  7
38  11
38  26
38  53
38  72
38  85
38  87
38  94
40  83
40  96
41  33
42  5
42  74
42  98
43  8
43  71
43  81
44  37
44  42
44  46
45  30
46  49
47  88
47  89
47  90
47  91
48  69
49  10
49  24
49  55
53  14
54  65
54  83
54  96
56  17
56  62
56  92
57  98
59  81
60  85
60  87
60  94
61  13
64  68
65  66
65  69
65  88
65  89
65  90
65  91
67  24
68  10
68  55
69  83
69  96
72  98
73  0
73  7
73  33
73  72
73  79
75  11
75  26
75  53
76  81
76  92
80  2
80  77
84  83
84  87
84  88
84  89
84  90
84  91
84  96
85  69
85  85
85  94
87  98
89  24
90  14
91  65
93  55
94  10
94  81
96  92
98  8
98  46
100  71
100  83
100  96
101  68
102  98
103  13
104  37
104  42
104  88
104  91
105  89
105  90
108  69
110  87
112  81
112  85
112  94
115  92
117  83
117  96
117  98
120  24
123  33
124  88
124  91
126  89
126  90
131  81
132  98
134  55
134  83
134  92
134  96
136  10
137  69
138  87
140  85
140  94
145  91
146  66
146  88
147  98
148  89
148  90
150  68
150  81
152  83
152  96
153  92
162  98
166  24
167  87
167  91
168  88
170  81
170  83
170  85
170  94
170  96
171  69
171  89
171  90
171  92
172  13
177  98
183  33
188  83
188  96
189  91
189  92
190  81
190  88
192  98
194  89
194  90
197  87
200  68
201  85
201  94
204  53
205  14
205  26
206  83
206  92
206  96
206  98
207  65
208  11
209  69
209  72
210  81
211  7
212  91
213  88
214  55
216  10
216  90
217  89
220  96
220  98
223  92
224  83
225  24
227  85
227  87
228  17
229  90
230  81
231  62
231  96
232  42
232  94
233  26
234  91
234  98
235  88
239  92
240  33
241  2
241  89
241  90
242  96
243  13
243  66
243  83
247  69
247  85
248  98
250  68
251  65
251  81
253  90
253  96
255  42
255  92
257  26
257  91
258  87
258  88
261  98
262  83
263  94
264  96
265  89
266  90
268  85
271  92
272  81
274  98
279  88
279  91
281  83
283  24
285  64
285  69
285  96
285  98
286  92
287  30
287  81
289  87
289  89
290  14
290  88
290  91
292  8
294  33
294  71
294  94
295  98
296  46
296  68
296  90
297  65
300  83
301  81
301  88
301  91
301  92
304  85
305  55
305  98
306  96
307  10
308  13
308  14
310  5
310  74
312  88
312  91
313  89
314  37
315  81
315  98
316  92
319  83
320  65
320  87
321  69
322  90
323  88
323  91
325  94
325  98
326  96
329  14
329  81
330  92
331  8
334  71
334  88
334  91
335  98
337  89
338  83
338  85
340  24
342  68
343  33
343  81
344  92
345  88
345  91
345  96
345  98
346  90
348  65
351  87
354  96
355  98
356  14
356  88
356  90
356  91
356  94
357  69
357  81
357  83
357  85
358  92
361  89
363  26
363  96
364  42
365  66
365  98
366  65
366  90
367  88
367  91
368  2
371  13
371  81
372  92
372  96
374  85
375  77
375  98
376  83
376  90
377  88
377  91
381  96
382  26
382  87
385  42
385  68
385  81
385  89
385  92
385  98
386  65
386  90
387  88
387  91
387  94
390  96
391  85
392  69
393  53
393  66
394  33
394  98
395  14
395  83
396  24
396  55
396  74
397  88
397  91
398  2
398  10
398  72
398  90
398  92
399  81
400  5
403  98
405  7
407  88
407  91
407  96
408  89
409  11
411  92
412  81
412  98
413  87
414  83
417  88
417  91
418  8
418  94
421  98
424  71
424  92
425  69
426  81
427  68
427  85
427  88
427  90
427  91
427  96
430  98
431  14
432  13
432  89
433  83
436  65
436  90
436  96
437  88
437  91
437  92
438  33
439  81
439  98
443  85
444  87
445  26
445  96
446  90
447  88
447  91
448  98
449  42
449  94
450  92
451  24
452  81
452  83
454  96
456  65
456  89
456  90
457  88
457  91
457  98
459  69
459  85
460  66
462  92
463  96
464  26
465  81
466  90
466  98
467  2
467  68
467  88
467  91
471  14
471  83
472  42
472  96
474  92
475  85
475  87
475  98
476  90
476  91
477  88
478  65
478  81
480  89
480  94
481  96
484  33
484  98
485  91
486  55
486  88
486  92
488  10
490  13
490  81
490  83
490  90
491  69
492  17
493  98
494  91
495  46
495  87
495  88
498  11
498  81
498  92
499  10
501  85
501  98
502  62
503  91
504  24
504  88
505  87
505  89
506  55
506  68
506  81
507  46
508  96
509  11
509  83
509  98
510  8
510  14
510  92
511  10
511  94
512  66
512  91
513  88
514  81
515  87
516  49
516  71
517  83
517  89
517  98
518  37
519  53
520  46
521  91
522  11
522  13
522  69
522  81
522  88
522  92
524  10
525  83
525  87
525  89
525  94
526  14
526  77
529  98
530  37
530  53
530  81
530  90
530  91
531  55
531  88
531  96
533  83
533  89
535  46
535  74
535  87
536  5
536  11
538  10
538  81
539  91
539  94
540  88
541  83
541  89
542  53
543  14
543  37
543  66
543  77
543  85
543  98
545  87
546  15
546  81
548  91
549  30
549  83
549  88
549  89
552  11
552  46
552  98
553  96
554  10
554  81
554  94
555  87
556  92
557  53
557  91
558  88
558  90
560  98
562  81
563  55
564  83
565  87
566  91
566  92
566  96
567  88
568  65
568  89
568  90
568  98
570  11
570  81
570  85
571  66
572  10
573  46
574  13
574  96
575  33
575  91
576  88
576  90
576  92
576  98
577  68
577  69
577  87
578  26
580  7
580  14
581  81
582  42
582  96
583  24
583  65
584  85
584  90
584  91
584  98
585  88
586  92
587  72
587  83
589  69
589  96
590  2
590  71
592  26
592  90
592  91
592  98
594  55
594  81
594  85
594  88
595  24
595  94
596  62
596  92
597  69
597  72
597  96
598  33
599  65
600  42
600  68
600  90
600  98
601  8
601  83
601  89
601  91
602  88
604  71
604  85
605  55
605  96
606  69
606  92
607  81
608  26
608  72
608  90
608  98
609  0
609  24
609  91
610  62
610  88
613  96
614  83
614  85
615  69
616  90
616  92
616  98
617  2
617  55
617  65
617  91
618  88
620  71
620  72
620  81
621  42
621  96
623  98
624  24
624  69
624  85
624  90
625  91
626  30
626  33
626  62
626  88
626  92
627  26
627  68
627  83
628  96
629  55
629  89
630  94
631  98
632  90
633  72
633  81
633  91
634  69
634  85
634  88
636  92
636  96
637  65
639  71
639  98
640  64
640  83
640  90
641  24
641  55
641  91
642  81
642  87
642  88
644  69
644  85
644  96
645  13
645  62
646  42
646  66
646  92
646  98
647  72
648  90
649  26
649  81
649  91
650  88
651  55
651  87
651  96
653  74
653  83
653  98
654  10
654  14
654  85
655  2
656  11
656  68
656  69
656  81
656  89
656  90
656  92
657  91
658  65
658  88
658  96
659  33
659  46
659  66
660  0
660  87
660  98
661  94
662  83
663  81
663  89
664  90
665  5
665  91
665  96
666  88
666  92
667  13
667  98
668  10
668  14
669  37
669  53
669  83
669  85
669  87
670  81
670  89
671  11
672  90
672  96
673  26
673  66
673  91
674  88
674  94
674  98
675  77
676  42
676  83
676  92
677  46
677  81
677  89
678  8
678  87
679  10
679  24
679  96
680  90
681  13
681  37
681  53
681  65
681  91
681  98
682  88
683  7
683  14
683  83
683  94
684  81
684  85
684  89
685  17
685  96
686  10
686  92
687  68
687  87
688  11
688  24
688  49
688  66
688  90
688  98
689  91
690  83
690  88
691  8
691  81
691  89
692  7
692  94
693  10
693  77
694  33
694  53
695  37
695  96
695  98
696  13
696  87
696  92
697  17
697  24
697  79
697  83
697  91
698  46
698  81
698  88
698  89
699  14
700  10
701  94
702  7
702  98
704  83
705  8
705  81
705  87
705  89
705  91
706  55
706  88
707  92
708  10
708  11
708  24
708  53
710  17
710  37
710  94
710  96
711  83
712  81
712  89
713  7
713  91
714  87
714  88
714  98
715  77
716  10
716  14
718  83
719  49
719  89
719  94
720  81
722  46
723  53
723  87
724  8
724  10
725  7
725  17
725  24
725  83
725  96
727  89
728  37
728  55
728  94
729  81
730  11
732  83
733  79
734  87
734  89
735  10
737  94
738  7
739  83
739  96
740  53
741  85
741  89
742  17
743  24
743  91
744  77
746  15
746  83
746  94
748  37
749  89
752  7
753  83
753  96
754  90
755  94
756  89
759  53
760  83
762  17
762  24
763  89
764  94
767  83
767  96
768  7
770  89
771  37
773  94
774  83
774  98
777  89
779  81
781  10
781  53
781  83
781  87
781  96
782  24
782  77
782  94
783  88
784  85
784  89
784  90
786  7
786  81
786  91
787  17
788  83
789  10
789  87
789  98
790  88
791  89
791  94
792  81
792  92
793  55
793  91
794  8
794  96
795  83
795  98
796  24
797  10
797  87
797  88
798  11
798  14
798  81
798  89
798  90
799  13
799  37
799  46
800  91
800  92
800  94
800  96
801  83
801  85
801  98
802  55
803  65
803  66
803  69
804  24
804  81
804  88
805  87
805  89
805  90
806  7
806  10
806  53
806  68
806  96
807  83
807  91
807  98
808  33
808  55
808  92
809  26
809  69
809  85
809  94
810  8
810  71
810  72
810  81
811  13
811  14
811  88
812  24
812  42
812  89
812  90
812  96
813  83
813  87
813  98
814  55
814  62
814  65
814  66
814  91
815  10
816  2
816  11
816  69
816  81
816  92
817  85
818  46
818  88
818  94
818  96
819  17
819  83
819  89
819  90
819  98
820  24
820  49
820  68
820  72
821  55
821  87
821  91
822  26
822  71
822  81
823  69
824  5
824  13
824  33
824  92
824  96
825  14
825  74
825  85
825  88
825  98
826  30
826  65
826  66
826  83
826  90
827  42
828  62
828  91
830  69
830  81
831  72
831  96
832  89
832  98
833  85
833  87
833  90
833  92
