235  76
243  77
244  24
248  33
258  22
268  26
271  88
274  74
301  11
308  76
309  33
321  6
324  44
328  77
332  24
333  88
341  66
350  93
355  80
357  65
364  95
370  4
371  93
376  76
377  13
381  80
383  88
393  93
395  7
399  65
402  19
402  60
402  95
406  92
407  9
407  70
409  80
415  93
416  87
418  19
418  60
423  92
430  9
430  70
433  87
436  13
438  19
438  60
438  80
438  86
439  93
441  72
441  92
442  99
443  14
449  84
449  95
450  87
453  75
454  86
462  9
462  60
462  70
462  99
463  19
464  3
465  72
466  2
466  55
466  92
467  66
467  87
470  14
471  86
471  91
473  5
475  73
477  84
479  3
479  68
483  99
484  2
484  35
484  55
488  86
493  91
495  13
498  3
499  73
501  5
502  75
504  46
504  86
505  99
506  2
506  57
507  55
507  84
509  53
511  73
511  78
513  14
515  66
517  1
517  91
519  51
520  68
520  86
521  3
528  46
528  99
529  92
531  87
533  72
536  2
536  13
538  55
538  84
538  86
541  91
542  19
543  60
544  92
545  87
550  99
552  93
553  9
553  70
556  80
556  86
558  92
559  13
559  87
560  66
563  95
564  7
566  19
566  60
566  93
568  65
572  92
573  80
574  24
574  76
574  77
574  87
574  88
575  4
575  6
579  93
580  7
580  74
584  87
585  6
585  33
586  22
587  84
587  95
588  11
589  26
591  1
591  76
591  80
592  24
592  77
592  88
592  93
595  6
596  78
598  44
599  33
599  66
601  22
601  28
601  65
605  93
607  6
607  26
607  74
609  80
610  1
611  88
612  76
612  95
614  77
615  24
615  33
618  93
619  22
619  78
620  6
622  87
626  4
628  11
628  80
629  61
631  26
631  88
631  93
633  1
633  33
634  6
638  76
638  95
642  22
642  77
644  93
645  24
646  87
647  66
647  80
649  6
651  78
651  88
652  74
654  87
655  33
656  92
657  93
658  65
659  7
662  87
663  1
664  26
664  95
666  6
666  19
666  60
666  80
667  66
667  92
669  9
669  87
670  70
670  93
671  76
671  88
672  22
674  86
675  13
676  66
676  87
677  7
678  92
678  99
680  77
682  44
683  13
684  19
684  60
684  80
684  84
684  93
685  24
685  66
686  86
687  51
687  72
687  92
689  87
690  14
690  95
691  3
691  13
691  73
691  91
692  9
692  88
692  99
693  70
694  92
696  2
696  55
697  46
697  86
698  57
699  53
699  93
700  5
700  13
700  28
700  73
701  87
701  92
702  72
703  75
704  60
704  80
704  84
705  19
706  3
707  35
707  91
707  99
708  46
708  86
708  92
710  73
711  57
711  68
711  78
713  87
714  2
714  53
715  55
717  14
717  92
719  86
720  73
721  46
722  99
723  3
723  91
725  5
725  57
725  84
728  72
731  86
732  18
732  53
732  73
735  46
736  78
737  2
738  55
740  91
742  57
743  92
744  3
751  1
751  46
755  53
756  35
756  68
