112  92
115  12
137  8
141  39
142  11
152  92
163  85
171  66
174  1
176  14
180  99
184  81
188  92
190  36
190  45
190  72
195  20
204  66
212  1
219  14
221  81
228  99
249  66
257  81
269  1
272  99
274  72
276  45
283  36
285  14
290  81
299  20
301  66
307  99
310  92
314  12
321  81
322  85
323  8
326  11
326  39
326  92
328  1
333  99
336  12
342  75
342  92
349  14
349  81
350  85
352  66
356  8
358  92
358  99
365  12
366  11
366  39
372  22
374  92
376  72
376  81
377  45
379  85
382  1
382  99
384  36
390  92
399  66
401  81
405  12
405  99
406  92
407  20
408  14
409  85
414  8
417  1
419  71
421  16
422  92
425  34
425  81
427  99
429  1
429  76
431  71
434  45
435  16
437  39
438  85
438  92
441  11
444  34
444  71
445  1
452  16
453  73
453  92
454  12
454  66
455  76
458  71
462  54
465  13
466  85
468  92
468  99
469  34
469  49
470  78
472  8
472  16
472  71
476  86
477  93
480  13
488  78
489  63
489  71
493  8
496  3
497  13
500  67
500  87
501  86
502  63
502  93
503  78
504  40
504  68
507  94
508  8
511  87
512  6
512  67
516  63
517  78
518  4
518  13
519  3
521  40
521  68
522  25
522  80
522  87
523  45
523  65
523  82
523  97
525  94
526  67
526  78
526  98
527  7
527  30
527  43
528  59
529  8
533  13
533  63
533  87
534  34
534  57
535  65
535  78
535  80
540  98
541  40
541  67
542  68
544  7
544  43
544  87
544  94
545  78
546  13
547  59
549  65
549  80
553  3
553  8
554  63
556  87
559  67
564  94
566  71
568  87
568  93
569  86
570  4
570  40
571  45
572  98
573  8
573  68
581  16
581  63
581  71
582  34
582  92
585  66
586  1
590  85
592  92
593  76
593  99
594  12
594  81
596  1
596  93
599  14
599  39
600  11
600  86
601  66
603  72
604  92
605  36
606  99
607  81
609  20
616  85
641  75
