390  94
395  83
395  96
425  73
426  7
426  40
426  94
434  83
434  96
446  21
450  91
452  73
456  52
456  94
457  46
466  83
466  96
472  51
482  94
486  73
487  98
494  83
494  91
494  96
509  21
522  36
523  73
530  40
533  7
538  36
538  91
542  35
542  98
544  69
548  32
550  52
554  12
555  71
556  36
562  73
563  65
567  62
576  91
577  36
583  94
584  98
585  54
588  83
588  96
594  21
598  32
598  85
598  94
600  47
601  73
602  46
603  83
603  96
608  6
609  39
609  72
610  85
613  94
614  47
616  32
616  33
618  40
618  83
618  96
619  6
621  25
623  43
623  58
623  85
626  27
626  88
627  28
628  81
631  6
631  72
632  39
634  43
636  83
636  96
637  14
639  25
639  85
640  10
640  44
641  8
643  58
645  6
646  43
646  67
646  88
649  81
651  33
652  27
657  17
665  10
665  44
668  43
668  88
669  8
670  58
671  81
675  6
678  14
683  43
688  39
690  88
691  6
692  72
692  85
694  27
694  81
696  67
698  47
698  83
698  96
699  8
699  25
700  43
700  94
703  85
707  14
707  32
709  54
709  65
710  83
710  96
711  10
711  94
712  73
712  98
713  36
715  47
716  15
716  71
716  91
718  7
724  69
726  35
734  85
735  21
741  64
