8  13
8  66
12  1
12  12
12  67
12  78
13  11
13  15
13  26
13  40
13  53
13  64
13  68
13  87
13  92
14  38
14  39
14  41
14  72
15  7
15  10
15  34
15  45
15  69
16  37
16  42
17  13
17  66
18  65
19  14
19  24
19  47
19  55
20  8
20  49
21  32
21  48
21  71
21  88
21  91
22  30
22  31
25  12
26  1
26  67
26  78
26  87
26  92
27  13
27  40
27  66
28  15
28  26
28  53
28  64
29  11
29  68
29  72
30  38
30  39
30  41
32  7
33  21
33  58
34  10
34  34
34  36
34  43
34  45
34  69
37  37
37  42
38  13
38  66
40  87
40  92
41  12
41  65
43  1
43  67
43  78
43  88
43  91
44  40
45  24
45  55
46  14
46  15
46  47
46  64
47  26
47  49
47  53
47  72
48  8
49  11
49  68
50  13
50  48
50  66
51  38
51  39
51  41
52  71
53  6
54  18
54  61
54  73
55  7
55  87
55  92
56  32
58  30
60  10
60  31
60  69
61  12
61  34
61  45
63  66
64  13
64  40
64  67
66  1
66  78
68  37
68  88
68  91
69  42
70  92
71  72
71  87
72  15
72  64
73  26
73  53
74  65
78  11
78  66
78  68
81  13
83  39
86  92
87  38
87  41
87  87
90  12
90  40
92  47
92  55
94  24
96  66
96  88
97  67
97  91
100  13
100  49
100  92
101  7
103  78
104  1
104  87
106  8
106  72
107  64
109  48
111  66
112  69
113  92
117  14
117  38
118  10
118  37
119  13
121  87
122  34
123  45
126  15
126  92
127  40
128  66
128  88
129  26
130  91
131  64
132  0
132  53
133  79
138  92
139  87
141  65
142  13
145  12
145  68
146  55
147  66
148  11
148  38
150  92
155  37
157  87
160  64
160  72
162  88
162  92
163  91
167  39
167  66
168  13
174  40
174  92
175  87
179  8
179  42
179  71
180  69
183  67
186  92
187  38
190  66
193  41
193  87
195  64
196  47
197  1
198  88
198  92
199  13
199  78
200  91
205  37
210  92
212  87
214  66
219  49
219  55
221  32
222  72
222  92
223  40
228  48
230  38
230  65
231  87
232  12
232  64
233  13
233  92
235  88
238  66
238  91
244  92
250  87
255  92
256  7
257  15
258  30
260  37
260  40
261  8
262  66
263  26
263  53
264  72
266  92
269  87
270  13
270  64
270  69
272  88
274  47
275  38
275  91
277  92
285  65
286  68
287  10
288  87
289  11
289  31
290  66
290  92
293  49
294  40
295  34
296  45
297  55
298  48
302  58
303  67
303  72
304  18
304  92
307  21
307  87
308  12
309  88
310  39
313  91
314  92
321  1
321  66
323  78
324  92
326  13
326  87
330  40
330  64
334  92
336  38
337  37
339  24
340  47
342  41
343  66
344  8
344  88
345  87
346  14
346  72
346  92
347  65
348  78
349  67
351  53
351  91
352  34
352  69
354  36
355  26
359  88
361  78
362  92
363  11
363  67
364  87
367  40
368  42
369  43
370  49
371  53
372  34
372  92
377  13
377  48
377  69
380  66
381  15
382  92
383  64
383  87
385  12
386  88
387  38
387  72
388  91
389  55
391  92
392  37
398  66
399  13
400  92
402  87
404  40
404  64
409  8
409  65
409  92
410  7
412  38
414  47
417  66
418  92
420  68
421  87
422  37
424  13
425  91
426  55
427  64
427  92
432  71
432  72
432  88
436  92
437  66
440  1
440  87
441  38
443  40
445  92
450  10
450  39
452  13
452  49
454  92
455  64
458  66
459  48
459  87
460  37
462  45
463  91
463  92
466  12
471  8
472  92
473  88
474  38
478  55
478  87
479  65
479  66
481  92
482  13
482  72
484  64
488  32
490  41
490  92
497  87
499  92
500  91
502  69
504  37
508  92
509  38
511  26
512  88
514  13
516  64
516  87
517  92
520  15
521  18
524  66
526  92
534  30
534  92
535  40
535  87
537  55
537  91
540  66
542  11
542  38
542  92
544  47
545  13
545  64
545  72
546  37
550  88
550  92
553  40
554  8
554  42
554  49
554  65
554  87
556  66
556  68
557  48
558  92
559  12
561  1
562  67
562  78
563  69
565  34
565  53
565  88
566  92
569  72
570  7
570  26
571  78
572  24
572  67
573  14
573  40
573  64
573  66
573  87
574  13
574  38
574  47
574  91
574  92
575  11
575  58
577  34
577  69
577  88
578  53
580  78
582  55
582  67
582  92
585  37
587  31
588  26
588  65
589  88
590  11
590  34
590  66
590  78
590  92
591  39
591  49
592  53
592  87
593  67
593  69
594  8
594  68
595  40
595  72
597  48
598  92
600  11
601  58
601  64
601  78
601  88
604  34
605  13
605  36
605  43
605  67
606  6
606  10
606  38
606  68
606  73
606  92
608  53
608  66
609  26
610  12
610  91
611  11
611  69
611  87
612  78
612  79
613  88
614  92
616  47
618  45
618  67
618  68
619  40
620  1
620  34
621  12
621  53
622  26
622  92
623  3
623  11
623  72
623  91
624  76
624  78
625  37
625  88
626  10
627  66
628  1
628  45
629  41
629  68
630  12
630  21
630  55
630  87
630  92
631  64
631  65
631  69
632  53
632  67
633  26
633  36
633  62
634  15
634  43
634  91
635  17
636  1
636  11
637  13
637  78
638  34
638  88
638  92
639  45
640  12
640  38
640  68
642  10
645  1
645  26
645  53
646  8
646  58
646  91
646  92
647  40
647  66
648  49
648  67
649  87
650  11
650  88
651  12
651  45
651  78
653  21
653  68
653  69
653  72
654  6
654  73
654  92
655  1
656  48
657  64
658  0
658  26
658  91
659  34
659  53
661  10
662  12
662  92
663  88
665  45
665  66
666  1
666  11
666  13
666  37
666  67
667  68
667  78
668  87
670  47
670  91
670  92
671  38
672  26
674  12
674  53
675  40
676  71
676  88
677  1
677  7
677  39
678  92
679  65
679  69
680  45
681  14
681  32
681  55
681  67
682  13
682  68
682  91
683  30
683  34
684  10
684  11
684  31
684  66
684  78
685  64
686  7
686  39
686  92
687  12
687  26
687  36
687  72
687  87
688  88
689  1
690  21
691  53
693  92
694  14
694  32
694  43
694  91
695  39
696  7
696  13
696  45
696  67
698  30
698  71
699  31
699  68
700  88
700  92
701  12
702  1
702  8
702  38
703  11
703  66
703  78
704  26
704  40
704  87
705  18
705  37
705  39
706  91
707  7
707  13
707  92
708  14
708  49
709  15
709  69
710  10
710  32
710  41
710  42
710  53
711  34
711  66
711  87
712  24
712  67
712  88
713  64
714  13
714  92
715  30
715  39
715  45
715  71
716  1
716  12
717  15
717  31
717  48
717  68
718  87
718  91
719  7
719  41
720  42
720  61
720  66
720  72
721  13
721  92
722  26
723  78
724  10
724  11
724  14
724  24
724  88
725  15
725  87
726  39
727  47
727  65
728  41
729  13
729  32
729  67
730  53
730  91
731  1
731  42
732  7
732  12
732  71
732  87
732  92
733  40
733  55
734  15
734  66
736  30
736  45
736  88
737  13
737  24
738  39
738  41
738  68
739  31
739  87
739  92
740  10
741  34
742  26
742  42
742  91
743  14
743  15
743  66
744  13
744  78
746  7
746  58
746  87
746  92
747  11
747  67
748  1
748  41
748  88
750  12
751  39
751  53
752  13
752  24
752  32
752  66
752  71
753  15
753  72
753  87
753  92
754  91
755  42
755  61
755  69
757  38
758  10
759  41
760  13
760  49
760  64
760  68
760  87
760  88
760  92
761  40
761  45
761  66
762  7
763  21
764  15
764  26
764  30
765  37
765  78
766  1
766  14
766  39
766  67
766  91
767  8
767  87
767  92
768  13
769  12
769  24
769  31
769  42
770  11
771  41
771  66
772  88
773  34
774  53
774  65
774  87
774  92
775  15
775  55
776  13
776  71
778  10
778  38
778  48
778  91
779  64
780  7
781  66
781  87
781  92
782  32
782  39
782  47
782  69
783  68
783  72
784  88
785  1
785  13
785  41
785  42
786  26
786  67
787  15
788  12
788  40
788  78
788  87
788  92
789  45
790  24
790  37
790  91
791  66
794  13
795  11
795  14
795  87
795  92
796  88
798  53
800  6
800  7
800  39
800  41
800  64
801  15
801  30
801  38
801  43
802  10
802  36
802  66
802  87
802  91
802  92
803  13
803  42
805  8
805  73
806  1
806  34
807  67
808  71
808  88
809  68
809  87
809  92
810  12
811  26
812  31
812  69
813  13
813  66
813  78
814  91
816  15
816  24
816  72
816  87
816  92
817  40
817  41
819  55
820  49
820  65
820  88
821  37
821  39
823  13
823  45
823  50
823  87
823  92
824  7
824  11
824  32
825  42
825  64
825  66
826  53
826  91
827  38
830  1
830  87
830  92
831  10
832  67
832  88
