73
14
92
52
15
40
83
83
90
36
56
89
11
26
1
36
13
66
41
68
61
45
8
93
30
12
55
72
64
48
60
76
76
55
30
93
10
28
55
70
98
74
1
25
77
66
73
68
70
26
44
45
46
6
79
23
62
17
15
58
44
35
3
94
60
11
85
12
19
83
84
31
54
57
72
40
1
76
91
45
54
72
34
18
82
13
59
84
89
91
89
86
48
62
44
15
77
65
87
18
95
45
29
5
86
50
81
72
69
96
90
93
79
36
22
12
73
99
15
7
45
70
47
11
90
42
7
98
75
72
95
84
70
23
47
98
31
74
14
79
45
2
29
97
44
75
79
62
81
80
37
69
33
76
10
61
94
43
4
52
53
27
42
51
58
72
29
11
73
14
92
95
5
22
38
64
65
3
88
58
53
28
71
30
3
9
34
75
66
68
77
47
37
62
14
23
78
93
28
33
6
37
29
36
33
50
92
80
51
56
6
41
14
31
9
82
10
72
32
87
30
92
64
48
2
68
56
25
16
78
97
30
53
46
79
73
2
75
14
50
54
59
31
89
82
41
60
15
5
48
9
96
94
71
87
93
80
1
28
31
86
90
59
63
45
64
71
88
83
80
84
38
53
36
13
7
72
92
73
45
68
51
65
58
69
10
59
37
91
67
20
87
28
73
48
42
71
19
50
43
12
21
94
75
98
39
99
47
17
1
13
23
24
74
85
77
35
95
98
41
70
39
82
73
19
63
99
37
54
22
75
53
45
77
55
8
73
66
39
51
22
61
95
78
3
67
91
81
68
23
46
28
12
2
78
62
88
93
51
50
8
47
45
64
60
57
78
2
69
55
88
90
73
83
93
89
2
77
44
75
28
10
45
13
29
21
82
8
34
17
0
90
10
4
5
52
30
92
34
43
52
11
74
28
60
69
66
78
3
56
36
59
3
58
4
24
63
47
57
12
21
39
78
40
56
38
33
72
12
15
49
26
2
10
6
65
46
64
53
74
7
20
26
1
71
41
77
59
46
36
60
50
25
1
31
43
19
57
68
76
48
35
78
70
53
15
13
79
46
30
8
66
38
76
15
17
77
9
25
47
44
11
76
68
30
5
40
50
37
73
67
12
27
65
0
49
72
13
53
73
69
85
62
0
24
55
72
83
30
71
63
2
85
42
96
66
64
26
65
90
92
30
98
81
69
13
68
24
44
33
74
14
71
88
81
49
25
71
65
54
35
38
73
60
56
0
0
0
0
0
4.0406
1.84171
9.03628
0.308622
2.56649
4.87936
5.6228
7.43565
5.64326
7.58024
4.59981
3.93753
3.79742
4.92316
9.6299
4.89621
4.41664
6.98519
1.05236
8.36974
9.76835
8.43958
3.06122
5.29061
4.73189
8.3369
7.19792
2.6619
8.26759
6.39581
7.3706
0.328147
3.30829
3.50087
6.15122
9.66146
3.12301
9.01377
9.74178
7.97737
0.0487963
0.0864375
6.68727
2.8788
9.489
3.7841
2.04066
8.6123
0.148822
8.31801
1.03508
3.40836
3.34401
2.03281
5.15311
4.68
1.49947
9.5447
1.89223
0.860453
3.78856
2.08297
6.26015
5.05149
4.43421
7.20715
6.32263
3.21075
1.49229
2.07387
2.05431
9.47996
6.50179
2.91341
2.65617
1.20308
9.19734
3.74649
6.76674
6.47438
9.05475
1.96039
6.81515
2.23093
9.99307
5.97803
6.98682
9.43821
7.42651
3.79922
5.26917
5.81065
0.767169
4.96077
0.609343
0.40122
3.46602
9.65863
8.89399
9.48464
1.22755
3.71651
3.35885
4.68503
9.55077
2.07927
8.28628
3.24282
4.18881
3.08914
3.69466
3.89292
0.29938
5.09863
4.0627
4.73461
2.28493
6.54061
5.10143
7.35457
0.214814
6.06105
2.62992
9.69519
1.5671
2.92617
3.70063
7.01595
4.06429
4.21254
3.25499
3.47401
0.888987
5.25293
7.5145
2.8912
8.10982
4.05302
7.84637
6.43801
7.8767
3.94137
6.77027
3.53574
6.51008
8.80261
1.42683
0.0850001
6.01041
1.13007
5.98048
8.56522
9.76059
9.07091
0.414554
3.70337
2.98764
2.79648
2.16996
4.89703
9.84877
7.52887
4.9215
7.40852
2.01668
4.88606
6.83374
3.23708
7.3283
0.162021
0.855315
2.2
1.49623
5.36983
5.37532
9.61218
6.6611
2.13666
5.02619
4.13786
2.17554
9.90098
6.23669
3.67622
4.15649
9.83492
6.81952
6.88814
1.2348
7.74672
0.99547
1.08286
6.017
6.01139
4.60942
0.703663
3.79831
5.96844
4.73367
7.52263
6.92009
8.79162
1.74125
4.85565
4.81191
9.43702
4.07964
4.55127
6.96304
8.37207
8.75728
1.99278
9.95687
6.32622
3.30858
9.85175
7.92543
1.33779
4.25065
8.27401
8.61608
8.21595
9.12493
4.155
0.856816
8.44749
7.12385
8.95139
0.560788
3.33638
9.39554
3.88828
7.39315
2.99718
0.876219
9.25757
6.41431
7.08969
7.38223
8.21083
4.28293
5.19175
7.90084
2.69533
9.32758
6.89211
2.57746
6.21158
6.3933
8.11339
8.2087
9.09294
0.592156
2.81973
1.13559
7.5114
4.90831
6.44984
9.19314
6.7925
1.48691
6.00978
9.37517
7.95002
6.87702
4.11762
1.39075
1.06886
3.09339
4.43054
6.42316
2.64123
6.7297
2.16616
4.15095
2.50792
0.724068
4.5993
1.73456
4.61921
8.9781
2.8294
1.52764
1.8868
0.755536
9.4074
6.34386
1.22083
4.68716
4.11736
2.61
8.20263
9.6638
3.56127
6.86046
1.17547
7.66303
5.0043
6.47056
8.9759
6.69519
3.80096
5.61463
7.2424
3.38281
3.64526
5.76514
9.32146
1.21585
7.398
9.41251
1.50453
9.70675
0.849597
6.23458
1.11648
4.62258
7.98591
0.663156
5.59625
4.39823
6.5072
5.00815
9.97653
5.11752
0.892902
5.20996
7.37449
1.62525
4.40967
1.79535
4.15155
8.71828
3.43888
4.40954
9.9416
6.67891
8.98518
5.69339
7.42075
5.6746
0.0144637
2.19527
1.23584
8.85445
6.86719
5.80276
2.15404
5.43548
4.36078
4.91416
8.32119
6.63366
6.68065
1.09036
3.0882
7.29652
2.74585
2.76423
8.05045
7.08336
8.44424
0.872119
6.18611
0.928858
1.65354
2.62137
0.244203
8.75811
3.71712
7.75824
7.97674
3.21348
6.7962
8.13153
7.19375
2.66117
5.46889
7.09071
7.95552
3.03339
3.2947
3.43343
5.48222
8.09348
2.29311
1.77701
5.194
3.57909
0.787172
4.95819
9.30781
5.99064
1.76933
0.389514
9.47632
0.373338
1.41812
3.93167
3.9358
8.94113
3.5064
5.70613
1.60097
4.36614
9.56125
8.06431
2.46788
1.27703
4.37362
0.244113
4.64709
3.51382
7.01065
9.66563
4.12043
0.933071
8.36744
3.33108
9.22347
7.13134
1.2289
6.62097
0.0592459
7.93778
4.76646
8.26426
3.0371
0.128098
7.20072
2.41995
7.1448
2.59926
9.62918
4.14623
5.50212
9.92407
3.02935
9.97437
2.62122
8.27142
1.81655
0.452955
8.10892
2.37433
2.81818
9.83973
2.34324
2.42773
1.26962
0.168415
0.761634
0.424913
0.0588931
16.8409
3.04654
356.516
160
