31  31
31  48
32  25
32  54
34  33
34  46
49  12
49  67
69  27
69  52
73  80
73  99
78  31
78  48
92  33
92  46
96  3
96  76
103  25
103  54
139  5
139  31
139  48
139  74
160  33
160  46
161  13
161  66
161  85
161  94
196  31
196  48
211  25
211  54
221  33
221  46
226  12
226  67
239  99
243  85
247  31
247  48
248  27
249  6
249  80
253  99
258  44
258  85
259  52
267  99
268  27
273  85
277  6
279  33
280  3
280  46
280  76
280  80
281  99
287  41
288  85
294  27
295  99
298  31
298  48
299  52
303  85
306  25
306  54
309  44
309  99
314  80
317  85
322  6
323  99
327  27
330  23
330  56
331  85
333  33
334  46
337  99
344  31
344  48
344  82
345  85
348  80
350  99
359  85
363  99
369  27
372  52
373  85
376  99
381  80
383  33
385  46
386  67
386  85
389  12
389  48
389  99
390  31
391  54
392  25
393  6
399  85
401  99
412  27
412  85
413  80
413  99
419  44
425  85
425  99
428  3
428  76
432  33
432  48
433  31
435  46
437  85
437  99
441  12
441  26
441  82
442  59
442  74
443  80
443  93
444  61
444  89
446  54
449  85
449  99
451  52
451  82
452  12
454  26
454  74
455  59
456  27
456  93
458  61
458  89
461  82
461  85
461  99
463  6
464  12
465  54
467  74
469  26
470  59
470  93
471  82
472  99
473  25
473  80
473  85
473  89
475  61
476  48
477  12
478  31
481  33
483  74
483  82
483  99
484  46
485  41
485  85
487  93
493  99
494  80
496  27
496  54
496  94
497  52
497  85
502  73
502  80
502  99
504  35
505  94
507  52
509  85
510  27
510  80
511  48
511  99
514  31
514  94
517  73
518  52
518  80
520  38
520  44
520  85
520  99
521  33
523  46
523  94
524  35
524  67
525  27
526  80
529  99
530  52
531  85
531  97
532  53
532  94
533  5
533  25
533  67
534  20
534  80
535  6
535  73
535  86
536  18
536  90
538  99
540  97
541  94
542  27
542  80
542  85
543  5
543  52
543  53
543  67
546  20
547  86
547  99
548  31
549  18
549  48
549  90
550  25
550  80
550  94
550  97
552  35
553  85
556  3
556  76
556  99
557  52
557  73
558  80
559  5
559  67
560  27
560  94
561  53
561  97
563  33
564  46
564  85
564  86
564  90
565  20
565  99
566  80
567  18
569  94
571  25
573  52
573  99
574  80
574  97
575  67
575  85
579  27
579  94
581  99
582  80
583  38
584  31
585  5
585  48
585  85
587  73
589  94
589  99
590  52
590  80
594  82
595  85
597  12
597  93
597  99
598  80
598  89
599  94
600  26
600  27
601  35
601  54
601  59
601  74
602  6
603  82
604  33
604  46
604  61
605  44
605  85
605  99
606  80
608  12
608  93
609  52
609  94
610  89
612  82
613  26
613  99
614  74
614  80
615  59
615  85
618  54
619  12
619  48
619  93
619  94
620  31
620  61
621  82
621  99
622  27
622  80
622  89
625  85
628  26
628  74
629  52
629  94
629  99
630  80
630  82
631  12
631  59
631  93
635  73
635  85
635  89
637  54
637  99
638  80
639  58
639  82
639  94
640  61
642  21
643  33
643  93
644  12
644  46
644  74
645  26
645  27
645  85
645  99
646  80
647  97
648  82
648  89
648  94
649  86
650  52
650  59
650  90
651  67
652  50
652  53
653  5
653  48
653  99
654  20
654  80
655  25
655  31
655  85
655  93
655  97
656  18
657  82
657  94
658  6
659  12
660  54
660  86
661  67
661  90
661  99
662  80
662  89
663  97
664  53
664  98
665  5
665  85
665  96
666  66
666  76
666  77
666  94
667  20
667  23
668  27
668  75
669  21
669  99
670  54
670  80
671  18
671  86
671  97
672  25
672  52
672  67
672  78
672  98
673  90
673  96
674  66
675  77
675  85
675  94
676  23
678  5
678  53
678  80
679  3
679  75
679  97
680  21
680  98
680  99
681  54
681  96
682  20
682  33
682  46
682  86
683  66
684  67
684  94
685  23
685  77
685  90
687  80
688  18
688  48
688  97
688  98
689  31
689  73
689  78
690  35
690  96
691  25
691  75
692  21
692  54
693  5
693  66
693  86
693  94
694  53
695  23
695  77
696  80
696  97
696  98
697  41
697  90
698  67
699  20
699  96
702  94
703  66
704  54
704  86
704  98
705  75
705  80
705  97
706  21
706  23
707  77
708  18
708  96
709  90
710  5
711  78
711  94
712  98
713  53
713  67
714  80
714  97
715  25
715  66
715  86
717  96
718  23
718  54
720  20
720  77
720  94
720  98
721  75
721  90
722  21
723  80
723  97
725  46
726  96
727  66
727  86
728  98
729  67
729  94
730  5
730  31
730  48
732  23
732  33
732  80
732  97
733  54
733  90
734  18
734  77
735  53
735  96
736  98
738  94
739  86
740  21
740  75
741  66
741  78
741  80
741  97
742  25
744  96
744  98
745  20
745  90
747  67
747  94
748  23
748  54
749  73
749  99
750  77
750  80
750  97
751  86
752  98
753  5
753  96
756  94
757  66
757  90
759  80
759  97
760  98
762  21
762  46
762  48
762  53
762  96
763  31
763  75
763  86
765  54
765  94
766  23
766  67
768  18
768  33
768  80
768  97
768  98
769  77
770  90
771  96
772  38
773  25
774  94
775  66
775  86
776  20
776  98
776  99
777  80
777  97
779  5
780  76
780  96
782  90
783  54
783  94
784  98
785  80
786  97
787  21
787  23
787  67
787  86
789  96
791  3
791  77
792  94
792  98
793  75
793  80
794  31
794  48
794  53
794  90
795  66
795  97
796  78
798  46
798  96
799  35
799  86
800  98
800  99
801  80
801  94
802  54
804  33
804  97
806  25
806  90
807  73
807  96
808  5
808  98
809  67
809  80
810  94
811  18
811  23
811  86
812  20
813  97
816  96
817  80
817  98
818  66
818  94
819  77
819  90
821  21
822  54
822  97
822  99
823  86
825  80
825  96
826  31
826  48
826  98
827  94
828  52
828  99
830  85
831  53
831  97
832  80
832  90
