94  77
95  56
96  76
99  55
130  88
152  65
159  56
159  77
162  76
163  45
170  55
182  88
193  93
219  56
219  77
224  76
225  88
235  55
262  88
265  52
268  48
269  50
274  56
274  77
275  81
277  65
279  93
280  76
284  52
288  14
291  10
294  55
295  88
296  48
304  20
309  45
323  50
323  83
323  96
324  34
325  56
325  77
325  88
327  38
327  41
328  7
328  72
329  45
332  76
342  93
344  96
345  83
351  55
352  34
353  88
355  45
356  31
363  38
363  41
367  7
367  72
367  96
368  83
372  56
373  77
377  2
377  3
377  23
378  24
379  88
380  34
381  76
383  91
390  2
390  3
390  23
390  96
391  83
392  24
393  45
395  86
400  91
401  14
401  34
404  23
405  2
405  3
408  24
409  93
414  83
414  96
418  91
421  23
422  2
423  3
425  86
427  24
428  34
437  83
437  91
437  96
438  27
441  23
441  29
442  2
443  14
444  3
444  31
444  41
445  38
445  98
450  27
451  24
454  69
456  91
457  59
459  86
460  7
460  83
460  96
461  34
461  72
463  29
464  23
465  47
466  2
469  3
475  91
480  24
482  83
482  96
490  88
494  23
494  86
494  91
495  2
495  45
495  55
496  56
496  77
497  76
500  3
502  34
504  65
504  83
504  96
506  88
506  93
514  55
514  56
514  77
517  76
518  45
518  52
520  48
520  81
522  50
522  88
525  83
525  96
527  65
531  52
533  32
534  93
535  48
536  56
536  77
536  81
537  10
537  55
539  50
539  88
541  76
543  20
545  45
545  52
546  38
546  83
546  96
547  41
547  63
547  85
548  32
549  4
552  48
552  67
552  81
555  5
556  88
558  65
559  50
561  52
561  56
563  77
564  55
564  72
564  93
565  96
566  7
566  83
567  85
569  76
569  81
571  25
571  31
573  48
573  88
578  45
579  14
579  95
583  91
584  10
584  96
586  83
590  2
590  88
591  23
591  24
592  3
592  56
593  34
593  77
595  86
596  27
596  93
597  91
597  98
599  29
599  55
600  31
600  65
602  76
603  96
605  83
607  14
607  27
608  2
608  88
609  23
610  24
611  47
611  98
612  3
612  91
612  94
613  16
613  37
613  69
614  29
614  75
615  31
616  12
616  34
616  42
618  59
619  27
619  74
619  86
620  94
621  47
621  96
622  16
623  83
625  54
625  75
625  98
626  84
626  91
628  94
629  12
630  2
631  23
631  29
632  16
632  24
633  27
633  31
633  47
635  41
635  74
636  3
637  38
639  94
639  96
640  83
640  98
641  14
641  75
641  91
643  34
644  88
645  86
649  65
650  69
653  45
654  31
655  7
655  81
656  77
656  85
657  48
657  56
657  93
657  96
658  32
658  52
658  63
658  72
658  83
658  91
659  23
659  88
660  2
660  4
661  55
661  76
662  50
663  67
664  85
666  5
667  14
667  63
667  73
669  32
669  81
672  4
672  52
672  85
672  95
677  48
677  63
677  67
680  25
680  85
681  32
681  50
683  5
684  20
684  81
685  4
688  63
688  85
691  6
694  67
695  95
696  85
700  4
700  32
700  63
704  85
705  5
712  85
714  32
714  63
715  67
718  4
718  25
718  81
719  95
720  85
722  52
727  88
729  85
730  32
730  48
730  50
730  63
732  81
734  77
734  83
734  96
735  5
735  56
736  31
736  76
736  91
737  55
737  93
738  52
738  65
739  45
739  85
739  94
740  14
740  88
740  98
741  48
742  27
743  3
743  4
743  16
743  24
744  2
744  34
744  47
745  10
745  23
745  29
745  86
746  94
747  75
748  12
749  83
749  91
749  96
752  74
753  16
753  84
754  94
754  98
755  95
758  47
763  54
