10  10
10  24
10  55
10  69
13  83
13  96
14  14
14  65
14  81
14  98
15  88
15  89
15  90
15  91
16  11
16  13
16  26
16  53
16  66
16  68
17  7
17  72
18  8
18  33
18  37
18  42
18  46
18  71
18  85
18  87
18  92
18  94
21  10
21  17
21  24
21  55
21  62
21  69
25  2
25  77
26  83
26  96
28  81
28  98
30  88
30  89
30  90
30  91
31  14
31  65
34  10
34  24
34  55
34  69
35  13
35  66
37  26
37  68
37  92
38  7
38  11
38  53
38  72
38  85
38  87
38  94
40  83
40  96
41  33
42  5
42  74
42  98
43  8
43  42
43  71
43  81
44  37
44  46
45  30
46  49
46  90
47  88
47  89
47  91
48  69
49  10
49  24
49  55
53  65
53  96
54  14
54  83
56  17
56  62
56  92
57  98
59  81
59  85
60  87
60  94
61  13
62  66
62  90
64  68
65  26
65  69
65  88
65  89
65  91
67  24
67  96
68  2
68  10
68  55
69  83
72  98
73  0
73  7
73  33
73  72
73  79
75  11
75  53
76  81
76  92
78  90
79  42
80  77
81  85
81  96
84  65
84  83
84  87
84  88
84  89
84  91
85  69
85  94
87  98
89  24
90  14
93  55
94  10
94  81
94  90
95  96
96  92
97  8
98  46
100  71
100  83
101  68
102  98
103  13
104  26
104  37
104  85
104  88
104  91
105  89
107  66
109  69
109  96
110  87
110  90
112  81
112  94
115  92
117  83
117  98
120  24
123  33
123  96
124  88
125  91
126  89
126  90
127  85
131  81
132  98
134  55
134  83
134  92
135  42
136  10
136  96
138  69
138  87
140  94
141  90
142  65
146  88
146  91
147  98
148  89
149  96
150  64
150  68
150  81
150  85
152  83
153  92
154  26
156  90
162  2
162  96
162  98
166  24
167  87
168  88
168  91
170  81
170  83
170  94
171  89
171  90
171  92
172  13
172  69
172  85
175  96
177  98
184  33
186  66
186  90
188  83
188  96
189  92
190  81
190  91
191  88
192  98
195  89
196  85
197  87
200  68
201  94
202  42
206  53
206  83
206  92
206  98
208  11
208  72
209  96
210  14
210  69
210  81
212  55
212  91
213  7
214  88
214  90
215  10
218  89
220  98
223  92
224  83
225  24
227  87
228  17
229  96
230  81
231  62
231  85
232  94
234  91
234  98
237  88
239  92
240  33
241  90
242  13
242  89
243  83
247  69
248  68
248  98
249  96
251  81
255  92
257  91
258  87
260  88
261  98
262  83
263  94
264  85
266  89
267  90
269  96
271  92
272  81
274  98
280  30
280  91
280  96
281  83
281  90
283  24
283  88
285  69
286  85
286  92
287  98
289  87
290  89
290  96
292  26
293  81
293  90
294  33
294  65
294  94
295  68
296  46
300  83
300  96
300  98
301  92
302  42
303  91
305  55
305  66
305  85
305  90
306  2
306  8
306  88
308  10
309  13
310  96
312  26
312  37
313  98
314  81
314  89
316  71
316  90
316  92
319  83
320  87
320  96
322  69
324  85
326  91
326  94
326  98
327  65
327  90
329  88
330  92
330  96
331  42
335  81
336  26
338  83
338  89
338  90
338  98
339  24
340  68
340  96
343  85
344  92
345  66
346  33
347  2
349  90
349  91
350  96
350  98
351  87
352  88
356  81
357  83
358  69
358  92
358  94
360  90
360  96
361  85
362  89
362  98
363  14
366  26
369  42
370  96
371  90
372  13
372  91
372  92
374  98
375  88
376  83
377  81
379  85
380  96
381  65
382  87
382  90
383  68
384  77
385  92
386  89
386  98
390  94
390  96
393  55
393  69
393  90
394  33
395  24
395  83
395  91
396  88
397  11
397  53
397  72
397  81
397  85
397  98
398  10
398  92
400  96
401  26
404  66
404  90
404  91
405  65
405  88
406  98
407  7
407  14
409  81
410  89
411  92
411  96
413  87
413  91
414  83
414  88
415  74
415  98
416  5
418  85
419  8
421  71
422  14
422  81
422  91
422  94
423  88
424  92
424  98
425  65
425  68
426  69
431  91
432  13
432  88
432  90
433  83
433  98
434  81
434  89
437  92
438  87
439  14
439  33
439  96
440  91
441  10
441  88
442  46
442  81
442  98
443  11
449  55
449  87
449  91
450  81
450  88
450  92
451  24
451  98
452  65
452  83
453  10
454  94
455  46
456  8
456  11
456  74
457  5
458  81
458  89
458  91
459  14
459  69
459  71
459  88
460  87
461  98
462  96
464  49
464  85
466  10
466  81
467  91
468  88
468  90
470  11
470  46
471  66
471  83
471  87
471  92
473  55
474  81
475  98
476  91
477  88
480  89
481  10
482  14
482  81
482  87
483  83
483  94
484  65
484  96
485  91
486  11
486  88
487  37
487  53
488  46
489  89
489  98
490  81
491  17
491  83
493  62
493  87
494  91
495  77
495  88
497  14
497  90
498  10
498  53
498  81
498  89
498  94
499  83
499  85
500  37
503  91
503  98
504  55
504  87
504  88
505  11
505  96
506  81
509  46
509  66
509  89
510  83
511  98
512  91
513  88
513  92
514  81
515  87
517  10
517  15
519  98
521  65
521  91
521  94
522  81
522  88
523  14
523  90
524  92
526  13
526  71
526  87
526  96
527  11
527  98
528  68
529  69
530  81
530  91
531  88
532  33
532  83
533  8
533  85
534  46
535  92
535  98
537  87
538  10
538  24
538  81
539  89
539  91
540  88
543  98
545  55
545  96
546  81
546  92
547  90
548  68
548  69
548  87
548  91
549  88
551  66
551  98
552  65
553  11
553  83
553  96
554  81
555  33
555  85
555  90
557  13
557  91
557  92
557  94
558  88
559  98
561  26
561  42
561  96
562  87
563  90
565  2
566  89
566  91
567  5
567  65
567  88
567  98
568  81
568  92
569  30
569  74
569  85
569  96
570  24
570  69
571  68
571  90
573  83
575  14
575  26
575  91
575  98
576  42
576  88
577  96
579  90
579  92
581  81
583  33
583  72
583  85
583  91
583  98
584  65
585  88
585  96
586  2
586  7
587  90
588  69
589  92
590  83
590  94
591  26
591  89
591  98
592  91
593  24
593  42
593  72
593  85
593  88
593  96
594  55
594  71
594  81
595  90
596  62
596  69
597  68
599  92
599  98
600  91
601  88
601  96
603  13
603  65
603  83
603  85
603  90
604  55
604  72
605  69
606  81
607  24
607  98
608  91
609  26
609  64
609  88
609  92
609  96
610  0
610  71
611  90
612  87
613  8
613  42
613  62
613  81
614  2
614  66
614  98
615  14
615  89
616  91
617  33
617  85
617  88
617  96
619  90
619  92
620  81
621  87
622  83
622  98
623  10
623  65
623  94
624  91
625  88
625  96
626  68
627  66
627  81
627  90
628  46
628  89
629  83
629  92
630  11
630  87
630  98
631  26
632  13
632  53
632  85
632  91
633  88
634  14
634  37
634  81
636  83
636  89
636  94
637  96
637  98
638  10
638  77
639  92
640  87
640  91
641  81
641  88
642  53
643  83
644  89
644  98
645  10
646  13
646  37
646  94
647  24
647  46
648  7
648  81
648  91
649  14
649  88
649  92
650  11
650  17
650  83
650  87
651  8
651  98
652  10
652  55
652  89
653  53
653  96
654  33
654  49
654  77
655  24
655  81
655  94
656  91
657  68
657  83
657  88
658  7
658  98
659  37
659  92
660  10
660  87
660  89
661  13
662  17
662  79
662  81
662  90
664  24
664  83
664  91
664  94
665  8
665  14
665  53
665  88
665  98
666  55
666  69
667  96
668  10
668  89
669  7
669  81
669  87
669  92
670  46
671  83
672  11
672  91
672  98
673  24
673  77
673  88
673  94
674  37
676  10
676  17
676  81
676  89
678  13
678  83
679  53
679  87
679  92
679  98
680  7
680  91
681  8
681  55
681  88
681  96
682  14
682  94
683  24
683  81
684  89
685  5
685  10
685  83
686  49
686  98
688  91
689  68
689  87
689  88
689  92
690  33
690  81
690  85
691  37
691  94
692  17
692  83
692  89
693  7
693  74
693  90
693  96
693  98
694  10
694  24
694  53
695  69
696  91
697  13
697  46
697  81
697  88
698  11
698  55
698  66
698  77
699  83
699  87
699  92
699  96
700  8
700  89
700  90
700  94
700  98
701  14
701  79
703  10
703  65
703  85
704  81
704  91
705  24
705  88
705  96
706  83
707  7
707  90
707  98
708  87
708  89
709  55
709  92
710  37
710  69
710  94
711  42
711  53
711  66
711  81
712  26
712  83
712  85
712  91
712  96
713  17
713  30
713  88
714  90
714  98
715  72
716  71
716  89
717  15
717  65
717  87
718  13
718  55
718  69
718  81
718  83
719  2
719  62
719  92
719  96
720  91
721  85
721  88
721  90
721  98
722  14
722  68
725  11
725  66
725  72
725  81
726  69
726  87
726  89
726  94
726  96
727  33
728  42
728  46
728  55
728  83
728  90
728  91
728  98
729  26
729  71
729  88
729  92
730  85
732  65
733  62
733  81
733  96
734  69
735  90
735  98
736  72
736  91
737  88
738  24
739  85
739  92
740  96
742  90
743  69
743  83
744  2
744  98
745  0
745  55
747  26
747  42
747  71
747  96
748  72
748  85
748  92
749  62
749  90
752  69
754  30
754  96
755  68
755  98
756  90
757  83
757  85
761  72
763  55
763  96
768  62
773  85
774  83
776  90
781  81
787  89
803  83
803  94
803  96
812  91
813  88
814  81
814  87
817  89
820  98
827  83
829  96
830  90
