95  71
108  16
112  1
119  92
122  12
133  34
146  8
157  71
159  76
190  16
194  13
194  66
196  1
198  39
203  71
222  86
223  93
232  13
232  66
270  11
281  71
286  86
286  93
289  34
290  16
293  1
298  13
299  66
310  71
317  76
328  45
329  73
333  16
339  1
343  86
344  54
345  34
345  78
346  93
349  8
351  63
359  71
361  3
361  45
362  8
363  78
368  63
372  13
372  66
377  8
385  78
388  63
390  6
392  93
393  86
394  3
395  8
399  45
400  25
412  30
414  63
414  78
416  8
436  93
438  13
438  66
438  71
440  86
441  97
442  1
442  82
444  16
444  92
446  12
451  34
452  85
453  39
454  11
456  92
457  1
460  12
461  14
461  99
464  76
464  81
465  72
465  75
466  36
467  20
468  92
472  85
474  14
475  39
475  99
476  12
476  66
477  11
479  81
480  92
483  22
484  72
486  36
488  20
490  14
491  1
492  49
492  99
495  81
498  66
499  45
508  14
509  72
511  81
512  99
513  36
518  20
524  66
528  81
529  92
529  99
531  1
531  14
538  85
539  12
540  92
545  81
545  99
546  72
547  1
549  39
551  11
551  92
554  36
554  45
555  66
557  71
557  85
558  1
558  12
560  14
560  16
561  99
562  81
563  92
566  66
570  34
570  71
571  8
575  92
577  85
577  86
578  93
579  13
579  16
579  75
580  1
580  8
581  39
581  76
584  71
585  78
588  63
589  34
591  12
591  87
592  67
593  45
594  8
594  71
595  40
595  68
597  13
597  78
598  3
598  94
600  86
600  93
601  87
603  65
603  67
603  80
604  63
605  4
605  13
605  78
605  98
606  7
606  43
607  59
609  40
609  68
610  8
611  87
613  78
614  65
614  67
614  94
615  80
617  98
618  57
620  34
621  7
621  43
621  87
622  13
622  78
623  59
623  63
626  40
626  65
626  68
627  67
627  80
628  3
628  6
628  82
630  98
631  78
631  87
631  94
631  97
634  8
638  13
639  7
639  43
639  65
640  80
641  78
641  87
642  4
642  67
643  59
643  98
646  63
647  13
647  40
647  68
648  94
651  34
651  78
651  87
652  8
653  80
654  65
656  13
656  98
657  71
659  67
659  93
660  86
661  87
662  45
664  7
664  25
664  34
664  78
665  8
665  71
666  94
669  43
669  92
670  16
673  87
674  1
674  8
675  45
675  63
675  66
677  71
677  85
678  92
679  99
680  81
681  93
682  1
682  12
682  86
684  11
684  66
687  92
688  16
689  3
689  14
689  76
690  39
691  99
692  73
692  81
693  85
694  20
695  72
698  1
698  36
711  92
