293  46
301  11
301  81
303  79
324  7
324  9
349  81
364  46
367  83
370  3
370  77
372  37
372  61
384  11
386  83
388  81
389  79
391  21
396  3
396  77
401  61
402  37
406  83
422  81
425  46
426  83
433  3
433  77
439  7
439  9
441  12
445  83
446  61
448  37
451  81
455  11
461  87
463  79
464  83
465  28
466  26
466  71
466  75
480  6
481  28
481  75
481  77
482  3
482  26
482  71
483  83
487  94
488  50
494  14
494  65
498  94
499  75
500  26
500  28
501  61
501  71
501  83
502  50
503  13
504  66
505  32
506  37
518  62
518  83
523  6
530  81
533  59
539  46
595  81
606  11
608  79
609  46
612  81
613  7
613  9
629  81
635  11
637  46
639  79
642  21
645  81
650  83
652  9
653  7
659  3
659  77
661  81
661  83
662  61
663  37
666  46
667  11
667  32
670  28
670  75
670  94
671  26
671  71
672  79
672  83
673  47
673  50
674  32
675  14
675  65
675  77
676  3
677  81
678  94
679  47
679  85
681  29
681  61
682  32
683  37
683  75
683  83
684  13
684  26
684  28
684  50
685  4
685  8
685  47
685  53
685  66
685  71
685  87
686  14
686  65
686  94
687  85
689  51
690  29
690  32
691  47
693  6
693  81
694  77
694  83
694  94
695  4
695  8
695  53
695  73
695  85
696  3
696  12
696  50
697  47
698  14
698  32
698  46
698  65
698  75
699  26
699  28
700  29
700  71
702  51
702  94
703  32
703  47
703  85
704  7
704  13
704  61
704  66
705  9
705  83
706  4
706  8
706  11
706  53
707  37
707  52
708  32
708  96
709  2
709  50
709  76
709  81
710  18
710  42
710  47
710  94
711  14
711  29
711  65
711  85
713  32
713  51
713  79
714  75
716  26
716  47
716  73
716  77
716  83
717  20
717  28
717  71
717  96
718  4
718  8
718  32
718  53
718  94
719  2
719  3
719  76
719  85
721  18
721  42
721  47
723  29
724  32
724  50
725  14
725  33
725  51
725  65
725  81
726  47
726  68
726  94
726  96
727  0
727  83
727  85
727  98
729  70
730  2
730  66
730  72
730  76
731  4
731  13
731  32
731  53
732  8
732  47
733  18
733  42
733  75
734  61
734  87
734  94
735  33
735  85
735  96
736  26
736  29
736  92
737  6
738  28
738  47
738  58
738  68
738  71
738  83
738  98
739  0
739  32
739  51
740  37
741  14
741  50
741  65
742  2
742  76
743  85
743  94
744  27
744  47
744  70
745  4
745  72
745  77
745  96
746  17
746  33
746  53
746  73
747  8
747  18
747  42
748  32
748  67
749  83
749  98
750  47
751  29
751  68
751  85
751  94
752  0
752  3
754  32
754  51
754  96
755  2
756  47
756  75
756  76
758  26
758  33
759  50
759  85
759  94
760  14
760  32
760  65
760  83
761  98
762  4
762  18
762  47
762  70
763  42
763  53
763  71
763  72
764  28
764  96
766  8
766  58
766  68
767  32
767  81
767  85
767  94
768  29
769  66
770  0
770  90
771  47
771  83
773  13
777  51
777  61
777  94
779  37
779  77
779  92
780  81
781  46
783  83
784  2
789  59
793  11
794  89
