8  13
8  66
12  1
12  12
12  67
12  78
13  11
13  15
13  26
13  53
13  64
13  68
13  87
13  92
14  38
14  39
14  40
14  41
15  7
15  10
15  34
15  45
15  69
15  72
16  37
16  42
17  13
17  66
19  14
19  24
19  55
19  65
21  8
21  32
21  47
21  71
21  88
21  91
22  30
22  31
22  48
22  49
26  1
26  12
26  67
26  78
26  87
26  92
27  13
27  66
28  15
28  26
28  53
28  64
29  11
29  68
30  38
30  39
30  40
30  41
32  7
32  72
33  21
33  58
34  10
34  34
34  36
34  43
34  45
34  69
37  37
37  42
38  13
38  66
40  87
40  92
43  1
43  12
43  67
43  78
43  88
43  91
45  24
45  55
45  65
46  14
46  15
46  64
47  26
47  53
49  11
49  68
50  13
50  40
50  66
51  8
51  38
51  39
51  41
52  71
53  47
53  72
54  6
54  18
54  49
54  61
54  73
55  7
55  87
55  92
56  32
57  30
57  48
60  10
60  31
60  69
61  34
61  45
63  66
64  12
64  13
65  67
66  1
66  78
68  88
68  91
69  37
69  42
71  87
71  92
72  15
72  64
73  26
73  53
74  40
78  11
78  68
79  66
81  13
83  39
83  72
86  38
86  92
87  41
87  65
87  87
90  55
93  24
94  12
95  66
96  88
97  91
98  67
99  13
100  92
101  7
102  64
103  78
104  1
104  87
106  40
109  69
113  66
114  92
115  8
116  37
116  47
117  14
118  10
121  13
121  87
122  38
123  34
123  45
126  15
128  72
128  88
128  92
129  91
130  53
131  26
131  49
133  66
136  0
137  79
138  64
139  48
139  87
142  92
146  13
146  68
148  11
153  40
154  12
155  92
157  87
160  66
162  88
163  91
166  38
167  39
168  92
173  55
175  37
175  87
177  13
180  64
181  42
181  71
181  92
183  67
185  66
193  41
193  87
194  92
198  88
199  1
200  69
200  78
200  91
201  65
206  72
207  92
208  40
209  66
212  87
213  13
214  8
214  38
219  92
220  64
221  32
224  47
231  87
231  92
234  37
234  66
235  88
237  91
239  49
241  12
242  40
242  72
243  92
245  48
248  65
249  55
250  13
250  87
255  7
255  92
256  15
259  66
260  38
261  30
261  53
261  64
263  26
267  92
269  87
272  88
273  91
281  40
281  92
286  68
286  72
287  10
287  31
288  87
289  8
289  11
294  34
295  47
296  67
297  45
299  58
299  78
301  88
302  69
303  92
307  21
307  87
310  39
311  91
315  53
316  65
316  92
321  40
321  49
323  12
324  1
326  66
326  87
326  92
327  48
330  13
332  72
336  64
336  92
337  26
338  24
338  37
339  38
339  88
342  41
342  66
345  87
346  92
348  14
348  91
349  55
352  13
356  36
356  92
359  64
360  40
360  66
364  87
365  38
366  37
366  92
368  43
369  8
369  18
369  42
374  47
375  88
376  72
376  92
377  69
378  13
380  67
380  78
381  65
381  66
383  34
383  87
385  15
386  91
389  11
390  53
390  88
392  78
393  67
394  92
398  26
399  34
399  40
400  12
402  49
402  87
403  69
404  92
410  7
410  48
410  66
413  64
413  88
414  92
417  55
419  13
419  38
419  72
421  68
421  87
423  91
424  92
425  37
428  66
432  71
433  92
435  64
436  40
440  87
442  1
442  8
442  92
443  65
444  10
445  13
445  38
445  47
447  66
451  39
451  92
457  37
457  55
459  87
460  64
460  92
461  45
461  88
461  91
469  92
474  13
475  38
478  87
478  92
479  66
487  64
487  92
488  32
489  41
496  92
497  37
497  87
499  91
502  88
505  13
505  92
508  38
514  55
514  92
516  87
517  64
521  15
521  66
523  92
530  69
532  92
535  87
536  13
537  91
540  37
541  88
541  92
542  30
542  38
547  64
550  66
550  92
551  11
553  42
554  87
557  68
559  92
564  1
564  18
568  13
568  55
568  92
570  7
572  66
573  87
574  24
575  91
576  14
576  38
576  92
577  64
580  88
581  12
581  37
581  40
582  72
584  8
584  92
586  66
588  67
588  78
589  31
589  49
589  65
589  69
590  39
590  48
590  53
592  34
592  47
592  87
592  88
592  92
593  26
595  40
597  72
597  78
598  67
599  13
600  92
601  58
601  66
602  11
602  53
603  69
604  34
604  88
605  64
606  78
607  12
608  67
608  92
609  8
609  38
610  26
610  40
611  65
611  87
611  91
613  49
614  10
614  72
615  48
616  53
616  78
616  92
617  34
617  55
617  66
617  88
618  47
619  67
619  69
621  37
624  92
626  11
627  45
627  58
627  78
628  40
629  13
629  88
630  26
630  87
631  34
631  67
632  41
632  53
632  92
633  64
633  72
634  66
637  69
638  11
638  78
639  68
639  79
640  15
640  65
640  92
641  38
641  88
643  8
644  67
646  91
647  34
647  40
647  49
648  92
649  11
649  43
649  48
649  87
650  6
650  12
650  36
650  68
650  73
651  53
651  66
651  78
654  47
654  88
655  72
656  26
656  92
658  69
659  13
659  67
660  37
661  11
661  64
663  55
663  68
664  92
665  78
666  34
667  88
668  66
668  87
669  3
669  40
670  76
672  38
672  92
673  53
674  11
675  58
676  43
676  62
676  67
678  36
678  65
678  68
680  1
680  78
680  88
680  92
681  17
681  72
683  69
683  71
683  91
686  66
687  87
688  34
688  92
689  8
689  13
690  64
693  40
693  88
694  26
696  92
697  49
699  37
703  38
703  47
703  48
704  66
704  92
706  87
711  72
712  92
714  12
716  55
718  7
718  13
719  40
719  64
720  91
720  92
723  66
725  65
725  87
727  92
733  39
734  92
735  38
738  42
744  37
744  87
751  32
758  91
763  87
769  92
772  21
778  15
779  41
781  10
782  87
784  88
796  91
799  92
801  87
803  24
803  45
806  1
807  14
820  87
824  88
824  92
826  30
832  61
