88
68
11
20
55
75
70
13
26
27
75
97
81
55
23
66
6
69
72
96
12
80
47
77
42
59
57
25
91
83
68
40
12
41
65
2
54
64
79
18
10
74
99
29
96
0
15
76
61
59
11
22
29
7
40
75
83
63
77
37
19
0
17
69
12
45
43
35
1
30
95
13
1
51
40
91
79
25
94
24
64
91
5
60
71
47
28
17
37
33
7
32
82
70
76
19
92
4
1
48
52
77
80
57
8
71
90
17
29
41
7
64
2
66
28
82
14
53
79
63
99
14
75
83
19
32
30
89
71
52
59
24
48
64
27
67
49
1
60
3
51
16
49
56
17
28
93
82
24
76
80
30
12
56
73
67
88
31
1
9
84
21
68
25
27
69
42
31
15
5
34
86
74
93
1
26
91
55
94
49
87
97
96
27
37
76
25
3
9
4
11
6
30
46
70
15
54
80
12
90
58
56
95
81
89
57
62
24
67
18
77
26
84
31
65
82
41
59
94
95
75
40
72
90
36
82
2
85
20
27
65
95
1
4
42
10
41
51
32
39
8
18
42
53
86
83
96
89
43
79
0
52
73
42
74
50
7
91
62
99
77
42
59
87
29
50
70
12
88
28
52
43
30
93
66
45
7
75
64
71
82
74
54
9
56
29
64
33
36
66
6
25
46
50
56
79
1
92
43
99
56
61
85
66
38
37
97
76
88
79
91
50
96
70
90
30
69
27
94
78
54
40
9
77
51
14
42
17
27
82
17
26
29
1
10
11
99
63
23
92
26
93
69
44
97
10
2
12
65
31
45
60
66
22
84
46
0
13
51
71
32
77
21
54
58
56
73
6
33
12
88
53
87
43
44
85
65
79
24
94
21
45
39
89
19
71
87
57
44
93
36
9
5
58
25
62
22
90
47
10
61
26
46
22
53
39
78
75
33
40
63
5
60
49
27
68
9
0
16
50
58
14
28
77
48
76
56
31
17
65
45
18
57
61
3
39
44
79
73
33
56
77
44
67
47
41
69
14
68
63
43
3
17
76
5
9
59
2
10
7
39
12
76
45
28
77
2
8
56
51
6
8
50
51
22
73
21
79
52
55
57
13
45
30
34
15
54
55
24
71
53
25
55
30
7
17
8
70
37
2
56
7
44
30
62
59
11
89
99
83
69
87
97
36
99
42
50
26
67
14
58
65
66
35
85
78
75
79
69
31
16
45
50
47
8
43
71
27
68
9
30
74
51
58
63
0
56
26
55
54
3.63074
4.3736
6.71861
3.31611
3.82211
5.81513
8.19134
2.25903
4.91303
5.13387
9.59742
0.690119
3.68841
1.14745
6.99985
1.10808
8.03023
4.86424
2.69169
4.94235
6.93651
3.60944
1.84144
0.0154939
2.12629
3.84483
8.57188
2.31227
7.98873
2.75267
8.89939
1.76017
4.26828
0.628246
9.18818
7.22822
7.97222
5.00945
8.3696
0.555415
5.86178
9.75436
4.01269
4.08711
5.54313
8.85967
2.7789
7.81866
5.65821
5.48091
0.135191
8.03592
7.87367
9.959
0.667155
8.63892
8.07694
9.85617
5.14793
5.96968
4.49543
5.23537
6.67063
2.6912
3.07955
9.64601
7.75395
5.29056
0.543411
6.98192
1.20919
5.04694
1.89877
5.01696
2.74478
5.71665
4.77341
9.59463
7.10834
5.01304
9.31585
0.989597
7.87978
3.07898
2.64919
1.31718
6.98933
0.635958
3.22821
2.88865
0.367309
1.34299
1.30008
1.79637
6.62017
9.72094
1.29669
3.55838
9.47936
7.9668
2.19062
5.92286
9.80672
8.10542
6.93172
0.723779
8.8083
2.00539
3.71985
2.75836
7.00598
6.80667
3.42224
2.75204
9.76258
9.04803
1.80886
7.73717
5.54176
7.23379
4.91851
2.39353
5.58973
5.04903
8.76368
2.90218
2.87012
3.74408
7.85938
2.85134
8.95575
5.36923
2.97758
2.71292
7.44529
0.87597
0.37591
3.16391
9.68337
0.0114182
0.371604
9.86575
7.00311
5.38584
3.8528
7.30358
5.50738
0.964025
0.241319
0.426621
3.5051
6.48499
7.1343
5.88331
9.4526
9.44286
5.71581
9.51928
2.19077
1.98338
4.10808
6.84915
2.48527
1.81976
1.64556
0.522698
2.1744
6.20309
9.80223
1.91814
4.29887
7.58679
4.7569
6.61494
7.04483
2.82209
2.231
1.8638
0.384194
2.34275
1.10012
6.6232
2.11893
1.71941
7.47444
1.96696
1.61703
6.96799
8.96379
5.368
9.9329
7.59323
5.74361
0.982854
4.28567
3.43322
8.33025
9.62281
1.64652
7.1526
4.66726
1.70567
5.23122
9.03103
8.53746
5.08614
6.64461
6.47216
7.85834
3.10069
9.50914
0.420809
9.85246
7.97532
3.62382
1.79172
1.75231
5.33554
2.05137
4.4888
7.09005
8.30364
1.43739
7.74255
6.4083
8.82522
4.46964
0.44592
3.06811
5.95526
1.12875
5.02395
6.13765
2.95779
1.29814
1.89346
4.4089
3.18949
5.9983
4.64992
2.47828
7.13551
9.46034
0
2.99173
8.29865
0.910615
4.23904
6.4671
1.1232
4.82441
0.768986
6.03346
4.32625
3.69267
3.81004
1.93627
7.52131
0.441473
3.17119
9.43785
3.56913
2.77124
2.98405
9.24812
3.23973
8.21132
4.61262
8.98728
5.11236
6.58582
2.04181
5.586
7.63474
1.81489
7.02774
9.03385
2.65477
8.56699
2.12111
9.60653
8.12466
7.34471
6.47431
7.67469
5.32019
7.50858
1.88905
7.36341
7.91374
0.990465
9.02405
8.47456
5.58909
5.29632
5.63135
6.79328
9.62187
0.484331
3.87666
4.85557
1.04561
4.04767
5.52863
6.47684
1.29932
3.89352
5.13643
9.49714
3.41398
0.560612
4.02295
1.85443
1.71983
6.3172
3.95091
4.56897
8.17012
5.89029
4.96685
0.312918
7.05984
4.08402
1.65281
4.1583
5.17314
5.12661
3.17462
8.28108
0.472728
3.0973
9.68755
9.35278
1.42659
7.49589
2.33482
9.57018
5.52963
7.94558
8.3337
6.29976
4.01587
4.19194
7.57316
3.31292
2.57764
4.73711
3.13612
6.31376
4.81689
7.13217
9.43109
9.77996
5.69305
8.17805
3.41984
8.42514
5.55609
8.62222
6.23512
9.79947
3.2502
9.1169
9.72928
5.69419
4.66659
5.05638
9.44942
5.54428
8.37708
3.43855
7.57364
6.36656
2.46965
4.06341
0.678678
3.40158
0.784484
3.14671
4.05045
9.19481
8.65583
6.28755
6.39149
4.04563
8.64881
4.03225
1.47359
9.11517
7.28254
2.90392
1.36386
2.0098
8.12833
8.0766
4.03366
6.58764
7.91098
6.00336
1.71327
1.6924
0.027846
8.13774
6.70135
3.09595
1.07378
1.61254
3.81954
0.659143
8.86278
5.32639
6.01929
0.987234
8.1459
2.14297
7.52754
9.50338
3.8286
2.17637
1.71421
9.95448
7.45941
7.13534
3.96384
4.08275
9.49495
4.87712
9.78773
3.19119
0.0444579
4.14464
8.19324
3.09655
9.75978
9.15957
8.39731
9.1762
5.52462
7.65803
0.683434
9.24837
0.962247
7.61069
4.24954
2.97896
8.97923
1.31228
1.12215
9.91955
7.84993
-0.468174
-0.0272683
0.697137
0.69775
-46.8174
-0.109073
424.436
220
