4
44
97
78
10
50
22
68
88
9
59
60
12
35
45
26
74
54
79
40
70
19
16
76
98
42
7
34
81
40
25
20
24
14
48
67
44
39
82
5
40
23
0
19
33
48
70
27
54
64
7
27
74
20
32
43
75
78
17
76
11
19
57
2
30
51
3
52
69
77
19
14
95
2
67
65
41
6
71
29
65
35
40
73
63
54
93
1
5
69
70
67
3
44
91
35
45
96
15
59
14
63
98
34
38
89
64
61
69
94
54
28
30
86
87
39
4
75
25
62
46
79
76
63
13
87
81
57
18
92
71
44
11
83
52
72
57
19
98
81
1
90
55
59
32
53
34
76
19
86
50
89
70
67
63
60
78
13
69
22
33
97
28
12
50
34
73
42
46
66
55
51
71
39
8
37
60
6
10
9
82
26
78
0
49
96
30
43
4
5
99
50
3
87
69
17
92
86
68
73
7
71
36
5
24
64
84
73
80
74
75
1
16
47
96
19
59
97
69
54
84
67
18
74
90
54
76
29
24
70
12
39
26
90
27
79
65
85
57
60
58
62
4
38
43
78
98
71
48
75
42
53
47
84
88
44
55
69
74
10
42
28
61
84
92
65
98
69
7
24
21
73
46
11
34
67
62
91
44
25
78
92
73
36
9
61
70
33
15
23
88
69
4
11
33
42
95
74
67
24
38
93
12
75
32
98
53
79
60
87
25
75
88
87
42
38
24
21
39
17
73
70
53
82
0
2
6
43
44
79
88
16
65
80
2
89
30
90
79
37
56
49
18
91
92
27
52
72
60
86
56
91
96
76
13
40
2
31
51
23
70
7
13
26
58
42
61
28
68
69
54
61
17
29
79
42
27
45
64
32
22
1
76
88
5
9
39
24
7
82
43
19
53
79
75
68
66
10
15
27
27
60
55
67
45
69
36
46
5
21
34
14
60
53
77
24
68
16
71
66
41
49
58
76
1
15
43
13
28
56
8
7
70
0
76
47
39
66
12
49
72
23
40
25
5
18
35
10
24
62
3
14
7
22
34
45
32
72
48
43
50
4
56
12
46
66
21
64
30
3
4
22
15
49
59
66
39
7
28
71
58
40
71
70
61
16
62
59
63
19
62
0
44
59
17
67
71
65
61
56
53
64
0
8
80
13
92
94
29
82
7
33
55
97
85
18
0
66
9
26
24
75
78
47
87
84
95
25
16
29
63
18
31
88
85
29
24
12
36
9
78
69
49
21
77
0
4
46
34
50
9.36888
6.82627
4.68165
10
7.21853
2.22132
2.93637
7.68648
8.72511
5.04693
9.35491
2.74784
0.103547
1.18182
9.16663
2.32061
8.43134
4.23549
6.36577
4.02749
0.711915
8.08071
0.922312
3.09787
4.6656
5.42594
6.03463
7.37981
2.24575
5.0694
2.20285
0.0132222
6.09195
0.54625
7.58092
1.87363
5.61173
3.65886
7.64172
5.93492
9.26496
6.06077
6.47371
0.904391
6.86614
5.67383
1.07694
8.19048
8.56927
2.99435
2.46998
6.89323
5.3106
6.32161
1.13763
9.96
1.0748
2.01701
3.87811
1.21641
8.98997
2.00673
7.08461
8.46334
2.35035
1.53372
8.23196
7.68018
3.34917
8.13129
1.23426
4.92495
3.36026
1.23264
1.36035
9.96478
3.62249
6.42333
7.77804
4.70207
7.93443
0.00742238
3.86236
1.72983
9.34305
2.45823
2.57577
1.99907
4.39646
9.13241
5.99296
4.0255
3.55051
8.35004
4.15454
8.82245
9.15401
4.30212
9.21083
6.80791
10
1.3291
2.14243
3.79342
7.83076
1.08874
7.83461
6.11539
6.01814
9.9999
3.69705
9.99981
1.26487
5.6918
2.73416
3.05132
4.34905
2.66248
0.341172
4.57148
3.14883
6.33893
2.22674
0
9.20988
2.43737
4.0311
1.86391
2.64136
4.23048
9.01162
0.392903
6.21733
2.30469
8.34452
1.0178
1.22273
4.50795
1.22876
4.73509
9.37784
0.129542
4.77368
4.66922
0.0397937
7.90445
5.043
6.17944
2.69354
3.69125
3.76169
2.17647
6.59351
3.34798
10
8.23261
9.99965
8.55315
8.40478
2.06798
7.94734
6.2721
6.67136
4.97458
8.23716
3.00048
8.02454
5.17305
1.91548
9.11913
2.77829
0.0594009
3.11557
4.96873
6.98235
9.04256
8.63271
5.54677
0.000396513
5.52436
7.43641
0.38521
9.99996
7.51659
8.82763
4.49764
1.99762
2.24579
8.16366
8.69824
2.15501
1.07525
6.71646
7.87445
6.66949
2.40935e-05
8.07094
4.71237
0.0003605
6.74415
6.17066
5.30688
0.995547
3.81973
0.325854
2.47823
1.80789
6.98825
4.66757
8.93151
4.30009
2.06942
7.23746
6.56944
3.06593
0.576697
6.12181
7.25014
1.55397
8.05405
3.45485
6.6847
2.56252
9.99973
0.00107592
6.53527
6.00907
5.51533
5.94643
5.43819
5.69622
2.83786
8.53786
2.03532
1.3663
6.47559
1.01391
1.23728
8.41931
9.23569
0.309458
2.05913
3.64091
6.70511
1.76708
6.30187
4.20124
9.09619
3.29788
7.03304
8.62023
8.93461
9.04584
7.4983
6.22246
5.8343
7.97118
3.08861
4.52596
9.50048
1.05035
4.77014
7.51661
4.77489
9.00507
3.13924
3.64808e-05
3.86934
0.834445
4.12996
0.000226618
9.94682
4.58721
7.69425
6.76724
5.2233
3.86199
1.13523
2.8161
8.42241
6.02823
8.69394
2.53879
3.93921
9.99982
7.37234
4.08708
5.55904
6.56022
6.98062
8.61878
3.95585
1.93085
5.46837
0.323036
0.0737006
4.1425
5.51173
2.443
1.8004
2.65395
6.2476
3.00716
8.84768
6.46627
6.27348
9.63097
0.768201
0.415579
4.64909
3.20565
6.51153
4.31067
8.4571
3.92882
0
4.3151
5.03867
7.90385
9.03986
0.00024119
8.65363
2.88515
4.10344
7.40924
10
0.00320115
8.06879
4.08739
7.74854
0.0174801
5.54563
4.90404
5.92243
1.14925
3.65837
9.98989
1.32622
5.85917
2.921
4.73479
2.82753
2.60577
2.24824
4.89506
3.06753
3.73111
7.15491
1.6885
7.54713
7.44592
2.91378
3.27358
9.99275
4.19071
4.15408
8.42433
1.22715
0.490771
9.19112
7.77299
3.75179
4.81648
5.59893
5.85049
2.85571e-05
8.55293
0.00471389
6.6365
3.60216
6.26011
0.0662444
3.87245
4.47023
6.02554
3.01986
9.99681
9.41762
5.6558
9.49423
2.34702
6.54327
7.75415
2.15516
9.99439
1.53316
9.25627
7.68812
8.38447
7.95212
1.86212
4.04794
1.89139
5.36988
1.89125
6.61722
9.98879
8.29627
6.55915
6.40042
6.00859
7.51749
5.62094
6.13992
4.34016
3.16378
2.257
3.63253
4.73736
5.39539
2.53779
4.75117
2.22779
8.62751
3.80048
5.19422
0.0929716
1.25611
5.78227
8.07288
2.60464
1.11232
6.47594
1.71286
8.12456
9.9994
5.58915
2.3827
7.95191
2.92063
4.76361
4.65551
7.46936
6.88462
4.87215
6.26076
4.96963
7.97347
3.57587
3.36482
9.99052
7.8394
2.68221
2.44594
3.68896
2.91288
4.03242
2.63695
5.24134
7.96077
-0.82017
0.845271
0.28356
0.875202
-82.017
3.38108
321.248
240
