355  66
365  32
374  87
389  57
394  42
394  83
398  51
405  39
407  6
408  62
409  80
410  86
413  76
416  87
426  83
428  12
432  29
449  51
451  87
457  80
457  83
471  86
477  39
479  6
481  87
483  12
484  62
486  83
494  42
501  80
503  76
508  87
512  51
512  75
513  83
519  86
521  23
525  66
533  87
534  12
534  32
535  57
538  83
539  80
540  66
543  89
555  32
556  39
556  87
557  57
558  66
559  86
560  6
561  60
561  83
569  62
570  51
570  52
571  29
571  89
573  45
573  80
578  66
578  87
579  61
580  32
582  42
583  12
583  83
585  57
587  23
594  86
595  76
598  87
601  66
601  89
604  80
604  83
614  32
617  87
624  83
625  51
625  57
626  39
627  86
629  12
630  6
633  80
636  87
642  62
643  83
661  80
666  83
