10  84
10  95
11  26
11  53
11  82
11  97
12  16
12  63
12  85
12  94
13  87
13  92
14  18
14  61
16  15
16  29
16  31
16  48
16  50
16  64
17  88
17  91
18  1
18  78
19  8
19  71
20  0
20  9
20  70
20  79
20  84
20  95
22  24
22  33
22  46
22  55
22  82
22  97
23  26
23  53
24  13
24  66
24  80
24  85
24  94
24  99
25  16
25  63
26  87
26  92
31  18
31  61
31  84
31  95
33  97
34  82
35  88
35  91
36  29
36  50
37  15
37  26
37  53
37  64
37  85
37  94
38  31
38  48
40  25
40  54
41  1
41  16
41  63
41  78
41  87
41  92
42  84
42  95
43  7
44  72
45  8
45  71
45  97
46  9
46  82
48  0
48  70
48  79
50  85
50  94
51  18
52  26
53  61
53  80
53  84
53  95
53  99
54  53
54  88
54  91
56  33
56  87
56  92
57  97
58  55
58  82
60  16
60  24
60  46
60  63
62  32
62  47
63  85
64  94
65  84
65  95
66  29
66  50
67  66
69  97
70  13
71  26
71  82
72  15
72  64
72  87
72  92
73  31
73  48
76  53
76  88
76  91
77  84
77  85
77  95
78  18
78  94
81  97
82  4
82  75
84  82
86  61
86  80
87  16
87  63
87  99
88  1
88  9
88  78
88  87
88  92
89  84
89  95
91  85
93  94
93  97
94  26
97  82
100  88
100  91
102  84
102  95
105  85
105  87
105  92
105  97
108  8
108  53
108  94
109  71
111  82
115  84
115  95
117  97
119  18
119  85
121  0
122  26
122  87
123  79
123  92
124  94
125  33
125  82
126  80
126  88
126  91
127  99
128  84
128  95
129  97
133  70
133  85
139  16
139  63
139  82
140  87
140  94
141  84
141  92
141  95
141  97
147  85
152  88
152  91
153  82
153  97
154  84
154  95
156  26
156  94
159  87
160  92
161  85
162  9
164  29
164  50
165  97
167  84
167  95
168  82
169  80
171  99
172  94
173  53
173  55
175  85
176  61
176  97
178  87
179  18
179  88
179  91
179  92
180  84
180  95
183  82
187  97
189  85
189  94
194  26
194  84
194  95
197  15
197  31
197  87
198  64
198  82
198  92
198  97
199  48
203  7
203  85
206  94
207  88
207  91
208  84
208  95
209  97
212  82
214  80
216  87
216  92
217  85
217  99
220  94
220  97
221  33
222  84
222  95
224  82
228  53
231  8
231  64
231  85
231  97
233  9
233  26
233  92
234  94
235  0
235  87
236  80
236  82
236  84
236  88
236  91
236  95
239  29
240  18
242  13
242  97
244  66
245  16
245  63
245  85
248  82
248  94
249  92
250  84
250  95
253  97
254  53
255  87
258  80
259  85
260  8
260  64
260  82
262  94
263  88
264  84
264  95
264  97
264  99
265  91
266  92
268  0
272  26
272  82
273  24
273  85
274  87
274  97
276  94
278  29
278  46
278  84
278  95
280  80
282  92
284  82
284  97
285  1
285  78
286  53
287  85
290  94
291  88
292  84
292  95
294  87
294  91
294  97
296  18
297  9
297  82
299  33
300  85
300  92
304  64
304  84
304  97
305  95
307  87
308  94
309  26
310  55
310  99
311  16
311  80
313  82
313  84
313  85
314  97
315  95
318  78
318  87
320  88
321  61
321  92
322  84
323  91
324  97
325  95
326  16
326  85
326  94
327  25
329  82
329  87
331  84
334  97
335  71
335  95
339  85
340  78
340  84
340  87
342  92
343  16
344  94
344  97
345  50
345  82
345  95
346  24
346  26
348  84
348  88
350  47
350  91
351  85
351  87
352  18
353  63
355  95
355  97
356  31
356  84
356  94
357  16
357  48
358  99
360  88
361  82
362  87
362  91
362  92
363  85
364  84
365  95
366  61
367  78
368  94
369  79
371  16
371  31
372  48
372  63
372  84
372  88
373  87
373  97
374  91
375  85
375  95
377  82
379  84
380  70
380  92
380  94
382  95
384  63
384  88
385  80
385  87
386  91
387  85
388  31
389  1
389  15
389  48
389  84
390  61
390  92
390  95
391  97
392  94
393  25
393  82
395  16
395  63
396  88
397  54
398  91
398  95
399  84
399  85
400  92
402  94
403  50
403  82
405  1
406  95
406  99
407  63
408  31
408  61
408  88
408  97
409  48
409  84
410  87
410  91
410  92
411  53
411  85
412  82
412  94
413  32
414  46
414  70
414  95
419  84
420  72
420  92
421  82
422  95
424  1
424  97
425  53
425  94
428  55
429  84
430  82
430  92
430  95
431  63
431  85
433  70
433  87
435  46
436  80
438  82
438  94
438  95
439  54
439  84
440  50
440  92
440  97
441  53
446  95
447  82
449  1
449  61
449  84
450  85
450  92
450  94
451  88
452  13
452  99
453  91
454  4
454  95
455  87
456  82
456  97
457  70
458  72
459  53
459  84
460  63
460  92
461  94
462  95
463  46
464  82
465  24
465  85
467  88
467  91
469  84
470  92
470  94
470  95
471  61
472  97
473  63
473  82
476  85
476  87
478  88
478  91
478  95
479  53
479  84
479  94
480  1
480  92
481  48
481  82
482  31
485  18
485  80
486  95
487  61
487  63
487  85
488  94
488  97
489  84
489  88
489  91
489  92
491  70
491  82
493  87
493  95
495  84
498  16
498  85
499  92
499  94
499  95
499  99
500  88
500  91
501  48
501  84
502  31
502  87
503  63
504  97
505  50
505  95
507  84
508  85
509  16
509  78
509  92
510  18
510  82
510  94
511  29
511  87
511  88
511  91
512  55
513  97
514  84
514  95
516  85
520  16
520  26
520  87
521  84
521  94
521  97
522  18
522  88
522  91
524  9
524  85
524  95
525  31
525  48
526  33
526  82
527  78
528  84
529  80
529  87
529  97
531  29
532  26
532  94
534  92
534  95
535  8
535  84
536  0
536  7
536  64
536  82
536  85
537  66
537  97
538  87
539  75
540  16
541  9
542  84
543  80
544  29
544  94
544  95
545  97
546  26
546  33
546  82
547  99
548  8
548  24
548  85
548  87
549  64
550  25
550  47
550  92
551  0
551  13
552  78
553  97
554  84
556  82
556  94
557  53
557  80
560  9
560  85
561  26
561  97
562  18
562  95
563  64
564  8
564  88
566  82
566  92
568  0
568  91
568  94
569  71
569  97
571  80
572  33
572  84
572  85
573  7
573  29
574  15
574  87
576  82
577  97
578  26
579  64
579  95
580  94
581  92
582  13
583  8
583  53
584  9
584  85
585  80
585  97
586  82
589  0
589  84
592  94
593  97
595  82
595  85
595  95
595  99
596  92
597  26
598  64
598  87
599  79
599  80
601  88
601  97
604  82
604  94
605  8
605  66
605  84
606  91
610  85
611  29
611  92
611  95
613  53
613  80
613  82
616  0
616  94
619  64
621  84
621  87
621  97
622  82
626  92
626  95
627  80
628  94
631  82
631  85
633  8
633  88
636  84
639  13
639  91
639  94
640  82
640  97
641  80
641  92
641  95
643  87
643  99
644  64
646  53
649  82
650  94
651  84
651  85
652  0
655  80
655  92
656  95
658  82
658  97
659  29
661  94
664  87
664  88
666  84
667  82
668  8
669  80
669  92
670  85
670  91
671  95
672  94
672  97
673  64
676  82
679  97
680  53
680  84
680  85
682  87
683  80
683  92
683  94
683  95
685  82
686  26
686  84
686  97
689  85
689  87
690  18
690  29
690  88
691  16
691  94
691  95
691  99
692  9
692  84
692  91
693  0
693  33
693  97
694  82
695  92
696  78
696  85
696  87
696  95
697  80
697  84
698  88
698  94
699  16
700  18
700  26
700  63
700  97
701  31
701  48
701  55
701  82
701  91
701  95
702  84
702  92
703  61
703  85
703  87
704  53
704  94
706  95
706  97
707  1
707  16
707  24
707  84
707  88
708  50
708  63
708  82
709  26
709  29
709  85
709  92
710  15
710  87
710  91
711  64
711  71
711  78
711  94
711  95
712  18
712  61
712  79
712  84
712  99
713  31
713  46
714  48
714  70
715  82
715  97
716  63
716  85
716  88
717  66
717  92
717  95
718  16
718  50
719  1
719  15
719  91
719  94
720  54
720  84
720  87
721  25
721  53
722  71
722  82
723  55
723  79
724  61
724  97
724  99
725  32
725  95
727  72
727  85
728  70
729  15
729  46
729  92
731  9
732  82
732  94
733  50
734  97
735  87
737  71
737  84
740  24
742  99
743  95
745  85
751  79
754  82
754  84
754  97
756  94
757  88
758  91
758  92
760  95
761  87
766  85
770  84
772  97
773  82
776  95
778  94
783  92
785  87
786  84
786  85
790  97
791  82
792  88
792  95
793  91
798  94
801  84
805  85
806  92
807  87
807  95
807  97
808  82
816  84
817  94
819  80
822  95
824  85
824  88
824  97
824  99
825  82
825  91
828  92
829  87
831  84
