13  9
13  70
25  51
26  27
26  28
26  52
29  9
29  70
30  33
30  36
30  46
31  43
34  30
35  69
36  49
37  10
37  32
37  47
38  84
38  95
40  82
40  97
45  24
47  55
48  9
50  70
53  37
53  42
55  81
55  98
56  59
64  51
69  20
69  21
69  58
71  9
74  19
74  60
76  76
80  36
80  70
82  52
85  27
90  28
91  8
92  9
94  33
96  30
98  84
98  95
100  51
102  97
104  82
110  69
114  43
115  9
119  87
119  92
139  33
139  51
140  9
152  70
159  36
161  3
166  9
171  30
172  46
173  52
173  61
177  51
178  55
179  59
184  21
189  24
189  81
189  98
190  84
190  95
192  9
194  33
197  82
202  97
208  69
214  51
218  9
220  10
222  43
224  76
226  36
238  30
243  9
246  33
249  51
264  8
267  52
268  9
279  59
283  21
283  51
288  84
288  95
290  36
290  70
292  9
292  69
295  33
298  30
298  55
298  82
303  97
322  43
334  9
339  51
340  33
348  98
352  9
352  52
353  81
359  47
360  24
362  51
364  36
364  49
365  95
366  27
366  82
367  70
368  30
368  76
371  9
371  21
371  98
372  32
372  42
373  92
374  33
374  47
377  69
379  95
380  59
380  82
381  27
382  70
386  10
386  84
386  98
387  51
389  47
390  42
391  9
391  95
392  82
393  92
396  27
396  70
398  33
402  98
403  8
403  95
404  55
405  82
407  47
409  36
409  97
410  28
411  9
413  43
413  51
413  70
415  30
415  42
416  92
417  27
426  52
426  95
427  61
431  9
431  69
439  87
440  9
440  51
443  33
445  19
445  60
446  59
448  30
451  9
451  21
452  70
452  76
459  36
460  24
463  19
463  60
465  70
467  49
473  28
474  30
475  20
475  70
476  71
479  49
480  3
480  10
481  43
483  12
483  84
485  67
485  70
487  18
487  19
487  28
487  60
492  49
493  20
494  70
497  28
498  46
501  10
501  70
501  71
502  43
504  3
504  9
504  58
506  28
506  49
507  97
508  46
508  70
515  70
516  20
516  28
517  81
519  46
520  19
520  58
521  60
523  49
523  70
526  84
527  10
527  28
527  43
527  97
528  32
528  37
529  46
529  81
534  52
534  87
535  24
536  84
537  97
538  70
539  27
539  28
539  32
540  46
541  3
541  37
541  58
541  81
544  71
546  84
547  20
547  52
547  97
548  55
550  87
551  32
552  18
552  28
552  46
553  45
553  81
554  70
556  37
556  84
557  97
559  49
560  43
562  52
564  32
565  34
565  46
566  10
566  28
566  81
566  84
567  87
567  97
570  58
573  70
574  37
576  84
577  97
579  32
579  46
579  52
579  81
581  28
581  82
584  87
586  84
587  97
589  70
590  27
592  81
593  95
595  32
595  46
596  37
596  84
597  28
597  97
599  24
599  52
602  87
603  70
605  81
606  84
607  9
607  20
607  97
608  49
609  43
610  70
613  46
613  58
614  28
614  32
616  9
616  84
617  97
618  70
618  81
620  3
620  10
620  87
621  52
623  9
625  37
625  69
626  36
626  70
627  49
632  19
632  28
632  84
633  9
633  60
634  24
634  30
634  70
636  36
637  71
638  43
638  51
639  9
639  55
641  69
642  98
644  33
644  59
645  9
645  82
646  70
646  95
647  30
647  51
648  8
648  27
649  76
650  10
650  47
650  92
652  9
652  98
653  21
653  82
654  33
654  42
654  95
657  36
657  51
658  49
660  47
661  27
662  82
662  95
662  98
664  33
664  55
664  92
668  42
670  95
671  47
671  82
673  98
677  27
681  92
690  95
