102  58
103  79
104  78
120  65
120  66
121  69
122  50
127  36
131  42
139  87
147  75
158  85
163  58
166  79
167  78
175  26
180  50
182  35
186  69
186  87
196  36
203  65
205  66
206  42
221  85
223  58
226  87
238  99
242  50
242  79
244  67
260  87
265  36
272  83
274  44
277  30
280  42
288  89
289  83
291  87
296  44
296  62
298  50
304  30
306  83
311  99
315  14
319  87
321  89
322  26
323  83
326  44
327  36
327  56
335  11
340  83
345  30
345  42
345  87
346  69
349  50
356  89
357  83
365  99
369  44
369  87
374  83
384  36
391  83
391  89
392  59
394  87
398  62
407  30
407  83
422  44
423  83
425  89
438  83
453  83
457  89
468  83
471  30
474  44
482  83
487  89
495  87
496  83
499  50
503  42
505  36
505  99
510  69
510  83
510  87
515  89
516  26
516  50
523  44
524  42
524  83
525  87
528  36
530  30
531  67
531  99
536  50
537  83
538  62
540  87
541  69
542  89
550  83
550  97
551  42
556  36
556  87
559  99
561  50
561  56
562  26
563  83
567  89
570  44
571  87
576  83
580  14
584  11
585  42
586  30
587  87
588  83
589  99
590  50
590  69
591  36
592  89
600  83
612  83
614  44
615  89
624  83
652  89
