10  84
10  95
11  16
11  26
11  53
11  82
11  97
12  63
12  85
12  94
13  87
13  92
14  18
14  61
16  15
16  29
16  31
16  48
16  50
16  64
17  88
17  91
18  1
18  78
19  8
19  71
20  0
20  9
20  70
20  79
20  84
20  95
22  24
22  33
22  46
22  55
22  82
22  97
23  26
23  53
24  13
24  16
24  66
24  80
24  85
24  94
24  99
25  63
26  87
26  92
30  84
31  18
31  61
31  95
33  97
34  82
35  88
35  91
36  29
36  50
37  15
37  26
37  53
37  64
37  85
37  94
38  31
38  48
39  16
39  25
39  78
40  54
40  87
41  1
41  63
41  84
41  92
42  95
44  7
44  72
45  8
45  71
45  97
46  82
48  0
48  9
48  70
48  79
50  85
50  94
52  18
52  84
53  53
53  61
53  80
53  95
53  99
54  26
54  87
54  88
54  91
56  16
56  92
57  24
57  47
57  97
58  82
60  33
60  46
60  55
60  63
62  32
63  29
63  84
64  85
64  94
64  95
66  50
68  87
69  78
70  13
70  66
70  97
71  82
72  15
72  64
72  92
73  31
73  48
73  75
74  84
75  53
75  95
76  26
76  88
76  91
77  16
78  85
78  94
82  4
82  87
83  97
84  82
85  84
86  18
86  95
87  61
87  63
87  80
87  99
88  1
88  92
93  85
93  94
96  84
96  87
96  97
97  82
98  95
100  88
100  91
103  16
105  92
107  53
107  84
108  26
108  85
108  94
109  8
109  71
110  87
110  95
110  97
111  82
116  29
118  84
122  0
122  79
122  92
122  95
124  78
124  85
124  87
124  94
124  97
125  82
125  88
126  91
127  80
127  99
129  84
133  9
133  70
134  95
135  16
138  87
138  97
139  63
139  82
140  84
140  85
140  92
140  94
146  95
150  88
151  84
151  91
152  87
153  82
153  97
155  85
155  94
158  95
159  24
159  92
161  50
161  84
165  31
165  48
166  16
166  18
166  61
166  87
167  88
167  91
168  82
168  85
168  94
168  97
170  95
171  53
171  80
171  84
171  99
173  26
178  92
179  87
180  63
181  84
181  85
181  94
181  95
183  82
183  97
184  88
184  91
191  16
191  25
191  31
191  48
191  78
191  84
192  87
192  95
194  85
194  94
196  64
197  92
198  82
198  97
199  15
200  88
200  91
201  18
201  61
201  84
204  95
206  87
207  85
207  94
213  82
213  97
216  29
216  84
216  88
216  91
216  92
217  80
217  99
218  95
220  85
220  94
221  63
226  31
226  48
227  84
228  82
228  87
228  92
228  95
228  97
232  88
232  91
233  85
233  94
234  1
237  63
238  84
238  95
240  92
241  55
243  82
243  97
246  85
246  94
248  88
248  91
248  95
249  84
250  87
252  92
255  18
255  61
255  63
256  50
257  1
257  54
257  95
258  82
258  97
259  85
259  94
260  84
264  80
264  92
264  99
266  95
267  46
267  91
268  88
270  33
270  53
271  26
271  84
271  87
273  82
273  97
275  95
276  92
277  85
277  94
282  84
284  95
288  82
288  92
288  97
289  1
291  87
293  84
293  95
295  85
295  94
300  32
300  92
301  63
301  88
301  91
302  95
303  55
303  82
303  97
304  84
307  85
307  94
310  80
310  99
311  92
311  95
312  87
315  84
315  88
315  91
316  50
318  82
318  97
319  63
319  85
319  94
320  95
321  31
321  48
322  92
326  84
328  88
328  91
329  95
331  1
331  16
331  85
331  94
332  87
333  82
333  92
333  97
337  18
337  61
337  84
338  63
338  95
340  71
341  88
341  91
342  8
343  85
343  94
344  92
345  13
345  84
346  87
346  95
347  31
347  48
348  82
348  97
349  16
352  66
354  84
354  88
354  91
355  85
355  94
356  87
357  95
358  80
358  99
359  78
362  16
363  82
363  84
363  97
364  79
366  87
367  85
367  88
367  91
367  94
368  29
368  53
368  95
369  26
369  92
370  24
371  0
371  84
375  97
376  16
376  18
376  87
377  9
377  85
378  82
378  95
379  78
379  84
379  94
380  31
380  48
380  61
381  88
381  91
382  26
382  70
384  47
384  97
386  87
387  84
388  33
388  95
389  64
390  15
390  85
391  25
391  92
393  82
393  97
394  7
394  9
395  84
396  26
396  87
398  94
398  95
402  97
403  84
403  85
405  78
405  80
406  87
406  99
407  29
408  82
408  95
411  33
411  84
411  97
412  26
413  92
414  16
415  9
416  85
416  87
417  24
417  94
418  95
419  84
420  18
420  97
423  82
426  87
427  75
427  84
428  95
429  85
429  88
429  97
430  26
430  91
434  92
435  84
435  94
436  87
437  7
438  78
438  82
438  95
438  97
441  85
442  9
442  33
443  84
446  87
447  55
447  97
448  95
451  16
451  26
451  80
451  84
453  82
453  85
453  94
454  99
455  92
456  87
456  97
458  95
459  84
461  88
461  91
463  53
463  66
463  85
464  18
465  94
465  97
466  87
467  84
468  16
468  82
468  95
472  85
472  88
472  91
473  97
475  26
475  84
476  29
476  87
476  92
476  94
478  9
478  18
478  95
481  31
481  48
481  78
481  85
482  97
483  16
483  82
483  84
483  88
483  91
485  61
486  87
487  94
488  95
490  33
490  85
490  97
491  84
494  88
494  91
495  18
495  92
496  87
497  95
498  82
498  84
498  94
499  16
499  63
499  80
500  25
500  85
502  31
502  48
502  97
502  99
503  95
504  84
504  92
505  88
505  91
506  87
509  63
509  94
509  95
511  84
511  85
512  61
512  82
513  1
513  92
516  50
516  88
516  91
516  95
517  94
518  24
518  53
519  63
520  46
520  82
521  70
521  84
521  97
522  85
522  92
523  95
524  61
525  54
525  94
526  72
526  87
527  31
527  48
527  91
528  82
528  88
529  1
529  53
530  95
531  84
531  92
531  97
532  15
532  50
532  63
533  71
533  85
533  99
534  79
535  70
536  46
536  47
536  82
537  94
537  95
538  55
540  92
541  53
541  84
541  97
542  87
543  13
543  15
544  4
544  82
545  50
545  85
545  95
546  71
547  80
547  99
548  32
548  79
549  94
551  70
551  97
552  82
553  1
554  53
554  66
554  72
554  92
555  46
556  15
556  84
557  85
558  87
560  82
561  26
561  71
561  94
561  97
561  99
563  95
564  79
568  53
568  82
569  85
570  8
570  15
570  70
571  61
571  97
573  64
573  94
574  50
574  84
574  87
575  91
575  99
578  71
579  92
580  95
581  82
581  85
581  97
582  88
583  79
586  15
589  66
589  87
589  99
590  26
591  84
591  97
593  85
594  0
594  94
595  80
596  95
599  71
599  82
602  92
602  97
606  87
607  84
609  99
610  85
611  91
612  95
614  94
616  88
617  82
621  97
623  84
624  92
628  95
631  85
631  87
633  94
634  82
638  84
639  97
643  80
643  95
644  91
646  92
648  88
650  85
651  82
652  94
653  84
653  87
654  97
658  95
661  85
661  99
663  97
666  82
667  15
667  87
667  92
668  84
669  94
672  79
672  85
672  97
673  26
673  82
673  95
674  71
674  99
675  91
676  50
677  53
679  88
679  94
680  82
680  84
681  87
681  92
681  95
681  97
682  15
683  85
684  46
684  70
687  61
687  82
687  95
687  99
688  50
688  53
688  63
688  84
688  92
688  94
690  85
690  91
690  97
691  79
691  80
691  88
692  26
692  66
692  95
693  1
693  84
693  87
694  82
695  71
695  92
695  94
696  63
697  16
697  61
697  85
697  95
697  97
698  24
698  84
699  15
699  31
699  48
699  91
700  53
700  72
700  87
700  88
700  99
701  18
701  26
701  70
701  82
702  46
702  50
702  92
702  94
702  95
703  55
703  84
703  85
703  97
704  13
704  63
705  16
705  29
705  54
705  78
706  82
707  1
707  87
707  95
708  53
708  61
708  64
708  84
708  91
708  94
709  8
709  88
709  92
710  0
710  9
710  18
710  80
710  85
710  97
712  31
712  48
712  95
713  16
713  33
713  63
713  84
714  29
714  87
715  82
715  94
716  26
717  24
717  64
717  97
718  78
718  85
718  91
719  84
719  88
720  8
721  0
721  92
721  95
722  80
723  7
723  13
723  18
723  55
723  87
724  9
724  82
724  97
725  25
725  29
726  94
727  64
730  85
734  8
734  33
735  82
737  84
737  92
738  80
739  95
740  0
744  94
745  97
752  87
753  85
754  84
755  82
756  95
760  88
763  91
763  92
764  97
765  94
770  84
772  95
773  82
774  85
777  87
782  97
785  94
786  84
786  92
788  95
791  82
794  85
796  88
797  91
799  97
800  87
800  99
801  84
803  95
804  94
808  82
808  92
813  85
816  84
816  97
818  95
821  80
822  87
823  94
825  82
828  88
829  91
829  92
831  84
832  85
833  95
833  97
