10  84
10  95
11  16
11  26
11  53
11  82
11  97
12  63
12  85
12  87
12  94
13  18
13  92
14  61
16  15
16  29
16  31
16  48
16  50
16  64
17  78
17  88
17  91
18  1
19  8
19  9
19  71
20  0
20  70
20  79
20  84
20  95
21  24
21  33
21  97
22  46
22  55
22  82
23  16
23  26
23  53
23  66
24  13
24  80
24  85
24  87
24  94
24  99
25  63
26  92
29  18
30  84
30  95
31  61
32  97
33  82
35  25
35  29
35  88
35  91
36  26
36  50
36  78
36  85
37  15
37  16
37  53
37  64
37  87
37  94
38  31
38  48
39  7
40  54
40  84
40  95
41  1
41  63
41  92
42  9
43  97
44  72
45  8
45  71
45  82
47  0
48  18
48  79
49  70
49  85
50  26
50  33
50  47
50  84
50  87
50  94
50  95
52  16
52  61
53  24
53  80
53  99
54  53
54  88
54  91
54  97
55  55
56  92
57  82
60  29
60  46
60  63
60  84
61  95
62  32
62  78
62  85
63  66
63  87
64  75
64  94
65  97
66  50
67  26
70  13
70  82
70  84
71  16
72  15
72  64
72  92
72  95
73  18
73  31
73  48
75  85
76  9
76  53
76  87
76  88
76  91
76  97
78  94
80  84
81  4
83  82
83  95
86  61
87  63
87  80
87  99
88  1
88  26
88  92
88  97
89  85
89  87
90  84
93  16
93  94
94  95
96  82
100  84
100  88
100  91
102  78
102  87
102  97
103  29
104  85
105  92
105  95
108  8
108  53
108  94
110  82
110  84
114  71
115  87
116  33
116  95
116  97
117  0
120  84
120  85
121  16
123  79
123  92
124  82
124  94
125  88
126  80
126  91
127  95
127  99
128  87
130  84
130  97
133  24
133  70
135  18
136  85
138  82
138  95
139  63
140  84
140  94
141  87
141  92
145  97
149  95
150  84
150  88
151  85
151  91
152  82
153  16
154  87
154  94
156  78
157  25
160  50
160  84
160  92
160  95
160  97
162  31
162  48
163  61
164  85
165  88
166  26
166  91
167  82
167  87
167  94
170  80
170  84
171  53
171  95
171  99
174  16
174  63
175  97
177  85
178  92
180  84
180  87
180  88
180  94
181  91
182  82
182  95
184  31
184  48
185  18
190  85
190  97
192  61
193  94
195  29
195  84
195  88
196  64
196  91
196  95
197  82
197  92
202  15
202  87
203  85
205  97
206  63
206  94
206  95
207  84
209  92
210  88
211  31
211  48
211  91
212  82
215  95
216  1
216  85
217  80
217  99
218  84
219  94
220  92
220  97
221  63
223  87
224  95
225  55
225  88
226  91
227  82
229  84
229  85
231  18
231  92
232  94
233  95
235  97
237  1
238  54
239  50
239  63
240  84
241  61
242  82
242  92
242  95
243  88
244  85
244  87
245  91
250  94
250  97
251  84
251  95
253  92
257  82
260  95
262  84
262  85
263  26
264  1
264  46
264  92
264  99
265  80
265  87
265  97
268  94
269  95
271  53
272  82
273  84
275  92
277  32
278  85
278  88
278  95
279  63
279  91
280  55
280  97
281  94
284  84
285  87
286  92
287  82
287  95
290  85
291  88
292  91
293  94
294  84
295  97
296  50
296  63
296  95
297  92
301  31
301  48
302  1
302  82
302  85
304  84
304  88
305  87
305  91
305  94
305  95
308  92
310  97
310  99
312  16
313  80
314  84
314  85
314  95
315  18
315  63
317  82
317  88
317  94
318  61
318  91
320  92
322  87
323  84
324  95
325  31
325  48
325  97
326  16
326  85
329  94
330  88
331  84
331  91
332  82
332  87
335  95
336  78
338  85
339  16
339  84
340  97
341  94
342  87
343  8
343  13
343  66
343  88
344  91
345  92
345  95
346  29
346  71
347  24
347  82
347  84
349  85
350  97
351  9
351  26
352  18
352  87
355  78
355  84
355  95
356  16
356  94
358  99
359  97
360  33
360  47
361  80
362  82
362  85
362  87
363  26
363  84
365  0
365  25
365  95
367  9
367  53
368  7
368  79
368  92
368  97
371  84
372  87
375  85
375  94
375  95
377  26
377  82
377  88
377  97
379  78
379  84
381  33
381  70
382  87
384  29
385  95
386  9
386  91
386  97
387  84
387  85
388  15
388  64
390  92
391  16
391  18
392  26
392  82
392  87
393  94
394  24
395  84
395  95
395  97
399  80
399  85
401  64
402  82
402  87
403  53
403  84
404  29
404  97
405  8
405  92
405  94
405  95
406  0
406  99
407  75
408  7
408  33
409  26
410  9
411  78
411  84
411  85
412  82
412  87
412  97
414  88
415  80
415  95
416  64
418  94
419  13
419  84
420  53
420  97
421  55
421  92
422  87
422  91
423  85
425  95
426  16
426  82
427  84
428  97
429  26
429  29
430  66
432  87
433  8
435  84
435  85
435  95
436  97
437  18
437  94
442  9
442  82
442  87
443  84
443  92
444  97
445  95
446  85
446  88
448  33
448  91
450  94
451  16
451  84
452  26
452  78
452  87
452  97
454  99
455  18
455  85
455  95
457  88
458  82
459  84
459  91
460  97
461  31
461  48
461  87
461  94
463  61
464  16
464  85
464  92
464  95
467  84
467  88
468  25
469  91
470  87
471  94
471  95
473  84
474  82
474  97
475  63
475  85
475  92
477  31
477  48
477  80
477  88
477  95
478  16
479  84
479  87
479  91
481  94
483  61
483  95
484  92
485  63
486  1
486  85
487  82
487  88
488  18
488  84
489  94
490  50
490  91
490  95
491  24
493  92
493  97
494  61
495  46
495  53
495  63
495  82
496  31
496  48
496  70
497  85
497  94
497  95
498  47
498  54
498  84
498  88
501  72
501  99
502  1
502  92
503  82
504  87
504  91
504  95
505  97
506  50
507  15
507  53
508  71
508  79
508  84
509  85
509  94
510  46
510  70
511  82
511  92
511  95
514  99
515  97
517  4
518  15
518  55
519  82
520  53
520  87
521  50
521  61
521  71
521  84
521  85
521  94
522  79
523  32
525  97
526  70
527  66
527  82
528  72
528  80
528  99
529  46
529  95
530  15
533  85
533  94
535  26
535  71
535  87
535  97
537  53
537  82
537  92
538  79
539  84
542  99
544  15
545  85
545  97
546  95
547  88
548  91
549  50
550  87
554  71
554  94
555  82
556  84
557  97
560  92
561  85
562  95
562  99
572  84
573  82
574  94
576  87
576  97
577  80
578  95
582  85
582  88
582  92
583  91
588  84
590  82
593  94
594  95
594  97
599  87
602  85
603  84
604  92
607  82
609  95
611  97
612  94
614  88
616  91
618  84
621  85
621  87
623  82
624  95
625  92
626  80
628  97
630  94
633  84
639  82
639  95
640  85
642  87
644  97
645  88
646  92
647  91
648  84
648  94
653  99
654  95
655  82
658  85
660  97
663  84
663  87
666  94
667  92
669  95
671  82
675  80
675  88
676  85
676  97
677  91
678  84
684  87
684  94
684  95
687  82
687  92
692  97
693  84
694  85
699  95
700  99
702  87
702  94
702  97
703  82
705  85
705  88
707  84
707  91
707  92
708  15
710  26
710  82
710  97
711  71
711  79
711  99
712  94
712  95
714  50
714  53
715  85
715  87
716  82
717  66
717  84
717  92
718  70
718  95
718  97
719  15
719  61
720  46
720  63
720  94
722  26
722  82
722  85
722  99
723  1
723  53
723  88
723  91
723  95
724  50
724  71
724  79
724  80
724  84
724  92
725  87
726  63
726  97
727  61
727  94
728  16
728  31
728  48
728  82
728  85
728  95
729  24
729  84
730  26
730  70
731  15
731  18
731  87
731  88
731  91
731  92
731  97
732  13
732  53
732  72
733  55
733  63
733  82
733  85
733  94
733  95
734  1
734  46
734  78
734  84
734  99
735  16
735  50
735  54
735  61
736  26
736  29
736  66
736  97
737  0
737  64
737  87
737  92
738  31
738  48
738  53
738  79
738  82
738  94
738  95
739  8
739  9
739  18
739  71
739  84
739  85
739  88
739  91
740  63
740  80
741  33
742  16
742  24
742  97
743  82
743  92
743  95
744  84
744  87
744  94
745  13
745  29
745  61
745  70
745  78
746  1
746  26
746  55
746  64
746  85
747  0
747  18
747  53
747  88
747  91
748  63
748  95
748  97
749  8
749  16
749  25
749  31
749  48
749  84
750  7
751  9
751  32
751  80
751  82
751  87
751  92
751  94
753  85
754  29
755  33
755  64
755  84
755  97
756  95
757  78
757  88
757  91
758  0
758  18
758  87
759  16
759  26
759  82
760  8
760  75
761  94
762  47
762  80
762  84
762  97
763  85
764  9
765  64
765  92
766  13
766  29
767  82
767  95
768  53
768  99
769  97
770  0
772  33
772  94
773  8
773  85
774  26
774  80
775  82
776  4
776  7
776  64
776  97
779  87
779  92
780  9
780  84
783  82
783  85
783  94
783  97
784  95
785  0
785  18
786  80
787  8
788  64
789  29
790  97
791  26
791  82
793  33
793  85
793  92
793  94
795  53
797  84
797  97
798  9
798  13
798  80
799  82
800  95
801  88
802  0
802  64
803  8
803  85
803  87
803  94
804  84
804  97
806  91
806  92
807  82
808  95
809  26
809  29
810  80
810  84
810  87
811  97
812  85
812  94
814  16
814  18
815  82
815  84
815  88
815  95
816  91
817  64
817  78
817  87
817  92
818  7
818  97
819  9
819  33
819  84
819  85
819  94
819  95
821  53
821  63
822  0
822  8
822  16
822  29
822  80
822  82
823  31
823  48
823  55
823  88
823  92
823  95
824  18
824  84
824  87
824  91
824  94
824  97
825  26
825  85
827  61
827  82
827  95
828  53
828  63
829  1
829  84
829  92
829  94
829  97
829  99
830  16
830  24
830  85
830  87
831  78
831  88
832  50
832  82
832  91
832  95
833  26
