0 0.604989 0.496743 0.000869043 0s
1 0.647421 0.525749 0.000693571 2.949s
2 0.676615 0.548374 0.00119929 2.85281s
3 0.703463 0.566393 0.00181982 2.83302s
4 0.703638 0.58855 0.00231806 2.82344s
5 0.703638 0.610539 0.00220914 2.78442s
6 0.708323 0.618828 0.00261487 2.80343s
7 0.722678 0.622734 0.00314166 2.74215s
8 0.722678 0.629211 0.00320081 2.81668s
9 0.738133 0.63205 0.00374009 2.71467s
10 0.749397 0.646699 0.00330249 2.74181s
11 0.749862 0.646763 0.00634547 2.73416s
12 0.749862 0.70586 0.00354558 2.77739s
13 0.750019 0.710102 0.00596446 2.7511s
14 0.750484 0.713178 0.00508345 2.74007s
15 0.750484 0.712919 0.00542793 2.80825s
16 0.750484 0.694877 0.00805227 2.76766s
17 0.750484 0.697168 0.00728786 2.7935s
18 0.750484 0.698897 0.00747744 2.72348s
19 0.750484 0.701697 0.00733069 2.8341s
20 0.750484 0.709542 0.00644016 2.75639s
21 0.750484 0.656667 0.0078026 2.76726s
22 0.750484 0.662218 0.00669218 3.74877s
23 0.750484 0.658046 0.00614283 2.76468s
24 0.750484 0.668323 0.00522619 2.80656s
25 0.753119 0.667944 0.00577024 2.72748s
26 0.753119 0.666473 0.00604644 2.76793s
27 0.753119 0.657917 0.00712905 2.797s
28 0.753119 0.670424 0.00507305 2.79925s
29 0.753119 0.663559 0.006487 2.74486s
30 0.753119 0.662301 0.00642579 2.76785s
31 0.753119 0.695586 0.00740932 2.76468s
32 0.753119 0.702713 0.0068853 2.74635s
33 0.753119 0.70434 0.00671982 2.79218s
34 0.753119 0.703118 0.00682181 2.7209s
35 0.753119 0.699979 0.00761256 2.75072s
36 0.753119 0.70216 0.00742738 2.72872s
37 0.753119 0.700604 0.00747173 2.8015s
38 0.753119 0.690243 0.00869403 2.71823s
39 0.753119 0.705194 0.00754673 2.80522s
40 0.753119 0.695136 0.00806147 2.74316s
41 0.754184 0.668175 0.00654487 2.7552s
42 0.754184 0.671596 0.00638104 2.83525s
43 0.754184 0.67093 0.0057141 2.74101s
44 0.754184 0.645406 0.00885057 2.79771s
45 0.758831 0.674911 0.00515425 2.7221s
46 0.758831 0.657551 0.00706076 2.82069s
47 0.758831 0.664453 0.00664289 2.74904s
48 0.758831 0.661092 0.00641147 2.79631s
49 0.758831 0.662069 0.00674997 2.70645s
50 0.758831 0.668327 0.0057718 2.80594s
51 0.758831 0.705722 0.00653123 2.74125s
52 0.759085 0.694832 0.00901285 2.78849s
53 0.759085 0.688268 0.0100247 2.71535s
54 0.759085 0.702614 0.00872115 2.79121s
55 0.759085 0.704636 0.00820249 2.71988s
56 0.759085 0.708981 0.00752148 2.71819s
57 0.759085 0.694202 0.00933993 2.78336s
58 0.759085 0.707384 0.00806305 2.7287s
59 0.759085 0.71658 0.00665726 2.79265s
60 0.762392 0.720292 0.00624039 2.73345s
61 0.762392 0.661996 0.00780694 2.78157s
62 0.762392 0.662972 0.00757655 2.79928s
63 0.762392 0.662484 0.00653391 2.74289s
64 0.762392 0.669524 0.00578096 2.81201s
65 0.762392 0.664143 0.00659214 2.70509s
66 0.762392 0.673207 0.00497448 2.80915s
67 0.762392 0.666442 0.00619815 2.76704s
68 0.763886 0.661463 0.00641265 2.78224s
69 0.763886 0.66559 0.0060875 2.81699s
70 0.763886 0.662657 0.00663074 2.77507s
71 0.764581 0.694949 0.00723594 2.71517s
72 0.774912 0.723092 0.00568939 2.81085s
73 0.77506 0.734447 0.00481527 2.74443s
74 0.77506 0.727094 0.00684931 2.76497s
75 0.775094 0.712546 0.00971728 2.72222s
76 0.775094 0.716924 0.00934319 2.77933s
77 0.775094 0.712491 0.00912903 2.77543s
78 0.775094 0.730058 0.00751598 2.78371s
79 0.775094 0.719624 0.00925572 2.79809s
80 0.775094 0.710568 0.0098072 2.73392s
81 0.775094 0.6541 0.00903128 2.74938s
82 0.775094 0.65623 0.00790516 2.80378s
83 0.775094 0.657542 0.00749698 2.72547s
84 0.775094 0.651872 0.0079522 2.78227s
85 0.775094 0.649279 0.00786399 2.74655s
86 0.788805 0.651883 0.00792856 2.74582s
87 0.788805 0.651452 0.0077171 2.73115s
88 0.788805 0.655417 0.0066654 2.72606s
89 0.788805 0.648429 0.00737747 2.77456s
90 0.788805 0.643425 0.00824297 2.74648s
91 0.788805 0.705445 0.00958579 2.78473s
92 0.788805 0.726842 0.00897001 2.75767s
93 0.796231 0.731608 0.00868359 2.7569s
94 0.80066 0.733286 0.00957795 2.77452s
95 0.80066 0.742863 0.00834797 2.73295s
96 0.80066 0.762882 0.00649864 2.80465s
97 0.80066 0.76534 0.00687083 2.75928s
98 0.80066 0.766229 0.00639135 2.81266s
99 0.80066 0.748322 0.00990081 2.7266s
100 0.80066 0.771654 0.00508659 2.73211s
101 0.80066 0.660299 0.0111102 2.73182s
102 0.80066 0.661325 0.0102371 2.75088s
103 0.80066 0.656558 0.0107075 2.7688s
104 0.80066 0.657425 0.0101576 2.7465s
105 0.80066 0.650718 0.0105539 2.79733s
106 0.80066 0.654698 0.00896029 2.79642s
107 0.80066 0.652725 0.00890274 2.751s
108 0.80066 0.651334 0.00962653 2.77854s
109 0.80066 0.655178 0.00910372 2.76872s
110 0.80066 0.653614 0.00900214 2.75272s
111 0.80066 0.756907 0.00642538 2.80733s
112 0.80066 0.776461 0.004821 2.76245s
113 0.80066 0.780049 0.00375065 2.76834s
114 0.80066 0.78726 0.00252577 2.72662s
115 0.80066 0.779585 0.0040447 2.75208s
116 0.80066 0.774798 0.00495645 2.7983s
117 0.80066 0.782015 0.00390101 2.71989s
118 0.80066 0.785893 0.00284895 2.74133s
119 0.80066 0.771306 0.00546495 2.80937s
120 0.80066 0.766042 0.00645576 2.76997s
121 0.80066 0.667999 0.0110005 2.73652s
122 0.80066 0.664433 0.00996425 2.77884s
123 0.80066 0.656371 0.0102801 2.73127s
124 0.80066 0.660374 0.00956086 2.77937s
125 0.80066 0.661683 0.00937197 2.75217s
126 0.80066 0.653895 0.00903128 2.77643s
127 0.80066 0.649738 0.00916984 2.72703s
128 0.80066 0.648475 0.00914949 2.73211s
129 0.80066 0.64457 0.0101645 2.71782s
130 0.80066 0.658716 0.00797313 2.83023s
131 0.800733 0.74175 0.00836123 2.77468s
132 0.800733 0.774711 0.00492183 2.71995s
133 0.800733 0.745059 0.00944982 2.72046s
134 0.800733 0.749908 0.00903915 2.80706s
135 0.800733 0.773473 0.00523654 2.73919s
136 0.800733 0.762392 0.00737753 2.79883s
137 0.800733 0.756765 0.00824546 2.7276s
138 0.800733 0.756114 0.00846386 2.81368s
139 0.800733 0.771866 0.00537165 2.73626s
140 0.800733 0.756383 0.00825688 2.74665s
141 0.800733 0.661339 0.0114178 2.71256s
142 0.800733 0.662311 0.0102726 2.79894s
143 0.800733 0.652633 0.0114281 2.77639s
144 0.800733 0.656154 0.0106398 2.73984s
145 0.800733 0.660311 0.00925799 2.78343s
146 0.800733 0.648133 0.0100406 2.72276s
147 0.800733 0.656513 0.00917644 2.86153s
148 0.800733 0.653998 0.00874251 2.75596s
149 0.800733 0.657832 0.00819002 2.8612s
150 0.800733 0.652533 0.00903304 2.72757s
151 0.800733 0.733437 0.00943374 2.80435s
152 0.800733 0.765058 0.00717624 2.80921s
153 0.800733 0.757051 0.00776407 2.80574s
154 0.800733 0.767312 0.00616913 2.73507s
155 0.805369 0.762483 0.00711962 2.80146s
156 0.805369 0.762412 0.00741907 2.78539s
157 0.805369 0.763899 0.00736641 2.76252s
158 0.805369 0.771753 0.00640294 2.74303s
159 0.805369 0.788914 0.00307662 2.75399s
160 0.805369 0.795812 0.00183306 2.81335s
161 0.805369 0.666622 0.0113003 2.75069s
162 0.805369 0.661855 0.0110432 2.78964s
163 0.805369 0.667289 0.00974875 2.82256s
164 0.805369 0.661238 0.0103503 2.72611s
165 0.805369 0.662504 0.00949999 2.77756s
166 0.805369 0.657007 0.00992221 2.7372s
167 0.805369 0.662424 0.00894569 2.78921s
168 0.805369 0.662045 0.00899918 2.80007s
169 0.805369 0.655892 0.0095608 2.7509s
170 0.805369 0.659269 0.00902085 2.75905s
171 0.805369 0.769035 0.00546342 2.72535s
172 0.805369 0.787319 0.00331574 2.77171s
173 0.805369 0.777886 0.00571847 2.72147s
174 0.805369 0.784637 0.00403699 2.75319s
175 0.805369 0.774636 0.00654978 2.81423s
176 0.805369 0.770135 0.00701341 2.79323s
177 0.805369 0.781664 0.00451003 2.76277s
178 0.805369 0.78138 0.00499954 2.73497s
179 0.805369 0.777169 0.00562671 2.79797s
180 0.805369 0.783487 0.00405333 2.79839s
181 0.805369 0.670797 0.010887 2.72409s
182 0.805369 0.666297 0.0106537 2.79853s
183 0.805369 0.663391 0.010092 2.73695s
184 0.805369 0.668564 0.00962775 2.80586s
185 0.805369 0.658609 0.0100602 2.73605s
186 0.805369 0.662212 0.00937193 2.72138s
187 0.805369 0.657338 0.0102366 2.79252s
188 0.805369 0.654247 0.0101357 2.75245s
189 0.805369 0.653226 0.0102333 2.73796s
190 0.805369 0.655631 0.00979817 2.80121s
191 0.805369 0.765501 0.00589216 2.72099s
192 0.805369 0.782637 0.00439124 2.80288s
193 0.805369 0.769139 0.00685584 2.71624s
194 0.805369 0.776943 0.00582282 2.73011s
195 0.805369 0.773216 0.00592892 2.80802s
196 0.805369 0.798263 0.00135104 2.82441s
197 0.805369 0.778982 0.00556733 2.72832s
198 0.805369 0.801649 0.000698147 2.796s
199 0.805369 0.773073 0.00619613 2.76799s
200 0.805369 0.788952 0.00339691 2.73374s
201 0.805369 0.671569 0.0108047 2.78923s
202 0.805369 0.670106 0.00984102 2.76067s
203 0.805369 0.666041 0.00986173 2.82685s
204 0.805369 0.661775 0.00990944 2.74629s
205 0.805369 0.668248 0.00892403 2.73814s
206 0.805369 0.654232 0.0106967 2.76927s
207 0.805369 0.659198 0.00967128 2.78869s
208 0.805369 0.660795 0.00876854 2.78201s
209 0.805369 0.661693 0.00865814 2.74056s
210 0.805369 0.657186 0.0095114 2.71884s
211 0.805369 0.769499 0.0054506 2.80014s
212 0.805369 0.772606 0.00624338 2.72119s
213 0.805369 0.789098 0.00298376 2.7682s
214 0.805369 0.780518 0.00455389 2.77143s
215 0.805369 0.765772 0.00742319 2.82327s
216 0.805369 0.793906 0.00205458 2.73531s
217 0.805369 0.798728 0.00126817 2.79353s
218 0.805369 0.787151 0.00328528 2.72104s
219 0.805369 0.788093 0.00363189 2.78589s
220 0.805369 0.77297 0.0064737 2.70629s
221 0.805369 0.6713 0.010599 2.72695s
222 0.805369 0.670124 0.0101636 2.75205s
223 0.805369 0.664716 0.0099731 2.80324s
224 0.805369 0.656618 0.0108525 2.79823s
225 0.805369 0.654523 0.011059 2.72573s
226 0.805369 0.661726 0.00951436 2.79046s
227 0.805369 0.65783 0.00993698 2.72495s
228 0.805369 0.659872 0.00949927 2.80491s
229 0.805369 0.64804 0.0109663 2.78274s
230 0.805369 0.661824 0.00853208 2.7372s
231 0.805369 0.764166 0.00588447 2.72719s
232 0.805369 0.785356 0.00396369 2.72804s
233 0.805369 0.792324 0.00254079 2.80174s
234 0.805369 0.781272 0.00464483 2.71954s
235 0.805369 0.78824 0.00327392 2.79543s
236 0.805369 0.776521 0.00550092 2.73419s
237 0.805369 0.78403 0.00414377 2.74816s
238 0.805369 0.783653 0.0043674 2.78324s
239 0.805369 0.794629 0.00222412 2.74823s
240 0.805369 0.787321 0.00374397 3.77602s
241 0.805369 0.672562 0.0107595 2.90476s
242 0.805369 0.659196 0.0117376 2.73093s
243 0.805369 0.667755 0.00918211 2.80829s
244 0.805369 0.662205 0.00945457 2.77138s
245 0.805369 0.660874 0.0101243 2.71397s
246 0.805369 0.663505 0.00880942 2.75734s
247 0.805369 0.661292 0.00922446 2.79947s
248 0.805369 0.660949 0.00911744 2.72382s
249 0.805369 0.662306 0.00868978 2.80743s
250 0.805369 0.659745 0.0096644 2.77514s
251 0.805369 0.763201 0.00613569 2.7596s
252 0.805369 0.78733 0.00365045 2.81748s
253 0.805369 0.784863 0.003999 2.80019s
254 0.805369 0.779913 0.00472702 2.72508s
255 0.805369 0.789703 0.00313805 2.73445s
256 0.805369 0.775688 0.00589507 2.72129s
257 0.805369 0.777113 0.0055374 2.76044s
258 0.805369 0.774048 0.00628179 2.80567s
259 0.805369 0.782328 0.00436523 2.74628s
260 0.805369 0.784319 0.0042523 2.80851s
261 0.805369 0.666471 0.0119142 2.77678s
262 0.805369 0.666373 0.0101027 2.83365s
263 0.805369 0.662673 0.00972621 2.74492s
264 0.805369 0.667394 0.00886085 2.81548s
265 0.805369 0.661361 0.00930009 2.73454s
266 0.805369 0.651499 0.0108773 2.78696s
267 0.805369 0.660527 0.00955652 2.76939s
268 0.805369 0.670925 0.00839163 2.71974s
269 0.805369 0.65783 0.0101922 2.79273s
270 0.805369 0.660197 0.00946844 2.72812s
271 0.805369 0.758127 0.00755688 2.80596s
272 0.805369 0.780824 0.00508002 2.80831s
273 0.805369 0.783958 0.00391406 2.74319s
274 0.805369 0.7697 0.00719828 2.84053s
275 0.805369 0.785581 0.0041382 2.73579s
276 0.805369 0.784802 0.00395078 2.73989s
277 0.805369 0.776738 0.00549578 2.79541s
278 0.805369 0.781763 0.00468324 2.72985s
279 0.805369 0.773674 0.00608958 2.73055s
280 0.805369 0.789843 0.00282955 2.8249s
281 0.805369 0.669576 0.0110508 2.77216s
282 0.805369 0.663947 0.0106853 2.80831s
283 0.805369 0.665918 0.0103072 2.7551s
284 0.805369 0.664304 0.00961685 2.76594s
285 0.805369 0.661622 0.00996421 2.77702s
286 0.805369 0.665291 0.00963635 2.73715s
287 0.805369 0.663351 0.0100451 2.81743s
288 0.805369 0.663528 0.00889301 2.77907s
289 0.805369 0.665723 0.00836512 2.80687s
290 0.805369 0.661504 0.00945574 2.71832s
291 0.805369 0.772298 0.0045691 2.72925s
292 0.805369 0.776382 0.00564099 2.74198s
293 0.805369 0.774669 0.00621964 2.73025s
294 0.805369 0.780276 0.00458817 2.78798s
295 0.805369 0.77958 0.0052392 2.71532s
296 0.805369 0.762304 0.00779626 2.78464s
297 0.805369 0.783423 0.00430504 2.73274s
298 0.805369 0.777455 0.00534613 2.78578s
299 0.805369 0.787944 0.00319114 2.75912s
300 0.805369 0.792407 0.00270121 2.72174s
301 0.805369 0.666915 0.011826 2.78969s
302 0.805369 0.669758 0.0102926 2.79234s
303 0.805369 0.663762 0.0101448 2.75535s
304 0.805369 0.657885 0.0105928 2.74775s
305 0.805369 0.667439 0.00954216 2.7162s
306 0.805369 0.66368 0.0098881 2.77532s
307 0.805369 0.650988 0.0111043 2.77417s
308 0.805369 0.658955 0.00989672 2.75281s
309 0.805369 0.661303 0.00952618 2.76268s
310 0.805369 0.657979 0.00943574 2.77908s
311 0.805369 0.769092 0.00531068 2.79632s
312 0.805369 0.774391 0.00611786 2.72388s
313 0.805369 0.777578 0.00496561 2.81901s
314 0.805369 0.783109 0.00448049 2.74177s
315 0.805369 0.78807 0.00312079 2.81826s
316 0.805369 0.795711 0.00188508 2.72989s
317 0.805369 0.782488 0.00435418 2.76346s
318 0.805369 0.777805 0.0053667 2.79486s
319 0.805369 0.776612 0.00543318 2.76213s
320 0.805369 0.780412 0.00478054 2.76112s
321 0.805369 0.669522 0.0111615 2.75862s
322 0.805369 0.662019 0.0112686 2.7534s
323 0.805369 0.659613 0.0111824 2.72796s
324 0.805369 0.657642 0.0109593 2.80496s
325 0.805369 0.664246 0.00928521 2.75865s
326 0.805369 0.66761 0.0088768 2.79949s
327 0.805369 0.659233 0.0100835 2.78383s
328 0.805369 0.662543 0.00936273 2.76667s
329 0.805369 0.660346 0.00924276 2.75459s
330 0.805369 0.65842 0.0091036 2.79738s
331 0.805369 0.759589 0.0072678 2.75594s
332 0.805369 0.789745 0.00307935 2.73433s
333 0.805369 0.775588 0.00581191 2.78001s
334 0.805369 0.781551 0.00485081 2.74332s
335 0.805369 0.77483 0.0062618 2.73221s
336 0.805369 0.783546 0.00425487 2.81067s
337 0.805369 0.785768 0.00368584 2.72063s
338 0.805369 0.786944 0.00393195 2.70203s
339 0.805369 0.789382 0.0030963 2.71242s
340 0.805369 0.78552 0.00372868 2.80406s
341 0.805369 0.666585 0.0113441 2.76848s
342 0.805369 0.665306 0.0109044 2.80414s
343 0.805369 0.659651 0.0111743 2.80233s
344 0.805369 0.658787 0.0108348 2.73646s
345 0.805369 0.665397 0.00894605 2.80984s
346 0.805369 0.654736 0.0100378 2.73337s
347 0.805369 0.658988 0.00966631 2.79755s
348 0.805369 0.65169 0.0108731 2.77577s
349 0.805369 0.659838 0.00932104 2.74785s
350 0.805369 0.658681 0.00917682 2.76391s
351 0.805369 0.760836 0.00638941 2.74242s
352 0.805369 0.791737 0.00236636 2.78977s
353 0.805369 0.77868 0.00519301 2.73244s
354 0.805369 0.786186 0.00384198 2.7931s
355 0.805369 0.784963 0.00408438 2.77946s
356 0.805369 0.776637 0.00553267 2.79766s
357 0.805369 0.788495 0.00325391 2.72385s
358 0.805369 0.790026 0.00280049 2.77171s
359 0.805369 0.773809 0.00696331 2.72859s
360 0.805369 0.772102 0.00647967 2.72776s
361 0.805369 0.665972 0.0115093 2.74263s
362 0.805369 0.660611 0.0108648 2.80631s
363 0.805369 0.661458 0.0104297 2.74122s
364 0.805369 0.665826 0.00945206 2.77262s
365 0.805369 0.658157 0.0109575 2.73854s
366 0.805369 0.662727 0.00954028 2.80522s
367 0.805369 0.658251 0.0100219 2.75572s
368 0.805369 0.659731 0.00937939 2.80304s
369 0.805369 0.657019 0.00987293 2.73918s
370 0.805369 0.659997 0.0093852 2.72531s
371 0.805369 0.756833 0.00767531 2.78865s
372 0.805369 0.775979 0.00600438 2.80493s
373 0.805369 0.774941 0.00606656 2.70923s
374 0.805369 0.781017 0.00497012 2.70656s
375 0.805369 0.783061 0.00457825 2.74203s
376 0.805369 0.789971 0.00270873 2.78625s
377 0.805369 0.77673 0.0055052 2.75801s
378 0.805369 0.774941 0.00591422 2.77324s
379 0.805369 0.798329 0.00141816 2.71868s
380 0.805369 0.787007 0.00359654 2.76903s
381 0.805369 0.670304 0.0109461 2.73606s
382 0.805369 0.66457 0.0108876 2.74901s
383 0.805369 0.664541 0.00969822 2.73951s
384 0.805369 0.663366 0.00943091 2.82244s
385 0.805369 0.668546 0.00876621 2.73404s
386 0.805369 0.658028 0.0105585 2.76152s
387 0.805369 0.658558 0.0099077 2.75516s
388 0.805369 0.655848 0.00982051 2.74453s
389 0.805369 0.658704 0.00933058 2.82045s
390 0.805369 0.65762 0.0093104 2.77886s
391 0.805369 0.776037 0.00395476 2.72182s
392 0.805369 0.78689 0.00378986 2.75092s
393 0.805369 0.771244 0.00670703 2.7338s
394 0.805369 0.788405 0.00311818 2.82019s
395 0.805369 0.79193 0.00253261 2.73024s
396 0.805369 0.773555 0.00650516 2.7428s
397 0.805369 0.773786 0.00634858 2.81425s
398 0.805369 0.782825 0.00467336 2.76379s
399 0.805369 0.780418 0.00435144 2.76438s
400 0.805369 0.791459 0.00284873 2.78314s
401 0.805369 0.664971 0.0118161 2.7294s
402 0.805369 0.657757 0.011416 2.72321s
403 0.805369 0.66531 0.0103525 2.77017s
404 0.805369 0.666716 0.0095125 2.85832s
405 0.805369 0.658846 0.0105802 2.74525s
406 0.805369 0.659055 0.00992565 2.78789s
407 0.805369 0.659775 0.0100005 2.7193s
408 0.805369 0.668077 0.00901553 2.82361s
409 0.805369 0.663615 0.00936225 2.76163s
410 0.805369 0.663554 0.00900368 2.79244s
411 0.805369 0.767439 0.00563965 2.73463s
412 0.805369 0.784196 0.0038851 2.73871s
413 0.805369 0.791586 0.00266929 2.74406s
414 0.805369 0.775128 0.00566983 2.80806s
415 0.805369 0.760657 0.00854381 2.76289s
416 0.805369 0.789567 0.00298569 2.74668s
417 0.805369 0.789822 0.00300176 2.80952s
418 0.805369 0.792638 0.00240162 2.78781s
419 0.805369 0.780485 0.00492482 2.74621s
420 0.805369 0.78368 0.0044441 2.73777s
421 0.805369 0.666669 0.011411 2.79836s
422 0.805369 0.669597 0.0105089 2.7739s
423 0.805369 0.659413 0.0109105 2.78094s
424 0.805369 0.660139 0.0105042 2.74342s
425 0.805369 0.658497 0.0105518 2.77023s
426 0.805369 0.657048 0.0105011 2.73887s
427 0.805369 0.665454 0.00889305 2.79943s
428 0.805369 0.662113 0.00865118 2.79241s
429 0.805369 0.655519 0.00988802 2.76274s
430 0.805369 0.659045 0.00897955 2.7622s
431 0.805369 0.76677 0.00550986 2.77225s
432 0.805369 0.796509 0.00175943 2.80319s
433 0.805369 0.780622 0.00475947 2.7636s
434 0.805369 0.780747 0.00454256 2.74353s
435 0.805369 0.770452 0.00688579 2.77818s
436 0.805369 0.795151 0.00209971 2.78588s
437 0.805369 0.779804 0.00523734 2.7187s
438 0.805369 0.776305 0.00573423 2.73233s
439 0.805369 0.789336 0.00286362 2.79618s
440 0.805369 0.78486 0.00383818 2.80694s
441 0.805369 0.666983 0.0111599 2.7853s
442 0.805369 0.671669 0.00894218 2.73953s
443 0.805369 0.655137 0.010909 2.74096s
444 0.805369 0.662523 0.00956361 2.72603s
445 0.805369 0.662237 0.00989064 2.72779s
446 0.805369 0.655014 0.0108888 2.80124s
447 0.805369 0.661472 0.00952278 2.73301s
448 0.805369 0.662516 0.00893492 2.7875s
449 0.805369 0.659819 0.00954121 2.76554s
450 0.805369 0.655053 0.00981964 2.79624s
451 0.805369 0.764076 0.00610531 2.80315s
452 0.805369 0.781418 0.00456004 2.73567s
453 0.805369 0.770117 0.00702119 2.7965s
454 0.805369 0.779129 0.00484663 2.73244s
455 0.805369 0.787653 0.00332563 2.80145s
456 0.805369 0.782706 0.00453992 2.74632s
457 0.805369 0.769552 0.0068182 2.71698s
458 0.805369 0.797034 0.00151132 3.72474s
459 0.805369 0.773224 0.00606353 2.75627s
460 0.805369 0.780271 0.00520278 2.73986s
461 0.805369 0.676254 0.00987589 2.75178s
462 0.805369 0.667389 0.010191 2.78747s
463 0.805369 0.655936 0.0113766 2.73327s
464 0.805369 0.660436 0.0101328 2.74288s
465 0.805369 0.66406 0.00935143 2.74005s
466 0.805369 0.659821 0.00975883 2.78428s
467 0.805369 0.659573 0.00927817 2.75793s
468 0.805369 0.66436 0.00865329 2.72575s
469 0.805369 0.651525 0.0104418 2.80334s
470 0.805369 0.66456 0.00889469 2.78959s
471 0.805471 0.776754 0.00388349 2.72074s
472 0.805471 0.777383 0.00545677 2.79736s
473 0.805471 0.767137 0.00800037 2.75593s
474 0.805471 0.756096 0.00884344 2.71987s
475 0.805471 0.761449 0.00835711 2.753s
476 0.805471 0.755642 0.00970963 2.76246s
477 0.805471 0.759801 0.00893947 2.78869s
478 0.805471 0.789943 0.00311104 2.79244s
479 0.805471 0.766163 0.00815045 2.74074s
480 0.805471 0.757842 0.00950627 2.76381s
481 0.805471 0.667466 0.0109871 2.72212s
482 0.805471 0.659194 0.0113235 2.71845s
483 0.805471 0.666164 0.00967304 2.77236s
484 0.805471 0.659324 0.00951272 2.73097s
485 0.805471 0.660443 0.00951548 2.81646s
486 0.805471 0.661013 0.00967197 2.76833s
487 0.805471 0.65845 0.00923244 2.81476s
488 0.805471 0.657028 0.0091473 2.76507s
489 0.805471 0.655763 0.0093679 2.72367s
490 0.805471 0.652764 0.00910563 2.74849s
491 0.805471 0.740736 0.00982307 2.7489s
492 0.805471 0.763347 0.00750434 2.8119s
493 0.805471 0.762849 0.00839974 2.7687s
494 0.805471 0.743356 0.0115666 2.75407s
495 0.805471 0.777762 0.00499645 2.80141s
496 0.805471 0.780608 0.00465506 2.76973s
497 0.805471 0.761201 0.00845043 2.73606s
498 0.805471 0.773727 0.00615304 2.79928s
499 0.805471 0.766408 0.00796918 2.71914s
500 0.805471 0.774705 0.00610704 2.73107s
501 0.805471 0.663972 0.0116711 2.79013s
502 0.805471 0.66587 0.0102403 2.747s
503 0.805471 0.661954 0.0102837 2.72586s
504 0.805471 0.656152 0.0103241 2.73137s
505 0.805471 0.656755 0.00997657 2.72416s
506 0.805471 0.660467 0.00972789 2.77562s
507 0.805471 0.655145 0.00973364 2.7382s
508 0.806038 0.663452 0.00863395 2.80732s
509 0.806038 0.663684 0.00913489 2.71758s
510 0.806038 0.661674 0.00879337 2.80639s
511 0.806527 0.752026 0.0083438 2.73875s
512 0.806527 0.764464 0.00742857 2.78213s
513 0.806527 0.763637 0.00787108 2.76432s
514 0.806527 0.779761 0.00522635 2.79248s
515 0.806527 0.768189 0.00731267 2.7882s
516 0.806527 0.77321 0.00633815 2.78108s
517 0.806527 0.757922 0.00936354 2.77587s
518 0.806527 0.767475 0.00767718 2.79381s
519 0.806527 0.784441 0.00429492 2.80355s
520 0.806527 0.773997 0.00651632 2.73946s
521 0.806527 0.658332 0.0124018 2.79239s
522 0.806527 0.65293 0.0118864 2.8103s
523 0.806527 0.653483 0.0109068 2.73587s
524 0.806527 0.648753 0.0108803 2.82569s
525 0.806527 0.651114 0.0101813 2.78213s
526 0.806527 0.650563 0.0100731 2.78681s
527 0.806527 0.643919 0.0107827 2.73077s
528 0.806527 0.646452 0.0108095 2.80685s
529 0.806527 0.649654 0.00969589 2.7835s
530 0.806527 0.652976 0.00911095 2.768s
531 0.806527 0.74948 0.00852175 2.76888s
532 0.806527 0.781002 0.00549345 2.73082s
533 0.806527 0.769406 0.00723015 2.74125s
534 0.806527 0.776082 0.00594465 2.7966s
535 0.806527 0.746668 0.011989 2.80297s
536 0.806527 0.772287 0.006937 2.81567s
537 0.806527 0.769511 0.00672187 2.71543s
538 0.806527 0.779906 0.00536963 2.81396s
539 0.806527 0.794546 0.00240713 2.71532s
540 0.806527 0.762734 0.00787561 2.77616s
541 0.806527 0.658112 0.0129839 2.79004s
542 0.806527 0.660285 0.0114358 2.8185s
543 0.806527 0.655832 0.0117876 2.73457s
544 0.806527 0.661454 0.0108152 2.81052s
545 0.806527 0.661272 0.0102917 2.711s
546 0.806527 0.661887 0.00977695 2.76953s
547 0.806527 0.655375 0.0108376 2.77264s
548 0.806527 0.661848 0.00970693 2.72449s
549 0.806527 0.656847 0.0107466 2.78324s
550 0.806527 0.652895 0.0105359 2.72329s
551 0.806527 0.756097 0.0075325 2.72288s
552 0.806527 0.776026 0.00619431 2.72544s
553 0.806527 0.771235 0.00699746 2.80145s
554 0.806527 0.781077 0.00523691 2.72832s
555 0.806527 0.782573 0.00464049 2.78548s
556 0.806527 0.769758 0.00780858 2.70748s
557 0.806527 0.759423 0.00894627 2.76141s
558 0.806527 0.777306 0.00580338 2.75089s
559 0.806527 0.79245 0.00278535 2.82886s
560 0.806527 0.773691 0.00626539 2.7966s
561 0.806541 0.663736 0.0120144 2.72911s
562 0.806541 0.657479 0.0113452 2.77045s
563 0.806541 0.658111 0.0115507 2.73581s
564 0.806541 0.653118 0.010783 2.7252s
565 0.806541 0.656511 0.0105515 2.83883s
566 0.806541 0.653971 0.0103813 2.7294s
567 0.806541 0.656727 0.0094833 2.75375s
568 0.806541 0.650809 0.00998441 2.81783s
569 0.806541 0.65628 0.0089367 2.74043s
570 0.806541 0.65197 0.00946702 2.78796s
571 0.806541 0.761637 0.00681964 2.79472s
572 0.806541 0.785293 0.00415005 2.7953s
573 0.806541 0.7876 0.00372026 2.7545s
574 0.806541 0.791861 0.00246904 2.73811s
575 0.806541 0.793412 0.00249327 2.72361s
576 0.806541 0.779848 0.00514296 2.71761s
577 0.806541 0.784641 0.00426071 2.73258s
578 0.806541 0.778739 0.00543373 2.79111s
579 0.806541 0.780063 0.00512424 2.80888s
580 0.806541 0.783791 0.00419037 2.77817s
581 0.806541 0.666328 0.0111568 2.71728s
582 0.806541 0.652353 0.0119575 2.7703s
583 0.806541 0.659814 0.00984395 2.75798s
584 0.806541 0.656207 0.0106152 2.80082s
585 0.806541 0.657589 0.0103714 2.75396s
586 0.806541 0.654614 0.0108088 2.77807s
587 0.806541 0.655112 0.0104016 2.7802s
588 0.806541 0.657003 0.00957725 2.71951s
589 0.806541 0.65572 0.00941981 2.81466s
590 0.806541 0.652428 0.00973911 2.81311s
591 0.806541 0.758043 0.00796693 2.74971s
592 0.806541 0.785076 0.00388965 2.76694s
593 0.806541 0.783089 0.00477216 2.79953s
594 0.806541 0.787904 0.0038638 2.72221s
595 0.806541 0.780055 0.00501129 2.80187s
596 0.806541 0.767332 0.0071758 2.72477s
597 0.806541 0.792393 0.00262557 2.80834s
598 0.806541 0.798246 0.0015821 2.76165s
599 0.806541 0.794753 0.00227097 2.72497s
600 0.806541 0.788197 0.00368344 2.82544s
601 0.806541 0.659476 0.0124656 2.75827s
602 0.810136 0.66106 0.0115604 2.73577s
603 0.810136 0.651079 0.0116397 2.7221s
604 0.810136 0.659905 0.0100577 2.74147s
605 0.810136 0.657983 0.0101238 2.79826s
606 0.810136 0.657991 0.0101169 2.7477s
607 0.810136 0.652012 0.0109588 2.72413s
608 0.810136 0.65467 0.00993781 2.74798s
609 0.810136 0.657611 0.00923091 2.77271s
610 0.810136 0.65181 0.00999386 2.79304s
611 0.810136 0.770254 0.00592722 2.72039s
612 0.815647 0.787555 0.00399465 2.72511s
613 0.815647 0.775813 0.00720224 2.78782s
614 0.815647 0.783659 0.00562009 2.80913s
615 0.815647 0.778236 0.00807183 2.76621s
616 0.815647 0.76976 0.00835189 2.77801s
617 0.815647 0.78597 0.00546374 2.76655s
618 0.815647 0.770842 0.00897242 2.74497s
619 0.815647 0.773262 0.0083768 2.75271s
620 0.815647 0.771925 0.00888821 2.78529s
621 0.815647 0.658762 0.0139546 2.72408s
622 0.815647 0.659132 0.0123724 2.85661s
623 0.815647 0.660122 0.0111519 2.78252s
624 0.815647 0.65791 0.0106978 2.72477s
625 0.815647 0.652879 0.0112803 2.82012s
626 0.815647 0.656025 0.0105083 2.78268s
627 0.815647 0.653899 0.0108569 2.72598s
628 0.815647 0.657125 0.0101955 2.76743s
629 0.815647 0.655509 0.0104841 2.72343s
630 0.815647 0.644896 0.0114503 2.79034s
631 0.815647 0.760123 0.00906939 2.75292s
632 0.815647 0.746102 0.0128269 2.76575s
633 0.815647 0.792889 0.00437567 2.81475s
634 0.815647 0.794867 0.00409991 2.7259s
635 0.815647 0.79137 0.00468914 2.7329s
636 0.815647 0.784737 0.00634976 2.79986s
637 0.815647 0.774443 0.0086289 2.74095s
638 0.815647 0.797051 0.00411885 2.80487s
639 0.815647 0.782041 0.0073242 2.85627s
640 0.815647 0.785515 0.00689356 2.77815s
641 0.815647 0.664204 0.0130107 2.7571s
642 0.815647 0.657966 0.0116806 2.72943s
643 0.815647 0.648391 0.0118413 2.74087s
644 0.815647 0.652061 0.010919 2.78715s
645 0.815647 0.646834 0.0107767 2.78107s
646 0.815647 0.648049 0.0108724 2.7363s
647 0.815647 0.648851 0.0108233 2.7966s
648 0.815647 0.646167 0.0108305 2.78757s
649 0.815647 0.660483 0.00896512 2.81712s
650 0.815647 0.656426 0.0097519 2.73599s
651 0.815647 0.777424 0.00560651 2.81448s
652 0.815647 0.795597 0.00410027 2.73086s
653 0.815647 0.780962 0.00669029 2.78393s
654 0.815647 0.79711 0.00379398 2.77797s
655 0.815647 0.789477 0.00516975 2.72205s
656 0.815647 0.787769 0.00586973 2.78304s
657 0.815647 0.801844 0.00284612 2.7205s
658 0.815647 0.784418 0.00645722 2.80407s
659 0.815647 0.785564 0.00658022 2.7408s
660 0.815647 0.778736 0.00752913 2.79172s
661 0.815647 0.66763 0.0127202 2.74413s
662 0.815647 0.666407 0.0122238 2.7803s
663 0.815647 0.660036 0.012157 2.79907s
664 0.815647 0.659722 0.0111934 2.73671s
665 0.815647 0.66119 0.0102925 2.76964s
666 0.815647 0.656996 0.0103967 2.78464s
667 0.815647 0.651854 0.0110479 2.76894s
668 0.815647 0.655599 0.0104151 2.74317s
669 0.815647 0.656315 0.0102754 2.76889s
670 0.815647 0.652505 0.0107696 2.81401s
671 0.815647 0.772011 0.00709539 2.82935s
672 0.815647 0.77131 0.00914125 2.73195s
673 0.815647 0.790489 0.00508726 2.78401s
674 0.815647 0.790198 0.00511928 2.73674s
675 0.815647 0.791629 0.00510907 2.7238s
676 0.815647 0.794378 0.0040711 3.72304s
677 0.815647 0.786172 0.00626634 2.79522s
678 0.815647 0.787659 0.00567709 2.7581s
679 0.815647 0.793099 0.00429516 2.77964s
680 0.815647 0.784044 0.00613747 2.73283s
681 0.815647 0.667847 0.0123439 2.76965s
682 0.815647 0.660926 0.012174 2.75673s
683 0.815647 0.665034 0.0108021 2.77817s
684 0.815647 0.660628 0.0108995 2.77008s
685 0.815647 0.656283 0.0107225 2.73975s
686 0.815647 0.658984 0.0095452 2.72973s
687 0.815647 0.651732 0.0102858 2.78296s
688 0.815647 0.644339 0.0109903 2.78603s
689 0.815647 0.653642 0.0102797 2.74357s
690 0.815647 0.651634 0.0101167 2.77907s
691 0.815647 0.788785 0.00395783 2.72072s
692 0.815647 0.775149 0.00834343 2.80697s
693 0.815647 0.7917 0.00510546 2.76399s
694 0.815647 0.781723 0.00681577 2.75666s
695 0.815647 0.773676 0.00882396 2.81591s
696 0.815647 0.781534 0.00653164 2.74389s
697 0.815647 0.788787 0.0055575 2.77962s
698 0.815647 0.795695 0.00389092 2.76528s
699 0.815647 0.773023 0.008201 2.7245s
700 0.815647 0.782313 0.00676583 2.77805s
701 0.815647 0.673079 0.0115669 2.73802s
702 0.815647 0.657434 0.0129933 2.77699s
703 0.815647 0.656302 0.0118878 2.79256s
704 0.815647 0.652283 0.0121787 2.80875s
705 0.815647 0.660873 0.0111586 2.77453s
706 0.815647 0.656323 0.0114985 2.73384s
707 0.815647 0.655264 0.0109972 2.78425s
708 0.815647 0.654237 0.0108385 2.79756s
709 0.815647 0.657355 0.00993445 2.73733s
710 0.815647 0.649495 0.0108043 2.76232s
711 0.815647 0.769315 0.00751662 2.79563s
712 0.815647 0.782427 0.0068207 2.72664s
713 0.815647 0.789602 0.00562082 2.81906s
714 0.815647 0.790454 0.00559531 2.78163s
715 0.815647 0.775286 0.00797911 2.76708s
716 0.815647 0.780063 0.00697547 2.76565s
717 0.815647 0.774856 0.00850306 2.70959s
718 0.815647 0.792241 0.0045755 2.73658s
719 0.815647 0.790022 0.00514143 2.7439s
720 0.815647 0.793466 0.00429842 2.8078s
721 0.815647 0.657148 0.0143055 2.76736s
722 0.815647 0.660427 0.0122367 2.79488s
723 0.815647 0.662934 0.0111878 2.80138s
724 0.815647 0.654148 0.0116791 2.78645s
725 0.815647 0.652475 0.0114978 2.74472s
726 0.815647 0.65578 0.0107574 2.80378s
727 0.815647 0.657745 0.0104381 2.73582s
728 0.815647 0.651534 0.0107513 2.77549s
729 0.815647 0.659747 0.00942488 2.72192s
730 0.815647 0.648587 0.0107465 2.737s
731 0.815647 0.769401 0.0075007 2.74944s
732 0.815647 0.780032 0.00754591 2.79188s
733 0.815647 0.784465 0.00645291 2.78309s
734 0.815647 0.795183 0.00437646 2.7998s
735 0.815647 0.778549 0.00748838 2.72817s
736 0.815647 0.787133 0.00570004 2.82738s
737 0.815647 0.791745 0.00536094 2.75397s
738 0.815647 0.786727 0.00544582 2.77322s
739 0.815647 0.795721 0.00410125 2.72922s
740 0.815647 0.782809 0.00718773 2.73616s
741 0.815647 0.670998 0.012094 2.74916s
742 0.815647 0.661729 0.0132118 2.71861s
743 0.815647 0.662223 0.0121231 2.81215s
744 0.815647 0.663413 0.0110755 2.73279s
745 0.815647 0.658258 0.0118017 2.79185s
746 0.815647 0.658676 0.0113994 2.79246s
747 0.815647 0.658672 0.0108729 2.72446s
748 0.815647 0.654467 0.0111768 2.74313s
749 0.815647 0.65101 0.0111892 2.82843s
750 0.815647 0.651393 0.0112582 2.77674s
751 0.815647 0.746305 0.0108096 2.73395s
752 0.815647 0.784409 0.00620159 2.84199s
753 0.815647 0.774612 0.00780769 2.72648s
754 0.815647 0.777249 0.00778657 2.77016s
755 0.815647 0.775739 0.00806203 2.78509s
756 0.815647 0.782209 0.00710491 2.76848s
757 0.815647 0.789434 0.00546819 2.72034s
758 0.815647 0.79304 0.00426437 2.77978s
759 0.815647 0.791733 0.00482417 2.72176s
760 0.815647 0.785284 0.00637986 2.74855s
761 0.815647 0.664707 0.0135373 2.73118s
762 0.815647 0.66375 0.0121726 2.76957s
763 0.815647 0.66137 0.0115894 2.76296s
764 0.815647 0.661605 0.011544 2.72191s
765 0.815647 0.65486 0.0120894 2.80807s
766 0.815647 0.654449 0.0109675 2.73169s
767 0.815647 0.650632 0.0106879 2.75018s
768 0.815647 0.650342 0.0101244 2.8014s
769 0.815647 0.643564 0.010498 2.80647s
770 0.815647 0.648275 0.00978397 2.78409s
771 0.815647 0.743998 0.0104708 2.75898s
772 0.815647 0.794305 0.00443854 2.77534s
773 0.815647 0.78431 0.00622236 2.80573s
774 0.815647 0.77491 0.00832279 2.72728s
775 0.815647 0.785423 0.00633524 2.75175s
776 0.815647 0.76735 0.0100123 2.80165s
777 0.815647 0.774617 0.00800368 2.7568s
778 0.815647 0.783131 0.00702361 2.79053s
779 0.815647 0.780824 0.00732294 2.7788s
780 0.815647 0.77105 0.00929755 2.79593s
781 0.815647 0.660498 0.0134388 2.71978s
782 0.815647 0.665123 0.0118435 2.76583s
783 0.815647 0.658263 0.0115184 2.78685s
784 0.815647 0.652583 0.0125308 2.77231s
785 0.815647 0.656326 0.0114821 2.75224s
786 0.815647 0.653261 0.012224 2.81045s
787 0.815647 0.657795 0.0103805 2.74473s
788 0.815647 0.646939 0.011972 2.78061s
789 0.815647 0.655595 0.0100942 2.77011s
790 0.815647 0.651676 0.0105964 2.78378s
791 0.815647 0.775908 0.00553329 2.72946s
792 0.815647 0.789356 0.00570419 2.76848s
793 0.815647 0.776736 0.00806339 2.73286s
794 0.815647 0.790127 0.00524644 2.79982s
795 0.815647 0.775891 0.00817751 2.72779s
796 0.815647 0.771901 0.00877544 2.75944s
797 0.815647 0.784724 0.00591114 2.8015s
798 0.815647 0.781722 0.0073445 2.77242s
799 0.815647 0.785339 0.00651819 2.75419s
800 0.815647 0.767663 0.00953905 2.80595s
801 0.815647 0.671816 0.0120771 2.72532s
802 0.815647 0.658223 0.0132309 2.76425s
803 0.815647 0.656485 0.0123273 2.75235s
804 0.815647 0.65237 0.0124831 2.75393s
805 0.815647 0.655108 0.0113215 2.83783s
806 0.815647 0.65862 0.0105474 2.72605s
807 0.815647 0.663278 0.010702 2.79729s
808 0.815647 0.659415 0.0103407 2.73379s
809 0.815647 0.657274 0.010437 2.78074s
810 0.815647 0.65101 0.0111691 2.7487s
811 0.816234 0.761902 0.00925302 2.74619s
812 0.816234 0.796155 0.0042291 2.78249s
813 0.816234 0.797208 0.0038286 2.79986s
814 0.816234 0.75047 0.0123251 2.78945s
815 0.816234 0.758565 0.0109545 2.76314s
816 0.816234 0.774628 0.00784037 2.75372s
817 0.816234 0.777168 0.00786607 2.80459s
818 0.816234 0.74952 0.0122878 2.72078s
819 0.816234 0.760614 0.0108 2.85546s
820 0.816234 0.777607 0.00812747 2.73202s
821 0.816234 0.666224 0.0127538 2.73602s
822 0.816234 0.660072 0.0130149 2.75455s
823 0.816234 0.661003 0.0109543 2.74899s
824 0.816234 0.658641 0.0110304 2.74205s
825 0.816234 0.657952 0.0108596 2.73824s
826 0.816234 0.652114 0.0114275 2.78662s
827 0.816234 0.657163 0.01029 2.76399s
828 0.816234 0.65328 0.00989567 2.82941s
829 0.816234 0.650326 0.0105256 2.73234s
830 0.816234 0.646845 0.0106769 2.72976s
831 0.816234 0.770203 0.00687822 2.7652s
832 0.816234 0.770016 0.00924522 2.77501s
833 0.816234 0.767833 0.009435 2.78502s
834 0.816234 0.771588 0.00819753 2.78499s
835 0.816234 0.785356 0.0063706 2.72654s
836 0.816234 0.764288 0.0101008 2.76094s
837 0.816234 0.785636 0.0060036 2.82614s
838 0.816234 0.767968 0.00949636 2.78232s
839 0.816234 0.764817 0.010239 2.74159s
840 0.816234 0.764866 0.0103556 2.79177s
841 0.816234 0.670266 0.0123088 2.71729s
842 0.816234 0.659936 0.0121345 2.8015s
843 0.816234 0.664644 0.0114652 2.75907s
844 0.816234 0.659899 0.0106582 2.72159s
845 0.816234 0.661234 0.010663 2.80318s
846 0.816234 0.656669 0.0107962 2.77563s
847 0.816234 0.65337 0.0111461 2.79399s
848 0.816234 0.653425 0.010908 2.77653s
849 0.816234 0.653285 0.0105099 2.71704s
850 0.816234 0.661041 0.0097753 2.73404s
851 0.816234 0.763478 0.00891257 2.79203s
852 0.816234 0.786481 0.00664146 2.79298s
853 0.816234 0.770699 0.0088813 2.72874s
854 0.816234 0.768135 0.00975383 2.76543s
855 0.816234 0.784717 0.00618324 2.7166s
856 0.816234 0.778796 0.00770481 2.7548s
857 0.816234 0.779699 0.00785068 2.78744s
858 0.816234 0.787085 0.00566441 2.73929s
859 0.816234 0.767682 0.0097707 2.81923s
860 0.816234 0.773667 0.00810378 2.7781s
861 0.816234 0.664059 0.0130965 2.76767s
862 0.816234 0.666392 0.0112996 2.74585s
863 0.816234 0.6614 0.0117281 2.75961s
864 0.816234 0.657828 0.0117075 2.74283s
865 0.816234 0.656586 0.0116475 2.79388s
866 0.816234 0.654496 0.010893 2.73551s
867 0.816234 0.6501 0.0109802 2.79843s
868 0.816234 0.66009 0.00993802 2.79849s
869 0.816234 0.654449 0.0104222 2.7791s
870 0.816234 0.652436 0.0107527 2.74743s
871 0.816234 0.746161 0.0108841 2.78166s
872 0.816234 0.764205 0.0101411 2.74769s
873 0.816234 0.7763 0.00886724 2.78078s
874 0.816234 0.775494 0.00845775 2.81528s
875 0.816234 0.787391 0.00559472 2.79321s
876 0.816234 0.757378 0.0118085 2.76247s
877 0.816234 0.800041 0.00313587 2.73238s
878 0.816234 0.770729 0.00937807 2.74201s
879 0.816234 0.792838 0.00421408 2.82092s
880 0.816234 0.759457 0.011276 2.81182s
881 0.816234 0.672009 0.0119564 2.76893s
882 0.816234 0.66137 0.0129338 2.76863s
883 0.816234 0.664736 0.0112236 2.7631s
884 0.816234 0.656996 0.0121109 2.71884s
885 0.816234 0.66014 0.0108292 2.79079s
886 0.816234 0.656985 0.010604 2.74741s
887 0.816234 0.657514 0.0100909 2.80154s
888 0.816234 0.651353 0.0109958 2.76717s
889 0.816234 0.656262 0.0103295 2.77827s
890 0.816234 0.652257 0.0105977 2.71666s
891 0.816234 0.751508 0.0106914 2.69804s
892 0.816234 0.758189 0.0113886 2.72433s
893 0.816234 0.777936 0.00795445 2.8055s
894 0.816234 0.760653 0.0110838 3.72149s
895 0.816234 0.785431 0.00583062 2.75205s
896 0.816234 0.770889 0.00878444 2.76774s
897 0.816234 0.778641 0.00800111 2.76026s
898 0.816234 0.760751 0.0108518 2.81564s
899 0.816234 0.775733 0.00793675 2.74384s
900 0.816234 0.775251 0.00828548 2.76637s
901 0.816234 0.664524 0.0129284 2.7413s
902 0.816234 0.667435 0.0117238 2.73871s
903 0.816234 0.662915 0.0109755 2.75988s
904 0.816234 0.655041 0.0116578 2.78632s
905 0.816234 0.655772 0.0118744 2.75069s
906 0.816234 0.656193 0.0114782 2.73875s
907 0.816234 0.6603 0.0105806 2.77625s
908 0.816234 0.657949 0.0103639 2.77409s
909 0.816234 0.655987 0.0102171 2.83795s
910 0.816234 0.652872 0.01094 2.77183s
911 0.816234 0.75094 0.0102679 2.72788s
912 0.816234 0.775775 0.00792829 2.79069s
913 0.816234 0.774468 0.00880752 2.76839s
914 0.816234 0.772252 0.00921132 2.75262s
915 0.816234 0.768987 0.00935261 2.73364s
916 0.816234 0.758374 0.0110659 2.78636s
917 0.816234 0.768162 0.00905459 2.8203s
918 0.816234 0.766802 0.00962456 2.78832s
919 0.816234 0.782309 0.00625681 2.7746s
920 0.816234 0.792966 0.00476768 2.77689s
921 0.816234 0.667211 0.0126004 2.79488s
922 0.816234 0.658842 0.0123813 2.75504s
923 0.816234 0.656406 0.0124103 2.78769s
924 0.816234 0.660781 0.0111736 2.78278s
925 0.816234 0.65197 0.0119527 2.83705s
926 0.816234 0.6499 0.0115526 2.73822s
927 0.816234 0.650624 0.0113278 2.80075s
928 0.816234 0.65243 0.0108914 2.8011s
929 0.816234 0.646354 0.0111259 2.77061s
930 0.816234 0.654177 0.0101454 2.74155s
931 0.816234 0.755043 0.00890674 2.82048s
932 0.816234 0.781617 0.00693316 2.73342s
933 0.816234 0.76537 0.0095584 2.80489s
934 0.816234 0.765155 0.010194 2.73442s
935 0.816234 0.760146 0.0106834 2.78533s
936 0.816234 0.774135 0.00838478 2.74142s
937 0.816234 0.765522 0.0102988 2.79116s
938 0.816234 0.780069 0.0069967 2.81857s
939 0.816234 0.783083 0.00688451 2.80161s
940 0.816234 0.772488 0.00817717 2.73441s
941 0.816234 0.664456 0.0128521 2.76039s
942 0.816234 0.66166 0.0119289 2.79198s
943 0.816234 0.660198 0.0120276 2.7249s
944 0.816234 0.663036 0.0108877 2.74734s
945 0.816234 0.663104 0.0106461 2.79911s
946 0.816234 0.654457 0.0117535 2.77414s
947 0.816234 0.656153 0.0106616 2.77829s
948 0.816234 0.652872 0.0108867 2.7651s
949 0.816234 0.645207 0.0112483 2.74477s
950 0.816234 0.650592 0.0106648 2.7917s
951 0.816234 0.739398 0.012256 2.74389s
952 0.816234 0.774612 0.00796456 2.77565s
953 0.816234 0.779217 0.0070844 2.74116s
954 0.816234 0.775396 0.00786675 2.81423s
955 0.816234 0.773312 0.00824691 2.76424s
956 0.816234 0.774255 0.00803164 2.76403s
957 0.816234 0.78623 0.00594415 2.72841s
958 0.816234 0.76315 0.0115312 2.81235s
959 0.816234 0.77623 0.00791832 2.81175s
960 0.816234 0.772351 0.00877899 2.81627s
961 0.816234 0.668076 0.0124335 2.71941s
962 0.816234 0.669321 0.0111198 2.7302s
963 0.816234 0.658296 0.012329 2.8052s
964 0.816234 0.655798 0.0119935 2.77243s
965 0.816234 0.659732 0.0109245 2.75303s
966 0.816234 0.656831 0.0108368 2.78418s
967 0.816234 0.659221 0.00978485 2.76526s
968 0.816234 0.653239 0.00972087 2.76384s
969 0.816234 0.647572 0.010611 2.77833s
970 0.816234 0.649367 0.0103168 2.73631s
971 0.816234 0.753508 0.0101601 2.79309s
972 0.816234 0.763875 0.0104486 2.72809s
973 0.816234 0.784717 0.00689916 2.83174s
974 0.816234 0.777788 0.00752623 2.73141s
975 0.816234 0.772847 0.00862248 2.75706s
976 0.816234 0.780835 0.00714767 2.75519s
977 0.816234 0.76503 0.0103616 2.75461s
978 0.816234 0.782903 0.00732561 2.78191s
979 0.816234 0.780383 0.00723532 2.76934s
980 0.816234 0.783553 0.00636644 2.78008s
981 0.816234 0.667683 0.0127462 2.81748s
982 0.816234 0.661325 0.0123196 2.77819s
983 0.816234 0.660695 0.0112426 2.73541s
984 0.816234 0.654876 0.0111383 2.75774s
985 0.816234 0.653829 0.0112328 2.78191s
986 0.816234 0.657831 0.0110822 2.78983s
987 0.816234 0.658234 0.0107163 2.80724s
988 0.816234 0.664821 0.00997067 2.73792s
989 0.816234 0.656324 0.0105825 2.79631s
990 0.816234 0.651811 0.0112972 2.78947s
991 0.816234 0.742496 0.0116771 2.79668s
992 0.816234 0.767853 0.00963296 2.7713s
993 0.816234 0.780559 0.00714579 2.73945s
994 0.816234 0.783593 0.00662046 2.73585s
995 0.816234 0.762132 0.0102179 2.79664s
996 0.816234 0.766684 0.010142 2.70378s
997 0.816234 0.781109 0.00713264 2.7318s
998 0.816234 0.778824 0.00783412 2.76277s
999 0.816234 0.768847 0.00920592 2.72668s
1000 0.816234 0.781847 0.00724074 2.77097s
1001 0.816234 0.665119 0.0127103 2.73691s
1002 0.816234 0.655723 0.0130004 2.78735s
1003 0.816234 0.663282 0.0106183 2.78227s
1004 0.816234 0.653835 0.011283 2.79501s
1005 0.816234 0.655148 0.0103921 2.77171s
1006 0.816234 0.65143 0.0115501 2.74759s
1007 0.816234 0.653137 0.010664 2.80867s
1008 0.816234 0.651133 0.0105262 2.78048s
1009 0.816234 0.65309 0.00963279 2.73341s
1010 0.816234 0.651495 0.00998897 2.72624s
1011 0.816234 0.737742 0.0115875 2.73122s
1012 0.816234 0.770804 0.00859065 2.74525s
1013 0.816234 0.780043 0.00745121 2.76372s
1014 0.816234 0.783394 0.00651981 2.73801s
1015 0.816234 0.785138 0.00621601 2.79614s
1016 0.816234 0.764439 0.0104537 2.82993s
1017 0.816234 0.769545 0.00942557 2.79016s
1018 0.816234 0.78171 0.00660676 2.73748s
1019 0.816234 0.779174 0.0075521 2.85487s
1020 0.816234 0.787069 0.00606028 3.55628s
1021 0.816234 0.662333 0.0135464 2.79035s
1022 0.816234 0.663465 0.0114835 2.79706s
1023 0.816234 0.662045 0.0109679 2.74544s
1024 0.816234 0.663458 0.0105279 2.72676s
1025 0.816234 0.653683 0.0111867 2.71554s
1026 0.816234 0.650128 0.0107568 2.72391s
1027 0.816234 0.652977 0.0101605 2.73322s
1028 0.816234 0.652835 0.0106565 2.78086s
1029 0.816234 0.647079 0.0109528 2.77505s
1030 0.816234 0.650264 0.0100947 2.81414s
1031 0.816234 0.73378 0.0124711 2.7323s
1032 0.816234 0.77298 0.00856304 2.80909s
1033 0.816234 0.779055 0.00664972 2.79816s
1034 0.816234 0.786506 0.00610939 2.76907s
1035 0.816234 0.778903 0.00748228 2.73397s
1036 0.816234 0.775582 0.00845941 2.77427s
1037 0.816234 0.771761 0.00931444 2.8397s
1038 0.816234 0.777521 0.00792526 2.7757s
1039 0.816234 0.782334 0.00682833 2.75273s
1040 0.816234 0.775669 0.00764187 2.7355s
1041 0.816234 0.667423 0.0125294 2.79924s
1042 0.816234 0.663709 0.01143 2.73598s
1043 0.816234 0.660793 0.0114785 2.76195s
1044 0.816234 0.654745 0.0113667 2.77837s
1045 0.816234 0.660518 0.0109501 2.78676s
1046 0.816234 0.655207 0.0112722 2.72188s
1047 0.816234 0.65349 0.010978 2.7912s
1048 0.816234 0.65932 0.0104383 2.74261s
1049 0.816234 0.656046 0.0107915 2.81005s
1050 0.816234 0.653551 0.0105631 2.76676s
1051 0.816234 0.758385 0.00893924 2.76817s
1052 0.816234 0.780207 0.00736021 2.79396s
1053 0.816234 0.764791 0.00961643 2.77219s
1054 0.816234 0.783778 0.00654274 2.72839s
1055 0.816234 0.786089 0.00631318 2.79639s
1056 0.816234 0.769879 0.00939391 2.72219s
1057 0.816234 0.77832 0.00768876 2.79679s
1058 0.816234 0.783556 0.00610988 2.83543s
1059 0.816234 0.785344 0.00631169 2.71686s
1060 0.816234 0.774942 0.00809136 2.80541s
1061 0.816234 0.664067 0.0131873 2.75416s
1062 0.816234 0.665128 0.0118259 2.77694s
1063 0.816234 0.65567 0.0119235 2.76911s
1064 0.816234 0.655605 0.0111457 2.77771s
1065 0.816234 0.654291 0.0113501 2.75998s
1066 0.816234 0.6517 0.011313 2.80794s
1067 0.816234 0.653599 0.0105506 2.78944s
1068 0.816234 0.651172 0.0112225 2.78841s
1069 0.816234 0.657253 0.0104398 2.75599s
1070 0.816234 0.66474 0.00926008 2.77915s
1071 0.816234 0.750807 0.0106801 2.78733s
1072 0.816234 0.774304 0.00779875 2.80942s
1073 0.816234 0.766815 0.0105269 2.7545s
1074 0.816234 0.776989 0.00794707 2.72209s
1075 0.816234 0.770954 0.00855182 2.78561s
1076 0.816234 0.758595 0.0111412 2.71523s
1077 0.816234 0.773403 0.00822744 2.78991s
1078 0.816234 0.763797 0.0113109 2.73296s
1079 0.816234 0.768862 0.00953791 2.81671s
1080 0.816234 0.781729 0.00669573 2.80478s
1081 0.816234 0.671136 0.011861 2.76605s
1082 0.816234 0.661256 0.0124966 2.82718s
1083 0.816234 0.662593 0.011794 2.73375s
1084 0.816234 0.661669 0.0105156 2.80593s
1085 0.816234 0.660411 0.0107279 2.74014s
1086 0.816234 0.653042 0.0113584 2.77838s
1087 0.816234 0.654553 0.0111442 2.74276s
1088 0.816234 0.655053 0.0108144 2.81435s
1089 0.816234 0.660266 0.0101852 2.73792s
1090 0.816234 0.652649 0.0113583 2.85011s
1091 0.816234 0.741512 0.0116444 2.80257s
1092 0.816234 0.765668 0.0104819 2.81915s
1093 0.816234 0.764866 0.00993079 2.75744s
1094 0.816234 0.779635 0.00790976 2.78164s
1095 0.816234 0.780662 0.00689823 2.76939s
1096 0.816234 0.792755 0.00488868 2.78527s
1097 0.816234 0.777116 0.00748242 2.7501s
1098 0.816234 0.775769 0.00832211 2.73522s
1099 0.816234 0.771825 0.00881224 2.72823s
1100 0.816234 0.78903 0.00540195 2.78667s
1101 0.816234 0.664341 0.0129534 2.73815s
1102 0.816234 0.666709 0.0113793 2.76373s
1103 0.816234 0.658652 0.011383 2.8048s
1104 0.816234 0.656204 0.0108748 2.74151s
1105 0.816234 0.650111 0.0112547 2.71838s
1106 0.816234 0.656417 0.010317 2.78182s
1107 0.816234 0.642244 0.012484 2.72302s
1108 0.816234 0.650474 0.0107542 2.78895s
1109 0.816234 0.653844 0.0101874 2.73807s
1110 0.816234 0.656512 0.00999274 2.78316s
1111 0.816234 0.75413 0.0100357 2.77957s
1112 0.816234 0.78655 0.00573049 3.72142s
1113 0.816234 0.778652 0.00752239 2.78586s
1114 0.816234 0.780943 0.00703044 2.802s
1115 0.816234 0.781966 0.0071202 2.75619s
1116 0.816234 0.776998 0.007448 2.78013s
1117 0.816234 0.773141 0.00844781 2.79317s
1118 0.816234 0.776152 0.00828945 2.78494s
1119 0.816234 0.758463 0.0110825 2.72862s
1120 0.816234 0.800005 0.00341007 2.7861s
1121 0.816234 0.665413 0.0125879 2.7431s
1122 0.816234 0.658055 0.0131234 2.80056s
1123 0.816234 0.65699 0.0121389 2.72239s
1124 0.816234 0.655495 0.0116827 2.81707s
1125 0.816234 0.658104 0.01157 2.73318s
1126 0.816234 0.657972 0.010881 2.71909s
1127 0.816234 0.652368 0.0117455 2.72668s
1128 0.816234 0.655071 0.0106367 2.79396s
1129 0.816234 0.649081 0.0109821 2.73585s
1130 0.816234 0.654777 0.0102217 2.72466s
1131 0.816234 0.746602 0.0113842 2.74176s
1132 0.816234 0.780541 0.00753314 2.78253s
1133 0.816234 0.757437 0.0110268 2.75611s
1134 0.816234 0.753654 0.0116336 2.76742s
1135 0.816234 0.763061 0.0103277 2.78614s
1136 0.816234 0.766324 0.0100542 2.81242s
1137 0.816234 0.761947 0.010678 2.75507s
1138 0.816234 0.777891 0.00764014 2.75261s
1139 0.816234 0.775781 0.00826058 2.71501s
1140 0.816234 0.770655 0.00936476 2.77605s
1141 0.816234 0.669493 0.0122974 2.72611s
1142 0.816234 0.664423 0.0119466 2.81535s
1143 0.816234 0.664471 0.0113707 2.76805s
1144 0.816234 0.659893 0.0120631 2.72921s
1145 0.816234 0.660387 0.011574 2.73387s
1146 0.816234 0.654008 0.0116438 2.80319s
1147 0.816234 0.651086 0.0118278 2.79028s
1148 0.816234 0.650313 0.0114838 2.75865s
1149 0.816234 0.650384 0.0111056 2.76221s
1150 0.816234 0.653387 0.00977821 2.72057s
1151 0.816234 0.754977 0.00939829 2.74972s
1152 0.816234 0.775147 0.00826769 2.7335s
1153 0.816234 0.768969 0.00974291 2.82302s
1154 0.816234 0.769118 0.00938445 2.7615s
1155 0.816234 0.774546 0.00810666 2.79291s
1156 0.816234 0.786614 0.00594742 2.73593s
1157 0.816234 0.779154 0.00751233 2.79157s
1158 0.816234 0.754231 0.0118624 2.74591s
1159 0.816234 0.78341 0.00618426 2.74495s
1160 0.816234 0.779396 0.00758344 2.76205s
1161 0.816234 0.668911 0.012587 2.72896s
1162 0.816234 0.661577 0.0117622 2.8185s
1163 0.816234 0.652449 0.0119981 2.7472s
1164 0.816234 0.648833 0.0122299 2.79037s
1165 0.816234 0.662007 0.00991774 2.74816s
1166 0.816234 0.648694 0.0117161 2.76551s
1167 0.816234 0.660138 0.00985942 2.7655s
1168 0.816234 0.648569 0.0112551 2.76898s
1169 0.816234 0.650982 0.0107226 2.79375s
1170 0.816234 0.653869 0.0100533 2.75475s
1171 0.816234 0.761388 0.00793499 2.79502s
1172 0.816234 0.766118 0.0101503 2.72992s
1173 0.816234 0.775902 0.00782516 2.72585s
1174 0.816234 0.769108 0.0091091 2.82646s
1175 0.816234 0.782022 0.00678421 2.7797s
1176 0.816234 0.768602 0.00866036 2.76721s
1177 0.816234 0.764105 0.010179 2.81421s
1178 0.816234 0.781374 0.00742404 2.77494s
1179 0.816234 0.765759 0.0106714 2.82771s
1180 0.816234 0.755941 0.011623 2.78583s
1181 0.816234 0.666447 0.0125587 2.74624s
1182 0.816234 0.662524 0.0117208 2.79597s
1183 0.816234 0.659072 0.0116414 2.72056s
1184 0.816234 0.657048 0.0118877 2.78137s
1185 0.816234 0.656627 0.0114067 2.76772s
1186 0.816234 0.658173 0.0112166 2.75952s
1187 0.816234 0.654734 0.0107861 2.76791s
1188 0.816234 0.653109 0.0112725 2.74895s
1189 0.816234 0.66039 0.0109281 2.77812s
1190 0.816234 0.653945 0.0111868 2.75286s
1191 0.816234 0.755664 0.0105339 2.81381s
1192 0.816234 0.775393 0.00853317 2.78783s
1193 0.816234 0.775587 0.00811723 2.7293s
1194 0.816234 0.770667 0.00912172 2.73961s
1195 0.816234 0.771324 0.00908559 2.7918s
1196 0.816234 0.762768 0.01062 2.76049s
1197 0.816234 0.769108 0.00901514 2.72877s
1198 0.816234 0.765695 0.0101018 2.73682s
1199 0.816234 0.753051 0.0127404 2.73292s
1200 0.816234 0.782107 0.00666415 2.79585s
1201 0.816234 0.66384 0.013336 2.75278s
1202 0.816234 0.6577 0.0122529 2.77691s
1203 0.816234 0.662203 0.0110217 2.79989s
1204 0.816234 0.656406 0.0119274 2.71796s
1205 0.816234 0.659007 0.0107176 2.79073s
1206 0.816234 0.656294 0.0109155 2.78404s
1207 0.816234 0.658784 0.0108049 2.74293s
1208 0.816234 0.658114 0.0103262 2.77966s
1209 0.816234 0.659936 0.00977588 2.76921s
1210 0.816234 0.657732 0.0100065 2.73769s
1211 0.816234 0.75914 0.0091277 2.79763s
1212 0.816234 0.782947 0.00712885 2.73456s
1213 0.816234 0.784601 0.00613426 2.75925s
1214 0.816234 0.761761 0.0101418 2.7422s
1215 0.816234 0.768083 0.00918483 2.73814s
1216 0.816234 0.764471 0.00976157 2.79506s
1217 0.816234 0.758967 0.0108673 2.73812s
1218 0.816234 0.781771 0.00661284 2.78296s
1219 0.816234 0.787647 0.00547547 2.73059s
1220 0.816234 0.765907 0.0101377 2.78437s
1221 0.816234 0.66727 0.0125531 2.77595s
1222 0.816234 0.664668 0.0116992 2.73809s
1223 0.816234 0.659436 0.0108772 2.79989s
1224 0.816234 0.660152 0.0107428 2.76998s
1225 0.816234 0.657867 0.0108868 2.78749s
1226 0.816234 0.655284 0.0110397 2.7675s
1227 0.816234 0.654775 0.0106256 2.77084s
1228 0.816234 0.65881 0.0103916 2.79019s
1229 0.816234 0.648466 0.0112887 2.75521s
1230 0.816234 0.649965 0.0108408 2.76496s
1231 0.816234 0.769536 0.0070795 2.777s
1232 0.816234 0.764207 0.0103006 2.73491s
1233 0.816234 0.774562 0.00867626 2.80141s
1234 0.816234 0.785615 0.0064356 2.80259s
1235 0.816234 0.778366 0.00745053 2.7328s
1236 0.816234 0.758648 0.0117082 2.80724s
1237 0.816234 0.782933 0.00703252 2.7904s
1238 0.816234 0.776582 0.008461 2.75958s
1239 0.816234 0.781556 0.00700779 2.74981s
1240 0.816234 0.793783 0.00454161 2.75491s
1241 0.816234 0.663974 0.0135755 2.78956s
1242 0.816234 0.670967 0.011141 2.73265s
1243 0.816234 0.658372 0.0118139 2.81075s
1244 0.816234 0.660562 0.0115897 2.77454s
1245 0.816234 0.657679 0.0113709 2.80124s
1246 0.816234 0.646619 0.0120487 2.72551s
1247 0.816234 0.649014 0.0109899 2.81724s
1248 0.816234 0.657309 0.00943034 2.85671s
1249 0.816234 0.658547 0.009452 2.72477s
1250 0.816234 0.645089 0.0110521 2.7684s
1251 0.816234 0.752646 0.00958524 2.73327s
1252 0.816234 0.789043 0.00570244 2.80384s
1253 0.816234 0.772948 0.00887659 2.78123s
1254 0.816234 0.766145 0.0104424 2.74587s
1255 0.816234 0.773946 0.00856891 2.72441s
1256 0.816234 0.777477 0.00826656 2.741s
1257 0.816234 0.776806 0.00818341 2.73624s
1258 0.816234 0.78655 0.00591281 2.79049s
1259 0.816234 0.781949 0.00720453 2.74815s
1260 0.816234 0.794419 0.00463362 2.75411s
1261 0.816234 0.664819 0.0135809 2.79307s
1262 0.816234 0.662313 0.0120697 2.78161s
1263 0.816234 0.661544 0.0115292 2.7784s
1264 0.816234 0.659659 0.0114273 2.81856s
1265 0.816234 0.657137 0.0113756 2.71969s
1266 0.816234 0.65633 0.011303 2.75685s
1267 0.816234 0.660779 0.0108601 2.78895s
1268 0.816234 0.652502 0.0119515 2.72594s
1269 0.816234 0.651696 0.011821 2.7761s
1270 0.816234 0.65292 0.0112314 2.80488s
1271 0.817543 0.755905 0.00962853 2.73204s
1272 0.817543 0.772881 0.00865365 2.75885s
1273 0.818369 0.782027 0.00725132 2.78989s
1274 0.820753 0.790976 0.00537073 2.73449s
1275 0.821266 0.781254 0.00799546 2.79411s
1276 0.821567 0.785492 0.00735033 2.73003s
1277 0.821567 0.77366 0.00941386 2.7762s
1278 0.821567 0.787652 0.00745936 2.73395s
1279 0.821567 0.775905 0.00908427 2.78338s
1280 0.821567 0.788248 0.00678103 2.74421s
1281 0.821567 0.667749 0.0135418 2.79983s
1282 0.821567 0.663479 0.0131613 2.7626s
1283 0.821567 0.662026 0.0121372 2.72698s
1284 0.821567 0.661112 0.0117734 2.7358s
1285 0.821567 0.651647 0.0126574 2.76569s
1286 0.821567 0.65225 0.0116826 2.81055s
1287 0.821567 0.652914 0.0116952 2.76322s
1288 0.821567 0.651834 0.011149 2.7547s
1289 0.821567 0.653531 0.0107118 2.72662s
1290 0.821567 0.655385 0.0101494 2.72453s
1291 0.821567 0.758479 0.00969545 2.75599s
1292 0.821567 0.773917 0.0106256 2.79064s
1293 0.821567 0.783482 0.00765867 2.77805s
1294 0.821567 0.792966 0.00616891 2.76302s
1295 0.821567 0.774273 0.00966823 2.765s
1296 0.821567 0.778439 0.00799941 2.79171s
1297 0.821567 0.787228 0.00752589 2.80332s
1298 0.821567 0.774833 0.00918212 2.73268s
1299 0.821567 0.795614 0.00530811 2.80289s
1300 0.821567 0.777523 0.00930375 2.73161s
1301 0.821567 0.66938 0.0129659 2.7914s
1302 0.821567 0.659395 0.0133077 2.75367s
1303 0.821567 0.661323 0.0118843 2.78592s
1304 0.821567 0.659335 0.0116963 2.81567s
1305 0.821567 0.656973 0.0118365 2.73034s
1306 0.821567 0.657891 0.0111894 2.7781s
1307 0.821567 0.65065 0.0113274 2.78641s
1308 0.821567 0.652333 0.0101759 2.7252s
1309 0.821567 0.645331 0.0110004 2.83689s
1310 0.821567 0.651213 0.0104605 2.80057s
1311 0.821567 0.764045 0.008743 2.73071s
1312 0.821567 0.793399 0.00555806 2.79397s
1313 0.821567 0.770652 0.00940564 2.81148s
1314 0.821567 0.78861 0.00690187 2.78262s
1315 0.821567 0.772272 0.00978888 2.72055s
1316 0.821567 0.794893 0.00540784 2.77424s
1317 0.821567 0.77093 0.00999348 2.74582s
1318 0.821567 0.76955 0.0110246 2.73469s
1319 0.821567 0.773979 0.00956899 2.79267s
1320 0.821567 0.789922 0.00623625 2.78148s
1321 0.821567 0.664947 0.0142133 2.74051s
1322 0.821567 0.666193 0.0117444 2.79096s
1323 0.821567 0.660701 0.0121137 2.72856s
1324 0.821567 0.65454 0.0125075 2.78583s
1325 0.821567 0.653202 0.0126211 2.73656s
1326 0.821567 0.658627 0.0110986 2.7975s
1327 0.821567 0.659985 0.0113034 2.7751s
1328 0.821567 0.6578 0.010989 2.79433s
1329 0.821567 0.654355 0.0107055 2.72271s
1330 0.821567 0.65436 0.0107619 2.80696s
1331 0.821567 0.765435 0.00879083 3.71369s
1332 0.821567 0.769297 0.0106098 2.7712s
1333 0.821567 0.780135 0.00916145 2.79949s
1334 0.821567 0.775906 0.00927144 2.76433s
1335 0.821567 0.782755 0.00796332 2.79419s
1336 0.821567 0.793966 0.0055785 2.73943s
1337 0.821567 0.789144 0.00644026 2.7897s
1338 0.821567 0.785318 0.00775661 2.73263s
1339 0.821567 0.786698 0.00752072 2.78251s
1340 0.821567 0.793021 0.00548726 2.77978s
1341 0.821567 0.674568 0.0121459 2.71435s
1342 0.821567 0.667658 0.0123672 2.73719s
1343 0.821567 0.66249 0.0128222 2.74467s
1344 0.821567 0.661641 0.0121806 2.80949s
1345 0.821568 0.664065 0.0111058 2.77961s
1346 0.821568 0.651804 0.0122802 2.78095s
1347 0.821568 0.656407 0.0112479 2.75308s
1348 0.821568 0.661882 0.0107112 2.72152s
1349 0.821568 0.655524 0.0111915 2.71318s
1350 0.821568 0.658147 0.0102977 2.75114s
1351 0.821568 0.777061 0.00696371 2.72663s
1352 0.821568 0.795082 0.0055263 2.80914s
1353 0.821568 0.786406 0.00726942 2.72154s
1354 0.821568 0.798091 0.00480933 2.79873s
1355 0.821568 0.799709 0.00447498 2.77998s
1356 0.821568 0.779118 0.00950505 2.73017s
1357 0.821568 0.795186 0.00556146 2.80883s
1358 0.821568 0.801793 0.00416306 2.78153s
1359 0.821568 0.801379 0.00425854 2.81365s
1360 0.821568 0.800767 0.00447767 2.73739s
1361 0.821568 0.669814 0.0127715 2.82651s
1362 0.821568 0.663636 0.01339 2.75222s
1363 0.821568 0.6635 0.0121068 2.77827s
1364 0.821568 0.661256 0.0121159 2.80335s
1365 0.821568 0.662296 0.0114962 2.73519s
1366 0.821568 0.658317 0.0119974 2.79889s
1367 0.821568 0.660693 0.0108041 2.78211s
1368 0.821568 0.66134 0.0105085 2.83191s
1369 0.821568 0.653094 0.0122885 2.75918s
1370 0.821568 0.655654 0.0111873 2.73177s
1371 0.821568 0.779951 0.00695288 2.8274s
1372 0.821568 0.807793 0.00302638 2.77299s
1373 0.821568 0.798248 0.00489014 2.79929s
1374 0.821568 0.7909 0.00640427 2.77162s
1375 0.821568 0.803944 0.00391984 2.79147s
1376 0.821568 0.78148 0.00852485 2.73932s
1377 0.821568 0.79984 0.00420724 2.76496s
1378 0.821568 0.806593 0.00334022 2.71237s
1379 0.821568 0.805144 0.0034219 2.74795s
1380 0.821568 0.803475 0.00372521 2.77727s
1381 0.821568 0.665572 0.0139571 2.80538s
1382 0.821568 0.659649 0.0136127 2.77937s
1383 0.821568 0.657562 0.0124185 2.79405s
1384 0.821568 0.653772 0.0123026 2.78393s
1385 0.821568 0.64822 0.012481 2.79155s
1386 0.821568 0.656264 0.0113669 2.75461s
1387 0.821568 0.649228 0.0124363 2.76032s
1388 0.821568 0.652833 0.0111738 2.73553s
1389 0.821568 0.655452 0.0104466 2.71788s
1390 0.821568 0.656491 0.0101513 2.73181s
1391 0.821568 0.77926 0.00690099 2.75562s
1392 0.821568 0.799561 0.00511509 2.75209s
1393 0.821568 0.792537 0.00566668 2.74409s
1394 0.821568 0.781214 0.00839631 2.71754s
1395 0.821568 0.783151 0.00778529 2.71877s
1396 0.821568 0.797473 0.0048562 2.80268s
1397 0.821568 0.797067 0.00469851 2.76396s
1398 0.821568 0.788334 0.00740232 2.7207s
1399 0.821568 0.782419 0.00842079 2.78789s
1400 0.821568 0.785507 0.00764007 2.78539s
1401 0.821568 0.661043 0.014664 2.72305s
1402 0.821568 0.666196 0.0121153 2.79803s
1403 0.821568 0.664188 0.0119054 2.76547s
1404 0.821568 0.66254 0.0110271 2.81109s
1405 0.821568 0.651763 0.0128736 2.70789s
1406 0.821568 0.656074 0.0115533 2.71379s
1407 0.821568 0.660914 0.0106792 2.80312s
1408 0.821568 0.663444 0.00950337 2.76055s
1409 0.821568 0.657743 0.0104089 2.76541s
1410 0.821568 0.659765 0.0104452 2.78456s
1411 0.821568 0.771121 0.007984 2.72614s
1412 0.821568 0.812744 0.00181435 2.79486s
1413 0.821568 0.796862 0.00511079 2.75587s
1414 0.821568 0.785066 0.00781087 2.76643s
1415 0.821568 0.808805 0.0026764 2.74704s
1416 0.821568 0.796571 0.00510254 2.78231s
1417 0.821568 0.799903 0.00429598 2.81065s
1418 0.821568 0.818277 0.000727046 2.83946s
1419 0.821568 0.795664 0.00557411 2.72224s
1420 0.821568 0.79543 0.00593962 2.72453s
1421 0.821568 0.665215 0.0140668 2.76713s
1422 0.821568 0.667039 0.0126295 2.72391s
1423 0.821568 0.664694 0.0119056 2.80032s
1424 0.821568 0.66169 0.0108984 2.73149s
1425 0.821568 0.653889 0.0118839 2.80217s
1426 0.821568 0.658094 0.0110687 2.73056s
1427 0.821568 0.659804 0.0102374 2.72044s
1428 0.821568 0.651569 0.0117612 2.78149s
1429 0.821568 0.656045 0.0106581 2.77473s
1430 0.821568 0.653192 0.0114054 2.80252s
1431 0.821568 0.778994 0.0066502 2.73412s
1432 0.821568 0.785465 0.00800486 2.8177s
1433 0.821568 0.803953 0.0034467 2.71841s
1434 0.821568 0.798317 0.00476122 2.81121s
1435 0.821568 0.810188 0.0023495 2.73775s
1436 0.821568 0.80623 0.00310865 2.76114s
1437 0.821568 0.779941 0.00926251 2.73059s
1438 0.821568 0.787958 0.00649512 2.80455s
1439 0.821568 0.801164 0.00435605 2.72751s
1440 0.821568 0.796675 0.0053561 2.73273s
1441 0.821568 0.673861 0.0126124 2.80153s
1442 0.821568 0.670883 0.011449 2.77109s
1443 0.821568 0.663057 0.012301 2.79182s
1444 0.821568 0.657445 0.0120714 2.77243s
1445 0.821568 0.661256 0.0115908 2.73958s
1446 0.821568 0.659192 0.0111744 2.7238s
1447 0.821568 0.653894 0.0118724 2.79565s
1448 0.821568 0.657257 0.0112638 2.72877s
1449 0.821568 0.661896 0.0107151 2.72749s
1450 0.821568 0.662622 0.0107505 2.76387s
1451 0.821568 0.792118 0.00476648 2.71979s
1452 0.821568 0.788566 0.00713843 2.77298s
1453 0.821568 0.796987 0.00489341 2.8104s
1454 0.821568 0.799446 0.00458512 2.73142s
1455 0.821568 0.78928 0.0074595 2.82332s
1456 0.821568 0.791967 0.00668738 2.77057s
1457 0.821568 0.793936 0.00584288 2.73762s
1458 0.821568 0.786546 0.00706765 2.77887s
1459 0.821568 0.795522 0.00554406 2.76467s
1460 0.821568 0.804163 0.00364488 2.72181s
1461 0.821568 0.672205 0.012804 2.74375s
1462 0.821568 0.65822 0.0135121 2.74896s
1463 0.821568 0.666019 0.0118719 2.74482s
1464 0.821568 0.665543 0.0109093 2.79021s
1465 0.821568 0.663477 0.010897 2.82955s
1466 0.821568 0.653954 0.0120863 2.71269s
1467 0.821568 0.652238 0.0122581 2.80474s
1468 0.821568 0.657147 0.0103092 2.76756s
1469 0.821568 0.652544 0.0103257 2.81343s
1470 0.821568 0.648116 0.0107484 2.77016s
1471 0.821568 0.779786 0.00642949 2.75894s
1472 0.821568 0.799419 0.00465217 2.76909s
1473 0.821568 0.79425 0.00574395 2.78839s
1474 0.821568 0.791982 0.0064523 2.78706s
1475 0.821568 0.792508 0.00604121 2.71762s
1476 0.821568 0.796419 0.00534751 2.78583s
1477 0.821568 0.795869 0.00575351 2.72051s
1478 0.821568 0.808411 0.00243344 2.81497s
1479 0.821568 0.802095 0.0040027 2.72036s
1480 0.821568 0.791935 0.00602186 2.77274s
1481 0.821568 0.669269 0.0129463 2.77768s
1482 0.821568 0.652678 0.0136524 2.79103s
1483 0.821568 0.657178 0.0128487 2.74868s
1484 0.821568 0.657835 0.0119536 2.73598s
1485 0.821568 0.662925 0.0109317 2.74635s
1486 0.821568 0.657219 0.01154 2.76484s
1487 0.821568 0.662683 0.0106733 2.72543s
1488 0.821568 0.662425 0.0109131 2.79806s
1489 0.821568 0.656135 0.0107661 2.74698s
1490 0.821568 0.651633 0.0109709 2.75439s
1491 0.821568 0.780909 0.00597773 2.74767s
1492 0.821568 0.811901 0.00204491 2.7496s
1493 0.821568 0.809381 0.00267358 2.72094s
1494 0.821568 0.790863 0.00647624 2.73452s
1495 0.821568 0.796995 0.00561034 2.73168s
1496 0.821568 0.799069 0.0045229 2.72806s
1497 0.821568 0.79715 0.00491797 2.79971s
1498 0.821568 0.782317 0.00799495 2.82613s
1499 0.821568 0.795421 0.00549551 2.72053s
1500 0.821568 0.80354 0.00379782 2.78518s
