11  2
11  77
13  6
13  73
14  18
14  61
15  80
15  99
17  29
17  50
18  24
18  55
18  84
18  95
18  96
19  83
20  85
20  94
21  89
21  90
24  2
24  77
25  5
25  74
29  6
29  73
30  18
30  61
31  80
31  99
36  1
36  69
36  78
36  95
36  96
37  10
37  84
38  60
39  2
39  77
39  83
40  19
40  50
41  24
41  29
41  85
42  94
43  53
43  55
43  65
43  90
44  14
44  25
44  26
44  28
44  51
44  54
44  89
45  23
45  47
45  56
48  32
48  80
48  99
49  6
49  18
49  73
50  61
54  95
54  96
57  2
57  77
58  84
60  83
62  85
64  5
65  90
67  80
67  94
67  99
68  30
68  49
69  76
70  24
70  89
72  18
73  95
73  96
76  61
76  74
77  50
79  6
79  73
81  2
82  77
82  84
83  85
84  3
85  29
85  83
87  55
87  80
87  90
87  99
91  95
91  96
95  94
96  4
100  89
102  18
104  85
107  84
108  80
108  99
109  90
109  95
109  96
112  83
115  61
124  2
124  77
124  85
126  94
126  95
127  96
128  24
130  80
130  90
130  99
131  69
133  89
134  5
134  84
139  18
140  78
141  83
142  95
143  85
144  96
146  57
149  6
149  60
149  73
150  90
152  80
152  99
158  22
158  94
158  95
161  85
161  96
163  84
165  50
168  89
169  90
170  83
174  65
174  95
175  80
175  99
176  61
177  96
179  85
181  18
184  75
187  53
188  90
189  95
191  47
192  94
192  96
193  84
196  24
196  85
198  80
198  99
200  83
204  89
206  90
206  95
211  5
213  85
215  2
215  77
216  96
221  18
222  80
222  84
222  99
223  90
227  94
229  85
231  83
240  90
241  89
244  95
245  85
246  80
246  99
250  29
253  84
256  90
257  78
259  80
260  18
260  85
261  2
261  6
261  55
262  94
262  96
263  83
267  77
268  29
270  99
272  80
272  90
275  28
275  85
275  95
276  23
277  5
278  54
279  2
279  89
283  6
283  84
285  80
287  90
289  73
290  29
290  85
291  55
293  77
293  83
294  99
297  18
297  94
297  96
298  80
299  2
302  90
304  85
304  95
306  65
313  84
316  49
317  89
317  90
318  85
318  99
319  80
320  96
321  95
324  83
327  53
328  6
331  90
331  96
332  61
332  85
332  94
332  95
333  18
337  24
340  99
341  4
341  5
342  50
342  80
342  96
343  95
344  84
345  69
345  73
348  60
350  6
353  96
353  99
354  83
355  61
355  77
355  89
355  95
356  80
358  73
359  1
359  84
361  76
363  2
364  74
364  83
365  10
366  99
367  6
367  94
368  19
369  84
370  47
370  80
373  73
374  32
374  55
374  83
375  89
378  94
379  77
379  84
382  61
382  74
384  83
386  14
386  26
386  89
387  99
389  84
389  94
391  3
391  10
393  1
394  83
395  19
397  55
397  61
398  89
399  84
400  80
400  94
402  74
402  96
404  83
404  95
408  32
409  84
410  89
410  90
411  85
411  94
414  61
414  83
414  99
415  14
418  75
419  26
419  84
422  89
422  94
424  83
427  80
428  55
428  74
429  84
433  94
434  1
434  10
434  61
434  83
434  89
439  84
439  96
440  19
440  95
440  99
444  83
444  94
445  89
449  84
452  85
452  90
453  80
454  83
455  94
456  61
457  89
459  84
460  29
462  74
464  83
465  99
466  94
467  14
468  55
468  89
469  84
473  18
473  96
474  83
474  95
477  94
479  80
479  84
479  89
481  61
484  83
488  94
489  84
490  85
490  89
490  99
491  32
493  90
494  26
494  83
498  3
499  84
499  94
499  99
501  50
501  89
503  77
504  80
504  83
505  25
505  51
506  56
506  96
507  74
507  95
508  61
509  2
509  84
509  99
510  73
510  94
512  89
513  24
514  1
514  83
516  55
517  10
517  50
517  77
518  80
518  84
520  18
520  94
521  6
521  73
521  99
522  30
523  2
523  89
524  83
527  84
527  85
529  80
529  90
530  19
531  95
531  96
532  6
532  94
533  73
533  99
534  77
534  83
536  61
537  84
539  2
539  95
539  96
540  80
541  85
542  90
543  18
543  22
543  24
544  6
544  57
545  99
547  29
547  95
547  96
548  69
548  73
548  89
549  80
550  60
550  85
551  90
552  2
552  5
553  78
554  77
557  18
558  80
559  29
559  85
560  65
560  90
560  95
561  96
562  28
563  23
563  53
563  54
564  47
566  2
567  80
574  29
577  99
581  49
583  80
593  80
598  6
601  85
602  80
602  90
604  29
605  2
605  95
605  96
606  28
606  99
609  23
609  85
611  54
611  80
611  90
612  18
613  5
613  95
613  96
616  2
616  6
616  77
617  85
618  80
620  24
620  29
620  78
620  90
620  99
621  95
621  96
623  18
623  83
623  84
625  6
625  73
626  85
628  65
628  69
628  80
629  77
629  90
629  94
629  95
629  96
630  2
630  5
630  60
631  55
631  83
631  84
631  89
631  99
633  4
633  61
635  24
635  73
636  50
636  53
636  76
637  94
637  95
637  96
637  99
638  18
638  77
638  84
639  83
639  89
640  6
640  80
641  47
642  61
643  2
643  73
643  99
645  50
645  94
646  77
646  84
647  74
647  83
647  89
648  24
649  99
651  51
651  73
651  95
651  96
652  25
652  55
652  56
652  80
653  84
653  94
654  10
654  77
655  1
655  83
655  99
656  2
656  6
656  50
656  89
657  14
657  32
658  61
659  19
660  73
661  26
661  84
661  94
662  99
663  83
664  89
665  30
666  74
667  75
667  77
668  50
668  80
669  84
669  94
670  99
671  22
671  51
671  83
672  56
672  57
673  25
673  85
673  89
676  3
676  61
676  77
676  99
677  73
677  84
677  94
679  55
679  80
679  83
681  50
682  89
682  95
682  96
682  99
683  2
685  24
685  61
685  84
685  94
686  1
686  90
687  73
687  77
687  83
688  10
688  80
688  85
689  6
689  18
689  95
689  96
690  14
690  74
693  2
693  84
693  89
694  80
694  90
694  99
696  85
696  95
696  96
697  55
698  29
698  83
699  6
700  18
701  5
702  90
703  80
705  85
707  69
707  78
712  95
716  96
719  60
721  94
726  28
729  80
752  99
770  90
775  80
777  85
777  95
781  84
782  96
782  99
788  83
792  89
797  94
805  80
809  99
813  90
813  95
816  84
818  85
819  96
823  83
832  80
832  89
