13  9
13  70
25  51
26  27
26  28
26  52
29  9
29  70
30  33
30  36
30  46
31  43
34  30
35  69
36  49
37  10
37  32
37  47
38  84
38  95
40  82
40  97
45  24
47  55
48  9
50  70
53  37
53  42
55  81
55  98
56  59
64  51
69  20
69  21
69  58
71  9
74  19
74  60
76  76
80  36
80  70
85  27
85  52
90  28
91  8
96  30
98  84
98  95
102  9
102  97
104  82
111  69
119  87
119  92
129  51
144  9
152  70
159  36
161  3
165  33
171  30
172  46
173  61
179  59
189  81
189  98
190  84
190  95
193  9
193  24
197  51
197  82
205  97
209  69
212  43
218  9
223  51
224  76
226  36
228  33
234  9
236  52
238  30
240  21
241  55
245  51
250  33
251  9
255  43
260  10
264  8
270  9
270  51
279  52
279  59
280  33
288  21
288  84
288  95
290  9
290  36
290  70
292  69
297  97
298  30
298  51
298  82
304  55
310  9
316  33
328  51
331  9
332  24
342  43
345  76
346  98
349  36
353  9
353  81
355  30
355  47
357  52
358  51
359  33
364  49
367  32
367  69
371  59
374  9
375  21
386  84
386  95
387  51
395  82
396  9
400  33
401  8
401  27
401  70
401  97
403  95
405  36
406  98
407  42
407  47
407  82
408  92
409  28
409  30
412  55
413  27
413  70
415  95
416  51
417  9
417  10
419  82
420  98
421  33
421  47
424  42
426  61
426  70
427  27
427  92
427  95
433  43
433  82
434  69
435  52
438  9
441  98
444  51
448  59
450  76
455  21
457  9
458  24
458  36
460  87
462  30
466  9
467  33
470  19
470  60
471  51
472  70
475  9
484  9
484  84
485  30
486  70
487  19
487  60
494  9
498  51
500  49
500  69
501  52
502  70
502  97
504  9
505  12
506  55
508  36
509  19
509  60
509  67
512  30
512  70
513  43
515  49
517  8
517  28
517  81
519  20
521  10
521  70
521  71
524  3
527  43
527  49
528  9
528  59
530  28
531  18
531  70
535  20
539  10
539  19
539  60
540  49
541  70
544  28
544  30
544  71
545  3
545  76
550  43
550  70
551  36
552  46
554  28
555  24
555  49
555  69
556  20
556  70
559  34
559  45
559  58
561  46
563  10
563  28
563  70
565  36
570  70
571  46
572  27
572  49
573  24
573  28
574  58
575  3
577  70
577  84
578  71
579  43
582  18
582  20
582  46
583  28
584  19
584  70
584  97
585  60
586  95
589  37
590  32
590  84
591  70
591  81
591  82
592  46
592  49
592  58
593  97
594  10
594  28
595  87
596  27
597  52
599  70
599  84
600  9
600  32
601  37
602  46
602  81
602  97
606  28
607  70
608  84
610  32
610  52
610  87
611  97
613  9
613  46
613  81
615  37
615  49
615  58
615  70
617  43
617  84
619  28
620  20
620  97
621  32
623  70
624  52
624  81
625  46
625  87
626  84
627  9
629  3
630  27
630  97
631  37
632  70
633  28
634  32
635  10
635  84
636  81
638  9
639  46
639  52
640  97
641  70
641  87
642  49
644  19
644  84
646  9
647  58
647  60
648  24
648  28
648  36
648  69
649  81
650  55
650  70
650  71
652  32
653  37
655  9
655  30
655  43
658  51
659  98
660  70
660  97
661  46
662  36
662  95
663  9
663  33
663  82
664  55
666  10
666  27
666  59
666  92
667  47
668  51
669  98
670  42
670  95
671  9
671  21
671  82
672  30
672  43
673  33
673  69
675  76
676  8
676  47
678  95
679  27
679  51
679  82
679  98
680  92
682  42
683  33
684  61
686  47
686  95
688  82
690  98
693  21
694  27
694  92
694  95
696  42
697  47
697  82
701  98
703  95
711  82
717  92
