102  58
103  79
104  78
120  65
120  66
147  75
159  85
164  58
165  79
169  78
183  35
199  69
203  65
205  66
209  32
209  47
210  8
210  71
212  34
212  45
222  85
223  58
226  79
227  63
229  16
230  78
231  32
231  47
233  8
233  71
238  34
238  45
248  50
249  29
260  32
260  47
264  8
264  71
276  34
276  45
282  0
282  1
282  21
285  14
286  13
292  4
295  94
298  0
298  21
298  32
298  47
299  1
299  44
304  10
305  16
306  14
306  63
308  8
308  13
308  71
317  21
318  0
320  1
323  94
326  4
329  34
330  45
335  14
338  13
341  21
342  0
344  32
344  47
346  1
351  44
353  94
359  8
359  71
372  21
374  0
376  14
379  1
382  13
384  94
386  10
386  34
387  45
391  32
391  47
394  29
395  50
397  4
399  58
399  79
400  78
401  65
403  66
403  85
406  75
407  8
408  71
415  35
416  58
416  79
418  78
421  16
422  65
423  63
424  69
425  66
425  85
431  50
433  36
433  42
435  32
435  47
435  87
436  58
436  75
437  79
439  45
439  69
439  78
440  34
442  26
443  50
446  36
447  42
448  85
449  65
450  87
452  99
454  66
454  67
456  69
460  58
461  36
461  50
461  79
462  35
464  42
465  78
466  83
466  87
469  26
469  30
474  44
474  85
475  89
477  83
479  36
479  62
479  99
482  87
484  30
484  42
484  50
485  69
487  97
488  83
491  44
491  56
495  89
496  11
499  83
502  30
511  44
511  83
512  62
517  59
517  89
