0 0.626521 0.5014 0.000681644 0s
1 0.651059 0.5312 0.000816562 2.76589s
2 0.652348 0.558356 0.00117654 2.768s
3 0.694211 0.571442 0.00177062 2.8576s
4 0.694211 0.584871 0.00216948 2.76835s
5 0.694211 0.596217 0.00292025 2.87091s
6 0.71891 0.608361 0.00333855 2.81634s
7 0.71891 0.613183 0.0037813 2.83054s
8 0.726876 0.619352 0.00387352 2.82172s
9 0.726876 0.627238 0.00362449 2.89362s
10 0.726876 0.624519 0.00404082 2.95076s
11 0.726876 0.600225 0.00678108 2.89157s
12 0.746564 0.634367 0.00674119 2.86849s
13 0.749153 0.676733 0.00460508 2.87383s
14 0.752719 0.697238 0.00323303 2.87385s
15 0.767505 0.700819 0.00388897 2.84085s
16 0.76828 0.69282 0.00706311 2.8983s
17 0.776188 0.719829 0.00541679 2.8766s
18 0.776593 0.718586 0.00755259 2.83933s
19 0.777674 0.716532 0.00824513 2.85963s
20 0.782864 0.727266 0.00796961 2.863s
21 0.782864 0.658032 0.00980487 2.86796s
22 0.782864 0.65485 0.00978795 2.83095s
23 0.799344 0.666857 0.00885573 2.82703s
24 0.799344 0.655088 0.00966588 2.89652s
25 0.799344 0.665929 0.00801072 2.8372s
26 0.799344 0.668693 0.0086844 2.83259s
27 0.799344 0.663401 0.00909422 2.93765s
28 0.799344 0.662493 0.00956186 2.84082s
29 0.799344 0.663245 0.00898562 2.81774s
30 0.799344 0.654714 0.00950538 2.89353s
31 0.799344 0.724137 0.00851056 2.83213s
32 0.799344 0.744922 0.00779004 2.84619s
33 0.799344 0.738591 0.0112098 2.88014s
34 0.800099 0.738701 0.0114748 2.86888s
35 0.800161 0.745798 0.0105632 2.81903s
36 0.800347 0.767787 0.00671605 2.87409s
37 0.800347 0.775424 0.00497709 2.8198s
38 0.800347 0.771191 0.0059049 2.87116s
39 0.800347 0.761967 0.00798734 2.89197s
40 0.800347 0.760526 0.00811645 2.82656s
41 0.800347 0.672529 0.0115473 2.86936s
42 0.800347 0.668092 0.0118317 2.87034s
43 0.800347 0.675111 0.00937299 2.88897s
44 0.800347 0.667487 0.0104411 2.88818s
45 0.800347 0.659162 0.0116982 2.86194s
46 0.800347 0.65777 0.0115708 2.83516s
47 0.800347 0.66414 0.0101049 2.90176s
48 0.800347 0.660812 0.0113119 2.86619s
49 0.800347 0.671226 0.00943933 2.91463s
50 0.800347 0.665498 0.0115581 2.87021s
51 0.800347 0.745687 0.00949041 2.83805s
52 0.800347 0.763932 0.00783252 2.87055s
53 0.800347 0.764116 0.00745933 2.81584s
54 0.800347 0.766073 0.0066719 2.92226s
55 0.800347 0.758733 0.00865536 2.81255s
56 0.800347 0.765141 0.00710567 2.85377s
57 0.800347 0.774973 0.0052268 2.84555s
58 0.800347 0.75335 0.00992035 2.88881s
59 0.800347 0.784197 0.00356141 2.82432s
60 0.800347 0.758666 0.0086982 2.925s
61 0.800347 0.667658 0.0123348 2.83607s
62 0.800347 0.671702 0.0110234 2.88812s
63 0.800347 0.665884 0.0112558 2.83603s
64 0.800347 0.663826 0.0111761 2.83752s
65 0.800347 0.666782 0.0108263 2.93449s
66 0.800347 0.669283 0.0104055 2.83978s
67 0.800347 0.665587 0.011029 2.91107s
68 0.800347 0.66651 0.0107962 2.87004s
69 0.800347 0.657397 0.0120232 2.85534s
70 0.800347 0.673415 0.00890078 2.88335s
71 0.800347 0.765324 0.00606129 2.94821s
72 0.800347 0.780931 0.00420228 2.99536s
73 0.800347 0.774409 0.00541071 2.95483s
74 0.800347 0.767019 0.00707894 2.94832s
75 0.800347 0.768403 0.00678542 2.81495s
76 0.800347 0.779765 0.0041537 2.89755s
77 0.800347 0.773208 0.00539088 2.8781s
78 0.800347 0.771115 0.00565776 2.83833s
79 0.800347 0.776079 0.0051581 2.82492s
80 0.800347 0.767698 0.00647446 2.85331s
81 0.800347 0.668789 0.0119765 2.84737s
82 0.800347 0.665168 0.0121811 2.85596s
83 0.800347 0.666129 0.0108761 2.87958s
84 0.800347 0.666226 0.0107479 2.84864s
85 0.800347 0.658225 0.0121152 2.80792s
86 0.800347 0.662419 0.0104732 2.81507s
87 0.800347 0.667766 0.00993418 2.89888s
88 0.800347 0.665231 0.0115281 2.8862s
89 0.800347 0.668889 0.00986905 2.91065s
90 0.800347 0.658037 0.0112548 2.83666s
91 0.800347 0.744136 0.00946889 2.92191s
92 0.800347 0.776602 0.00480946 2.82389s
93 0.800347 0.787797 0.00275246 2.83767s
94 0.800347 0.764325 0.00755599 2.89423s
95 0.800347 0.777647 0.00498376 2.90975s
96 0.800347 0.764836 0.00722248 2.83426s
97 0.800347 0.781587 0.0037932 2.88341s
98 0.800347 0.77076 0.00610375 2.85322s
99 0.800347 0.766575 0.00718289 2.83747s
100 0.800347 0.782591 0.00374995 2.81863s
101 0.800347 0.671306 0.0109995 2.81764s
102 0.800347 0.668545 0.010893 2.90544s
103 0.800347 0.672037 0.00991059 2.87452s
104 0.800347 0.671383 0.00980229 2.90034s
105 0.800347 0.673122 0.00936992 2.89423s
106 0.800347 0.655924 0.0125179 2.85278s
107 0.800347 0.661652 0.0117628 2.90057s
108 0.800347 0.659761 0.0104069 2.81475s
109 0.800347 0.658436 0.0107143 2.91865s
110 0.800347 0.668561 0.0090476 2.83227s
111 0.800347 0.761171 0.00646603 2.90227s
112 0.800347 0.782563 0.00340391 2.88637s
113 0.800347 0.768077 0.00658135 2.89534s
114 0.800347 0.77718 0.00470133 2.83511s
115 0.800347 0.776998 0.00479999 2.93135s
116 0.800347 0.793428 0.00138826 2.8896s
117 0.800347 0.771118 0.00616021 2.87019s
118 0.800347 0.762981 0.00819065 2.91399s
119 0.800347 0.761225 0.00793634 2.87436s
120 0.800347 0.768121 0.00634948 2.86319s
121 0.800347 0.66735 0.0119825 2.86601s
122 0.800347 0.672644 0.0100473 2.87769s
123 0.800347 0.669013 0.011144 2.83518s
124 0.800347 0.669283 0.0105499 2.82178s
125 0.800347 0.665844 0.010899 2.84175s
126 0.800347 0.663257 0.0117614 2.83351s
127 0.800347 0.666542 0.0103223 2.85746s
128 0.800347 0.66504 0.0105259 2.8231s
129 0.800347 0.662134 0.0107514 2.913s
130 0.800347 0.661463 0.0109539 2.89943s
131 0.800347 0.765117 0.00594981 2.83456s
132 0.800347 0.776834 0.00442293 2.87651s
133 0.800347 0.768226 0.0064525 2.91352s
134 0.800347 0.773514 0.0057238 2.83717s
135 0.800347 0.752454 0.00994984 2.85909s
136 0.800347 0.762403 0.0080577 2.88952s
137 0.800347 0.773633 0.00553545 2.89457s
138 0.800347 0.780607 0.00386766 2.86389s
139 0.800347 0.780211 0.00404013 2.84753s
140 0.800347 0.783099 0.00360038 2.8636s
141 0.800347 0.66085 0.0134574 2.90203s
142 0.800347 0.671966 0.0105551 2.88583s
143 0.800347 0.668756 0.0104614 2.87654s
144 0.800347 0.658662 0.0115947 2.82088s
145 0.800347 0.667776 0.0101665 2.91748s
146 0.800347 0.665118 0.0109876 2.85341s
147 0.800347 0.664015 0.010103 2.88804s
148 0.800347 0.658114 0.0109555 2.84253s
149 0.800347 0.66453 0.00999172 2.87231s
150 0.800347 0.656607 0.011591 2.87021s
151 0.800347 0.757037 0.0072463 2.8744s
152 0.800347 0.776138 0.00481677 2.83001s
153 0.815207 0.78377 0.00322558 2.90864s
154 0.815521 0.785734 0.00274525 2.8186s
155 0.815653 0.78316 0.00418505 2.8309s
156 0.815653 0.771704 0.00967352 2.88454s
157 0.815653 0.772652 0.00901234 2.85497s
158 0.815653 0.794745 0.00444283 2.86171s
159 0.815653 0.78623 0.0064808 2.83722s
160 0.815653 0.795733 0.00399075 2.87894s
161 0.815653 0.679929 0.012969 2.84329s
162 0.815653 0.674718 0.013028 2.8991s
163 0.815653 0.679073 0.0114985 2.84302s
164 0.815653 0.669768 0.0133834 2.86586s
165 0.815653 0.674939 0.012194 2.84814s
166 0.815653 0.677786 0.0109551 2.90456s
167 0.815653 0.669631 0.0125945 2.8792s
168 0.815653 0.679644 0.0109981 2.88792s
169 0.815653 0.661466 0.0137542 2.88825s
170 0.815653 0.677197 0.0110312 2.82412s
171 0.815653 0.772359 0.00798331 2.8465s
172 0.815653 0.792963 0.00508693 2.88277s
173 0.815653 0.772495 0.00893778 2.88457s
174 0.815653 0.790513 0.00587782 2.84229s
175 0.815653 0.785372 0.0069328 2.85816s
176 0.815653 0.772057 0.00957649 2.81219s
177 0.815653 0.777787 0.00874861 2.88275s
178 0.815653 0.79011 0.00571182 2.85689s
179 0.815653 0.774562 0.00855886 2.83097s
180 0.815653 0.781209 0.00756305 2.86618s
181 0.815653 0.674712 0.0133484 2.83122s
182 0.815653 0.675659 0.0119667 2.87293s
183 0.815653 0.674725 0.0129089 2.8469s
184 0.815653 0.672602 0.0129516 2.91933s
185 0.815653 0.681252 0.0113685 2.87507s
186 0.815653 0.673787 0.011388 2.84609s
187 0.815653 0.68178 0.0108211 2.8388s
188 0.815653 0.680119 0.0109273 2.86133s
189 0.815653 0.675373 0.0116648 2.86817s
190 0.815653 0.675946 0.0113123 2.84867s
191 0.815653 0.779307 0.00626962 2.85489s
192 0.815653 0.780334 0.00791916 2.80578s
193 0.815653 0.780747 0.00743019 2.93716s
194 0.815653 0.788589 0.00599614 2.83085s
195 0.815653 0.788537 0.00612859 3.88066s
196 0.815653 0.77123 0.00968409 2.86533s
197 0.815653 0.774931 0.00856033 2.8512s
198 0.815653 0.794617 0.00424685 2.83132s
199 0.815653 0.793453 0.00454168 2.8208s
200 0.815653 0.782799 0.00712924 2.92378s
201 0.815653 0.675815 0.0126991 2.83601s
202 0.815653 0.682569 0.0123578 2.86833s
203 0.815653 0.672752 0.0130172 2.84586s
204 0.815653 0.670143 0.013396 2.90559s
205 0.815653 0.680866 0.0117329 2.87715s
206 0.815653 0.677984 0.012516 2.97516s
207 0.815653 0.663571 0.0138669 3.00558s
208 0.815653 0.67733 0.0110433 2.83802s
209 0.815653 0.672414 0.0110941 2.87078s
210 0.815653 0.675848 0.0109163 2.83019s
211 0.815653 0.777331 0.00699677 2.86472s
212 0.815653 0.778927 0.00760718 2.87594s
213 0.815653 0.780122 0.00760062 2.87947s
214 0.815653 0.790977 0.00530906 2.89151s
215 0.815653 0.780349 0.00816979 2.83608s
216 0.815653 0.79747 0.00399552 2.88464s
217 0.815653 0.793908 0.00490522 2.83003s
218 0.815653 0.791447 0.00512293 2.90944s
219 0.815653 0.807425 0.00166287 2.8423s
220 0.815653 0.78233 0.00694847 2.88849s
221 0.815653 0.668092 0.0154031 2.88453s
222 0.815653 0.674776 0.0128414 2.88578s
223 0.815653 0.673913 0.0125076 2.85238s
224 0.815653 0.669817 0.0129805 2.90477s
225 0.815653 0.671188 0.0129111 2.89778s
226 0.815653 0.678701 0.0113397 2.90165s
227 0.815653 0.667928 0.0124959 2.88963s
228 0.815653 0.664583 0.0132092 2.83529s
229 0.815653 0.672874 0.0115111 2.82464s
230 0.815653 0.677748 0.0105485 2.90046s
231 0.815653 0.760502 0.00968368 2.86708s
232 0.815653 0.804292 0.00239019 2.86738s
233 0.815653 0.7763 0.00875155 2.83701s
234 0.815653 0.792655 0.00500596 2.84745s
235 0.815653 0.780926 0.00788285 2.8617s
236 0.815653 0.783129 0.00758635 2.87539s
237 0.815653 0.793673 0.00499141 2.81263s
238 0.815653 0.779687 0.0077568 2.88198s
239 0.815653 0.801814 0.00334957 2.81051s
240 0.815653 0.780771 0.00747094 2.88499s
241 0.815653 0.672202 0.0145578 2.8934s
242 0.815653 0.687323 0.0108118 2.84118s
243 0.815653 0.673043 0.0126954 2.85317s
244 0.815653 0.66852 0.0126664 2.90656s
245 0.815653 0.661066 0.0133477 2.84318s
246 0.815653 0.659149 0.0136695 2.82761s
247 0.815653 0.673644 0.0113718 2.85314s
248 0.81821 0.677485 0.0113689 2.92618s
249 0.81821 0.683605 0.0105251 2.8523s
250 0.81821 0.676879 0.0106628 2.88671s
251 0.81821 0.773796 0.00767105 2.83995s
252 0.81821 0.768404 0.00972119 2.85033s
253 0.81821 0.772204 0.0105964 2.91819s
254 0.81821 0.778131 0.00858244 2.86616s
255 0.81821 0.758442 0.0120078 2.82935s
256 0.81821 0.78087 0.00855125 2.98279s
257 0.81821 0.789649 0.00674806 2.8793s
258 0.81821 0.777412 0.00870317 2.94081s
259 0.81821 0.774579 0.00935193 2.83995s
260 0.81821 0.793805 0.00515286 2.93503s
261 0.81821 0.68745 0.0126921 2.89921s
262 0.81821 0.68688 0.011585 2.83552s
263 0.81821 0.692706 0.0110866 2.90746s
264 0.81821 0.683459 0.0119062 2.83802s
265 0.81821 0.678497 0.012965 2.91848s
266 0.81821 0.676893 0.0130411 2.88407s
267 0.81821 0.686673 0.0105897 2.91261s
268 0.81821 0.687496 0.0112735 2.84695s
269 0.81821 0.681376 0.0122365 2.86063s
270 0.81821 0.684714 0.0107206 2.94464s
271 0.81821 0.782656 0.00625014 2.89026s
272 0.81821 0.767318 0.0109004 2.8305s
273 0.81821 0.783499 0.00785416 2.89944s
274 0.81821 0.770935 0.010038 2.86816s
275 0.81821 0.792412 0.00591794 2.83675s
276 0.81821 0.783499 0.00787562 2.8654s
277 0.81821 0.787065 0.0067616 2.86561s
278 0.81821 0.783653 0.00734363 2.84368s
279 0.81821 0.777001 0.009149 2.87092s
280 0.81821 0.786143 0.00681842 2.90868s
281 0.81821 0.685722 0.0130613 2.88282s
282 0.81821 0.682917 0.0119707 2.81567s
283 0.81821 0.682937 0.0111831 2.95053s
284 0.81821 0.685855 0.011812 2.88425s
285 0.81821 0.679429 0.0124114 2.82754s
286 0.81821 0.668478 0.0138571 2.8321s
287 0.81821 0.685011 0.010711 2.91535s
288 0.81821 0.691929 0.0097961 2.85684s
289 0.81821 0.690209 0.0106099 2.85591s
290 0.81821 0.676315 0.0120701 2.88885s
291 0.81821 0.775578 0.00714687 2.89406s
292 0.81821 0.782097 0.00786819 2.84512s
293 0.81821 0.782163 0.00782518 2.92042s
294 0.81821 0.767659 0.011003 2.87547s
295 0.81821 0.771655 0.0102138 2.84867s
296 0.81821 0.781577 0.0078895 2.87786s
297 0.81821 0.785596 0.00727406 2.83119s
298 0.81821 0.776814 0.00876453 2.84615s
299 0.81821 0.793044 0.00559331 2.83408s
300 0.81821 0.794298 0.00524722 2.89217s
301 0.81821 0.684426 0.0133184 2.84639s
302 0.81821 0.677705 0.0139081 2.82804s
303 0.81821 0.67974 0.0122609 2.92133s
304 0.81821 0.680604 0.0119565 2.83276s
305 0.81821 0.677272 0.0126669 2.9376s
306 0.81821 0.690499 0.0105126 2.8187s
307 0.81821 0.672266 0.0129321 2.92671s
308 0.81821 0.675411 0.0122293 2.82596s
309 0.81821 0.674529 0.0123695 2.83133s
310 0.81821 0.68192 0.0113484 2.90412s
311 0.81821 0.7515 0.0116513 2.83444s
312 0.81821 0.785689 0.00726115 2.91446s
313 0.81821 0.783353 0.00734735 2.85438s
314 0.81821 0.763981 0.0121751 2.86887s
315 0.81821 0.793498 0.00570385 2.84774s
316 0.81821 0.779145 0.0083836 2.85957s
317 0.81821 0.790441 0.00618806 2.83992s
318 0.81821 0.781468 0.00822307 2.86215s
319 0.81821 0.771432 0.010063 2.88887s
320 0.81821 0.792801 0.00539231 2.83173s
321 0.81821 0.674229 0.014918 2.9019s
322 0.81821 0.678705 0.0132872 2.83988s
323 0.81821 0.669339 0.0146539 2.9053s
324 0.81821 0.675968 0.0120664 2.82071s
325 0.81821 0.687187 0.0109414 2.89514s
326 0.81821 0.674676 0.0126953 2.8213s
327 0.81821 0.684715 0.0114646 2.87089s
328 0.81821 0.688026 0.0104013 2.87603s
329 0.81821 0.676571 0.0119135 2.83864s
330 0.81821 0.673187 0.0125716 2.88929s
331 0.81821 0.784414 0.00598873 2.89984s
332 0.81821 0.771562 0.00987249 2.87061s
333 0.81821 0.78875 0.00620355 2.85536s
334 0.81821 0.780124 0.00869891 2.85605s
335 0.81821 0.78844 0.00705389 2.82804s
336 0.81821 0.80102 0.0036251 2.89121s
337 0.81821 0.782216 0.00787357 2.84774s
338 0.81821 0.78473 0.00711325 2.94015s
339 0.81821 0.795555 0.00529935 2.86799s
340 0.81821 0.775082 0.00966181 2.85106s
341 0.81821 0.682006 0.0138091 2.89723s
342 0.81821 0.689711 0.0115223 2.83202s
343 0.81821 0.687319 0.0121311 2.91283s
344 0.81821 0.676591 0.0126909 2.91654s
345 0.81821 0.67857 0.0124271 2.87733s
346 0.81821 0.692378 0.0101451 2.82187s
347 0.81821 0.682562 0.0119305 2.95095s
348 0.81821 0.67939 0.012755 2.88088s
349 0.81821 0.68723 0.0117347 2.85565s
350 0.81821 0.685362 0.0115064 2.84762s
351 0.81821 0.776971 0.00778141 2.85155s
352 0.81821 0.783241 0.00778299 2.90921s
353 0.81821 0.779127 0.00918049 2.81799s
354 0.81821 0.772985 0.0105758 2.88679s
355 0.81821 0.780544 0.0083321 2.90596s
356 0.81821 0.780891 0.00818092 2.82717s
357 0.81821 0.780922 0.00813257 2.91163s
358 0.81821 0.788749 0.00630204 2.82051s
359 0.81821 0.785563 0.00709234 2.88988s
360 0.81821 0.77568 0.00951857 2.91785s
361 0.81821 0.678868 0.014442 2.88363s
362 0.81821 0.681102 0.012587 2.92981s
363 0.81821 0.674847 0.0134838 2.91862s
364 0.81821 0.684406 0.0121016 2.85135s
365 0.81821 0.681191 0.0116755 2.92541s
366 0.81821 0.674619 0.0123197 2.83631s
367 0.81821 0.678218 0.0117056 2.90099s
368 0.81821 0.6802 0.0111626 2.89534s
369 0.81821 0.687819 0.0101715 2.81784s
370 0.81821 0.683592 0.0109644 2.94146s
371 0.81821 0.762783 0.00958189 2.83503s
372 0.81821 0.787886 0.00719045 2.88277s
373 0.81821 0.803222 0.00329642 2.79777s
374 0.81821 0.783939 0.0071417 2.83753s
375 0.81821 0.788541 0.00660238 2.86275s
376 0.81821 0.785317 0.00747276 2.87152s
377 0.81821 0.793312 0.00550636 2.93276s
378 0.81821 0.79509 0.00510731 2.85328s
379 0.81821 0.793181 0.00512398 2.92226s
380 0.81821 0.780398 0.00812679 2.9124s
381 0.81821 0.685798 0.0129748 2.88986s
382 0.81821 0.679506 0.0129877 2.81208s
383 0.81821 0.683764 0.0123874 2.89855s
384 0.81821 0.683554 0.011935 2.80658s
385 0.81821 0.685181 0.0117148 2.87653s
386 0.81821 0.681878 0.011176 2.90138s
387 0.81821 0.6872 0.0110884 2.8542s
388 0.81821 0.6849 0.0108939 2.87988s
389 0.81821 0.672378 0.0125305 2.84841s
390 0.81821 0.686259 0.0106733 2.84922s
391 0.81821 0.768293 0.00957082 2.89996s
392 0.81821 0.769571 0.0106292 2.81849s
393 0.81821 0.765136 0.0111843 2.8899s
394 0.81821 0.780926 0.00798928 2.91969s
395 0.81821 0.771524 0.0101779 2.86188s
396 0.833705 0.774103 0.00995273 2.82052s
397 0.835062 0.775804 0.00944519 2.89198s
398 0.835062 0.791384 0.00741559 2.83574s
399 0.836 0.794083 0.00832122 2.85079s
400 0.836548 0.767663 0.0151216 2.92493s
401 0.836548 0.683204 0.015937 2.86174s
402 0.836548 0.680345 0.0154445 2.87439s
403 0.836548 0.690812 0.0130189 2.82028s
404 0.836548 0.693548 0.0130359 2.88382s
405 0.836548 0.690143 0.0131731 3.85415s
406 0.836548 0.67771 0.0142261 2.89614s
407 0.836548 0.682946 0.0131956 2.83163s
408 0.836548 0.682517 0.0129793 2.92582s
409 0.836548 0.683945 0.0124875 2.85437s
410 0.836548 0.67244 0.0143128 2.80796s
411 0.836548 0.769252 0.0127626 2.90728s
412 0.836548 0.771735 0.0141252 2.8454s
413 0.836548 0.755762 0.0172097 2.89768s
414 0.836548 0.78174 0.012164 2.84963s
415 0.836548 0.79093 0.0102688 2.89049s
416 0.836548 0.782885 0.0119741 2.82781s
417 0.836548 0.797468 0.00885748 2.82717s
418 0.836548 0.782768 0.0121957 2.85306s
419 0.836548 0.785327 0.0114399 2.90184s
420 0.836548 0.780528 0.0124483 2.92675s
421 0.836548 0.695149 0.0151476 2.82314s
422 0.836548 0.682826 0.015291 2.88735s
423 0.836548 0.686514 0.0136353 2.91549s
424 0.836548 0.691163 0.0125345 2.84906s
425 0.836548 0.688895 0.0131496 2.82879s
426 0.836548 0.692496 0.0123337 2.83435s
427 0.836548 0.686505 0.012316 2.90476s
428 0.836548 0.675719 0.0139473 2.89408s
429 0.836548 0.681355 0.0131623 2.90708s
430 0.836548 0.684005 0.0126441 2.8401s
431 0.836548 0.772126 0.0115709 2.848s
432 0.836548 0.767817 0.0151935 2.81719s
433 0.836548 0.778551 0.013148 2.93777s
434 0.836548 0.794451 0.00982634 2.89123s
435 0.836548 0.77431 0.0139768 2.86493s
436 0.836548 0.798017 0.00881831 2.92698s
437 0.836548 0.784667 0.0118609 2.89056s
438 0.836548 0.796805 0.00956633 2.87475s
439 0.836548 0.788145 0.0109003 2.87137s
440 0.836548 0.786301 0.0117452 2.83655s
441 0.836548 0.687201 0.0152182 2.87287s
442 0.836548 0.681942 0.0142897 2.85127s
443 0.836548 0.686014 0.0137963 2.90139s
444 0.836548 0.685714 0.013532 2.83101s
445 0.836548 0.68579 0.0138513 2.876s
446 0.836548 0.681163 0.0147442 2.89092s
447 0.836548 0.678481 0.0138553 2.85104s
448 0.836548 0.687133 0.0123902 2.92281s
449 0.836548 0.677685 0.0132716 2.84411s
450 0.836548 0.679669 0.0129603 2.89552s
451 0.836548 0.764614 0.0134235 2.91554s
452 0.836548 0.800996 0.00867431 2.9167s
453 0.836548 0.7801 0.0128636 3.49244s
454 0.836548 0.780216 0.0122532 2.87369s
455 0.836548 0.774169 0.0141955 2.83136s
456 0.836548 0.797187 0.00939193 2.86966s
457 0.836548 0.794312 0.00950448 2.81737s
458 0.836548 0.774864 0.013464 2.87627s
459 0.836548 0.800583 0.00848671 2.89175s
460 0.836548 0.789071 0.0112339 2.8471s
461 0.836548 0.691374 0.0147526 2.89707s
462 0.836548 0.692689 0.0140019 2.93144s
463 0.836548 0.683558 0.0140907 2.81725s
464 0.836548 0.694997 0.0117195 2.83587s
465 0.836548 0.677757 0.0151713 2.91994s
466 0.836548 0.676953 0.0135071 2.85033s
467 0.836548 0.677873 0.0144467 2.88514s
468 0.836548 0.686886 0.0122582 2.89191s
469 0.836548 0.686165 0.0127922 2.86975s
470 0.836548 0.682907 0.0132867 2.85448s
471 0.836548 0.770672 0.0114495 2.89161s
472 0.836548 0.781366 0.0125955 2.93001s
473 0.836548 0.783567 0.0124779 2.90487s
474 0.836548 0.777492 0.0130682 2.84354s
475 0.836548 0.773483 0.0135021 2.9158s
476 0.836548 0.782034 0.0121503 2.84492s
477 0.836548 0.778483 0.0129556 2.88574s
478 0.836548 0.793426 0.010009 2.823s
479 0.836548 0.798647 0.00890449 2.88338s
480 0.836548 0.796578 0.00902262 2.83717s
481 0.836548 0.691043 0.0144924 2.89926s
482 0.836548 0.688456 0.0141059 2.91128s
483 0.836548 0.682815 0.0137837 2.8824s
484 0.836548 0.681185 0.0141691 2.90276s
485 0.836548 0.687297 0.0139412 2.89371s
486 0.836548 0.682303 0.0139587 2.81911s
487 0.836548 0.685809 0.0130252 2.86934s
488 0.836548 0.68836 0.0121175 2.83674s
489 0.836548 0.686403 0.0125284 2.90446s
490 0.836548 0.690077 0.0116983 2.83919s
491 0.836548 0.767986 0.0127582 2.91809s
492 0.836548 0.787317 0.0113943 2.84998s
493 0.836548 0.786905 0.0118461 2.875s
494 0.836548 0.798055 0.00892838 2.88187s
495 0.836548 0.776988 0.013298 2.90646s
496 0.836548 0.792154 0.0107519 2.83511s
497 0.836548 0.775598 0.0148008 2.86172s
498 0.836548 0.773122 0.0147715 2.88335s
499 0.836548 0.786493 0.0121877 2.84689s
500 0.836548 0.791199 0.0110449 2.83422s
501 0.836548 0.684484 0.015636 2.89151s
502 0.836548 0.68873 0.0146131 2.83189s
503 0.836548 0.68157 0.0151593 2.90275s
504 0.836548 0.6806 0.014624 2.91384s
505 0.836548 0.677963 0.0145291 2.88396s
506 0.836548 0.681113 0.0145097 2.83335s
507 0.836548 0.682974 0.013491 2.86111s
508 0.836548 0.678434 0.0142154 2.82433s
509 0.836548 0.685799 0.0126429 2.89878s
510 0.836548 0.689609 0.0116891 2.82435s
511 0.836548 0.776147 0.0109543 2.90609s
512 0.836548 0.79534 0.00946622 2.8609s
513 0.836548 0.797085 0.00910038 2.87661s
514 0.836548 0.785963 0.0116627 2.8919s
515 0.836548 0.778841 0.0126326 2.92128s
516 0.836548 0.79179 0.00979785 2.90769s
517 0.836548 0.797813 0.00900716 2.86897s
518 0.836548 0.779953 0.0126443 2.89201s
519 0.836548 0.774788 0.0136421 2.85965s
520 0.836548 0.801945 0.00881893 2.87986s
521 0.836548 0.685065 0.0154355 2.83777s
522 0.836548 0.692469 0.0132097 2.80855s
523 0.836548 0.692688 0.0125237 2.93153s
524 0.836548 0.695625 0.0123422 2.89437s
525 0.836548 0.684008 0.0137786 2.89103s
526 0.836548 0.678409 0.0141026 2.91008s
527 0.836548 0.687526 0.0120927 2.86464s
528 0.836548 0.679571 0.0130638 2.82106s
529 0.836548 0.680512 0.0126347 2.87706s
530 0.836548 0.683718 0.0134462 2.84737s
531 0.836548 0.754463 0.0143302 2.89728s
532 0.836548 0.805911 0.00694471 2.80863s
533 0.836548 0.78776 0.0112876 2.91546s
534 0.836548 0.772274 0.0145519 2.84203s
535 0.836548 0.786177 0.0121576 2.85195s
536 0.836548 0.778528 0.0130911 2.88633s
537 0.836548 0.794151 0.0100494 2.82035s
538 0.836548 0.7953 0.00902264 2.85291s
539 0.836548 0.794368 0.00959103 2.89478s
540 0.836548 0.780098 0.0124949 2.81262s
541 0.836548 0.690707 0.014496 2.8883s
542 0.836548 0.682527 0.015208 2.89441s
543 0.836548 0.68534 0.0154715 2.83763s
544 0.836548 0.68829 0.0133038 2.84225s
545 0.836548 0.684784 0.0141955 2.85569s
546 0.836548 0.68446 0.0134787 2.85634s
547 0.836548 0.692946 0.0113974 2.8445s
548 0.836548 0.685796 0.0127143 2.91198s
549 0.836548 0.689197 0.0123337 2.87876s
550 0.836548 0.680606 0.0129339 2.83331s
551 0.836548 0.756514 0.0144276 2.89283s
552 0.836548 0.775657 0.0134395 2.8422s
553 0.836548 0.785368 0.0115943 2.83618s
554 0.836548 0.777612 0.0129682 2.87163s
555 0.836548 0.790058 0.010868 2.88945s
556 0.836548 0.781728 0.0127565 2.8449s
557 0.836548 0.779916 0.0125724 2.84674s
558 0.836548 0.77897 0.0128693 2.8958s
559 0.836548 0.804574 0.00764253 2.84846s
560 0.836548 0.773407 0.0141257 2.85555s
561 0.836548 0.687918 0.0152594 2.88006s
562 0.836548 0.691925 0.0140462 2.88166s
563 0.836548 0.684757 0.0137646 2.93902s
564 0.836548 0.682237 0.0136608 2.8552s
565 0.836548 0.677583 0.0133958 2.89698s
566 0.836548 0.682257 0.0135258 2.83697s
567 0.836548 0.698179 0.0106083 2.87748s
568 0.836548 0.684217 0.0126936 2.86172s
569 0.836548 0.688579 0.011649 2.83716s
570 0.836548 0.685102 0.0118922 2.90552s
571 0.836548 0.757025 0.0144162 2.90913s
572 0.836548 0.768005 0.0146316 2.88557s
573 0.836548 0.79344 0.00936603 2.83962s
574 0.836548 0.760501 0.0161302 2.8724s
575 0.836548 0.797117 0.00908237 2.88703s
576 0.836548 0.795968 0.00952059 2.84861s
577 0.836548 0.785181 0.0113385 2.86299s
578 0.836548 0.786742 0.0107066 2.88719s
579 0.836548 0.784173 0.0123922 2.88081s
580 0.836548 0.784363 0.0125464 2.90211s
581 0.836548 0.691404 0.014559 2.81066s
582 0.836548 0.688512 0.0143134 2.82004s
583 0.836548 0.683641 0.0145521 2.8931s
584 0.836548 0.690078 0.0131796 2.83833s
585 0.836548 0.674737 0.0159441 2.9009s
586 0.836548 0.690237 0.0122294 2.84343s
587 0.836548 0.688427 0.0124659 2.89611s
588 0.836548 0.675346 0.015526 2.85876s
589 0.836548 0.681511 0.0141962 2.89378s
590 0.836548 0.682502 0.0129322 2.88839s
591 0.836548 0.76438 0.0130625 2.8149s
592 0.836548 0.778687 0.0125236 2.88259s
593 0.836548 0.782129 0.0121682 2.90301s
594 0.836548 0.791319 0.00995137 2.82495s
595 0.836548 0.800726 0.00812119 2.87325s
596 0.836548 0.808386 0.00652107 2.89187s
597 0.836548 0.78574 0.01133 2.8022s
598 0.836548 0.783645 0.0122644 2.89086s
599 0.836548 0.791459 0.0106355 2.82733s
600 0.836548 0.784894 0.0113882 2.83982s
601 0.836548 0.692287 0.0146473 2.83905s
602 0.836548 0.691906 0.0134423 2.85331s
603 0.836548 0.70573 0.0112555 2.92158s
604 0.836548 0.687128 0.0138817 2.89853s
605 0.836548 0.682301 0.0141606 2.82767s
606 0.836548 0.689982 0.0123628 2.9026s
607 0.836548 0.681341 0.0135631 2.87288s
608 0.836548 0.674888 0.0141594 2.81432s
609 0.836548 0.677176 0.0142716 2.87803s
610 0.836548 0.682702 0.0131265 2.81508s
611 0.836548 0.773064 0.012908 2.87141s
612 0.836548 0.8008 0.00842998 2.87104s
613 0.836548 0.766949 0.0150145 2.8242s
614 0.836548 0.774659 0.0131963 2.90461s
615 0.836548 0.802001 0.00809777 3.86177s
616 0.836548 0.792815 0.00988193 2.87998s
617 0.836548 0.780797 0.0128016 2.90211s
618 0.836548 0.781943 0.0123671 2.90277s
619 0.836548 0.781289 0.0128072 2.91667s
620 0.836548 0.777 0.0138055 2.8548s
621 0.836548 0.68962 0.0147003 2.89061s
622 0.836548 0.676435 0.0156617 2.85431s
623 0.836548 0.682541 0.014398 2.90512s
624 0.836548 0.678575 0.0146155 2.81773s
625 0.836548 0.694953 0.0119355 2.90537s
626 0.836548 0.692565 0.0124696 2.88571s
627 0.836548 0.683526 0.0139655 2.90699s
628 0.836548 0.692081 0.0124201 2.82234s
629 0.836548 0.689222 0.0129244 2.84555s
630 0.836548 0.684604 0.0136562 2.84876s
631 0.836548 0.761543 0.0140021 2.8699s
632 0.836548 0.776925 0.0135499 2.89924s
633 0.836548 0.779738 0.0123697 2.87897s
634 0.836548 0.795408 0.00939671 2.86465s
635 0.836548 0.795143 0.00933716 2.92093s
636 0.836548 0.785804 0.0120804 2.81018s
637 0.836548 0.784922 0.0117997 2.79857s
638 0.836548 0.798636 0.00900901 2.81881s
639 0.836548 0.794751 0.00961498 2.91584s
640 0.836548 0.784146 0.0120584 2.84663s
641 0.836548 0.685044 0.015988 2.91725s
642 0.836548 0.695552 0.0129216 2.82919s
643 0.836548 0.686532 0.0149911 2.89072s
644 0.836548 0.691682 0.0127339 2.88873s
645 0.836548 0.680549 0.0141245 2.89028s
646 0.836548 0.68618 0.0135223 2.90498s
647 0.836548 0.689916 0.0133518 2.87358s
648 0.836548 0.687667 0.0126978 2.92986s
649 0.836548 0.690255 0.0122581 2.86463s
650 0.836548 0.68784 0.0128737 2.84936s
651 0.836548 0.797505 0.00743556 2.84582s
652 0.836548 0.797428 0.00962496 2.90636s
653 0.836548 0.787153 0.0111901 2.86952s
654 0.836548 0.788656 0.0113454 2.9188s
655 0.836548 0.79762 0.00891667 2.84976s
656 0.836548 0.789186 0.0106113 2.93069s
657 0.836548 0.796187 0.00938403 2.90527s
658 0.836548 0.78226 0.0124654 2.8777s
659 0.836548 0.799697 0.00837792 2.83452s
660 0.836548 0.793543 0.00998271 2.86771s
661 0.836548 0.697668 0.0138993 2.85406s
662 0.836548 0.685086 0.0150484 2.87424s
663 0.836548 0.686682 0.0138318 2.87485s
664 0.836548 0.685807 0.0130673 2.84841s
665 0.836548 0.681318 0.0147274 2.86768s
666 0.836548 0.679913 0.0146342 2.94493s
667 0.836548 0.689734 0.0120616 2.83689s
668 0.836548 0.686438 0.0124771 2.85082s
669 0.836548 0.688159 0.0132594 2.90822s
670 0.836548 0.68011 0.0133302 2.84134s
671 0.836548 0.763353 0.0140039 2.82848s
672 0.836548 0.771117 0.0142829 2.89887s
673 0.836548 0.796087 0.00895512 2.92304s
674 0.836548 0.785442 0.0119044 2.89682s
675 0.836548 0.782461 0.0125156 2.83602s
676 0.836548 0.807007 0.0068834 2.90538s
677 0.836548 0.791148 0.0106433 2.82062s
678 0.836548 0.766538 0.015904 2.89268s
679 0.836548 0.794338 0.00994845 2.80017s
680 0.836548 0.794009 0.00953049 2.87277s
681 0.836548 0.689459 0.0148783 2.86962s
682 0.836548 0.682506 0.0149018 2.82232s
683 0.836548 0.689153 0.0131883 2.85174s
684 0.836548 0.685122 0.0145936 2.87867s
685 0.836548 0.678071 0.0145291 2.87904s
686 0.836548 0.682086 0.0129055 2.85776s
687 0.836548 0.682126 0.0134174 2.82479s
688 0.836548 0.682615 0.0141031 2.81884s
689 0.836548 0.681977 0.0130705 2.91523s
690 0.836548 0.68296 0.0126897 2.9117s
691 0.836548 0.757296 0.014469 2.84133s
692 0.836548 0.776604 0.0134668 2.87034s
693 0.836548 0.795239 0.00968557 2.85379s
694 0.836548 0.782537 0.0122437 2.88814s
695 0.836548 0.789541 0.0109496 2.9223s
696 0.836548 0.781796 0.0122436 2.85726s
697 0.836548 0.804337 0.0079211 3.01238s
698 0.836548 0.796244 0.00923492 2.9063s
699 0.836548 0.776315 0.0139651 2.83054s
700 0.836548 0.808209 0.00662503 2.88995s
701 0.836548 0.691088 0.0146471 2.86583s
702 0.836548 0.689502 0.0143473 2.86847s
703 0.836548 0.69457 0.013218 2.86432s
704 0.836548 0.690539 0.0131438 2.8769s
705 0.836548 0.692174 0.0133694 2.82095s
706 0.836548 0.685146 0.0128508 2.90985s
707 0.836548 0.687063 0.0127389 2.84725s
708 0.836548 0.672985 0.0146485 2.87675s
709 0.836548 0.682195 0.0131786 2.83084s
710 0.836548 0.671899 0.0140123 2.87484s
711 0.836548 0.770779 0.012961 2.8916s
712 0.836548 0.756906 0.0172447 2.89731s
713 0.836548 0.785017 0.0110664 2.82403s
714 0.836548 0.767514 0.0154625 2.92301s
715 0.836548 0.776229 0.0136255 2.83599s
716 0.836548 0.791406 0.00985574 2.89609s
717 0.836548 0.803831 0.0073047 2.81917s
718 0.836548 0.786473 0.0117663 2.84558s
719 0.836548 0.777441 0.0136002 2.87333s
720 0.836548 0.809674 0.00659546 2.90132s
721 0.836548 0.684248 0.0167412 2.8571s
722 0.836548 0.690365 0.013475 2.8681s
723 0.836548 0.692048 0.0128366 2.84853s
724 0.836548 0.682715 0.0138993 2.89705s
725 0.836548 0.695137 0.0113717 2.83275s
726 0.836548 0.690274 0.0130107 2.84383s
727 0.836548 0.695789 0.0115505 2.88856s
728 0.836548 0.692102 0.0123003 2.92707s
729 0.836548 0.693078 0.0119972 2.85239s
730 0.836548 0.680173 0.0135756 2.82341s
731 0.836548 0.77378 0.011875 2.86451s
732 0.836548 0.775951 0.0131878 2.87229s
733 0.836548 0.795608 0.00888466 2.84725s
734 0.836548 0.770353 0.0153751 2.84931s
735 0.836548 0.781326 0.0126008 2.80981s
736 0.836548 0.791523 0.0109237 2.87467s
737 0.836548 0.772771 0.0144987 2.83506s
738 0.836548 0.781487 0.0127967 2.91968s
739 0.836548 0.776593 0.0138929 2.8984s
740 0.836548 0.77606 0.0129643 2.86477s
741 0.836548 0.678814 0.0161406 2.88277s
742 0.836548 0.678333 0.0157075 2.83842s
743 0.836548 0.695168 0.0132077 2.8476s
744 0.836548 0.684604 0.0140746 2.90339s
745 0.836548 0.682196 0.0138871 2.86027s
746 0.836548 0.692487 0.0114038 2.91707s
747 0.836548 0.685584 0.013012 2.877s
748 0.836548 0.680733 0.0136805 2.81279s
749 0.836548 0.693772 0.0109657 2.91584s
750 0.836548 0.680002 0.0130653 2.89595s
751 0.836548 0.775743 0.0109188 2.83407s
752 0.836548 0.790481 0.0108937 2.84855s
753 0.836548 0.778173 0.0125337 2.82319s
754 0.836548 0.756468 0.0165835 2.86581s
755 0.836548 0.781843 0.0124092 2.92836s
756 0.836548 0.788575 0.0107395 2.876s
757 0.836548 0.788856 0.0114024 2.84976s
758 0.836548 0.782714 0.0120485 2.88689s
759 0.836548 0.800437 0.00875846 2.91515s
760 0.836548 0.781653 0.0121586 2.85522s
761 0.836548 0.68263 0.0160514 2.90338s
762 0.836548 0.685223 0.0154581 2.85515s
763 0.836548 0.681583 0.0147665 2.90215s
764 0.836548 0.697506 0.0111442 2.9448s
765 0.836548 0.69253 0.0116761 2.88508s
766 0.836548 0.68465 0.0130732 2.86758s
767 0.836548 0.686307 0.011646 2.84748s
768 0.836548 0.68799 0.0119489 2.87449s
769 0.836548 0.673126 0.0142657 2.8245s
770 0.836548 0.684686 0.0124967 2.90288s
771 0.836548 0.766301 0.0136038 2.88243s
772 0.836548 0.757978 0.0163732 2.84389s
773 0.836548 0.789088 0.0107253 2.8655s
774 0.836548 0.777378 0.0128787 2.81447s
775 0.836548 0.789576 0.0104806 2.81271s
776 0.836548 0.794143 0.00904432 2.88879s
777 0.836548 0.801936 0.00757115 2.83555s
778 0.836548 0.768599 0.0152512 2.82834s
779 0.836548 0.790424 0.0107421 2.9133s
780 0.836548 0.794373 0.00921609 2.89414s
781 0.836548 0.694014 0.0136231 2.87046s
782 0.836548 0.682275 0.0143221 2.87688s
783 0.836548 0.690395 0.0132621 2.84097s
784 0.836548 0.686288 0.0136494 2.85199s
785 0.836548 0.684597 0.0137077 2.87261s
786 0.836548 0.67805 0.0140742 2.8283s
787 0.836548 0.689117 0.0131394 2.90423s
788 0.836548 0.683263 0.0134857 2.84411s
789 0.836548 0.677954 0.0136116 2.86887s
790 0.836548 0.68028 0.0136448 2.87607s
791 0.836548 0.755833 0.0152812 2.88357s
792 0.836548 0.793517 0.010366 2.90111s
793 0.836548 0.805118 0.00699725 2.88407s
794 0.836548 0.784755 0.0121701 2.89489s
795 0.836548 0.781141 0.013017 2.81825s
796 0.836548 0.798639 0.00877714 2.83204s
797 0.836548 0.775653 0.0136058 2.81755s
798 0.836548 0.79544 0.00960145 2.93673s
799 0.836548 0.81552 0.00492573 2.84538s
800 0.836548 0.757856 0.017111 2.82282s
801 0.836548 0.67832 0.016806 2.91789s
802 0.836548 0.68987 0.0131313 2.91973s
803 0.836548 0.676624 0.0144566 2.8503s
804 0.836548 0.681164 0.0147344 2.83825s
805 0.836548 0.683292 0.0139062 2.84313s
806 0.836548 0.683877 0.0140155 2.85155s
807 0.836548 0.677318 0.0135205 2.8624s
808 0.836548 0.688092 0.0123925 2.83731s
809 0.836548 0.68246 0.0125069 2.88784s
810 0.836548 0.675336 0.0136109 2.83723s
811 0.836548 0.752602 0.0149657 2.86038s
812 0.836548 0.789717 0.0110515 2.8283s
813 0.836548 0.790514 0.0110272 2.85186s
814 0.836548 0.772999 0.0139966 2.89636s
815 0.836548 0.775694 0.0139924 2.87476s
816 0.836548 0.786803 0.0121371 2.82116s
817 0.836548 0.791323 0.0101397 2.83757s
818 0.836548 0.796622 0.00865412 2.87228s
819 0.836548 0.796236 0.00921774 2.88427s
820 0.836548 0.789023 0.0110598 2.88742s
821 0.836548 0.692556 0.0147225 2.85838s
822 0.836548 0.6903 0.0141475 2.88787s
823 0.836548 0.683529 0.0145168 2.91097s
824 0.836548 0.699739 0.0118025 2.83813s
825 0.836548 0.691823 0.0122163 2.84548s
826 0.836548 0.691551 0.0127872 3.87294s
827 0.836548 0.685453 0.0136788 2.90782s
828 0.836548 0.685069 0.0136359 2.86316s
829 0.836548 0.681743 0.0134406 2.86952s
830 0.836548 0.674926 0.0135179 2.89038s
831 0.836548 0.776161 0.0108888 2.87472s
832 0.836548 0.774577 0.0135957 2.84786s
833 0.836548 0.791748 0.0108006 2.88222s
834 0.836548 0.781231 0.0119315 2.84375s
835 0.836548 0.778251 0.0139281 2.90899s
836 0.836548 0.778802 0.0129446 2.80081s
837 0.836548 0.770287 0.0140878 2.84302s
838 0.836548 0.800194 0.00898361 2.87004s
839 0.836548 0.790941 0.00998889 2.87929s
840 0.836548 0.786432 0.0115482 2.85574s
841 0.836548 0.679757 0.0171115 2.84294s
842 0.836548 0.684987 0.0147396 2.83568s
843 0.836548 0.68626 0.0137368 2.8459s
844 0.836548 0.67803 0.0144492 2.87381s
845 0.836548 0.688641 0.0124823 2.83524s
846 0.836548 0.687421 0.0128597 2.88522s
847 0.836548 0.68295 0.0134406 2.83234s
848 0.836548 0.683273 0.0125631 2.86206s
849 0.836548 0.68601 0.0128227 2.90857s
850 0.836548 0.678181 0.0138336 2.86702s
851 0.836548 0.788963 0.009681 2.91824s
852 0.836548 0.777831 0.0130086 2.8417s
853 0.836548 0.792217 0.00960305 2.89579s
854 0.836548 0.806427 0.00648885 2.91597s
855 0.836548 0.785309 0.0118573 2.83094s
856 0.836548 0.775039 0.0131779 2.88276s
857 0.836548 0.779111 0.012884 2.85053s
858 0.836548 0.766178 0.0150092 2.90087s
859 0.836548 0.806423 0.00714458 2.90779s
860 0.836548 0.793652 0.00998746 2.86723s
861 0.836548 0.691125 0.0146553 2.87295s
862 0.836548 0.681584 0.0142339 2.82866s
863 0.836548 0.689082 0.0133795 2.88108s
864 0.836548 0.687809 0.0132411 2.84876s
865 0.836548 0.691215 0.0121187 2.83365s
866 0.836548 0.689808 0.0125002 2.86865s
867 0.836548 0.693958 0.0120924 2.87836s
868 0.836548 0.689753 0.0124115 2.869s
869 0.836548 0.685218 0.0130149 2.84906s
870 0.836548 0.681945 0.0134692 2.83412s
871 0.836548 0.767934 0.0132943 2.924s
872 0.836548 0.79931 0.00820611 2.8253s
873 0.836548 0.778463 0.0130716 2.84782s
874 0.836548 0.795575 0.00915854 2.85973s
875 0.836548 0.790208 0.0109696 2.90502s
876 0.836548 0.786451 0.0110346 2.86856s
877 0.836548 0.77417 0.0140585 2.88797s
878 0.836548 0.785701 0.0110512 2.89553s
879 0.836548 0.78832 0.0110508 2.84495s
880 0.836548 0.79368 0.00989893 2.90422s
881 0.836548 0.687894 0.0154712 2.85652s
882 0.836548 0.697058 0.0139479 2.86761s
883 0.836548 0.693755 0.0130309 2.9138s
884 0.836548 0.685197 0.0138316 2.90107s
885 0.836548 0.689003 0.0131091 2.8442s
886 0.836548 0.690242 0.0120788 2.87724s
887 0.836548 0.674693 0.0146863 2.88382s
888 0.836548 0.681865 0.0141123 2.89519s
889 0.836548 0.675152 0.0145054 2.84082s
890 0.836548 0.685105 0.0135738 2.92959s
891 0.836548 0.75213 0.0160606 2.88509s
892 0.836548 0.79696 0.00915225 2.86947s
893 0.836548 0.785121 0.0113997 2.90589s
894 0.836548 0.780147 0.0122891 2.86325s
895 0.836548 0.773953 0.013541 2.86813s
896 0.836548 0.773283 0.0134519 2.82234s
897 0.836713 0.785459 0.0117662 2.87617s
898 0.837601 0.789663 0.0110949 2.91269s
899 0.837601 0.797143 0.00927288 2.86256s
900 0.837601 0.793421 0.0100362 2.91823s
901 0.837601 0.695315 0.014296 2.90717s
902 0.837601 0.693866 0.0134369 2.82212s
903 0.837601 0.689954 0.0134434 2.9169s
904 0.837601 0.689032 0.0139542 2.89434s
905 0.837601 0.680682 0.0140994 2.91834s
906 0.837601 0.698898 0.0120538 2.8117s
907 0.837601 0.701562 0.0112267 2.8692s
908 0.837601 0.693399 0.0122534 2.89509s
909 0.837601 0.673374 0.013704 2.87562s
910 0.837601 0.68437 0.0124248 2.91238s
911 0.837601 0.778235 0.0112932 2.85032s
912 0.837601 0.796299 0.00902093 2.92195s
913 0.837601 0.790167 0.0110356 2.84903s
914 0.837601 0.786373 0.0115142 2.84011s
915 0.837601 0.787579 0.0110373 2.91865s
916 0.837601 0.805816 0.0074952 2.88253s
917 0.837601 0.801291 0.00880799 2.84383s
918 0.837601 0.799365 0.008745 2.89219s
919 0.837601 0.794153 0.0105483 2.81721s
920 0.837601 0.808789 0.00722597 2.92666s
921 0.837601 0.685655 0.0169416 2.8416s
922 0.837601 0.685886 0.0152147 2.87629s
923 0.837601 0.691857 0.0138329 2.83505s
924 0.837601 0.68432 0.0143886 2.92111s
925 0.837601 0.694023 0.0128485 2.85589s
926 0.837601 0.685571 0.0137721 2.83299s
927 0.837601 0.685124 0.0144647 2.89604s
928 0.837601 0.677864 0.0137668 2.83867s
929 0.837601 0.682179 0.0131675 2.86059s
930 0.837601 0.68075 0.0132538 2.84327s
931 0.837601 0.789585 0.00953957 2.81527s
932 0.837601 0.816519 0.0052599 2.88209s
933 0.837601 0.793202 0.00976761 2.8318s
934 0.837601 0.80186 0.00846151 2.89824s
935 0.837601 0.792639 0.010208 2.80938s
936 0.837601 0.814023 0.00558323 2.92121s
937 0.837601 0.809179 0.00690661 2.81969s
938 0.837601 0.816131 0.00536807 2.88849s
939 0.837601 0.797528 0.0098233 2.85053s
940 0.837601 0.810046 0.00666893 2.82209s
941 0.837601 0.693062 0.0149517 2.8288s
942 0.837601 0.693823 0.0137614 2.90695s
943 0.837601 0.683226 0.0158223 2.87683s
944 0.837601 0.69338 0.0126896 2.89266s
945 0.837601 0.68845 0.013499 2.86466s
946 0.837601 0.687737 0.0137183 2.85596s
947 0.837601 0.690761 0.0126917 2.90874s
948 0.837601 0.688788 0.0119638 2.82695s
949 0.837601 0.689129 0.0126856 2.89033s
950 0.837601 0.685448 0.0129665 2.86996s
951 0.837601 0.794802 0.00818876 2.87088s
952 0.837601 0.806012 0.00747071 2.84416s
953 0.837601 0.826099 0.00295 2.88199s
954 0.837601 0.824249 0.00319425 2.85593s
955 0.837601 0.811005 0.0065984 2.87581s
956 0.837601 0.810963 0.00607547 2.86312s
957 0.837601 0.796074 0.00969891 2.89316s
958 0.837601 0.795367 0.00993071 2.87078s
959 0.837601 0.80461 0.00823444 2.98299s
960 0.837601 0.801646 0.00851171 2.89562s
961 0.837601 0.683924 0.0163208 2.93516s
962 0.837601 0.687377 0.0145205 2.83076s
963 0.837601 0.699051 0.0115949 2.85259s
964 0.837601 0.676453 0.0151943 2.91388s
965 0.837601 0.684671 0.013674 2.8503s
966 0.837601 0.682679 0.0127889 2.82985s
967 0.837601 0.680242 0.0148333 2.87054s
968 0.837601 0.691631 0.0122971 2.83683s
969 0.837601 0.695402 0.0116614 2.89581s
970 0.837601 0.6866 0.0125605 2.878s
971 0.837601 0.814257 0.00371758 2.88116s
972 0.837601 0.810233 0.00692827 2.85007s
973 0.837601 0.813917 0.00560309 2.88964s
974 0.837601 0.810496 0.0064935 2.8336s
975 0.837601 0.813597 0.00594643 2.87883s
976 0.837601 0.827428 0.00225911 2.8941s
977 0.837601 0.796604 0.00954475 2.85545s
978 0.837601 0.806413 0.00762079 2.91408s
979 0.837601 0.822521 0.00311152 2.84623s
980 0.837601 0.809023 0.00679997 2.86903s
981 0.837601 0.694657 0.0151026 2.86787s
982 0.837601 0.687456 0.0148758 2.81644s
983 0.837601 0.680252 0.0154921 2.81316s
984 0.837601 0.68945 0.0134332 2.89214s
985 0.837601 0.687654 0.01433 2.84612s
986 0.837601 0.693877 0.0131722 2.90471s
987 0.837601 0.679066 0.0143089 2.89008s
988 0.837601 0.68178 0.0134994 2.83633s
989 0.837601 0.683853 0.012749 2.91676s
990 0.837601 0.687018 0.0131419 2.83018s
991 0.837601 0.748552 0.0169889 2.83345s
992 0.837601 0.803332 0.00840814 2.89424s
993 0.837601 0.80929 0.00651954 2.84995s
994 0.837601 0.800485 0.00830516 2.89102s
995 0.837601 0.802676 0.00806593 2.86753s
996 0.837601 0.802537 0.00852438 2.88594s
997 0.837601 0.809629 0.00659329 2.82462s
998 0.837601 0.820308 0.00407604 2.89131s
999 0.837601 0.807557 0.00712489 2.88294s
1000 0.837601 0.799379 0.00916249 3.0118s
1001 0.837601 0.686955 0.0159102 2.84975s
1002 0.837601 0.683398 0.0147602 2.87431s
1003 0.837601 0.689346 0.0139667 2.89561s
1004 0.837601 0.691715 0.013447 2.86819s
1005 0.837601 0.685689 0.0142724 2.86159s
1006 0.837601 0.690916 0.0129861 2.86818s
1007 0.837601 0.694815 0.012213 2.93111s
1008 0.837601 0.674294 0.0146038 2.87635s
1009 0.837601 0.687784 0.0125452 2.90804s
1010 0.837601 0.682416 0.0130749 2.87748s
1011 0.837601 0.793142 0.00802563 2.89205s
1012 0.837601 0.797244 0.00913399 2.85559s
1013 0.837601 0.805421 0.00747918 2.88303s
1014 0.837601 0.803922 0.00755557 2.85576s
1015 0.837601 0.806203 0.00711531 2.8369s
1016 0.837601 0.800422 0.00877291 2.92754s
1017 0.837601 0.826477 0.00265763 2.84246s
1018 0.837601 0.819605 0.00417127 2.89282s
1019 0.837601 0.800081 0.00894977 2.89945s
1020 0.837601 0.807565 0.00699096 2.84851s
1021 0.837601 0.697097 0.0148238 2.89174s
1022 0.837601 0.687109 0.014411 2.83949s
1023 0.837601 0.687471 0.0146582 2.86612s
1024 0.837601 0.692994 0.0131418 2.8459s
1025 0.837601 0.690831 0.0137733 2.84283s
1026 0.837601 0.695687 0.0129429 2.87266s
1027 0.837601 0.683061 0.0137366 2.8991s
1028 0.837601 0.688085 0.0139464 2.85532s
1029 0.837601 0.685403 0.0139426 2.83949s
1030 0.837601 0.685983 0.0130828 2.87152s
1031 0.837601 0.778412 0.011789 2.90017s
1032 0.837601 0.80418 0.00774694 2.87074s
1033 0.837601 0.800289 0.00817782 2.85901s
1034 0.837601 0.809458 0.00672596 2.91621s
1035 0.837601 0.790223 0.0110481 2.90081s
1036 0.837601 0.793374 0.0102525 3.92014s
1037 0.837601 0.778269 0.0133706 2.87851s
1038 0.837601 0.806658 0.00745724 2.82937s
1039 0.837601 0.794968 0.00983075 2.88075s
1040 0.837601 0.808017 0.0065959 2.85445s
1041 0.837601 0.68352 0.0160277 2.87941s
1042 0.837601 0.686862 0.0137122 2.81988s
1043 0.837601 0.687913 0.0142921 3.03694s
1044 0.837601 0.687977 0.0149574 2.84187s
1045 0.837601 0.693313 0.0131125 2.89323s
1046 0.837601 0.684871 0.0134462 2.88833s
1047 0.837601 0.686077 0.0135975 2.88925s
1048 0.837601 0.681572 0.014734 2.88009s
1049 0.837601 0.687879 0.0123199 2.8426s
1050 0.837601 0.686661 0.0131009 2.89071s
1051 0.837601 0.789378 0.00931722 2.83229s
1052 0.837601 0.784623 0.0123208 2.88912s
1053 0.837601 0.766298 0.0153723 2.89341s
1054 0.837601 0.809797 0.00675787 2.82355s
1055 0.837601 0.790727 0.0110975 2.87397s
1056 0.837601 0.815101 0.00541973 2.83462s
1057 0.837601 0.789134 0.0114279 2.89327s
1058 0.837601 0.795007 0.00948329 2.86455s
1059 0.837601 0.798611 0.00994061 2.88378s
1060 0.837601 0.789144 0.0115722 2.82557s
1061 0.837601 0.689334 0.0153344 2.86848s
1062 0.837601 0.696799 0.0126131 2.86717s
1063 0.837601 0.687582 0.014169 2.8363s
1064 0.837601 0.676877 0.0149086 2.89155s
1065 0.837601 0.684924 0.0134047 2.84928s
1066 0.837601 0.681733 0.0132021 2.92684s
1067 0.837601 0.678891 0.013768 2.88926s
1068 0.837601 0.678721 0.014201 2.86147s
1069 0.837601 0.68727 0.012374 2.89391s
1070 0.837601 0.689321 0.013085 2.91425s
1071 0.837601 0.797361 0.00752894 2.80901s
1072 0.837601 0.801515 0.00861803 2.80484s
1073 0.837601 0.792696 0.00983201 2.89952s
1074 0.837601 0.80447 0.00757102 2.82791s
1075 0.837601 0.790663 0.010569 2.85817s
1076 0.837601 0.801636 0.00846118 2.88212s
1077 0.837601 0.797196 0.00989437 2.87236s
1078 0.837601 0.787778 0.0115749 2.82656s
1079 0.837601 0.808055 0.00736598 2.89545s
1080 0.837601 0.806344 0.00733195 2.8374s
1081 0.837601 0.697107 0.0143 2.8961s
1082 0.837601 0.680922 0.0162172 2.82419s
1083 0.837601 0.689059 0.01436 2.91047s
1084 0.837601 0.692911 0.012861 2.85265s
1085 0.837601 0.684584 0.0144759 2.87612s
1086 0.837601 0.689225 0.0131217 2.88549s
1087 0.837601 0.699359 0.0119258 2.88919s
1088 0.837601 0.684808 0.0136466 2.94682s
1089 0.837601 0.675608 0.0145233 2.88025s
1090 0.837601 0.688591 0.012474 2.89029s
1091 0.837601 0.790942 0.00924838 2.85653s
1092 0.837601 0.803081 0.00785409 2.89082s
1093 0.837601 0.800726 0.00854592 2.90177s
1094 0.837601 0.788418 0.0113382 2.88877s
1095 0.837601 0.795411 0.00965579 2.82681s
1096 0.837601 0.808113 0.00745187 2.88934s
1097 0.837601 0.812741 0.00576847 2.85981s
1098 0.837601 0.796662 0.00979726 2.87923s
1099 0.837601 0.769283 0.0155662 2.84137s
1100 0.837601 0.803499 0.00805635 2.848s
1101 0.837601 0.695443 0.01347 2.83245s
1102 0.837601 0.69307 0.0139501 2.87418s
1103 0.837601 0.68774 0.014983 2.87055s
1104 0.837601 0.690983 0.0136445 2.90716s
1105 0.837601 0.686917 0.0136339 2.90034s
1106 0.837601 0.683978 0.0125343 2.89789s
1107 0.837601 0.679171 0.0142174 2.94838s
1108 0.837601 0.689084 0.0133232 2.83705s
1109 0.837601 0.691032 0.0130247 2.89256s
1110 0.837601 0.692368 0.0116257 2.8383s
1111 0.837601 0.773697 0.0119767 2.8817s
1112 0.837601 0.791947 0.010458 2.90263s
1113 0.837601 0.790901 0.0109897 2.87449s
1114 0.837601 0.799588 0.00876346 2.91828s
1115 0.837601 0.789859 0.0106641 2.85571s
1116 0.837601 0.8096 0.0060084 2.8822s
1117 0.837601 0.809114 0.00673723 2.86385s
1118 0.837601 0.79458 0.0101375 2.86521s
1119 0.837601 0.793127 0.0107068 2.84736s
1120 0.837601 0.800509 0.00898762 2.92092s
1121 0.837601 0.690625 0.0152767 2.81301s
1122 0.837601 0.683518 0.015036 2.92689s
1123 0.837601 0.686573 0.0146501 2.8188s
1124 0.837601 0.68571 0.0148358 2.87986s
1125 0.837601 0.682625 0.0138453 2.88562s
1126 0.837601 0.680229 0.0144276 2.88933s
1127 0.837601 0.683997 0.0132381 2.89839s
1128 0.837601 0.686885 0.0132836 2.86012s
1129 0.837601 0.686916 0.0122063 2.898s
1130 0.837601 0.682886 0.0133758 2.81611s
1131 0.837601 0.777886 0.0116372 2.90278s
1132 0.837601 0.822776 0.00307444 2.80912s
1133 0.837601 0.804162 0.00814008 2.80425s
1134 0.837601 0.809824 0.00651591 2.92863s
1135 0.837601 0.791903 0.0105396 2.94754s
1136 0.837601 0.806929 0.00745319 2.83759s
1137 0.837601 0.802135 0.00799079 2.8541s
1138 0.837601 0.807833 0.00697762 2.87933s
1139 0.837601 0.804125 0.00841413 2.88953s
1140 0.837601 0.81242 0.00622849 2.87597s
1141 0.837601 0.698321 0.0137757 2.90922s
1142 0.837601 0.685728 0.0147991 2.85062s
1143 0.837601 0.689535 0.0134159 2.92079s
1144 0.837601 0.683235 0.0143398 2.82533s
1145 0.837601 0.675993 0.0152966 2.84873s
1146 0.837601 0.681105 0.0143602 2.90398s
1147 0.837601 0.687774 0.0131125 2.86236s
1148 0.837601 0.686009 0.0129806 2.83516s
1149 0.837601 0.682813 0.0139795 2.87373s
1150 0.837601 0.684123 0.0130469 2.88746s
1151 0.837601 0.792398 0.00870863 2.84453s
1152 0.837601 0.798128 0.0091622 2.88815s
1153 0.837601 0.79974 0.00937985 2.94763s
1154 0.837601 0.811298 0.00635743 2.83436s
1155 0.837601 0.796985 0.00924255 2.83591s
1156 0.837601 0.805071 0.00709952 2.83641s
1157 0.837601 0.81482 0.0053649 2.89024s
1158 0.837601 0.821415 0.00391352 2.84687s
1159 0.837601 0.809298 0.00629678 2.89984s
1160 0.837601 0.803986 0.00827639 2.93745s
1161 0.837601 0.698166 0.0147184 2.90016s
1162 0.837601 0.686929 0.0142529 2.89792s
1163 0.837601 0.687001 0.0142681 2.88664s
1164 0.837601 0.691853 0.0137492 2.89781s
1165 0.837601 0.684306 0.0143554 2.81835s
1166 0.837601 0.687 0.0142796 2.91085s
1167 0.837601 0.68337 0.0144966 2.84642s
1168 0.837601 0.679217 0.0148116 2.88721s
1169 0.837601 0.704282 0.0107998 2.8277s
1170 0.837601 0.683699 0.0135313 2.82588s
1171 0.837601 0.79963 0.0071607 2.81549s
1172 0.837601 0.807363 0.00725366 2.89716s
1173 0.837601 0.813858 0.00520759 2.8436s
1174 0.837601 0.816196 0.00537223 2.83874s
1175 0.837601 0.806982 0.00710555 2.93373s
1176 0.837601 0.803055 0.00853409 2.86075s
1177 0.837601 0.799298 0.0097828 2.87694s
1178 0.837601 0.804935 0.00709875 2.95769s
1179 0.837601 0.812641 0.00603036 2.83488s
1180 0.837601 0.815258 0.00521231 2.81945s
1181 0.837601 0.691802 0.0150888 2.89078s
1182 0.837601 0.691182 0.0144742 2.82305s
1183 0.837601 0.687403 0.0146004 2.88919s
1184 0.837601 0.689442 0.0143472 2.92402s
1185 0.837601 0.698476 0.0126799 2.86204s
1186 0.837601 0.696759 0.0130141 2.85288s
1187 0.837601 0.688325 0.0143887 2.89256s
1188 0.837601 0.692044 0.0127983 2.92121s
1189 0.837601 0.683932 0.0132013 2.8619s
1190 0.837601 0.68742 0.0132758 2.89217s
1191 0.837601 0.791953 0.00858642 2.87684s
1192 0.837601 0.799375 0.0092909 2.86318s
1193 0.837601 0.80745 0.0075136 2.92532s
1194 0.837601 0.810024 0.00661731 2.84081s
1195 0.837601 0.806592 0.00725597 2.84659s
1196 0.837601 0.812207 0.00566702 2.87648s
1197 0.837601 0.809711 0.00674392 2.88211s
1198 0.837601 0.810537 0.00624738 2.88003s
1199 0.837601 0.812027 0.00640478 2.81372s
1200 0.837601 0.81321 0.00613321 2.84853s
1201 0.837601 0.698048 0.0146701 2.88336s
1202 0.837601 0.6868 0.0145227 2.84309s
1203 0.837601 0.693495 0.0131826 2.899s
1204 0.837601 0.688031 0.0138784 2.83759s
1205 0.837601 0.679056 0.0155805 2.87992s
1206 0.837601 0.680813 0.0135519 2.81534s
1207 0.837601 0.682963 0.0133053 2.91536s
1208 0.837601 0.686861 0.0128473 2.82477s
1209 0.837601 0.691459 0.0125252 2.89993s
1210 0.837601 0.677763 0.0144431 2.87966s
1211 0.837601 0.784958 0.0102249 2.83376s
1212 0.837601 0.795708 0.00975751 2.89614s
1213 0.837601 0.787331 0.0111569 2.82082s
1214 0.837601 0.806126 0.00746598 2.86556s
1215 0.837601 0.791721 0.0106974 2.79974s
1216 0.837601 0.7896 0.011202 2.89747s
1217 0.837601 0.797018 0.00961729 2.87055s
1218 0.837601 0.803273 0.00816072 2.89804s
1219 0.837601 0.80516 0.00801605 2.90795s
1220 0.837601 0.790007 0.0114837 2.85242s
1221 0.837601 0.690182 0.0153451 2.85523s
1222 0.837601 0.685619 0.0146985 2.85677s
1223 0.837601 0.688233 0.0145656 2.88799s
1224 0.837601 0.684325 0.0144676 2.9002s
1225 0.837601 0.685313 0.0139452 2.81644s
1226 0.837601 0.69003 0.0125489 2.85351s
1227 0.837601 0.68136 0.0134856 2.82226s
1228 0.837601 0.689692 0.0125792 2.90694s
1229 0.837601 0.683503 0.0127848 2.92208s
1230 0.837601 0.675219 0.0137764 2.8716s
1231 0.837601 0.778507 0.0108033 2.8482s
1232 0.837601 0.793757 0.00992654 2.83402s
1233 0.837601 0.796104 0.0100649 2.90146s
1234 0.837601 0.811166 0.00608404 2.92316s
1235 0.837601 0.794825 0.0101205 2.82733s
1236 0.837601 0.784176 0.0115193 2.82694s
1237 0.837601 0.784906 0.0122839 2.88469s
1238 0.837601 0.796627 0.00982713 2.81146s
1239 0.837601 0.794599 0.0107481 2.89287s
1240 0.837601 0.806885 0.00725266 2.83066s
1241 0.837601 0.682507 0.015935 2.91139s
1242 0.837601 0.691532 0.0124236 2.86959s
1243 0.837601 0.684291 0.0135514 2.82456s
1244 0.837601 0.693609 0.0119576 2.89957s
1245 0.837601 0.682589 0.013427 2.87455s
1246 0.837601 0.687156 0.0131385 3.89741s
1247 0.837601 0.685542 0.01313 2.87647s
1248 0.837601 0.681367 0.0137221 2.88781s
1249 0.837601 0.689894 0.012064 2.84652s
1250 0.837601 0.684844 0.0139539 2.88501s
1251 0.837601 0.803874 0.0058024 2.90191s
1252 0.837601 0.791749 0.011665 2.8581s
1253 0.837601 0.783665 0.0127289 2.87477s
1254 0.837601 0.800574 0.00892436 2.83201s
1255 0.837601 0.809335 0.00677382 2.88143s
1256 0.837601 0.787482 0.0109749 2.82354s
1257 0.837601 0.792732 0.0102258 2.8794s
1258 0.837601 0.792877 0.0101969 2.84749s
1259 0.837601 0.788697 0.0113452 2.89177s
1260 0.837601 0.784092 0.0120599 2.85227s
1261 0.83782 0.6957 0.014721 2.85234s
1262 0.83782 0.691825 0.0148282 2.85728s
1263 0.83782 0.688468 0.014117 2.80736s
1264 0.83782 0.69035 0.0140274 2.88185s
1265 0.83782 0.691346 0.0143186 2.81529s
1266 0.83782 0.68332 0.0131006 2.89616s
1267 0.83782 0.682869 0.0142201 2.84085s
1268 0.83782 0.695791 0.0121404 2.87982s
1269 0.83782 0.680455 0.0143869 2.87137s
1270 0.83782 0.690203 0.0126488 2.82253s
1271 0.83782 0.801515 0.00689865 2.8226s
1272 0.83782 0.813961 0.00554228 2.87036s
1273 0.83782 0.795619 0.0104829 2.90023s
1274 0.83782 0.802833 0.00880616 2.81664s
1275 0.83782 0.802452 0.00866821 2.902s
1276 0.83782 0.80493 0.00748808 2.82135s
1277 0.83782 0.809438 0.00642069 2.86132s
1278 0.83782 0.805963 0.00764197 2.86498s
1279 0.83782 0.815371 0.00554112 2.84997s
1280 0.83782 0.794488 0.00975952 2.92518s
1281 0.83782 0.694334 0.0146453 2.82496s
1282 0.83782 0.69562 0.0138548 2.85238s
1283 0.83782 0.68923 0.0143063 2.8697s
1284 0.83782 0.688119 0.0140393 2.87717s
1285 0.83782 0.691998 0.012467 2.86044s
1286 0.83782 0.693114 0.0116825 2.86062s
1287 0.83782 0.687145 0.0128575 2.84887s
1288 0.83782 0.68178 0.0142808 2.88854s
1289 0.83782 0.690421 0.0124987 2.89556s
1290 0.83782 0.683924 0.0129362 2.83972s
1291 0.83782 0.782962 0.010455 2.89536s
1292 0.83782 0.795507 0.010025 2.87563s
1293 0.83782 0.802872 0.00783717 2.83343s
1294 0.83782 0.800107 0.00855263 2.86184s
1295 0.83782 0.812089 0.00617154 2.8251s
1296 0.83782 0.81109 0.00612746 2.9114s
1297 0.83782 0.808708 0.00650962 2.86602s
1298 0.83782 0.822996 0.0035989 2.82784s
1299 0.83782 0.802354 0.00862453 2.8529s
1300 0.83782 0.808817 0.00694085 2.87276s
1301 0.83782 0.692773 0.014328 2.84169s
1302 0.837903 0.696723 0.0133454 2.91476s
1303 0.837903 0.685317 0.0139527 2.89319s
1304 0.837903 0.688718 0.0127201 2.8629s
1305 0.837903 0.69237 0.0126009 2.84026s
1306 0.837903 0.691308 0.0128621 2.84933s
1307 0.837903 0.679577 0.013945 2.9301s
1308 0.837903 0.688234 0.0131325 2.87059s
1309 0.837903 0.679376 0.0148764 2.83486s
1310 0.837903 0.680199 0.0127493 2.81946s
1311 0.837903 0.796425 0.00769481 2.84434s
1312 0.837903 0.801465 0.0085071 2.83723s
1313 0.837903 0.794551 0.00989861 2.90298s
1314 0.837903 0.809327 0.00678444 2.84181s
1315 0.837903 0.822899 0.00361772 2.82646s
1316 0.837903 0.806385 0.00759025 2.90192s
1317 0.837903 0.81097 0.00641078 2.85747s
1318 0.837903 0.822545 0.00345848 2.82776s
1319 0.837903 0.811218 0.00597399 2.90773s
1320 0.837903 0.813379 0.00552046 2.88053s
1321 0.837903 0.70292 0.013462 2.80723s
1322 0.837903 0.684772 0.0143339 2.93671s
1323 0.837903 0.690028 0.0139223 2.85107s
1324 0.837903 0.691643 0.0127228 2.83953s
1325 0.837903 0.686896 0.013451 2.83397s
1326 0.837903 0.67599 0.0140515 2.87052s
1327 0.837903 0.685683 0.0134217 2.82396s
1328 0.837903 0.680151 0.013203 2.85451s
1329 0.837903 0.690605 0.0120163 2.83866s
1330 0.837903 0.688294 0.0122007 2.8848s
1331 0.837903 0.811474 0.0039777 2.9169s
1332 0.837903 0.804409 0.00780257 2.83143s
1333 0.837903 0.815137 0.00557135 2.84248s
1334 0.837903 0.807648 0.00759385 2.91782s
1335 0.837903 0.803544 0.00774908 2.84633s
1336 0.837903 0.823862 0.00320046 2.85056s
1337 0.837903 0.816858 0.00467994 2.91661s
1338 0.837903 0.791951 0.0100981 2.88513s
1339 0.837903 0.822181 0.00393351 2.87226s
1340 0.837903 0.822662 0.0035196 2.89617s
1341 0.837903 0.683333 0.0159943 2.89968s
1342 0.837903 0.682767 0.0144034 2.88174s
1343 0.837903 0.681111 0.0143131 2.81456s
1344 0.837903 0.695212 0.0120536 2.91366s
1345 0.837903 0.69445 0.0116895 3.00681s
1346 0.837903 0.685592 0.0135539 2.87371s
1347 0.837903 0.68355 0.0136611 2.83946s
1348 0.837903 0.679534 0.0141851 2.88057s
1349 0.837903 0.69158 0.0128241 2.83114s
1350 0.837903 0.686048 0.0133092 2.85812s
1351 0.837903 0.777475 0.0115761 2.88837s
1352 0.837903 0.80985 0.00688054 2.84584s
1353 0.837903 0.803147 0.00814464 2.88278s
1354 0.837903 0.805162 0.00750582 2.83061s
1355 0.837903 0.809641 0.0069236 2.921s
1356 0.837903 0.802958 0.00801815 2.84633s
1357 0.837903 0.797626 0.00906203 2.93253s
1358 0.837903 0.816864 0.00488606 2.89554s
1359 0.837903 0.831598 0.00137756 2.83656s
1360 0.837903 0.812319 0.00619467 2.85173s
1361 0.837903 0.687602 0.0152618 2.9081s
1362 0.837903 0.691845 0.0140685 2.8283s
1363 0.837903 0.683988 0.0145054 2.88288s
1364 0.837903 0.677546 0.0150062 2.86858s
1365 0.837903 0.68774 0.0131821 2.87932s
1366 0.837903 0.685359 0.0130926 2.82194s
1367 0.837903 0.679817 0.0145868 2.85105s
1368 0.837903 0.694589 0.011157 2.8762s
1369 0.837903 0.684565 0.0126399 2.82284s
1370 0.837903 0.676453 0.0139025 2.94548s
1371 0.837903 0.79968 0.00675664 2.84666s
1372 0.837903 0.818407 0.00464856 2.81168s
1373 0.837903 0.830661 0.00151821 2.883s
1374 0.837903 0.808112 0.00738637 2.81568s
1375 0.837903 0.803955 0.00795519 2.90097s
1376 0.837903 0.800478 0.00855302 2.82659s
1377 0.837903 0.814342 0.00579765 2.83132s
1378 0.837903 0.820747 0.00431229 2.84208s
1379 0.837903 0.827951 0.00245792 2.8423s
1380 0.837903 0.800563 0.008989 2.87491s
1381 0.837903 0.690915 0.0150885 2.86284s
1382 0.837903 0.685623 0.0159662 2.9205s
1383 0.837903 0.691526 0.013317 2.86229s
1384 0.837903 0.680945 0.0154619 2.82848s
1385 0.837903 0.685286 0.0139493 2.91561s
1386 0.837903 0.687315 0.0141454 2.85616s
1387 0.837903 0.679031 0.0148014 2.86784s
1388 0.837903 0.684009 0.0123796 2.83271s
1389 0.837903 0.691335 0.011337 2.87628s
1390 0.837903 0.681328 0.0129044 2.88867s
1391 0.837903 0.80561 0.00570939 2.92184s
1392 0.837903 0.811078 0.00704864 2.83981s
1393 0.837903 0.801398 0.00854191 2.90349s
1394 0.837903 0.822019 0.0035004 2.82385s
1395 0.837903 0.818518 0.0046765 2.90731s
1396 0.837903 0.816164 0.00525334 2.813s
1397 0.837903 0.796821 0.0101726 2.92496s
1398 0.837903 0.815321 0.0056482 2.89987s
1399 0.837903 0.800263 0.00882124 2.89279s
1400 0.837903 0.819983 0.00433466 2.84762s
1401 0.837903 0.697105 0.0145848 2.84337s
1402 0.837903 0.68009 0.015921 2.86964s
1403 0.837903 0.686348 0.0133743 2.83508s
1404 0.837903 0.686217 0.0137735 2.87368s
1405 0.837903 0.684227 0.0131828 2.84171s
1406 0.837903 0.689088 0.0130261 2.88082s
1407 0.837903 0.68648 0.0132322 2.89506s
1408 0.837903 0.677761 0.0142734 2.99384s
1409 0.837903 0.686763 0.0125166 2.96253s
1410 0.837903 0.686803 0.0134675 2.96057s
1411 0.837903 0.803627 0.00608382 2.96171s
1412 0.837903 0.807171 0.00757457 2.87687s
1413 0.837903 0.823093 0.00384553 2.85227s
1414 0.837903 0.819923 0.00381524 2.87216s
1415 0.837903 0.805102 0.00776259 2.87775s
1416 0.837903 0.806775 0.00723103 2.8475s
1417 0.837903 0.816236 0.00467635 2.83876s
1418 0.837903 0.81259 0.00610189 2.88195s
1419 0.837903 0.816195 0.0051633 2.84781s
1420 0.837903 0.822669 0.00378961 2.87508s
1421 0.837903 0.69793 0.0138833 2.88593s
1422 0.837903 0.689803 0.0147507 2.81472s
1423 0.837903 0.686336 0.0141176 2.89273s
1424 0.837903 0.683352 0.0138891 2.89571s
1425 0.837903 0.68533 0.0143773 2.92366s
1426 0.837903 0.684607 0.013197 2.83631s
1427 0.837903 0.694087 0.01202 2.8454s
1428 0.837903 0.68954 0.012347 2.89841s
1429 0.837903 0.685874 0.013407 2.83053s
1430 0.837903 0.682148 0.0134948 2.83455s
1431 0.837903 0.811961 0.00482292 2.90637s
1432 0.837903 0.825714 0.003008 2.86517s
1433 0.837903 0.802842 0.00883777 2.84811s
1434 0.837903 0.801828 0.00901232 2.88723s
1435 0.837903 0.80997 0.00673247 2.88606s
1436 0.837903 0.813863 0.00564606 2.82871s
1437 0.837903 0.8196 0.00430845 2.8373s
1438 0.837903 0.819392 0.00465662 2.87893s
1439 0.837903 0.824204 0.00329746 2.87114s
1440 0.837903 0.811449 0.00617203 2.95085s
1441 0.837903 0.692695 0.0143297 2.84865s
1442 0.837903 0.679301 0.0152628 2.89708s
1443 0.837903 0.678228 0.0153078 2.85993s
1444 0.837903 0.680563 0.0144687 2.88083s
1445 0.837903 0.684537 0.0140471 2.82874s
1446 0.837903 0.681093 0.0141836 2.87022s
1447 0.837903 0.689313 0.012707 2.85697s
1448 0.837903 0.688837 0.0129662 2.85432s
1449 0.837903 0.690121 0.0127528 2.87833s
1450 0.837903 0.693515 0.0117896 2.98761s
1451 0.837903 0.800248 0.00680693 2.83456s
1452 0.837903 0.796658 0.00983418 2.87007s
1453 0.837903 0.80779 0.00764924 2.89583s
1454 0.837903 0.817299 0.00508052 2.81708s
1455 0.837903 0.80616 0.00760032 2.85401s
1456 0.837903 0.808103 0.00689484 2.88025s
1457 0.837903 0.800701 0.00946184 3.91403s
1458 0.837903 0.811389 0.00647825 2.85918s
1459 0.837903 0.817966 0.00471051 2.8462s
1460 0.837903 0.820393 0.00432375 2.90996s
1461 0.837903 0.692416 0.0150548 2.84632s
1462 0.837903 0.680091 0.0153558 2.87465s
1463 0.837903 0.687187 0.0146932 2.89939s
1464 0.837903 0.691001 0.012475 2.90134s
1465 0.837903 0.682964 0.0130049 2.90931s
1466 0.837903 0.682447 0.0136681 2.92676s
1467 0.837903 0.673121 0.014511 2.92914s
1468 0.837903 0.681719 0.0135089 2.86726s
1469 0.837903 0.688592 0.0127859 2.86435s
1470 0.837903 0.674117 0.0141377 2.85739s
1471 0.837903 0.802965 0.00604495 2.84053s
1472 0.837903 0.812944 0.00551325 2.8889s
1473 0.837903 0.814276 0.00570039 2.87837s
1474 0.837903 0.815711 0.00541006 2.84895s
1475 0.837903 0.819362 0.00467625 2.82478s
1476 0.837903 0.814969 0.00520283 2.90974s
1477 0.837903 0.823853 0.00321495 2.89797s
1478 0.837903 0.814876 0.00588767 2.86514s
1479 0.837903 0.798622 0.00938437 2.8514s
1480 0.837903 0.79788 0.00861832 2.86385s
1481 0.837903 0.691065 0.0152882 2.89261s
1482 0.837903 0.694865 0.0133472 2.91828s
1483 0.837903 0.691319 0.013437 2.8179s
1484 0.837903 0.678214 0.0151213 2.89593s
1485 0.837903 0.683509 0.0142854 2.88732s
1486 0.837903 0.687255 0.0129709 2.83372s
1487 0.837903 0.684292 0.0126415 2.85032s
1488 0.837903 0.685894 0.0130848 2.82996s
1489 0.837903 0.681859 0.0136984 2.84729s
1490 0.837903 0.676228 0.014509 2.91127s
1491 0.837903 0.802819 0.00611831 2.84865s
1492 0.837903 0.818454 0.00451163 2.8199s
1493 0.837903 0.82629 0.00266394 2.91411s
1494 0.837903 0.825369 0.0028268 2.85508s
1495 0.837903 0.824757 0.00303054 2.82526s
1496 0.837903 0.800809 0.00902005 2.90722s
1497 0.837903 0.816597 0.00512993 2.86884s
1498 0.837903 0.817852 0.00474647 2.86492s
1499 0.837903 0.832134 0.00132272 2.91576s
1500 0.837903 0.810011 0.00654337 2.89895s
