0 0.607092 0.50018 0.000575983 0s
1 0.618281 0.52886 0.000737928 2.96064s
2 0.645115 0.55533 0.00100057 2.84714s
3 0.647534 0.57146 0.00121469 2.9063s
4 0.659484 0.579561 0.00157987 2.90401s
5 0.688024 0.589831 0.0016383 2.87204s
6 0.707447 0.590578 0.0020341 2.92582s
7 0.719114 0.604623 0.00185699 2.89946s
8 0.719114 0.611915 0.00266419 2.9653s
9 0.719114 0.615898 0.00371153 2.98681s
10 0.750008 0.635453 0.0034899 2.87292s
11 0.804344 0.641882 0.00543198 2.88611s
12 0.804344 0.685438 0.0036041 2.8226s
13 0.804344 0.702463 0.00553349 2.79956s
14 0.804932 0.724522 0.0060124 2.85727s
15 0.804932 0.723569 0.00985413 2.83844s
16 0.804932 0.734076 0.0115641 2.82417s
17 0.804932 0.755827 0.00851538 2.77961s
18 0.804932 0.746491 0.0105731 2.80201s
19 0.804932 0.737002 0.0118902 2.81937s
20 0.804932 0.756285 0.00924271 2.84344s
21 0.804932 0.679411 0.00984953 2.84903s
22 0.804932 0.679833 0.0096657 2.86495s
23 0.804932 0.67639 0.00945851 2.90311s
24 0.804932 0.676644 0.00884017 2.8729s
25 0.804932 0.681984 0.00788075 2.81579s
26 0.804932 0.681386 0.00797775 2.79286s
27 0.804932 0.6745 0.00817386 2.86201s
28 0.804932 0.669853 0.00860408 2.86003s
29 0.804932 0.674195 0.00775166 2.80222s
30 0.804932 0.670488 0.00860583 3.80607s
31 0.804932 0.741919 0.00887784 2.83955s
32 0.804932 0.767556 0.0071201 2.84345s
33 0.804932 0.765072 0.00697535 2.79554s
34 0.804932 0.760491 0.00773558 2.86398s
35 0.804932 0.763283 0.00710781 2.84504s
36 0.804932 0.758548 0.00838957 2.7823s
37 0.804932 0.759784 0.00823146 2.87065s
38 0.804932 0.755585 0.00861925 2.84938s
39 0.804932 0.767363 0.00661982 2.81555s
40 0.804932 0.765075 0.00684156 2.82157s
41 0.804932 0.683573 0.00959269 2.79713s
42 0.804932 0.679476 0.00947227 2.89188s
43 0.804932 0.673955 0.00946903 2.80216s
44 0.804932 0.680606 0.00905584 2.78732s
45 0.804932 0.679944 0.00779228 2.89129s
46 0.804932 0.671978 0.00871802 2.78637s
47 0.804932 0.676806 0.00800383 2.87276s
48 0.804932 0.669313 0.00894746 2.84712s
49 0.806478 0.676275 0.00807948 2.85028s
50 0.806478 0.6678 0.00969864 2.87068s
51 0.806478 0.76323 0.00638639 2.84908s
52 0.806478 0.777852 0.00524279 2.80928s
53 0.806478 0.77523 0.00598987 2.85314s
54 0.806478 0.775878 0.00614996 2.80736s
55 0.806478 0.769507 0.00633106 2.86831s
56 0.806478 0.7801 0.00508352 2.80402s
57 0.806478 0.771235 0.00650749 2.78982s
58 0.806478 0.776214 0.00600013 2.80077s
59 0.806478 0.792064 0.00274416 2.85792s
60 0.806478 0.769351 0.0066927 2.78348s
61 0.806478 0.684845 0.00944591 2.86871s
62 0.806478 0.677327 0.0091132 2.81464s
63 0.806478 0.677743 0.00967945 2.86681s
64 0.806478 0.677905 0.00928328 2.87946s
65 0.806478 0.676911 0.00895056 2.82646s
66 0.806478 0.676296 0.00933157 2.82624s
67 0.806484 0.674548 0.00925536 2.8586s
68 0.806484 0.683516 0.00741886 2.84355s
69 0.806484 0.678243 0.00784806 2.7883s
70 0.806484 0.677607 0.00804036 2.85973s
71 0.806602 0.775715 0.00442519 2.88086s
72 0.806602 0.78971 0.00312999 2.78704s
73 0.806602 0.76723 0.0073895 2.80088s
74 0.806602 0.773339 0.00621208 2.80284s
75 0.809041 0.764177 0.00786171 2.83955s
76 0.809049 0.782659 0.00421491 2.7924s
77 0.809049 0.793432 0.00216669 2.80753s
78 0.809049 0.79064 0.00315044 2.83895s
79 0.809049 0.78547 0.00470068 2.81835s
80 0.809049 0.784596 0.00457522 2.78636s
81 0.809049 0.682163 0.0104405 2.84527s
82 0.809049 0.681726 0.00940022 2.83811s
83 0.809049 0.679946 0.00905594 2.77255s
84 0.809049 0.67439 0.00912936 2.81155s
85 0.809049 0.67336 0.00938668 2.90587s
86 0.809049 0.683425 0.00803874 2.83178s
87 0.809049 0.685456 0.00709155 2.8772s
88 0.809049 0.6729 0.0093489 2.82921s
89 0.809049 0.675111 0.00853713 2.80896s
90 0.809049 0.67814 0.008212 2.79657s
91 0.809049 0.775128 0.00458338 2.84623s
92 0.809049 0.778754 0.00588826 2.84636s
93 0.809049 0.794378 0.00265379 2.80087s
94 0.809049 0.78353 0.00500466 2.87429s
95 0.809049 0.796541 0.00218596 2.80115s
96 0.809049 0.791875 0.00347831 2.8555s
97 0.809049 0.793792 0.00279067 2.83426s
98 0.809049 0.790832 0.00321097 2.77993s
99 0.809049 0.785816 0.00419932 2.85486s
100 0.809049 0.801378 0.00136663 2.7846s
101 0.809049 0.680857 0.0104881 2.86294s
102 0.809049 0.678677 0.0105765 2.80876s
103 0.809049 0.682022 0.00905257 2.88461s
104 0.809049 0.685623 0.00856114 2.79501s
105 0.809049 0.675942 0.00972238 2.8408s
106 0.809049 0.677087 0.00918543 2.85223s
107 0.809049 0.68086 0.00886291 2.79089s
108 0.809049 0.675593 0.00852665 2.80571s
109 0.809049 0.679849 0.00771165 2.89349s
110 0.809049 0.679938 0.00768933 2.84137s
111 0.809172 0.782078 0.0034362 2.85081s
112 0.809172 0.787732 0.00428625 2.77394s
113 0.809172 0.790535 0.00351593 2.8631s
114 0.809172 0.77175 0.00724503 2.83999s
115 0.809172 0.766355 0.00824246 2.86369s
116 0.809172 0.787058 0.00413618 2.8574s
117 0.809172 0.773038 0.00652692 2.83245s
118 0.809172 0.778458 0.00559421 2.86697s
119 0.809172 0.76645 0.00807311 2.77354s
120 0.809172 0.781709 0.00520343 2.78798s
121 0.809172 0.688597 0.00930878 2.81555s
122 0.809172 0.67442 0.0107154 2.8864s
123 0.809172 0.672152 0.0105459 2.82859s
124 0.809172 0.674948 0.00918548 2.78632s
125 0.809172 0.675302 0.00953698 2.82702s
126 0.809172 0.667419 0.0101804 2.86739s
127 0.809172 0.673757 0.00904956 2.79982s
128 0.809172 0.674634 0.00842229 2.82009s
129 0.809172 0.673732 0.00861883 2.84234s
130 0.810776 0.677707 0.00796676 2.82507s
131 0.810881 0.787075 0.00256122 2.7859s
132 0.810881 0.772131 0.00576161 2.8251s
133 0.810881 0.775202 0.00644764 2.79114s
134 0.810881 0.793411 0.00287453 2.87065s
135 0.810881 0.788862 0.00404469 2.78896s
136 0.810881 0.782394 0.00523367 2.83207s
137 0.810881 0.795446 0.00281647 2.84081s
138 0.810881 0.791566 0.00304821 2.79003s
139 0.810881 0.777905 0.00683604 2.87303s
140 0.810881 0.801384 0.00155058 2.79001s
141 0.810881 0.690949 0.00949035 2.83342s
142 0.810881 0.686616 0.00979192 2.80043s
143 0.810881 0.687654 0.0096599 3.53075s
144 0.810881 0.684999 0.00925053 2.86266s
145 0.810881 0.692952 0.00776089 2.80335s
146 0.810881 0.682832 0.00919257 2.81277s
147 0.810881 0.68967 0.00803074 2.8686s
148 0.810881 0.684451 0.00797019 2.79889s
149 0.810881 0.688093 0.00748397 2.83972s
150 0.810881 0.680349 0.00891156 2.86943s
151 0.810881 0.777775 0.0050321 2.82372s
152 0.810881 0.792334 0.0031391 2.81813s
153 0.810881 0.795955 0.00262194 2.79212s
154 0.810881 0.796097 0.0025015 2.8283s
155 0.810881 0.796012 0.00261859 2.79016s
156 0.810881 0.803826 0.00119369 2.85286s
157 0.810881 0.789607 0.00396039 2.7684s
158 0.810881 0.788514 0.0041017 2.79665s
159 0.810881 0.780985 0.00591143 2.86638s
160 0.810881 0.785962 0.00439743 2.79806s
161 0.810881 0.695607 0.00867538 2.83437s
162 0.810881 0.671249 0.012417 2.83828s
163 0.810881 0.691915 0.00831952 2.77972s
164 0.810881 0.683452 0.00961854 2.87961s
165 0.810881 0.678619 0.00961877 2.88042s
166 0.810881 0.686885 0.0082192 2.82786s
167 0.810881 0.676813 0.00950386 2.81949s
168 0.810881 0.686701 0.00799449 2.82789s
169 0.810881 0.69043 0.00765117 2.82911s
170 0.810881 0.686505 0.00818294 2.87869s
171 0.810881 0.778034 0.00463633 2.80714s
172 0.810881 0.79002 0.00385775 2.78505s
173 0.810881 0.794003 0.0028709 2.79726s
174 0.810881 0.790566 0.00367388 2.84532s
175 0.810881 0.783 0.00510543 2.81147s
176 0.810881 0.780164 0.00599598 2.85583s
177 0.823887 0.778136 0.00624562 2.82587s
178 0.841527 0.793032 0.00340317 2.80368s
179 0.84558 0.794999 0.00376289 2.8291s
180 0.846108 0.798665 0.00675891 2.86907s
181 0.846108 0.692867 0.0136491 2.81654s
182 0.846108 0.695325 0.011988 2.79583s
183 0.846108 0.688632 0.013342 2.8847s
184 0.846108 0.696285 0.0116401 2.79917s
185 0.846108 0.687319 0.0124916 2.81587s
186 0.846108 0.692454 0.0107749 2.87116s
187 0.846108 0.682947 0.0124536 2.87414s
188 0.846108 0.6812 0.0123641 2.80172s
189 0.846108 0.686856 0.0118679 2.81644s
190 0.846108 0.683352 0.011368 2.77895s
191 0.846108 0.772198 0.0121213 2.76392s
192 0.846108 0.778806 0.0136777 2.76338s
193 0.846686 0.788557 0.0122037 2.82158s
194 0.846686 0.770214 0.01515 2.81521s
195 0.846686 0.780629 0.0143779 2.80004s
196 0.846686 0.785517 0.0134841 2.76792s
197 0.846686 0.765802 0.0158259 2.89796s
198 0.846686 0.787103 0.0129711 2.82677s
199 0.846686 0.806796 0.00863246 2.80922s
200 0.846686 0.789028 0.0123382 2.87875s
201 0.846686 0.694424 0.0137854 2.82831s
202 0.846686 0.693273 0.0125901 2.78338s
203 0.846686 0.694621 0.0113661 2.84088s
204 0.846686 0.69581 0.0113351 2.80506s
205 0.846686 0.692996 0.0112113 2.82941s
206 0.846686 0.693275 0.0107111 2.79122s
207 0.846686 0.68816 0.0106821 2.86476s
208 0.846686 0.686287 0.0111415 2.85066s
209 0.846686 0.687108 0.0106479 2.84076s
210 0.846686 0.682409 0.0115588 2.86574s
211 0.846686 0.748661 0.0157687 2.81995s
212 0.846686 0.791114 0.0108718 2.86518s
213 0.846686 0.792407 0.0115997 2.78811s
214 0.846686 0.784889 0.0136775 2.85511s
215 0.846686 0.780156 0.0139351 2.78s
216 0.846686 0.807731 0.00820178 2.86294s
217 0.846686 0.814924 0.00695163 2.81981s
218 0.846686 0.803446 0.00945175 2.80814s
219 0.846686 0.781303 0.0131401 2.81207s
220 0.846686 0.786908 0.0132228 2.79261s
221 0.846686 0.698828 0.0130906 2.8423s
222 0.846686 0.69445 0.0127848 2.80158s
223 0.846686 0.691644 0.0126844 2.81204s
224 0.846686 0.683608 0.012948 2.89398s
225 0.846686 0.688745 0.0122844 2.8208s
226 0.846686 0.682679 0.0122212 2.93853s
227 0.846686 0.687403 0.0119672 2.80676s
228 0.846686 0.685992 0.0120576 2.78368s
229 0.846686 0.693084 0.010707 2.89244s
230 0.846686 0.683792 0.01213 2.81426s
231 0.846686 0.765846 0.0131053 2.88353s
232 0.846686 0.784773 0.0123266 2.83499s
233 0.846686 0.7904 0.0110411 2.78054s
234 0.846686 0.801913 0.00986222 2.82928s
235 0.846686 0.77894 0.0146989 2.80341s
236 0.846686 0.799033 0.0105118 2.79128s
237 0.846686 0.794269 0.0109608 2.7968s
238 0.846686 0.780756 0.0137523 2.85946s
239 0.846686 0.804371 0.0096267 2.83929s
240 0.846686 0.795546 0.0106442 2.86157s
241 0.846686 0.698098 0.013098 2.78773s
242 0.846686 0.691483 0.0124997 2.89083s
243 0.846686 0.693105 0.0112012 2.81217s
244 0.846686 0.693827 0.0108005 3.7735s
245 0.846686 0.692734 0.0108141 2.83828s
246 0.846686 0.695049 0.0102558 2.81382s
247 0.846686 0.679297 0.0121183 2.89171s
248 0.846686 0.678464 0.0118345 2.87494s
249 0.846686 0.681777 0.0111713 2.77996s
250 0.846686 0.67859 0.0112961 2.90808s
251 0.846686 0.779154 0.0105581 2.82326s
252 0.846686 0.786062 0.0126731 2.80493s
253 0.846686 0.780932 0.0135678 2.79973s
254 0.846686 0.810939 0.00717052 2.8529s
255 0.846686 0.796259 0.0103384 2.84955s
256 0.846686 0.791866 0.0113577 2.79864s
257 0.846686 0.815052 0.00663877 2.83406s
258 0.846686 0.795582 0.0102661 2.77838s
259 0.846686 0.811755 0.00738029 2.88211s
260 0.846686 0.804853 0.00899344 2.80955s
261 0.846686 0.703189 0.0122998 2.7945s
262 0.846686 0.697326 0.0127937 2.90788s
263 0.846686 0.697078 0.0118559 2.84091s
264 0.846686 0.689978 0.0124032 2.86001s
265 0.846686 0.68727 0.0119247 2.85254s
266 0.846686 0.696296 0.0104564 2.77707s
267 0.846686 0.685804 0.0123278 2.79192s
268 0.846686 0.680884 0.0122991 2.86876s
269 0.846686 0.683948 0.0114228 2.80706s
270 0.846686 0.692388 0.00957061 2.84496s
271 0.846686 0.779445 0.0118487 2.82308s
272 0.846686 0.789798 0.0112981 2.79187s
273 0.846686 0.777879 0.0146513 2.86365s
274 0.846686 0.794511 0.0112889 2.83428s
275 0.846686 0.780531 0.0135246 2.79324s
276 0.846686 0.79314 0.0117057 2.86797s
277 0.846686 0.783945 0.0136719 2.79496s
278 0.846686 0.782532 0.0135224 2.83926s
279 0.846686 0.798642 0.0100675 2.79295s
280 0.846686 0.790972 0.0111045 2.85523s
281 0.846686 0.697339 0.0138061 2.84408s
282 0.846686 0.690456 0.013545 2.84599s
283 0.846686 0.689764 0.0131629 2.81729s
284 0.846686 0.692916 0.0111779 2.84517s
285 0.846686 0.684402 0.0115783 2.83955s
286 0.846686 0.685625 0.0113106 2.78543s
287 0.846686 0.68712 0.0107233 2.94759s
288 0.846686 0.684325 0.0113061 2.80229s
289 0.846686 0.690164 0.0107823 2.80233s
290 0.846686 0.674269 0.0126276 2.98539s
291 0.846686 0.759733 0.0133622 2.88232s
292 0.846686 0.789158 0.012774 2.78692s
293 0.846686 0.787894 0.0118673 2.8946s
294 0.846686 0.776345 0.0145644 2.83725s
295 0.846686 0.794614 0.0105722 2.88875s
296 0.846686 0.79012 0.0118252 2.87605s
297 0.846686 0.808947 0.00854892 2.78331s
298 0.846686 0.803346 0.0089107 2.87115s
299 0.846686 0.785432 0.0126766 2.7831s
300 0.846686 0.806908 0.00864356 2.85149s
301 0.846686 0.708665 0.0116093 2.85358s
302 0.846686 0.692837 0.013321 2.82854s
303 0.846686 0.692852 0.0121386 2.78543s
304 0.846686 0.69283 0.0114254 2.88047s
305 0.846686 0.69011 0.011101 2.7901s
306 0.846686 0.683917 0.0118797 2.8589s
307 0.846686 0.692334 0.0103061 2.83668s
308 0.846686 0.689573 0.00963336 2.84892s
309 0.846686 0.684437 0.0110526 2.81756s
310 0.846686 0.685105 0.0106466 2.79699s
311 0.846686 0.770784 0.0121026 2.88131s
312 0.846686 0.788765 0.0118288 2.84673s
313 0.846686 0.797625 0.010995 2.81574s
314 0.846686 0.787809 0.0115324 2.78079s
315 0.846686 0.783968 0.0128147 2.82986s
316 0.846686 0.785328 0.0122518 2.84529s
317 0.846686 0.792284 0.0113754 2.87671s
318 0.846686 0.800114 0.0101803 2.83038s
319 0.846686 0.782701 0.0135196 2.87614s
320 0.846686 0.800134 0.0100419 2.86653s
321 0.846686 0.70277 0.0129785 2.79446s
322 0.846686 0.692096 0.0130067 2.80697s
323 0.846686 0.69712 0.0103088 2.78151s
324 0.846686 0.692147 0.0107585 2.86127s
325 0.846686 0.684375 0.0116685 2.82217s
326 0.846686 0.684469 0.0112046 2.83561s
327 0.846686 0.682055 0.0118416 2.88336s
328 0.846686 0.683204 0.0119944 2.82998s
329 0.846686 0.683378 0.0110078 2.84399s
330 0.846686 0.683238 0.0113965 2.87916s
331 0.846686 0.763919 0.0138207 2.81696s
332 0.846686 0.790202 0.0120098 2.85502s
333 0.846686 0.783437 0.0124005 2.83247s
334 0.846686 0.789964 0.0119572 2.87482s
335 0.846686 0.791911 0.0120901 2.83286s
336 0.846686 0.777603 0.0146483 2.81283s
337 0.846686 0.791096 0.0110835 2.86908s
338 0.846686 0.801692 0.00965921 2.799s
339 0.846686 0.777882 0.0139529 2.85923s
340 0.846686 0.799329 0.010633 2.86079s
341 0.846686 0.698629 0.0131241 2.78264s
342 0.846686 0.696044 0.0132229 2.97452s
343 0.846686 0.695274 0.0119087 2.82454s
344 0.846686 0.695509 0.0111318 2.81162s
345 0.846686 0.686475 0.0131668 2.85137s
346 0.846686 0.687171 0.01227 2.86841s
347 0.846686 0.687572 0.0122601 2.816s
348 0.847075 0.68738 0.012765 2.82746s
349 0.847075 0.676919 0.013221 2.84371s
350 0.847075 0.684356 0.0116607 2.86231s
351 0.847075 0.783318 0.0109191 2.82816s
352 0.847075 0.804956 0.00867818 2.81767s
353 0.847075 0.803704 0.00945229 2.87799s
354 0.847075 0.80644 0.00924414 2.82776s
355 0.847075 0.811512 0.00776063 2.87117s
356 0.847075 0.809157 0.00838276 2.80975s
357 0.847075 0.823704 0.00486257 2.8527s
358 0.847075 0.80901 0.00854802 2.8807s
359 0.847075 0.809583 0.00805809 3.53147s
360 0.847075 0.820412 0.00565351 2.89734s
361 0.847075 0.697513 0.0134736 2.84645s
362 0.847075 0.693049 0.0124146 2.84329s
363 0.847075 0.69253 0.0117578 2.84183s
364 0.847075 0.693527 0.0119996 2.85013s
365 0.847075 0.701132 0.00998276 2.81498s
366 0.847075 0.687269 0.0116743 2.83733s
367 0.847075 0.685369 0.0120271 2.80553s
368 0.847075 0.686784 0.0106193 2.88322s
369 0.847075 0.685712 0.0112448 2.80275s
370 0.847075 0.68525 0.0104189 2.81349s
371 0.847075 0.795072 0.00843219 2.85611s
372 0.847075 0.809739 0.00766092 2.87468s
373 0.847075 0.825259 0.00457849 2.7989s
374 0.847075 0.812774 0.00772487 2.84938s
375 0.847075 0.809791 0.00809451 2.82356s
376 0.847075 0.820144 0.00587969 2.86961s
377 0.847075 0.816422 0.00680635 2.79801s
378 0.847075 0.828014 0.00408675 2.88007s
379 0.847075 0.81435 0.00688972 2.79053s
380 0.847075 0.793515 0.0115962 2.80139s
381 0.847075 0.707191 0.0114009 2.96066s
382 0.847075 0.692046 0.0130184 2.77576s
383 0.847075 0.693628 0.0122068 2.87193s
384 0.847075 0.690934 0.0127347 2.84437s
385 0.847075 0.698646 0.0104107 2.82486s
386 0.847075 0.688856 0.0117451 2.85763s
387 0.847075 0.68646 0.0120421 2.80908s
388 0.847075 0.685644 0.0112166 2.78246s
389 0.847075 0.687109 0.0104448 2.85165s
390 0.847075 0.686482 0.0102605 2.80356s
391 0.847075 0.808956 0.00641827 2.84594s
392 0.847075 0.81622 0.00689031 2.8627s
393 0.847075 0.8337 0.00253282 2.79098s
394 0.847075 0.83304 0.00301692 2.94534s
395 0.847075 0.82665 0.00402759 2.82592s
396 0.847075 0.815413 0.00648085 2.84466s
397 0.847075 0.815107 0.00668953 2.76361s
398 0.847075 0.812921 0.0073885 2.80961s
399 0.847075 0.821362 0.00542237 2.85122s
400 0.847075 0.811748 0.00753311 2.86179s
401 0.847075 0.699036 0.0133068 2.79158s
402 0.847075 0.700467 0.0114932 2.869s
403 0.847075 0.690457 0.012445 2.81949s
404 0.847075 0.68981 0.0123092 2.86502s
405 0.847075 0.690992 0.0115151 2.8331s
406 0.847075 0.688261 0.0116222 2.79126s
407 0.847075 0.683657 0.0116982 2.87285s
408 0.847075 0.687136 0.0108961 2.8617s
409 0.847075 0.687039 0.0104032 2.81929s
410 0.847075 0.686419 0.0109411 2.86574s
411 0.847075 0.792558 0.00995248 2.82342s
412 0.847075 0.8118 0.00767199 2.80639s
413 0.847075 0.798891 0.0107148 2.85303s
414 0.847075 0.829801 0.00394205 2.86116s
415 0.847075 0.819495 0.00633635 2.82772s
416 0.847075 0.807465 0.00884044 2.84146s
417 0.847075 0.821208 0.00572094 2.80426s
418 0.847075 0.82377 0.00500652 2.80831s
419 0.847075 0.813545 0.008132 2.81629s
420 0.847075 0.814562 0.00713247 2.88387s
421 0.847075 0.701274 0.0127182 2.82917s
422 0.847075 0.694792 0.0122149 2.82676s
423 0.847075 0.70139 0.0109951 2.81693s
424 0.847075 0.684236 0.0137391 2.79275s
425 0.847075 0.68912 0.0124811 2.81836s
426 0.847075 0.687878 0.012003 2.81794s
427 0.847075 0.692693 0.0108896 2.82872s
428 0.847075 0.692872 0.0109874 2.78161s
429 0.847075 0.692978 0.0102896 2.77801s
430 0.847075 0.688711 0.0111229 2.85877s
431 0.848861 0.810338 0.00589122 2.83379s
432 0.848861 0.839632 0.00152951 2.86814s
433 0.848861 0.809948 0.00901631 2.84208s
434 0.848861 0.807504 0.00881443 2.77731s
435 0.848861 0.820855 0.00637472 2.84154s
436 0.848861 0.79912 0.0108301 2.85866s
437 0.848861 0.819905 0.00628768 2.79132s
438 0.848861 0.805484 0.00973426 2.82667s
439 0.848861 0.827127 0.0047398 2.78249s
440 0.848861 0.830213 0.00376503 2.8705s
441 0.848861 0.698713 0.0133899 2.77944s
442 0.848861 0.702092 0.0112685 2.88631s
443 0.848861 0.696529 0.0117561 2.82859s
444 0.848861 0.685928 0.0133627 2.80507s
445 0.848861 0.691175 0.0105982 2.85056s
446 0.848861 0.686566 0.0113896 2.8078s
447 0.848861 0.691132 0.0113175 2.87158s
448 0.848861 0.690992 0.0105684 2.82737s
449 0.848861 0.694828 0.0103406 2.79427s
450 0.848861 0.6877 0.0107663 2.84157s
451 0.848861 0.793526 0.00942694 2.78119s
452 0.848861 0.81483 0.0077615 2.83724s
453 0.848861 0.81997 0.00647227 2.83566s
454 0.848861 0.825201 0.00499315 2.80026s
455 0.848861 0.813611 0.00808857 2.85067s
456 0.848861 0.813756 0.00754198 2.78549s
457 0.848861 0.811201 0.00877889 3.83647s
458 0.848861 0.821521 0.00567769 2.83468s
459 0.848861 0.82127 0.00625989 2.80887s
460 0.848861 0.834184 0.0033616 2.85366s
461 0.848861 0.702181 0.0130309 2.86942s
462 0.848861 0.694518 0.01307 2.86477s
463 0.848861 0.692729 0.0124305 2.87904s
464 0.848861 0.696263 0.0123562 2.77368s
465 0.848861 0.688339 0.011849 2.80488s
466 0.848861 0.691146 0.0114907 2.81727s
467 0.848861 0.691863 0.0106747 2.84737s
468 0.848861 0.689201 0.0112723 2.8562s
469 0.848861 0.691798 0.0114413 2.85121s
470 0.848861 0.686497 0.0114587 2.8517s
471 0.848861 0.810102 0.00648721 2.79813s
472 0.848861 0.818313 0.00715717 2.87267s
473 0.848861 0.835734 0.00307083 2.77233s
474 0.848861 0.829367 0.00446192 2.77268s
475 0.848861 0.837983 0.0023739 2.81698s
476 0.848861 0.836756 0.00261933 2.79276s
477 0.848861 0.805028 0.00949075 2.86827s
478 0.848861 0.821115 0.00615851 2.82496s
479 0.848861 0.829387 0.00435408 2.80559s
480 0.848861 0.814807 0.00825964 2.81747s
481 0.848861 0.702959 0.0126585 2.83119s
482 0.848861 0.698374 0.0123158 2.84882s
483 0.848861 0.691882 0.0123461 2.81971s
484 0.848861 0.682223 0.0126577 2.84006s
485 0.848861 0.681132 0.0124578 2.84962s
486 0.848861 0.68268 0.0108006 2.80401s
487 0.848861 0.683696 0.0111052 2.83688s
488 0.848861 0.684097 0.0103308 2.80736s
489 0.848861 0.685195 0.0106754 2.83109s
490 0.848861 0.676559 0.0121075 2.86456s
491 0.848861 0.795289 0.00906839 2.85639s
492 0.848861 0.818595 0.00683118 2.85437s
493 0.848861 0.808791 0.00829236 2.83859s
494 0.848861 0.804711 0.00922629 2.85187s
495 0.848861 0.831395 0.00382196 2.85445s
496 0.848861 0.819922 0.00614045 2.84754s
497 0.848861 0.811087 0.0079711 2.79935s
498 0.848861 0.835537 0.00254815 2.82872s
499 0.848861 0.822567 0.00533477 2.87408s
500 0.848861 0.813836 0.00783512 2.85842s
501 0.848861 0.701523 0.0135453 2.83582s
502 0.848861 0.692169 0.0133287 2.85464s
503 0.848861 0.69971 0.0115058 2.84008s
504 0.848861 0.696989 0.0107465 2.84215s
505 0.848861 0.689329 0.0118486 2.82072s
506 0.848861 0.688768 0.0111662 2.79308s
507 0.848861 0.682585 0.0125231 2.80278s
508 0.848861 0.691443 0.0109946 2.88673s
509 0.848861 0.68732 0.0110836 2.79766s
510 0.848861 0.689046 0.00978323 2.84555s
511 0.848861 0.792484 0.00943571 2.83678s
512 0.848861 0.82057 0.00613901 2.79702s
513 0.848861 0.820022 0.00638864 2.87244s
514 0.848861 0.811853 0.00877112 2.84299s
515 0.848861 0.824103 0.00570028 2.87502s
516 0.848861 0.81705 0.00671512 2.82401s
517 0.848861 0.817614 0.00697633 2.79048s
518 0.848861 0.810647 0.00815415 2.83837s
519 0.848861 0.814337 0.00731922 2.87864s
520 0.848861 0.820603 0.00610344 2.84117s
521 0.848861 0.702684 0.0128535 2.79135s
522 0.848861 0.701889 0.0117729 2.86303s
523 0.848861 0.694927 0.0116819 2.87385s
524 0.848861 0.693622 0.0115293 2.79968s
525 0.848861 0.686985 0.0128964 2.79486s
526 0.848861 0.694984 0.011671 2.88205s
527 0.848861 0.691204 0.0117769 2.82034s
528 0.848861 0.690056 0.011357 2.79409s
529 0.848861 0.686417 0.0105759 2.87985s
530 0.848861 0.687331 0.0108422 2.77124s
531 0.848861 0.792915 0.00978937 2.80315s
532 0.848861 0.802237 0.0100207 2.80623s
533 0.848861 0.814512 0.00776272 2.82939s
534 0.848861 0.808061 0.00862296 2.7909s
535 0.848861 0.814986 0.0067768 2.85487s
536 0.848861 0.818535 0.00690076 2.82098s
537 0.848861 0.796893 0.0112532 2.8278s
538 0.848861 0.832715 0.00358581 2.84221s
539 0.848861 0.809305 0.00857562 2.82671s
540 0.848861 0.81593 0.00721851 2.84394s
541 0.848861 0.701401 0.0131842 2.85037s
542 0.848861 0.695432 0.0125151 2.83275s
543 0.848861 0.686888 0.0129569 2.82699s
544 0.848861 0.696724 0.0106352 2.80387s
545 0.848861 0.686027 0.0118444 2.86122s
546 0.848861 0.683452 0.0121514 2.82451s
547 0.848861 0.691045 0.0109694 2.84097s
548 0.848861 0.687611 0.0106023 2.84885s
549 0.848861 0.681148 0.0110921 2.82833s
550 0.848861 0.690973 0.0102601 2.85542s
551 0.848861 0.81111 0.00553529 2.81994s
552 0.848861 0.81927 0.00614522 2.86935s
553 0.848861 0.821469 0.0052137 2.80267s
554 0.848861 0.814967 0.00783064 2.83581s
555 0.848861 0.817454 0.00672753 2.85712s
556 0.848861 0.818154 0.00670211 2.85689s
557 0.848861 0.827168 0.00471751 2.84553s
558 0.848861 0.814663 0.00712921 2.80919s
559 0.848861 0.823352 0.00573641 2.83242s
560 0.848861 0.826613 0.00520847 2.85738s
561 0.848861 0.697393 0.0147003 2.83843s
562 0.848861 0.69397 0.0121137 2.82178s
563 0.848861 0.699969 0.0109477 2.85312s
564 0.848861 0.690495 0.0130433 2.81956s
565 0.848861 0.694818 0.011192 2.79056s
566 0.848861 0.686484 0.0125333 2.85101s
567 0.848861 0.695391 0.0101615 2.81678s
568 0.848861 0.681276 0.0121586 2.91336s
569 0.848861 0.684221 0.011358 2.7935s
570 0.848861 0.690594 0.00963496 2.79601s
571 0.848861 0.789055 0.0103314 2.86428s
572 0.848861 0.83211 0.00349597 2.78994s
573 0.848861 0.816987 0.00796091 2.83458s
574 0.848861 0.813782 0.00799454 2.84944s
575 0.848861 0.81617 0.00682655 2.79494s
576 0.848861 0.829153 0.00454476 2.90637s
577 0.848861 0.827151 0.00454061 2.82061s
578 0.848861 0.826355 0.00508487 2.79857s
579 0.848861 0.823231 0.00538793 2.78502s
580 0.848861 0.827796 0.00443976 2.84026s
581 0.848861 0.698565 0.0140397 2.78916s
582 0.848861 0.689923 0.0143297 2.85619s
583 0.848861 0.700308 0.0118529 2.8572s
584 0.848861 0.69549 0.0120473 2.87245s
585 0.848861 0.695023 0.0117218 2.77458s
586 0.848861 0.69701 0.0113254 2.79179s
587 0.848861 0.69385 0.0116021 2.87054s
588 0.848861 0.689076 0.0124074 2.82993s
589 0.848861 0.685648 0.0127509 2.84648s
590 0.848861 0.685573 0.0115444 2.8774s
591 0.848861 0.800624 0.00875578 2.79772s
592 0.848861 0.817323 0.00600911 2.83264s
593 0.848861 0.808254 0.00873851 2.79773s
594 0.848861 0.81731 0.0068328 2.90129s
595 0.848861 0.825935 0.00452679 2.81042s
596 0.848861 0.821772 0.00571892 2.82995s
597 0.848861 0.818121 0.00718846 2.83159s
598 0.848861 0.821755 0.0061835 2.81006s
599 0.848861 0.820269 0.00659173 2.88683s
600 0.848861 0.811361 0.00857953 2.79772s
601 0.848861 0.704166 0.0129674 2.84827s
602 0.848861 0.690683 0.0131284 2.82189s
603 0.848861 0.687815 0.0127764 2.82323s
604 0.848861 0.690929 0.0115755 2.83641s
605 0.848861 0.687153 0.0120098 2.84335s
606 0.848861 0.684713 0.0116246 2.8511s
607 0.848861 0.681941 0.0116556 2.87301s
608 0.848861 0.689072 0.0102411 2.86652s
609 0.848861 0.685832 0.0108822 2.84266s
610 0.848861 0.681847 0.0115705 2.83576s
611 0.848861 0.802671 0.00719005 2.86263s
612 0.848861 0.816336 0.00661649 2.77187s
613 0.848861 0.822465 0.00548207 2.81846s
614 0.848861 0.812742 0.00827072 2.85443s
615 0.848861 0.811783 0.00780883 2.85739s
616 0.848861 0.81367 0.00777356 2.80599s
617 0.848861 0.830271 0.00398221 2.90776s
618 0.848861 0.821503 0.00602874 2.77929s
619 0.848861 0.823059 0.00546725 2.85947s
620 0.848861 0.832532 0.00344456 2.88468s
621 0.848861 0.68767 0.0158556 2.85064s
622 0.848861 0.697883 0.0125121 2.78212s
623 0.848861 0.685623 0.0138032 2.84622s
624 0.848861 0.693169 0.0118805 2.85297s
625 0.848861 0.686834 0.0118578 2.8182s
626 0.848861 0.69081 0.0118007 2.83174s
627 0.848861 0.68892 0.0118211 2.79535s
628 0.848861 0.687523 0.0117143 2.86601s
629 0.848861 0.685515 0.0115863 2.8031s
630 0.848861 0.680127 0.0122007 2.82243s
631 0.848861 0.795055 0.00930732 2.80842s
632 0.848861 0.823735 0.00566579 2.89272s
633 0.848861 0.833813 0.00316064 2.80112s
634 0.848861 0.805128 0.00968879 2.80008s
635 0.848861 0.828612 0.00417646 2.86451s
636 0.848861 0.818839 0.00689634 2.83291s
637 0.848861 0.808868 0.00876361 2.80978s
638 0.848861 0.825652 0.00507552 2.8267s
639 0.848861 0.816947 0.00775676 2.80464s
640 0.848861 0.811711 0.00813894 2.88153s
641 0.848861 0.689889 0.0153572 2.79121s
642 0.848861 0.696026 0.0130815 2.87986s
643 0.848861 0.69132 0.0120308 2.81989s
644 0.848861 0.686008 0.0130396 2.92745s
645 0.848861 0.692664 0.0115841 3.14315s
646 0.848861 0.690501 0.0116075 3.0321s
647 0.848861 0.701155 0.00915922 3.7496s
648 0.848861 0.69292 0.0110491 2.85462s
649 0.848861 0.683004 0.0125061 2.82074s
650 0.848861 0.697599 0.0092674 2.80082s
651 0.848861 0.804347 0.0074175 2.88512s
652 0.848861 0.812041 0.00789649 2.82458s
653 0.848861 0.823992 0.00561351 2.8002s
654 0.848861 0.820949 0.00611436 2.88195s
655 0.848861 0.815046 0.00751848 2.81191s
656 0.848861 0.812543 0.00820106 2.86618s
657 0.848861 0.817096 0.00656542 2.85474s
658 0.848861 0.815575 0.00707782 2.82997s
659 0.848861 0.815971 0.00638949 2.8158s
660 0.848861 0.833689 0.00292323 2.86261s
661 0.848861 0.696617 0.0138136 2.77564s
662 0.848861 0.692074 0.012402 2.80849s
663 0.848861 0.690457 0.0119135 2.83196s
664 0.848861 0.686377 0.0124596 2.78604s
665 0.848861 0.68676 0.0112772 2.87677s
666 0.848861 0.68416 0.0119111 2.79115s
667 0.848861 0.68587 0.0115532 2.86264s
668 0.848861 0.686224 0.0121675 2.8251s
669 0.848861 0.684035 0.0118784 2.7924s
670 0.848861 0.680942 0.0119329 3.84653s
671 0.849108 0.808561 0.00682246 2.82014s
672 0.849108 0.821106 0.00569919 2.80213s
673 0.849108 0.811071 0.00822268 2.86663s
674 0.849108 0.787947 0.0127248 2.87192s
675 0.849108 0.787243 0.012827 2.77275s
676 0.849108 0.822811 0.00527217 2.82853s
677 0.849108 0.805356 0.00921373 2.84474s
678 0.849108 0.82085 0.00610375 2.83074s
679 0.849108 0.804744 0.00981679 2.79407s
680 0.849108 0.799106 0.0101945 2.87886s
681 0.849108 0.707952 0.0125177 2.80059s
682 0.849108 0.701679 0.0120258 2.79637s
683 0.849108 0.692611 0.0122528 2.85319s
684 0.849108 0.693664 0.0121111 2.77394s
685 0.849108 0.697331 0.0110074 2.85632s
686 0.849108 0.689299 0.012318 2.84227s
687 0.849108 0.693207 0.0109009 2.7977s
688 0.849108 0.686041 0.0120413 2.88632s
689 0.849108 0.68643 0.0117868 2.84153s
690 0.849108 0.685 0.0110459 2.83784s
691 0.849108 0.793515 0.00900046 2.84535s
692 0.849108 0.823757 0.00571072 2.84847s
693 0.849108 0.825927 0.00522313 2.77713s
694 0.849108 0.813386 0.00819641 2.88113s
695 0.849108 0.810899 0.00885813 2.79952s
696 0.849108 0.804628 0.00970453 2.84535s
697 0.849108 0.803637 0.00932199 2.86499s
698 0.849108 0.786202 0.0137936 2.78035s
699 0.849108 0.818064 0.00645375 2.86087s
700 0.849108 0.789396 0.0128202 2.81049s
701 0.849108 0.704672 0.0123235 2.85365s
702 0.849108 0.698021 0.0122774 2.86776s
703 0.849108 0.695903 0.0121659 2.85571s
704 0.849108 0.691358 0.0132607 2.776s
705 0.849108 0.688674 0.0124234 2.84479s
706 0.849108 0.691991 0.0112526 2.78561s
707 0.849108 0.68839 0.0115269 2.87772s
708 0.849108 0.688864 0.0114425 2.79956s
709 0.849108 0.683669 0.0113277 2.85129s
710 0.849108 0.681309 0.0118251 2.79637s
711 0.849108 0.797535 0.0090248 2.85748s
712 0.849108 0.807709 0.00865057 2.85721s
713 0.849108 0.79551 0.0117551 2.86661s
714 0.849108 0.808726 0.00866016 2.80252s
715 0.849108 0.82272 0.00611316 2.83081s
716 0.849108 0.8003 0.0112205 2.7824s
717 0.849108 0.80326 0.0100682 2.78186s
718 0.849108 0.81805 0.00708427 2.8093s
719 0.849108 0.8294 0.00448069 2.83772s
720 0.849108 0.793526 0.0128414 2.89568s
721 0.849108 0.703366 0.0129392 2.85246s
722 0.849108 0.686975 0.0145575 2.78823s
723 0.849108 0.701523 0.0112605 2.80244s
724 0.849108 0.691753 0.0128356 2.81724s
725 0.849108 0.696233 0.011195 2.85952s
726 0.849108 0.689809 0.0120856 2.8363s
727 0.849108 0.69482 0.0105475 2.89659s
728 0.849108 0.686899 0.0118765 2.83851s
729 0.849108 0.687292 0.0119957 2.84301s
730 0.849108 0.682501 0.0120558 2.86707s
731 0.849108 0.793181 0.00919161 2.86189s
732 0.849108 0.807635 0.00949005 2.86829s
733 0.849108 0.819151 0.0061917 2.82868s
734 0.849108 0.818568 0.0066495 2.85427s
735 0.849108 0.827986 0.00518619 2.86019s
736 0.849108 0.814058 0.00780001 2.79239s
737 0.849108 0.821664 0.00607014 2.81636s
738 0.849108 0.81286 0.00784836 2.84919s
739 0.849108 0.799309 0.0106547 2.80074s
740 0.849108 0.810669 0.00849418 2.87097s
741 0.849108 0.697251 0.0136738 2.81164s
742 0.849108 0.687695 0.0145408 2.80119s
743 0.849108 0.688834 0.0142421 2.90188s
744 0.849108 0.694144 0.011843 2.81364s
745 0.849108 0.693186 0.0127808 2.81884s
746 0.849108 0.689411 0.0121293 2.80325s
747 0.850357 0.690736 0.0116387 2.84481s
748 0.850357 0.68514 0.0122585 2.80068s
749 0.850357 0.685684 0.0121636 2.87831s
750 0.850357 0.694041 0.0107395 2.83081s
751 0.850357 0.799318 0.00885739 2.79474s
752 0.850357 0.819881 0.00640896 2.89082s
753 0.850357 0.812955 0.00815691 2.84238s
754 0.850357 0.828063 0.00521563 2.82197s
755 0.850357 0.819588 0.00673597 2.79668s
756 0.850357 0.836114 0.00308148 2.85428s
757 0.850357 0.826699 0.00477621 2.79703s
758 0.850357 0.81134 0.00897452 2.87868s
759 0.850357 0.812024 0.00830832 2.83011s
760 0.850357 0.8328 0.00403229 2.80441s
761 0.850357 0.702482 0.0137822 2.83953s
762 0.850357 0.692624 0.0132288 2.83344s
763 0.850357 0.693852 0.0119551 2.77467s
764 0.850357 0.685836 0.0129269 2.8416s
765 0.850357 0.690607 0.0118753 2.8472s
766 0.850357 0.695168 0.0111113 2.87699s
767 0.850357 0.68435 0.0125986 2.79785s
768 0.850357 0.684531 0.0116253 2.8575s
769 0.850357 0.689995 0.0107615 2.83852s
770 0.850357 0.684638 0.0116141 2.79789s
771 0.850357 0.805699 0.00768312 2.81054s
772 0.850357 0.829108 0.00477328 2.85698s
773 0.850357 0.838025 0.00297409 2.78236s
774 0.850357 0.831705 0.00384377 2.84547s
775 0.850357 0.820486 0.00619439 2.86323s
776 0.850357 0.83466 0.00343165 2.86545s
777 0.850357 0.837989 0.00272349 2.78516s
778 0.850357 0.827116 0.00531794 2.86164s
779 0.850357 0.82709 0.00502438 2.84423s
780 0.850357 0.83069 0.00424888 2.78456s
781 0.850357 0.701249 0.0131034 2.84442s
782 0.850357 0.696861 0.0129183 2.86768s
783 0.850357 0.705754 0.0112498 2.79086s
784 0.850357 0.685803 0.0136056 2.81734s
785 0.850357 0.691422 0.0121613 2.83899s
786 0.850357 0.690071 0.0115225 2.89398s
787 0.850357 0.685188 0.0126622 2.79396s
788 0.850357 0.69012 0.0116396 2.80324s
789 0.850357 0.69887 0.00990639 2.80038s
790 0.850357 0.686463 0.0119047 2.85965s
791 0.850357 0.81109 0.00669344 2.87198s
792 0.850357 0.821032 0.00644866 2.86477s
793 0.850357 0.800429 0.0107314 2.78368s
794 0.850357 0.822384 0.0059117 2.84432s
795 0.850357 0.823481 0.00591531 2.80556s
796 0.850357 0.817322 0.00722818 2.84281s
797 0.850357 0.819194 0.00676333 2.81387s
798 0.850357 0.815982 0.00795824 2.77907s
799 0.850357 0.819059 0.00668564 2.87202s
800 0.850357 0.837071 0.00273064 2.84324s
801 0.850357 0.704035 0.0124549 2.7963s
802 0.850357 0.695119 0.0129398 2.84866s
803 0.850357 0.686242 0.0147332 2.86843s
804 0.850357 0.693503 0.0122911 2.79452s
805 0.850357 0.688746 0.0122892 2.8913s
806 0.850357 0.68944 0.0116928 2.86468s
807 0.850357 0.69009 0.0117133 2.78227s
808 0.850357 0.682597 0.0129057 2.85511s
809 0.850357 0.690214 0.0118727 2.82221s
810 0.850357 0.696558 0.0102552 2.79336s
811 0.850357 0.81756 0.00567574 2.845s
812 0.850357 0.824774 0.00596517 2.82894s
813 0.850357 0.839686 0.00209744 2.84537s
814 0.850357 0.825915 0.00553716 2.85122s
815 0.850357 0.826314 0.00567873 2.79035s
816 0.850357 0.829853 0.00443521 2.83976s
817 0.850357 0.845024 0.00103906 2.76113s
818 0.850357 0.821782 0.00663632 2.76845s
819 0.850357 0.838973 0.0025624 2.8625s
820 0.850357 0.82937 0.00443388 2.7878s
821 0.850357 0.704184 0.013058 2.84588s
822 0.850357 0.687549 0.0146657 2.84372s
823 0.850357 0.690318 0.0125147 2.7915s
824 0.850357 0.683893 0.0131262 2.84639s
825 0.850357 0.687331 0.0118114 2.80247s
826 0.850357 0.693575 0.010827 2.85182s
827 0.850357 0.687637 0.0114842 2.81587s
828 0.850357 0.690363 0.0107972 2.84828s
829 0.850357 0.687894 0.0108351 2.85937s
830 0.850357 0.687673 0.0102058 2.8417s
831 0.850357 0.803226 0.00772971 2.80392s
832 0.850357 0.827399 0.00504219 2.86473s
833 0.850357 0.830022 0.00457944 2.81419s
834 0.850357 0.827974 0.00532603 2.84937s
835 0.850357 0.835406 0.00314807 2.80995s
836 0.850357 0.827393 0.00455487 2.80543s
837 0.850357 0.833681 0.00348128 2.78151s
838 0.850357 0.822511 0.0062899 2.81381s
839 0.850357 0.812709 0.00909792 2.77893s
840 0.850357 0.82457 0.0053905 2.87202s
841 0.850357 0.698785 0.0141916 2.81951s
842 0.850357 0.693551 0.0129588 2.84032s
843 0.850357 0.694806 0.0121538 2.82508s
844 0.850357 0.695122 0.0117724 2.80633s
845 0.850357 0.689899 0.0118403 2.83341s
846 0.850357 0.69457 0.0107241 2.79638s
847 0.850357 0.693612 0.0103011 2.779s
848 0.850357 0.693021 0.0103438 2.81266s
849 0.850357 0.690773 0.010902 2.82782s
850 0.850357 0.687981 0.010792 2.89153s
851 0.850357 0.820693 0.00418535 2.78505s
852 0.850357 0.825904 0.00580134 2.80712s
853 0.850357 0.816315 0.00682732 2.81952s
854 0.850357 0.821495 0.0065457 2.84691s
855 0.850357 0.828077 0.00551648 2.79317s
856 0.850357 0.832486 0.00410853 2.8673s
857 0.850357 0.827387 0.00478889 2.76713s
858 0.850357 0.830323 0.0044464 2.79682s
859 0.850357 0.831359 0.00437383 2.87024s
860 0.850357 0.836088 0.00329301 2.76842s
861 0.850357 0.70235 0.0131838 2.78693s
862 0.850357 0.693658 0.0137598 2.87653s
863 0.850357 0.697994 0.0125861 2.80629s
864 0.850357 0.694742 0.0113544 2.83789s
865 0.850357 0.693272 0.0109725 2.8127s
866 0.850357 0.690974 0.010981 2.80169s
867 0.850357 0.690146 0.0109368 2.76908s
868 0.850357 0.686719 0.0107132 2.857s
869 0.850357 0.688117 0.0108971 2.85553s
870 0.850357 0.679034 0.0122536 2.83312s
871 0.850357 0.806197 0.00736161 2.84869s
872 0.850357 0.814866 0.00787678 2.80593s
873 0.850357 0.824202 0.00607366 2.85183s
874 0.850357 0.832094 0.00408768 2.86269s
875 0.850357 0.829698 0.00430164 2.84788s
876 0.850357 0.813023 0.00806029 2.78306s
877 0.850357 0.839129 0.00245303 2.83599s
878 0.850357 0.815676 0.00758077 2.83102s
879 0.850357 0.826467 0.00479724 2.8175s
880 0.850357 0.817687 0.00714157 2.91258s
881 0.850357 0.699831 0.0137836 2.77892s
882 0.850357 0.696651 0.0125682 2.80555s
883 0.850357 0.683013 0.0142638 3.84821s
884 0.850357 0.692772 0.0123012 2.86629s
885 0.850357 0.693043 0.0117223 2.82958s
886 0.850357 0.684725 0.0126193 2.8494s
887 0.850357 0.689127 0.011424 2.79653s
888 0.850357 0.690422 0.0112057 2.79781s
889 0.850357 0.681443 0.0127528 2.90842s
890 0.850357 0.685651 0.0110944 2.78761s
891 0.850357 0.821145 0.00413577 2.81698s
892 0.850357 0.811125 0.0084016 2.76832s
893 0.850357 0.834821 0.00327388 2.77656s
894 0.850357 0.818369 0.00720625 2.81292s
895 0.850357 0.819027 0.00723536 2.79017s
896 0.850357 0.824527 0.00599085 2.86131s
897 0.850357 0.81296 0.00828978 2.78141s
898 0.850357 0.816896 0.007137 2.80594s
899 0.850357 0.820949 0.00633334 2.86936s
900 0.850357 0.819355 0.00675016 2.8487s
901 0.850357 0.692444 0.0150516 2.82145s
902 0.850357 0.693122 0.0144329 2.84074s
903 0.850357 0.692757 0.013048 2.8247s
904 0.850357 0.693864 0.0118848 2.83242s
905 0.850357 0.686037 0.0125156 2.83948s
906 0.850357 0.686408 0.0127694 2.78966s
907 0.850357 0.68635 0.0127274 2.84385s
908 0.850357 0.685391 0.0119045 2.80746s
909 0.850357 0.686763 0.0116263 2.81106s
910 0.850357 0.689599 0.0112567 2.79408s
911 0.850357 0.819189 0.00470936 2.82562s
912 0.850357 0.816207 0.00748013 2.80792s
913 0.850357 0.833101 0.00374482 2.78804s
914 0.850357 0.823603 0.0063013 2.86603s
915 0.850357 0.827055 0.0050938 2.80554s
916 0.850357 0.834363 0.00356 2.86872s
917 0.850357 0.813666 0.00824032 2.82919s
918 0.850357 0.827276 0.00471551 2.78459s
919 0.850357 0.834207 0.00323117 2.85746s
920 0.850357 0.833822 0.00353152 2.8201s
921 0.850357 0.692612 0.0152383 2.79924s
922 0.850357 0.701788 0.0120211 2.90778s
923 0.850357 0.688367 0.0135649 2.82219s
924 0.850357 0.688536 0.0136716 2.86074s
925 0.850357 0.687642 0.0133501 2.81811s
926 0.850357 0.693839 0.0112871 2.79851s
927 0.850357 0.688438 0.0126249 2.87536s
928 0.850357 0.695669 0.0112301 2.86148s
929 0.850357 0.693531 0.0108428 2.81789s
930 0.850357 0.693142 0.0114416 2.87194s
931 0.850357 0.798282 0.00945304 2.77703s
932 0.850357 0.816896 0.00791834 2.84396s
933 0.850357 0.837829 0.00265007 2.81091s
934 0.850357 0.823854 0.00589395 2.86199s
935 0.850357 0.827804 0.005151 2.85118s
936 0.850357 0.829428 0.00419607 2.8631s
937 0.850357 0.826135 0.00515889 2.83525s
938 0.850357 0.825316 0.00556075 2.78057s
939 0.850357 0.830553 0.00423233 2.81856s
940 0.850357 0.833609 0.00338144 2.77471s
941 0.850357 0.702194 0.0135858 2.79365s
942 0.850357 0.70764 0.011839 2.84846s
943 0.850357 0.697927 0.0121475 2.84047s
944 0.850357 0.686883 0.0136238 2.81599s
945 0.850357 0.696767 0.0114691 2.80994s
946 0.850357 0.687449 0.0131526 2.87499s
947 0.850357 0.690715 0.0118117 2.8511s
948 0.850357 0.690077 0.0114139 2.86422s
949 0.850357 0.681829 0.0127609 2.78339s
950 0.850357 0.691862 0.0105199 2.80492s
951 0.850357 0.805811 0.00742598 2.84397s
952 0.850357 0.832161 0.00374979 2.83977s
953 0.850357 0.821544 0.00642567 2.84702s
954 0.850357 0.829574 0.00453365 2.85352s
955 0.850357 0.834578 0.00366341 2.83867s
956 0.850357 0.815613 0.00794109 2.85323s
957 0.850357 0.82668 0.00511509 2.77128s
958 0.850357 0.834101 0.00349632 2.82717s
959 0.850357 0.824415 0.00557263 2.82827s
960 0.850357 0.812816 0.00801739 2.81968s
961 0.850357 0.704918 0.0128153 2.82907s
962 0.850357 0.697486 0.0127301 2.86641s
963 0.850357 0.692882 0.0123985 2.77163s
964 0.850357 0.692603 0.0122063 2.81384s
965 0.850357 0.689046 0.0120886 2.86715s
966 0.850357 0.692608 0.0119697 2.83723s
967 0.850357 0.687612 0.0117505 2.86342s
968 0.850357 0.692779 0.0115261 2.83512s
969 0.850357 0.68461 0.012044 2.85348s
970 0.850357 0.694545 0.0105009 2.78663s
971 0.850357 0.811428 0.00622467 2.85076s
972 0.850357 0.834841 0.00330893 2.87743s
973 0.850357 0.817274 0.00753411 2.79357s
974 0.850357 0.827647 0.00510712 2.88031s
975 0.850357 0.821793 0.00591112 2.79781s
976 0.850357 0.833283 0.00329603 2.89029s
977 0.850357 0.823204 0.0059943 2.7829s
978 0.850357 0.815773 0.00803554 2.78388s
979 0.850357 0.827036 0.00519069 2.79305s
980 0.850357 0.830827 0.00420523 2.85198s
981 0.850357 0.700895 0.0134922 2.77594s
982 0.850357 0.702189 0.0121041 2.79465s
983 0.850357 0.686269 0.0134657 2.83955s
984 0.850357 0.680968 0.0143742 2.81678s
985 0.850357 0.692139 0.0123972 2.84212s
986 0.850357 0.694453 0.0113192 2.83132s
987 0.850357 0.689057 0.0121826 2.80954s
988 0.850357 0.690623 0.0115159 2.86618s
989 0.850357 0.695071 0.0110056 2.79921s
990 0.850357 0.687767 0.0116746 2.8119s
991 0.850357 0.809826 0.00668669 2.83938s
992 0.850357 0.829346 0.0043342 2.8313s
993 0.850357 0.822836 0.00603213 2.81273s
994 0.850357 0.819828 0.00664194 2.81634s
995 0.850357 0.821467 0.00583942 2.84252s
996 0.850357 0.834229 0.00343084 2.85056s
997 0.850357 0.825096 0.005683 2.80936s
998 0.850357 0.844751 0.000952395 2.80078s
999 0.850357 0.825426 0.00555732 2.81866s
1000 0.850357 0.83294 0.00367093 2.87697s
1001 0.850357 0.70292 0.0128688 2.77532s
1002 0.850357 0.698025 0.0129821 2.80972s
1003 0.850357 0.694268 0.0126858 2.8251s
1004 0.850357 0.692592 0.0122529 2.85618s
1005 0.850357 0.687049 0.0120659 2.8628s
1006 0.850357 0.686401 0.0117026 2.84129s
1007 0.850357 0.689085 0.0112728 2.85698s
1008 0.850357 0.691903 0.010835 2.79095s
1009 0.850357 0.682326 0.0120699 2.85233s
1010 0.850357 0.685688 0.0115348 2.81626s
1011 0.850357 0.807478 0.00725795 2.77877s
1012 0.850357 0.815244 0.00772668 2.87618s
1013 0.850357 0.830917 0.00392947 2.83628s
1014 0.850357 0.837358 0.00249342 2.8177s
1015 0.850357 0.833787 0.00383518 2.84134s
1016 0.850357 0.830985 0.00397003 2.7955s
1017 0.850357 0.834813 0.00303462 2.8443s
1018 0.850357 0.830096 0.00422721 2.78773s
1019 0.850357 0.817142 0.00726422 2.84226s
1020 0.850357 0.82351 0.00608226 2.85904s
1021 0.850357 0.702754 0.0126692 2.87503s
1022 0.850357 0.685937 0.0144328 2.80898s
1023 0.850357 0.689906 0.0121147 2.80462s
1024 0.850357 0.695709 0.0113655 2.82908s
1025 0.850357 0.698129 0.010867 2.84091s
1026 0.850357 0.690677 0.011391 2.83684s
1027 0.850357 0.690704 0.0108274 2.8598s
1028 0.850357 0.680638 0.0116948 2.80658s
1029 0.850357 0.689105 0.00996529 2.86812s
1030 0.850357 0.688596 0.0103216 2.93016s
1031 0.850357 0.797481 0.00837118 2.94462s
1032 0.850357 0.818618 0.00675691 2.94496s
1033 0.850357 0.807605 0.00943033 2.82748s
1034 0.850357 0.815523 0.00736248 2.79944s
1035 0.850357 0.824351 0.00584437 2.82212s
1036 0.850357 0.827191 0.00508442 2.86292s
1037 0.850357 0.817565 0.00704663 2.8667s
1038 0.850357 0.833265 0.00341135 2.83883s
1039 0.850357 0.833082 0.00414961 2.87822s
1040 0.850357 0.823054 0.00601369 2.82023s
1041 0.850357 0.705721 0.0126893 2.85955s
1042 0.850357 0.690631 0.0128611 2.85395s
1043 0.850357 0.691817 0.0125102 2.83204s
1044 0.850357 0.691676 0.0111288 2.91292s
1045 0.850357 0.686846 0.0116015 2.84128s
1046 0.850357 0.684577 0.0122671 2.85375s
1047 0.850357 0.692553 0.0108599 2.80035s
1048 0.850357 0.686064 0.0115957 2.85516s
1049 0.850357 0.683369 0.0117225 2.81633s
1050 0.850357 0.680286 0.0126112 2.82119s
1051 0.850357 0.795121 0.00908079 2.8196s
1052 0.850357 0.821008 0.00624971 2.85932s
1053 0.850357 0.810065 0.00857614 2.79451s
1054 0.850358 0.822154 0.00619573 2.86708s
1055 0.850359 0.823934 0.00576519 2.89435s
1056 0.850359 0.8136 0.0078498 2.78062s
1057 0.850359 0.82243 0.0059441 2.85878s
1058 0.850359 0.826961 0.00472404 2.7825s
1059 0.850359 0.794019 0.0124169 2.88787s
1060 0.850359 0.790905 0.0130174 2.78465s
1061 0.850359 0.697017 0.0142644 2.8397s
1062 0.850359 0.690567 0.0140075 2.7823s
1063 0.850359 0.683051 0.0141058 2.82788s
1064 0.850359 0.685218 0.0130085 2.78739s
1065 0.850359 0.696859 0.0109356 2.86649s
1066 0.850359 0.683551 0.0132953 2.82058s
1067 0.850359 0.687493 0.0117512 2.78713s
1068 0.850359 0.686642 0.0118359 2.87238s
1069 0.850359 0.692946 0.010476 2.82815s
1070 0.850359 0.685714 0.0110256 2.85516s
1071 0.850359 0.801991 0.00757132 2.88572s
1072 0.850359 0.815686 0.00773055 2.80366s
1073 0.850359 0.824252 0.00487814 2.87401s
1074 0.850359 0.823834 0.00634798 2.80172s
1075 0.850359 0.811966 0.00786461 2.86298s
1076 0.850359 0.814207 0.00807033 2.78581s
1077 0.850359 0.822655 0.00629518 2.86175s
1078 0.850359 0.815694 0.0073157 2.80806s
1079 0.850359 0.819065 0.00725585 2.87213s
1080 0.850362 0.827475 0.00519842 2.78655s
1081 0.850362 0.688697 0.01576 2.85824s
1082 0.850362 0.6915 0.0135321 2.82783s
1083 0.850362 0.689676 0.0139937 2.8229s
1084 0.850362 0.699823 0.0112103 2.78901s
1085 0.850362 0.690454 0.0121321 2.89838s
1086 0.850362 0.684846 0.0125224 2.81206s
1087 0.850362 0.688467 0.0116127 2.82311s
1088 0.850362 0.69009 0.0116326 2.81356s
1089 0.850362 0.684688 0.0121901 2.82605s
1090 0.850362 0.688852 0.0113371 2.8176s
1091 0.850362 0.806204 0.00684024 2.82961s
1092 0.850362 0.826209 0.00535946 2.84212s
1093 0.850362 0.815614 0.00757868 2.82113s
1094 0.850362 0.823428 0.00599994 2.79548s
1095 0.850362 0.823312 0.00574658 2.78331s
1096 0.850362 0.821257 0.00640395 2.86s
1097 0.850362 0.827251 0.00533707 3.79768s
1098 0.850362 0.827541 0.00486617 2.85407s
1099 0.850362 0.812376 0.00841164 2.84997s
1100 0.850362 0.837879 0.00284436 2.79703s
1101 0.850362 0.700563 0.0131879 2.89416s
1102 0.850362 0.687145 0.0139579 2.84088s
1103 0.850362 0.690719 0.0128404 2.78706s
1104 0.850362 0.699494 0.0112731 2.86428s
1105 0.850362 0.69657 0.0120304 2.81544s
1106 0.850362 0.688999 0.0120512 2.82124s
1107 0.850362 0.696227 0.0103553 2.86925s
1108 0.850362 0.689483 0.0117921 2.84313s
1109 0.850362 0.68845 0.0112354 2.86671s
1110 0.850362 0.689345 0.0109724 2.8306s
1111 0.850362 0.80576 0.00776688 2.86289s
1112 0.850362 0.824069 0.00613463 2.88064s
1113 0.850362 0.806605 0.0101129 2.78602s
1114 0.850362 0.828744 0.00441422 2.78472s
1115 0.850362 0.828444 0.00457013 2.847s
1116 0.850362 0.83225 0.00366707 2.80737s
1117 0.850362 0.821065 0.00596523 2.83728s
1118 0.850362 0.82595 0.00504365 2.84691s
1119 0.850362 0.822848 0.00602105 2.87852s
1120 0.850362 0.818633 0.0071141 2.87088s
1121 0.850362 0.705185 0.0124986 2.78836s
1122 0.850362 0.703422 0.0117501 2.86076s
1123 0.850362 0.690873 0.0129028 2.85569s
1124 0.850362 0.686988 0.0128558 2.85926s
1125 0.850362 0.692323 0.0123607 2.81848s
1126 0.850362 0.695948 0.0106693 2.78562s
1127 0.850362 0.686951 0.0128128 2.79898s
1128 0.850362 0.695334 0.0110138 2.87748s
1129 0.850362 0.695756 0.0111032 2.78776s
1130 0.850362 0.688029 0.0123747 2.89056s
1131 0.850362 0.803497 0.00791195 2.79363s
1132 0.850362 0.815847 0.00832596 2.83639s
1133 0.850362 0.825432 0.00520893 2.84582s
1134 0.850362 0.811057 0.00823786 2.79338s
1135 0.850362 0.82859 0.00516668 2.80015s
1136 0.850362 0.816784 0.0075876 2.88297s
1137 0.850362 0.810232 0.00905903 2.8255s
1138 0.850362 0.832948 0.0037276 2.79296s
1139 0.850362 0.82788 0.00473634 2.85499s
1140 0.850362 0.812448 0.00824357 2.86345s
1141 0.850362 0.69429 0.0147413 2.7893s
1142 0.850362 0.693734 0.0138034 2.8374s
1143 0.850362 0.697507 0.0117494 2.87547s
1144 0.850362 0.68715 0.0137169 2.85795s
1145 0.850362 0.695293 0.011238 2.82184s
1146 0.850362 0.691356 0.0114725 2.85413s
1147 0.850362 0.690514 0.0115857 2.8427s
1148 0.850362 0.692915 0.0112545 2.79296s
1149 0.850362 0.680805 0.0122732 2.88384s
1150 0.850362 0.68463 0.0117009 2.80544s
1151 0.850362 0.803931 0.00742476 2.87535s
1152 0.850362 0.797666 0.0110327 2.84548s
1153 0.850362 0.821751 0.00609187 2.77416s
1154 0.850362 0.823975 0.00638538 2.80032s
1155 0.850362 0.820242 0.00635272 2.78951s
1156 0.850362 0.823135 0.00573226 2.86391s
1157 0.850362 0.832482 0.00334796 2.83364s
1158 0.850362 0.833654 0.00366817 2.85897s
1159 0.850362 0.820699 0.00686692 2.87805s
1160 0.850362 0.827539 0.00456454 2.82132s
1161 0.850362 0.699847 0.0141387 2.80304s
1162 0.850362 0.694084 0.0137536 2.89555s
1163 0.850362 0.693058 0.0123399 2.81883s
1164 0.850362 0.698038 0.0112033 2.8285s
1165 0.850362 0.686563 0.0129768 2.85604s
1166 0.850362 0.680272 0.0126488 2.81964s
1167 0.850362 0.685234 0.0117939 2.80663s
1168 0.850362 0.674927 0.0132628 2.79604s
1169 0.850362 0.691199 0.0101006 2.86147s
1170 0.850362 0.686187 0.0106138 2.79745s
1171 0.850362 0.805673 0.00630369 2.8673s
1172 0.850362 0.821972 0.0063151 2.8467s
1173 0.850362 0.814693 0.00754565 2.84449s
1174 0.850362 0.814028 0.00886694 2.80494s
1175 0.850362 0.818016 0.00748794 2.85957s
1176 0.850362 0.828726 0.00491441 2.81581s
1177 0.850362 0.829744 0.00511826 2.84399s
1178 0.850362 0.831735 0.00404932 2.85631s
1179 0.850362 0.824913 0.00548941 2.78556s
1180 0.850362 0.825425 0.00558881 2.83974s
1181 0.850362 0.696484 0.0142511 2.79213s
1182 0.850362 0.698486 0.0132136 2.82613s
1183 0.850362 0.693357 0.0126894 2.7789s
1184 0.850362 0.699463 0.0108421 2.87281s
1185 0.850362 0.683329 0.0137949 2.7971s
1186 0.850362 0.686181 0.0120012 2.83879s
1187 0.850362 0.683249 0.011988 2.88237s
1188 0.850362 0.68597 0.011329 2.82749s
1189 0.850362 0.690385 0.010503 2.83056s
1190 0.850362 0.686459 0.0115679 2.81112s
1191 0.850362 0.791757 0.00950162 2.8483s
1192 0.850362 0.815638 0.00762561 2.79894s
1193 0.850362 0.812615 0.00816056 2.81848s
1194 0.850362 0.814816 0.00806141 2.79198s
1195 0.850362 0.831036 0.0042386 2.80017s
1196 0.850362 0.820508 0.00616637 2.87175s
1197 0.850362 0.818517 0.00697196 2.78308s
1198 0.850362 0.831145 0.00389992 2.82484s
1199 0.850362 0.813635 0.00805787 2.79261s
1200 0.850362 0.830262 0.00436196 2.80147s
1201 0.850362 0.709235 0.0121532 2.84414s
1202 0.850362 0.696366 0.0128495 2.8194s
1203 0.850362 0.700949 0.0117002 2.8344s
1204 0.850362 0.693604 0.0125739 2.85576s
1205 0.850362 0.678542 0.0140878 2.80189s
1206 0.850362 0.68867 0.0122614 2.84277s
1207 0.850362 0.69243 0.0105718 2.84192s
1208 0.850362 0.69158 0.010791 2.78763s
1209 0.850362 0.684545 0.0123541 2.89928s
1210 0.850362 0.691582 0.0111458 2.81442s
1211 0.850362 0.799447 0.00913663 2.78597s
1212 0.850362 0.819038 0.00706729 2.86577s
1213 0.850362 0.827835 0.00485668 2.79126s
1214 0.850362 0.809922 0.00862306 2.83882s
1215 0.850362 0.819715 0.00643784 2.82335s
1216 0.850362 0.823815 0.00624537 2.8307s
1217 0.850362 0.812739 0.00801814 2.8402s
1218 0.850362 0.822723 0.00573627 2.84024s
1219 0.850362 0.807014 0.0100242 2.78709s
1220 0.850364 0.824574 0.00549276 2.83229s
1221 0.850364 0.697694 0.0142726 2.80663s
1222 0.850364 0.701294 0.0122349 2.79368s
1223 0.850364 0.694407 0.0125543 2.90118s
1224 0.850364 0.696391 0.0113424 2.83773s
1225 0.850364 0.691636 0.0118334 2.88183s
1226 0.850364 0.6955 0.0111893 2.80061s
1227 0.850364 0.692044 0.0110287 2.8401s
1228 0.850364 0.694959 0.0102985 2.85703s
1229 0.850364 0.691387 0.0109992 3.4326s
1230 0.850364 0.695643 0.0101837 2.82977s
1231 0.850364 0.807615 0.00748622 2.82516s
1232 0.850364 0.830328 0.00405255 2.80804s
1233 0.850364 0.826128 0.00592528 2.84399s
1234 0.850364 0.806715 0.00919632 2.86361s
1235 0.850364 0.831456 0.00394548 2.87617s
1236 0.850364 0.825693 0.00574536 2.78725s
1237 0.850364 0.823628 0.00603221 2.8629s
1238 0.850364 0.838096 0.00252916 2.79904s
1239 0.850364 0.820369 0.00670319 2.78632s
1240 0.850364 0.815102 0.00773761 2.78704s
1241 0.850364 0.700423 0.0134346 2.83298s
1242 0.850364 0.697762 0.0130858 2.81162s
1243 0.850364 0.685585 0.0154068 2.89204s
1244 0.850364 0.692455 0.0134883 2.79291s
1245 0.850364 0.698667 0.0116358 2.85505s
1246 0.850364 0.696255 0.0108089 2.85474s
1247 0.850364 0.685851 0.0123089 2.8204s
1248 0.850364 0.685943 0.0118183 2.84248s
1249 0.850364 0.68835 0.0113733 2.78363s
1250 0.850364 0.679666 0.0121776 2.80183s
1251 0.850364 0.804972 0.00743129 2.79928s
1252 0.850364 0.821968 0.00585143 2.86883s
1253 0.850364 0.808144 0.00935834 2.78956s
1254 0.850364 0.839639 0.0022583 2.81957s
1255 0.850364 0.829456 0.00483336 2.79527s
1256 0.850364 0.841129 0.00185656 2.85056s
1257 0.850364 0.822584 0.0065693 2.79063s
1258 0.850364 0.839773 0.0020434 2.83247s
1259 0.850364 0.83873 0.0026348 2.77675s
1260 0.850364 0.821513 0.0066883 2.84471s
1261 0.850364 0.698971 0.0137921 2.78258s
1262 0.850364 0.698501 0.0129282 2.86969s
1263 0.850364 0.693048 0.0136254 2.78346s
1264 0.850364 0.701834 0.0110855 2.87505s
1265 0.850364 0.687757 0.0131559 2.78732s
1266 0.850364 0.696697 0.0111609 2.78504s
1267 0.850364 0.694582 0.0116361 2.96015s
1268 0.850364 0.686967 0.0125979 2.76801s
1269 0.850364 0.687579 0.0121173 2.76965s
1270 0.850364 0.690653 0.010836 2.8374s
1271 0.850364 0.826126 0.00319176 2.82706s
1272 0.850364 0.841755 0.00174906 2.77353s
1273 0.850364 0.823917 0.00542255 2.84424s
1274 0.850364 0.834701 0.00343653 2.77205s
1275 0.85037 0.817624 0.00745025 2.79095s
1276 0.85037 0.834686 0.00341252 2.85501s
1277 0.85037 0.830336 0.00472934 2.78871s
1278 0.85037 0.827013 0.00491072 2.8587s
1279 0.85037 0.82377 0.00597686 2.88357s
1280 0.85037 0.829017 0.00478708 2.7916s
1281 0.85037 0.703317 0.0129728 2.88004s
1282 0.85037 0.692806 0.0137479 2.82118s
1283 0.85037 0.694803 0.0121708 2.84639s
1284 0.85037 0.688344 0.0130579 2.80332s
1285 0.85037 0.692441 0.0113305 2.86939s
1286 0.85037 0.68746 0.0120373 2.79347s
1287 0.85037 0.691112 0.0112691 2.80823s
1288 0.85037 0.694248 0.01065 2.91552s
1289 0.85037 0.699172 0.00983221 2.82607s
1290 0.85037 0.690131 0.0112324 2.83045s
1291 0.85037 0.821105 0.00409554 2.81543s
1292 0.85037 0.841279 0.0021889 2.86624s
1293 0.85037 0.81964 0.00695037 2.8225s
1294 0.85037 0.830854 0.00440183 2.84962s
1295 0.85037 0.830259 0.00455252 2.81161s
1296 0.85037 0.830595 0.00449062 2.79919s
1297 0.85037 0.823487 0.00667385 2.83734s
1298 0.85037 0.820814 0.00699781 2.83547s
1299 0.85037 0.816998 0.00779837 2.86054s
1300 0.85037 0.824196 0.00608067 2.78943s
1301 0.85037 0.693299 0.0148696 2.891s
1302 0.85037 0.68768 0.0142436 2.79473s
1303 0.85037 0.69417 0.0124989 2.80745s
1304 0.85037 0.699458 0.0115151 2.88552s
1305 0.85037 0.695691 0.011295 2.78648s
1306 0.85037 0.684903 0.0120703 2.85779s
1307 0.85037 0.694237 0.0100345 2.80191s
1308 0.85037 0.691363 0.0106831 2.8572s
1309 0.85037 0.687309 0.0112149 2.84282s
1310 0.85037 0.695275 0.00915616 3.82345s
1311 0.85037 0.800653 0.00754966 2.88629s
1312 0.85037 0.832011 0.00402216 2.81124s
1313 0.85037 0.824422 0.00629685 2.84236s
1314 0.85037 0.829717 0.00481369 2.94669s
1315 0.85037 0.830705 0.00489159 2.83122s
1316 0.85037 0.828315 0.00487251 2.80712s
1317 0.85037 0.831623 0.00402557 2.83351s
1318 0.85037 0.833284 0.00370891 2.82639s
1319 0.85037 0.830524 0.00450652 2.7913s
1320 0.85037 0.825005 0.0061201 2.85685s
1321 0.85037 0.704543 0.0131551 2.86139s
1322 0.85037 0.692132 0.0142478 2.85366s
1323 0.85037 0.690623 0.0136033 2.85674s
1324 0.85037 0.698755 0.0118678 2.82443s
1325 0.85037 0.68261 0.014092 2.83347s
1326 0.85037 0.698933 0.0106608 2.79693s
1327 0.85037 0.693444 0.0111167 2.85094s
1328 0.85037 0.684606 0.0120037 2.82973s
1329 0.85037 0.688256 0.0110567 2.81699s
1330 0.85037 0.680547 0.0127794 2.78618s
1331 0.85037 0.806854 0.0067564 2.85659s
1332 0.85037 0.836587 0.00267984 2.87651s
1333 0.85037 0.83806 0.00260691 2.83846s
1334 0.85037 0.833049 0.00401639 2.78362s
1335 0.85037 0.811662 0.00856496 2.79196s
1336 0.85037 0.835973 0.00292182 2.8742s
1337 0.85037 0.822151 0.00691082 2.79233s
1338 0.85037 0.829895 0.00442412 2.81735s
1339 0.85037 0.82199 0.00582083 2.7899s
1340 0.85037 0.840958 0.00161031 2.85369s
1341 0.85037 0.698221 0.0145287 2.78967s
1342 0.85037 0.693861 0.0129938 2.87131s
1343 0.85037 0.686314 0.0127495 2.89861s
1344 0.85037 0.68729 0.0117551 2.82829s
1345 0.85037 0.6906 0.0103987 2.78757s
1346 0.85037 0.690158 0.0107743 2.79128s
1347 0.85037 0.680848 0.0117516 2.80385s
1348 0.85037 0.679437 0.0117381 2.82687s
1349 0.85037 0.692094 0.00958548 2.85229s
1350 0.85037 0.679259 0.0108658 2.79874s
1351 0.85037 0.80391 0.00745366 2.87233s
1352 0.85037 0.823212 0.00593084 2.84338s
1353 0.85037 0.841365 0.00200772 2.83499s
1354 0.85037 0.827841 0.00497239 2.80684s
1355 0.85037 0.834733 0.00308161 2.78411s
1356 0.85037 0.829324 0.00519938 2.79265s
1357 0.85037 0.838672 0.00247655 2.79973s
1358 0.85037 0.833253 0.00334539 2.78411s
1359 0.85037 0.827046 0.00507983 2.96354s
1360 0.85037 0.832155 0.0036877 2.82558s
1361 0.85037 0.707813 0.0122429 2.83395s
1362 0.85037 0.693502 0.0129336 2.84537s
1363 0.85037 0.699322 0.0117484 2.85925s
1364 0.85037 0.686825 0.0140719 2.86254s
1365 0.85037 0.687572 0.0138149 2.78719s
1366 0.85037 0.696031 0.01158 2.88293s
1367 0.85037 0.705534 0.0101985 2.8419s
1368 0.85037 0.691208 0.0125366 2.87297s
1369 0.85037 0.695271 0.0119635 2.77559s
1370 0.85037 0.69339 0.0123103 2.82088s
1371 0.85037 0.803917 0.00866148 2.83576s
1372 0.85037 0.829267 0.00465013 2.78566s
1373 0.85037 0.837114 0.00267958 2.80546s
1374 0.85037 0.84159 0.00196278 2.83098s
1375 0.85037 0.832949 0.00395336 2.79452s
1376 0.85037 0.842277 0.0016304 2.84917s
1377 0.85037 0.839991 0.00217794 2.79645s
1378 0.85037 0.82104 0.00639417 2.84325s
1379 0.85037 0.841642 0.00167128 2.82736s
1380 0.85037 0.837912 0.00236651 2.82337s
1381 0.85037 0.69722 0.014373 2.82576s
1382 0.85037 0.691444 0.0139839 2.79237s
1383 0.85037 0.688365 0.0134955 2.90219s
1384 0.85037 0.692735 0.0117822 2.78102s
1385 0.85037 0.685835 0.0132823 2.79942s
1386 0.85037 0.693928 0.0114206 2.79437s
1387 0.85037 0.697616 0.00997103 2.80547s
1388 0.85037 0.693351 0.0103988 2.85017s
1389 0.85037 0.694018 0.00999213 2.86051s
1390 0.85037 0.69404 0.0102796 2.86112s
1391 0.85037 0.809548 0.00601683 2.82658s
1392 0.85037 0.826419 0.00513468 2.85947s
1393 0.85037 0.833749 0.00394402 2.83621s
1394 0.85037 0.839304 0.00265943 2.868s
1395 0.85037 0.832404 0.00363191 2.81742s
1396 0.85037 0.826949 0.00494622 2.88227s
1397 0.85037 0.810339 0.00910079 2.78639s
1398 0.85037 0.825671 0.00520759 2.84414s
1399 0.85037 0.831388 0.00405018 2.80417s
1400 0.85037 0.827212 0.00443419 2.84582s
1401 0.85037 0.700479 0.0134157 2.82936s
1402 0.85037 0.693218 0.0135111 2.84585s
1403 0.85037 0.697493 0.0121343 2.79744s
1404 0.85037 0.69577 0.0124798 2.88912s
1405 0.85037 0.689869 0.0117273 2.79005s
1406 0.85037 0.692238 0.0113941 2.82445s
1407 0.85037 0.699833 0.00980661 2.85835s
1408 0.85037 0.683307 0.0122142 2.80017s
1409 0.85037 0.693652 0.0103988 2.8715s
1410 0.85037 0.690207 0.0104506 2.79714s
1411 0.85037 0.825015 0.00403722 2.84171s
1412 0.85037 0.839479 0.00227847 2.85754s
1413 0.85037 0.844114 0.00124511 2.8525s
1414 0.85037 0.82828 0.00497759 2.87843s
1415 0.85037 0.828875 0.00444413 2.78304s
1416 0.85037 0.824079 0.00524632 2.86873s
1417 0.85037 0.833947 0.00348311 2.79654s
1418 0.85037 0.835753 0.00308839 2.85361s
1419 0.85037 0.820614 0.00665629 2.77397s
1420 0.85037 0.828994 0.00449286 2.85423s
1421 0.85037 0.708941 0.0131775 2.84784s
1422 0.85037 0.6987 0.0127345 2.84825s
1423 0.85037 0.695614 0.0125151 2.83411s
1424 0.85037 0.693745 0.0121855 2.80662s
1425 0.85037 0.696872 0.0120562 2.82525s
1426 0.85037 0.698061 0.0112242 2.79274s
1427 0.85037 0.689411 0.0121876 2.86781s
1428 0.85037 0.678234 0.0137048 2.81287s
1429 0.85037 0.68138 0.012752 2.82019s
1430 0.85037 0.682339 0.0122255 2.84466s
1431 0.85037 0.803958 0.00786517 2.78524s
1432 0.85037 0.832898 0.00406676 2.86986s
1433 0.85037 0.840744 0.00184831 2.80101s
1434 0.85037 0.824862 0.00552554 2.79599s
1435 0.85037 0.837306 0.00281398 2.84756s
1436 0.85037 0.821365 0.00596454 2.80185s
1437 0.85037 0.83628 0.00319451 2.87654s
1438 0.85037 0.82343 0.00638902 2.79604s
1439 0.85037 0.832486 0.00400097 2.85864s
1440 0.85037 0.83542 0.00359332 2.79124s
1441 0.85037 0.70491 0.0128306 2.86809s
1442 0.85037 0.687274 0.0141856 2.81544s
1443 0.85037 0.695072 0.0121031 2.86152s
1444 0.85037 0.693766 0.0119063 2.82566s
1445 0.85037 0.692822 0.0118542 2.87714s
1446 0.85037 0.692216 0.0109809 2.78539s
1447 0.85037 0.678644 0.0137373 2.87096s
1448 0.85037 0.690548 0.0109854 2.81258s
1449 0.85037 0.687132 0.0114683 2.81834s
1450 0.85037 0.68933 0.0109286 2.8737s
1451 0.85037 0.835715 0.00158131 2.83834s
1452 0.85037 0.823274 0.0059693 2.80805s
1453 0.85037 0.81168 0.00885644 2.84221s
1454 0.85037 0.821686 0.00607311 2.7726s
1455 0.85037 0.8282 0.00490545 2.7801s
1456 0.85037 0.844598 0.00121381 2.87842s
1457 0.85037 0.833933 0.00382314 2.83743s
1458 0.85037 0.837258 0.00305555 2.79794s
1459 0.85037 0.83479 0.00361729 2.86929s
1460 0.85037 0.827477 0.00537269 2.83353s
1461 0.85037 0.708866 0.0118154 2.82692s
1462 0.85037 0.703187 0.0128181 2.80248s
1463 0.85037 0.688955 0.01449 2.82845s
1464 0.85037 0.687829 0.0138393 2.86049s
1465 0.85037 0.696894 0.0109548 2.77107s
1466 0.85037 0.691065 0.0120002 2.91371s
1467 0.85037 0.687165 0.0120166 2.7829s
1468 0.85037 0.690883 0.0106939 2.84855s
1469 0.85037 0.679126 0.0125535 2.85955s
1470 0.85037 0.685927 0.0105114 2.80452s
1471 0.85037 0.82192 0.00387592 2.87951s
1472 0.85037 0.835953 0.00314689 2.83133s
1473 0.85037 0.832029 0.00409904 2.82276s
1474 0.85037 0.82527 0.0051659 2.78567s
1475 0.85037 0.825966 0.00533655 2.82117s
1476 0.85037 0.823702 0.00572071 2.78581s
1477 0.85037 0.830292 0.00452634 2.77115s
1478 0.85037 0.835325 0.00347804 2.83413s
1479 0.85037 0.825872 0.00566841 2.88745s
1480 0.85037 0.839575 0.00240614 2.80598s
1481 0.85037 0.699637 0.0137917 2.83271s
1482 0.85037 0.687811 0.0141605 2.79856s
1483 0.85037 0.693784 0.0125037 2.90288s
1484 0.85037 0.695073 0.0123634 2.80274s
1485 0.85037 0.695036 0.0115441 2.82927s
1486 0.85037 0.691663 0.0116015 2.8017s
1487 0.85037 0.698579 0.0105311 2.87213s
1488 0.85037 0.690928 0.0114318 2.81626s
1489 0.85037 0.694 0.0108517 2.78767s
1490 0.85037 0.685306 0.0118673 2.88381s
1491 0.85037 0.811006 0.00616314 2.82113s
1492 0.85037 0.831089 0.00443315 2.79305s
1493 0.85037 0.839005 0.00232965 2.82866s
1494 0.85037 0.827168 0.00533079 2.81552s
1495 0.85037 0.831116 0.00407338 2.80072s
1496 0.85037 0.828163 0.0052873 2.8728s
1497 0.85037 0.830385 0.00472815 2.81543s
1498 0.85037 0.836426 0.00262406 2.77577s
1499 0.85037 0.834325 0.00346295 2.79513s
1500 0.85037 0.832284 0.00389778 2.94635s
