336  51
336  83
349  6
349  39
353  62
360  76
363  80
380  83
390  29
404  87
406  51
413  12
414  83
415  42
419  80
420  86
428  87
437  39
439  6
444  83
445  62
450  12
451  87
457  86
461  66
463  42
463  80
464  76
470  32
470  57
471  51
473  83
473  87
475  66
476  23
482  75
483  89
488  32
491  66
493  86
495  87
496  45
496  57
501  60
505  21
505  58
508  85
508  94
509  32
509  66
510  45
510  52
511  89
516  87
526  57
527  61
528  86
530  66
536  32
536  87
537  23
538  83
539  12
541  42
543  89
545  80
554  39
555  6
555  51
555  83
556  87
559  62
560  86
566  12
567  29
569  80
570  76
573  83
576  87
591  83
592  51
594  80
595  39
598  6
608  62
610  83
698  83
703  80
709  51
710  83
714  87
715  76
716  6
716  39
717  12
720  62
720  80
721  86
722  83
725  23
725  29
725  87
728  42
730  51
731  66
732  12
734  83
736  87
737  57
737  80
738  32
738  86
740  45
741  66
742  89
743  12
743  23
743  39
744  6
744  76
745  21
745  58
746  83
746  85
746  94
747  87
748  11
748  61
748  68
750  45
750  57
751  32
751  62
752  23
752  42
752  66
753  34
754  12
754  80
755  21
755  51
755  58
755  86
756  11
756  68
757  47
757  85
757  94
758  83
758  87
759  22
759  89
760  45
761  23
761  34
762  60
764  66
764  75
764  90
765  11
765  57
765  68
766  12
766  21
766  32
766  58
767  47
768  85
768  94
769  29
770  13
770  34
770  83
770  87
771  22
771  23
771  45
771  52
771  56
771  80
772  19
772  86
774  11
774  68
776  18
776  27
776  39
777  13
777  47
777  66
777  89
777  92
778  21
778  56
778  58
778  61
779  12
779  34
779  94
780  37
780  85
780  90
781  6
782  23
782  32
782  57
782  67
782  83
782  87
782  93
783  45
783  51
784  11
784  22
784  42
784  68
785  13
785  56
787  92
788  47
788  80
789  34
789  67
789  76
789  86
790  18
791  28
791  66
791  94
791  96
792  21
792  40
792  58
792  85
793  12
793  13
793  17
793  23
793  37
793  56
793  62
793  73
794  83
794  87
795  3
795  11
795  68
795  89
795  99
796  22
796  45
796  67
796  93
797  61
797  90
797  92
798  4
798  50
800  34
800  47
800  57
801  28
801  56
801  96
802  13
802  32
803  19
803  94
804  40
804  67
804  85
805  17
805  23
805  73
805  80
806  18
806  87
807  11
807  66
807  68
807  83
807  86
807  92
808  21
808  37
808  58
808  99
809  3
809  12
809  22
810  56
811  45
811  93
811  96
812  13
812  28
813  34
813  67
814  47
814  89
814  90
815  94
816  39
816  85
817  40
817  50
817  92
818  87
819  23
819  27
819  51
819  73
820  17
820  56
820  60
820  83
821  11
821  68
821  96
822  67
822  99
823  13
823  61
823  80
824  22
824  28
825  57
826  3
826  18
826  66
826  86
827  37
827  58
827  93
828  12
828  21
828  32
828  34
828  92
828  94
829  45
829  85
830  56
830  87
831  42
831  47
832  67
832  96
833  6
833  40
833  83
833  90
