79
17
31
2
43
12
42
52
80
25
75
45
16
58
63
52
1
19
17
42
71
20
76
72
27
19
3
29
39
12
18
84
8
52
10
14
37
35
11
51
76
102
8
70
7
30
62
56
66
84
18
24
31
25
16
11
10
75
49
86
84
48
11
73
19
55
89
20
69
54
70
29
41
9
60
59
39
28
95
8
28
55
16
32
12
66
64
4
47
43
38
52
22
56
10
11
77
37
29
40
11
43
36
83
75
99
59
32
56
97
49
14
73
40
69
87
72
25
31
29
52
96
74
79
33
4
54
90
77
44
15
71
91
68
59
64
81
4
38
83
4
75
76
10
81
60
44
18
96
77
51
31
38
24
0
78
62
99
33
29
29
32
70
39
36
20
67
44
27
58
31
55
72
20
73
25
62
11
93
6
73
83
97
21
16
48
64
93
25
26
35
92
37
95
64
30
94
89
0
14
1
7
36
51
9
4
88
90
73
17
55
58
33
41
98
69
60
52
78
80
18
94
90
60
27
2
77
45
25
55
78
99
60
79
33
5
93
19
2
42
29
1
73
82
34
52
5
58
59
41
53
41
19
63
89
68
74
15
78
11
21
27
68
8
51
43
33
11
9
98
93
41
47
56
92
18
86
8
11
58
86
77
58
67
20
55
61
17
45
75
5
83
13
7
86
14
32
12
77
72
33
25
12
5
18
63
92
45
57
53
37
89
22
56
26
75
14
98
83
78
56
21
91
92
48
20
30
93
7
74
77
17
57
18
43
47
69
27
24
15
15
72
0
12
36
22
69
6
76
37
34
60
61
73
76
11
24
67
46
85
25
27
79
7
82
55
69
28
21
59
14
31
79
64
46
11
54
7
8
71
70
34
3
99
45
68
9
4
92
88
80
68
96
74
21
23
49
70
19
88
28
46
39
35
72
70
31
16
69
27
74
8
58
48
17
34
49
7
59
11
8
73
42
54
48
72
50
6
14
2
10
22
23
71
77
20
5
11
32
63
42
41
9
43
63
49
45
79
55
35
7
40
11
62
1
60
41
74
25
28
4
42
30
35
33
17
41
31
48
10
42
12
32
21
65
22
49
39
36
34
4
61
16
12
72
8
36
44
51
74
25
63
73
15
17
13
74
64
49
34
92
27
10
70
42
33
95
47
98
82
51
9
10
55
6
43
52
33
82
21
76
51
30
8
59
69
36
24
9
61
9
12
34
60
49
18
43
3
76
74
47
28
2
8
31
0
52
66
58
5
3.03936
2.67149
9.60422
1.2168
3.60197
4.33652
1.51809
4.12854
5.36949
9.34853
2.10309
1.69442
9.90036
7.29754
0.850392
0.0018743
0.82894
7.07481
7.61256e-06
5.1597
9.99999
9.99977
7.04086
6.96766
4.77518
2.95056
4.46644
10
2.34277
5.63207
7.29124
4.92858e-05
4.24259
9.96681
0.983581
2.26727
8.42038
0.0117702
6.46612
8.61792
3.49909
5.49608
7.24723
1.16629
2.62781
2.08315
0.690382
1.25095
5.61754
9.7355
7.65727
0.810846
6.79645
9.19816
7.02345
3.09647
4.32211
0.463955
6.23925
8.44833
0.936831
9.15939
3.36448
3.26642
3.4155e-05
8.7378
4.08696
6.05758
1.70313
9.49847
2.33309
0.601513
7.84302
1.93764
5.97094
7.13594
9.33126
5.09737
2.33939
5.71645
4.37754
7.98727
5.14686
0.496198
1.26062
0.811493
2.74375
3.6036
8.60907
0.798757
3.00212
9.99975
9.94526
3.43296
9.98311
9.99993
3.34045
0.810186
9.99939
5.25135
0.701378
0.787336
2.53164
6.50815
1.79101
9.29951
10
2.55549
1.54504
9.99951
3.3567
7.82246
3.20607
5.99081
0.060431
5.87821
8.39381
0
0
0.504405
1.37014
4.94491
9.26872
9.85318
5.70648
0.000659169
3.17055
3.20544
6.50205
3.77847e-05
0.953361
6.00096
9.0383
8.98566
3.15403
6.45467
1.63056
0.403355
2.79125
0.907844
2.0252
7.95631
8.96752
7.9731
7.55066
2.76008
9.00154
8.52089
7.47372
2.03346
1.31725
0.977099
5.58627
5.74056
4.20595
6.50845
8.21761
6.49145
9.16958
4.58978
5.83274
2.34636
0.235516
5.5215
6.6414
6.11195
9.40527
2.61056
6.52837
1.08871
2.13812
0.715621
7.79883
6.33871
4.84715
1.93894
6.68924
9.16934
7.75333
4.08669
9.00726
2.11193
5.13447
8.40391
9.68877
0.910173
4.98862
7.77
0.521292
4.07364
8.76136
7.26149
9.90908
3.15621
9.18951
2.28333
8.65459
4.10627
9.22114
3.39966
9.50394
6.03392
8.32562
0.000200919
0
4.87144
5.83106
8.64522
0.149855
7.48268
8.35516
4.78577
5.99045
3.27958
7.30003
3.32396
6.32682
4.72211
3.53155
7.23864
8.16092
5.89335
8.94409
5.91525
5.259
4.72957
5.67666
6.35132
6.11353
2.19758
8.55312
8.68293
0
4.93492
7.31061
4.96412
8.04183
8.75353
6.64397
7.52025
6.93177
9.99996
1.85842
5.2063
0.286604
4.11681
1.54209
5.28758
0.607863
6.05964
0.588739
7.7703
1.98416
8.09384
2.84877
6.72652
9.33135
2.77207
0.405634
2.72534
2.35842
3.68096
5.01859
6.88822
7.31052
6.51508
6.35618
1.54332e-05
7.89883
3.69649
4.98705
7.02487
6.31012
2.87714
5.33352
6.65241
9.11741
3.0312
3.50518
2.24169
2.90131
0.760749
6.69049
9.56201
6.38683
9.04959
4.25227
9.81542
1.5608
9.21952
4.17955
6.06339
9.82217
6.62609
4.82397
5.43918
5.82935
7.5748
8.02015
5.97653
7.6284
4.13137
4.40611
1.105
5.86628
1.04434
0.0206508
1.02702
1.98431
2.98371
9.22212
2.80367
2.50633
1.12886
1.72925
2.34167
9.99992
9.19123
2.35814
2.03889
8.64002
2.69177
4.0186
9.09039
7.85791
7.84211
3.96798
1.79641
5.91807
10
4.42531
1.06628
5.79993
6.64063
8.2667
4.53556
3.13363
1.31562
0.000104325
8.76886
0.160305
2.17299
2.98674
7.06763
9.32682
2.80359
9.81285
2.78828
7.01709
5.82066
4.67319
7.27398
2.05472
7.44798
0.0266503
9.42283
9.93396
6.34595
2.56438
9.24572
1.0585
3.39086
2.58793
3.11388
8.49225
8.42977
1.4705
0.374215
5.0432
5.31045
4.64847
7.87799
4.33502
2.60269
6.25022
3.85516
2.64007
9.99976
5.91333
8.97652
0.975461
8.2991
3.65664
5.08928
1.59095
3.36796
0.15519
1.77215
8.05053
4.62655
4.21686
8.20849
1.68876
0.57374
7.76633
5.9548
5.33978
6.20967
7.61228
8.09474
4.06324
8.86574
2.06169
9.68434
6.48529
2.22144
8.95571
9.06222
6.34932
8.49132
6.65734
10
1.16211
3.81565
0.0714093
4.01438
4.48929
9.34311
0
5.00486
3.91376
7.14609
7.44278
3.29754
4.86065
5.49306
7.06182
3.03327
7.20821
1.82121
8.71978
0.97785
0.587334
5.16302
1.82409
1.8824
2.70577
4.03428
0.53339
6.50045
6.41947
0.00054063
3.89081
4.88439
7.12984
4.81035
0.230962
8.20889
7.74011
2.97663
0.0874023
0.240518
0.999975
0.811971
8.74023
0.962073
499.994
230
