13  9
13  70
26  27
26  28
26  51
26  52
29  9
29  70
30  33
30  46
31  36
31  43
36  30
36  49
37  10
37  32
37  47
37  69
38  84
38  95
40  82
40  97
46  55
48  9
48  24
50  70
53  37
53  42
55  81
55  98
60  21
69  51
69  58
70  20
70  59
71  9
71  52
73  60
74  19
75  33
80  70
86  27
91  28
98  84
98  95
99  9
100  43
102  82
102  97
117  87
119  92
134  9
137  33
142  51
152  70
161  3
161  76
172  46
173  9
174  52
180  55
184  21
189  81
190  84
190  95
190  98
193  33
203  97
205  82
212  51
213  9
218  36
222  43
225  10
245  33
251  9
267  52
279  51
283  21
287  9
287  84
288  95
290  70
293  33
298  30
299  51
301  9
301  55
301  69
303  97
306  36
307  82
308  8
310  59
314  24
315  30
316  9
316  51
321  43
322  76
324  69
327  36
327  61
332  9
335  51
337  30
337  33
340  59
346  52
349  9
349  98
350  8
352  47
353  81
355  36
355  82
355  95
356  27
356  51
356  69
356  70
361  24
361  42
362  92
364  49
365  47
365  98
366  21
366  30
366  33
367  9
367  82
367  95
369  70
370  27
371  32
376  76
377  10
380  51
384  84
386  9
391  59
394  36
401  55
403  69
404  28
404  30
405  9
405  51
407  97
408  82
408  95
410  43
411  33
411  92
411  98
413  70
415  27
415  47
416  42
420  82
420  95
425  9
425  52
426  98
427  70
431  27
431  47
431  51
431  92
432  82
432  95
434  33
438  42
444  36
445  9
446  87
449  21
455  30
456  8
458  51
459  9
461  98
468  9
468  19
468  60
471  69
472  59
473  70
477  9
478  30
478  76
480  24
481  84
483  61
485  19
485  60
488  70
490  49
493  36
497  28
497  70
499  20
499  43
500  71
501  49
502  10
503  3
503  12
505  30
507  19
507  60
507  67
507  70
510  28
510  97
511  18
513  49
516  20
517  70
517  81
518  43
521  10
524  9
524  28
524  71
525  3
525  70
527  49
528  46
530  69
531  70
532  36
533  28
534  58
537  19
537  20
537  60
538  46
538  70
541  43
542  24
542  49
543  28
545  10
545  70
546  55
549  46
550  58
552  70
553  28
557  84
558  3
558  34
558  45
558  97
559  27
559  46
559  70
560  32
560  37
560  49
561  81
562  71
564  28
565  52
565  87
566  20
566  84
567  97
569  18
569  43
569  46
569  58
570  32
571  70
572  37
573  81
575  84
576  28
576  97
577  52
578  10
580  46
580  87
581  32
584  84
585  81
586  37
586  97
589  28
589  70
591  52
592  46
593  32
593  84
594  58
595  95
596  82
596  87
596  97
597  81
598  27
601  9
602  70
602  84
603  28
603  37
605  46
605  49
606  43
606  52
606  97
607  32
608  20
609  81
610  70
611  9
611  24
611  84
613  87
616  97
618  3
618  28
618  70
619  46
621  9
621  81
621  84
622  32
623  37
623  52
625  10
625  49
626  70
626  97
628  9
630  58
631  36
631  87
633  69
634  19
634  28
634  60
634  70
635  24
635  84
637  30
638  46
639  71
641  9
642  36
642  70
644  43
645  51
646  55
646  59
648  9
648  49
652  27
652  30
652  33
652  76
653  69
654  8
654  51
654  70
655  9
655  82
655  95
656  10
657  43
657  98
660  21
660  47
660  81
660  92
661  33
662  9
662  55
663  82
663  95
664  27
664  42
664  51
665  36
666  19
666  60
667  98
669  59
670  30
670  47
671  33
671  95
672  9
672  82
674  92
675  51
677  42
677  98
678  27
679  95
680  21
681  47
681  82
682  33
687  95
687  98
688  92
690  82
693  42
693  47
694  27
694  61
695  95
698  98
699  82
704  92
718  95
833  97
