8  17
8  62
11  88
11  91
12  85
12  94
14  12
14  67
15  15
15  24
15  30
15  49
15  55
15  64
16  5
16  11
16  68
16  74
17  17
17  62
18  1
18  21
18  58
18  78
19  8
19  28
19  51
19  71
21  23
21  56
22  36
22  43
22  88
22  91
25  85
25  94
26  35
26  44
27  17
27  62
30  12
30  67
31  14
31  33
31  46
31  65
32  24
32  55
33  15
33  30
33  49
33  64
33  88
33  91
35  11
35  68
35  74
36  5
36  18
36  61
36  86
36  93
37  17
38  62
38  85
38  94
39  29
39  50
41  21
41  58
42  8
42  82
42  97
43  1
43  71
43  78
44  88
45  91
46  27
46  52
47  28
47  51
48  17
49  84
49  95
50  62
51  12
51  67
52  85
52  94
53  23
53  56
56  49
56  88
57  24
57  55
57  91
58  36
58  43
59  15
59  30
59  64
59  74
61  17
64  11
64  62
64  68
66  5
66  85
66  94
68  88
70  91
73  32
73  47
75  17
79  8
79  35
80  62
80  86
80  88
81  85
81  94
83  44
83  91
84  12
84  21
84  58
84  67
87  49
89  93
91  17
92  88
93  1
93  78
94  74
96  85
96  91
96  94
98  71
99  62
100  55
103  24
104  88
107  15
107  17
110  91
111  30
111  64
111  94
112  85
116  68
116  88
117  28
118  14
119  97
120  82
124  62
124  91
126  94
128  17
128  85
128  86
128  88
129  49
132  51
137  11
138  91
139  95
140  88
142  94
143  74
144  8
144  85
152  5
152  88
152  91
153  17
158  94
160  62
161  85
162  84
164  88
166  91
171  93
174  67
174  86
174  94
175  12
176  88
178  85
179  49
181  17
181  91
188  88
190  94
195  85
196  91
197  74
200  88
204  23
205  56
206  94
210  17
211  91
212  62
212  85
212  88
216  8
217  86
222  33
222  94
224  46
224  88
226  85
226  91
228  49
235  88
236  12
237  85
238  36
238  94
239  82
240  64
241  17
241  55
241  91
243  24
246  88
247  74
247  95
248  85
251  18
252  97
253  65
254  12
254  94
256  86
256  91
257  88
259  85
260  15
261  93
265  21
266  30
266  84
267  14
268  36
268  58
268  88
269  49
269  85
270  94
271  17
271  43
271  91
274  12
275  62
275  82
276  33
278  8
279  85
279  88
280  64
286  91
286  94
289  85
290  88
292  1
292  86
293  78
294  74
296  68
298  12
298  35
299  85
301  88
301  91
302  17
302  94
309  11
309  85
311  49
312  88
313  82
316  91
317  71
318  67
318  94
319  85
322  36
323  84
323  88
326  62
326  91
327  12
329  85
330  18
332  86
333  5
333  88
335  23
335  56
336  91
336  94
338  44
339  85
339  95
342  62
343  88
345  17
346  64
346  91
349  85
350  24
351  55
353  88
354  82
354  93
354  94
356  61
356  91
357  12
358  23
358  56
359  85
360  62
361  28
363  88
366  91
369  35
369  85
372  94
373  88
375  51
375  97
376  91
377  44
379  85
380  62
381  88
382  17
382  84
386  91
388  85
388  88
388  94
389  23
389  56
390  33
390  36
391  12
393  17
393  82
395  88
395  91
397  85
402  74
402  88
403  49
403  62
403  86
403  94
404  91
405  8
405  17
406  85
409  88
413  55
413  91
415  24
415  85
416  88
418  17
418  94
419  35
422  64
423  30
423  91
424  74
424  85
424  88
425  12
425  15
425  49
426  14
428  86
431  8
431  82
433  85
433  88
433  94
434  29
436  91
437  95
438  84
440  88
441  17
442  85
445  91
446  62
447  88
447  93
448  94
450  49
451  74
451  85
454  86
454  91
455  88
458  12
458  17
460  85
461  50
461  67
462  94
463  56
463  91
464  23
465  21
465  36
465  88
467  18
468  58
468  68
468  82
469  62
469  85
470  94
471  67
472  43
472  91
474  88
476  97
478  46
478  85
478  94
480  15
481  11
481  91
482  67
483  88
484  44
486  94
487  91
488  62
490  5
490  43
490  61
491  30
492  71
492  88
493  84
493  95
494  67
494  91
494  94
497  85
498  62
499  93
500  97
501  5
501  88
501  91
502  30
502  56
502  94
503  23
503  65
504  46
505  1
506  15
506  71
506  78
507  67
508  62
508  91
510  88
510  94
512  43
513  5
514  85
514  91
515  30
518  55
518  94
519  24
519  44
519  62
519  88
519  93
520  91
522  67
522  71
525  97
526  91
526  94
527  5
528  88
529  30
530  62
530  65
530  85
532  91
533  61
534  94
536  95
537  88
538  67
538  91
541  71
541  93
542  43
542  62
542  94
543  5
544  15
544  91
545  30
545  85
546  88
548  35
548  46
550  94
551  91
552  85
553  56
553  97
555  23
555  88
556  67
558  17
558  94
560  62
560  85
560  91
561  88
564  12
566  84
567  17
567  88
568  85
568  94
569  82
569  91
570  86
573  64
573  88
574  17
574  49
575  74
576  8
576  85
578  28
578  55
578  68
578  91
579  12
579  33
579  36
580  21
580  88
580  95
581  1
582  17
584  85
585  27
585  94
588  68
589  14
589  49
589  86
589  88
590  74
591  28
591  55
592  15
592  17
592  21
592  82
592  85
593  8
594  1
595  12
597  50
598  88
599  32
599  68
600  85
601  64
601  91
601  94
603  17
604  18
605  21
605  28
605  49
605  55
606  84
607  74
607  88
608  1
608  85
609  36
609  86
612  68
613  51
614  8
614  12
615  15
615  17
615  27
615  33
616  85
616  88
616  94
617  82
621  21
621  55
621  91
622  28
624  49
624  85
624  88
625  1
625  17
626  14
626  68
628  74
628  93
629  86
629  91
630  88
631  94
632  17
632  85
634  50
634  52
635  12
635  55
636  88
637  91
638  94
639  8
639  85
640  21
641  15
641  17
642  64
642  88
643  82
644  91
645  94
645  95
646  49
646  85
647  84
648  11
648  88
649  28
650  62
650  67
650  86
650  91
652  35
652  94
653  85
654  97
655  23
655  24
655  36
655  56
655  74
656  62
656  88
656  91
657  30
657  58
658  5
658  12
659  11
659  94
660  71
660  78
660  93
662  43
662  62
662  85
662  91
663  44
663  51
663  64
663  67
664  24
664  88
666  94
667  58
668  91
669  11
669  30
669  62
671  5
671  78
673  29
673  65
673  94
675  24
675  51
675  97
676  46
676  47
676  71
676  91
677  67
679  58
679  61
679  62
679  85
679  88
679  93
680  11
680  95
682  94
683  30
683  52
683  78
684  91
685  5
685  84
687  64
688  24
689  51
690  62
692  11
692  58
692  91
695  71
695  82
696  85
697  78
698  93
700  29
700  30
700  91
701  5
701  62
701  88
702  94
703  24
705  11
705  51
706  58
707  65
708  91
709  94
711  85
712  62
713  78
714  91
716  64
716  88
716  94
717  30
717  67
718  24
718  71
718  93
719  5
719  62
719  91
719  97
720  11
722  85
723  58
723  88
723  94
724  43
724  51
724  91
725  47
726  62
728  52
728  85
728  88
729  91
729  94
730  64
731  17
731  78
732  24
732  67
733  88
734  62
734  85
734  91
734  95
735  94
736  30
737  15
737  17
737  84
738  12
738  23
738  56
738  88
739  86
739  93
740  55
741  44
741  68
741  85
741  97
742  49
742  82
742  91
743  1
743  94
744  17
744  88
745  21
745  74
746  8
746  35
748  28
751  85
753  68
754  88
755  55
760  15
760  86
765  1
766  94
767  91
775  88
779  85
788  91
792  94
794  88
802  85
807  91
812  88
814  94
823  85
825  91
829  88
