10  84
10  95
11  26
11  53
11  82
11  97
12  16
12  63
12  85
12  94
13  87
13  92
14  18
14  61
16  15
16  29
16  31
16  48
16  50
16  64
17  88
17  91
18  1
18  78
19  8
19  71
20  0
20  9
20  70
20  79
20  84
20  95
22  24
22  33
22  46
22  55
22  82
22  97
23  26
23  53
24  13
24  66
24  80
24  85
24  94
24  99
25  16
25  63
26  87
26  92
31  18
31  61
31  84
31  95
33  97
34  82
35  88
35  91
36  29
36  50
37  15
37  26
37  53
37  64
37  85
37  94
38  31
38  48
40  25
40  54
41  1
41  16
41  63
41  78
41  87
41  92
42  84
42  95
43  7
44  72
45  8
45  71
45  97
46  9
46  82
48  0
48  70
48  79
50  85
50  94
51  18
52  26
53  61
53  80
53  84
53  95
53  99
54  53
54  88
54  91
56  33
56  87
56  92
57  97
58  55
58  82
60  16
60  24
60  46
60  63
62  32
62  47
63  85
64  94
65  84
65  95
66  29
66  50
67  66
69  97
70  13
71  26
71  82
72  15
72  64
72  87
72  92
73  31
73  48
76  53
76  88
76  91
77  84
77  85
77  95
78  18
78  94
81  97
82  4
82  75
84  82
86  61
86  80
87  16
87  63
87  99
88  1
88  9
88  78
88  87
88  92
89  84
89  95
91  85
92  94
93  97
94  26
96  82
98  8
100  88
100  91
101  53
102  84
102  95
103  0
104  92
105  85
105  87
105  97
106  94
109  71
109  82
115  84
115  95
116  80
117  64
117  97
118  18
119  29
119  85
120  94
121  92
122  26
122  82
123  79
123  87
125  33
125  88
126  91
127  99
128  84
128  95
129  97
133  70
133  85
134  53
134  94
135  82
137  16
138  92
139  63
141  84
141  87
141  95
141  97
144  80
147  85
148  82
148  94
152  88
152  91
153  97
154  84
154  95
155  92
156  26
160  87
161  9
161  82
161  85
162  8
162  94
163  50
165  97
167  84
167  95
170  64
171  99
172  80
172  92
173  55
174  82
175  0
175  85
176  53
176  61
176  94
176  97
177  18
179  87
179  91
180  88
181  84
181  95
186  82
187  97
189  85
189  92
190  94
191  13
191  29
194  26
195  84
195  95
197  15
198  31
198  87
198  97
199  48
199  80
199  82
203  85
204  7
204  94
206  92
207  91
208  88
209  84
209  95
209  97
211  82
217  85
217  87
217  99
218  94
220  97
221  33
222  53
223  82
223  84
223  92
223  95
225  80
226  64
227  8
231  85
231  97
232  9
232  94
233  26
235  82
236  87
236  91
237  84
237  88
237  95
239  18
240  92
242  97
243  66
244  16
245  63
245  85
246  0
246  94
247  82
250  80
251  84
251  95
253  97
256  87
257  92
259  82
259  85
260  94
262  29
264  97
264  99
265  84
265  88
265  91
265  95
268  53
271  82
272  26
273  24
273  85
274  80
274  92
274  94
274  97
276  87
277  64
279  46
279  84
279  95
283  82
284  97
285  78
287  85
288  94
289  1
290  8
291  92
293  84
293  95
294  88
294  91
294  97
296  18
296  87
297  9
297  82
299  33
300  85
302  80
302  84
304  95
304  97
306  94
307  87
308  16
309  26
310  99
311  55
311  84
312  92
313  82
313  85
314  78
314  95
314  97
318  87
320  84
321  61
323  88
323  91
324  16
324  25
324  94
324  95
324  97
326  85
329  82
329  84
329  87
333  92
334  95
334  97
337  71
337  78
338  84
339  85
340  87
342  16
342  94
344  24
344  95
344  97
345  50
345  82
346  26
347  47
347  84
348  88
348  91
350  63
350  85
351  87
352  18
353  31
353  48
353  92
354  94
354  95
355  16
355  84
358  99
360  88
360  91
361  82
361  87
362  61
362  85
362  97
363  84
364  95
365  78
366  94
368  31
368  48
369  16
369  63
369  79
371  84
372  87
372  88
372  91
373  92
374  85
374  95
377  82
378  84
378  94
379  97
380  70
381  63
381  95
383  29
383  80
383  92
384  87
384  88
384  91
385  31
385  48
386  1
386  61
386  85
388  84
389  15
389  16
389  95
390  25
390  94
392  63
393  82
393  92
394  54
396  88
396  91
396  97
397  95
398  84
398  85
400  50
401  94
402  1
403  92
404  63
404  82
405  31
405  48
405  95
406  99
407  61
408  84
408  88
408  91
409  87
410  53
410  85
410  94
411  32
413  82
413  92
413  95
413  97
414  46
414  70
418  84
420  72
421  63
421  95
422  1
422  82
423  53
423  92
423  94
427  55
428  84
429  95
429  97
430  85
431  82
432  87
433  70
433  80
433  92
435  46
436  54
436  94
437  95
438  50
438  53
438  84
440  61
440  82
443  92
445  95
445  97
446  88
447  1
447  91
448  13
448  84
448  94
449  82
449  85
452  4
452  99
453  92
453  95
454  63
454  87
455  53
457  70
458  72
458  82
458  84
460  94
461  95
461  97
463  46
463  92
465  24
466  85
467  82
468  84
469  88
469  91
469  94
469  95
472  63
473  61
473  92
475  53
475  82
475  87
477  85
477  95
477  97
478  84
478  94
480  1
480  88
480  91
482  80
483  82
483  92
484  31
484  48
485  95
486  63
487  18
487  94
488  61
488  84
488  85
490  70
491  88
491  91
492  82
492  92
493  95
493  97
494  87
496  84
497  94
499  85
499  95
499  99
501  16
502  63
502  84
502  88
502  91
502  92
503  31
503  48
503  87
505  50
505  95
508  84
508  94
509  97
510  85
511  82
511  92
511  95
512  16
512  55
512  78
512  87
513  18
513  88
513  91
515  84
517  97
518  85
519  94
521  87
521  95
522  84
523  16
523  29
524  26
524  88
524  91
525  18
525  97
526  31
526  48
526  85
528  9
528  82
529  80
529  84
530  33
530  78
530  87
530  94
531  95
533  97
536  26
536  29
536  84
536  92
537  64
538  0
538  82
538  85
539  87
540  7
540  8
540  66
541  95
541  97
542  16
542  75
542  94
543  80
543  84
544  9
547  99
548  24
548  82
548  87
549  26
549  33
549  64
549  97
550  25
550  29
550  85
551  47
551  84
551  95
552  13
552  78
552  92
553  0
554  8
554  94
555  88
556  91
557  53
557  80
557  97
558  82
562  85
563  9
563  18
563  64
564  26
565  97
566  94
568  82
568  92
569  0
569  84
569  95
570  87
571  8
571  71
571  80
573  97
574  33
574  85
575  15
576  7
578  82
578  94
579  64
581  26
581  97
582  53
583  13
583  92
585  80
586  9
586  84
586  85
586  95
588  82
589  29
589  97
590  0
590  94
591  8
595  87
595  99
597  64
597  82
597  85
597  88
597  97
598  92
599  80
600  26
600  79
600  91
602  94
602  95
603  66
603  84
605  97
606  82
608  85
609  18
609  33
611  53
613  80
613  92
613  97
614  94
615  82
616  0
616  8
617  9
618  64
618  87
618  95
619  84
619  85
621  26
621  97
624  82
626  94
627  80
628  92
631  88
633  82
633  91
634  84
634  95
637  29
637  94
638  13
639  85
640  87
641  80
642  64
642  82
642  97
643  53
643  92
643  99
648  8
648  94
649  84
649  95
650  0
651  82
654  97
655  80
655  85
657  92
659  94
660  82
661  87
661  97
662  88
664  84
664  95
665  91
666  85
668  97
669  80
669  82
670  64
670  94
671  92
673  84
673  87
674  26
674  95
675  97
676  53
677  85
678  29
678  82
679  84
680  87
680  94
682  16
682  95
682  97
683  18
683  80
684  85
684  88
684  91
685  84
685  92
686  8
686  9
686  78
687  82
687  94
688  87
688  95
689  0
689  33
689  97
690  16
690  55
690  84
691  85
691  99
692  26
692  63
692  92
693  31
693  48
693  88
693  91
693  95
694  18
694  29
694  82
694  94
695  84
696  61
696  87
696  97
697  53
698  80
698  85
698  95
699  16
699  24
699  92
700  1
700  63
700  84
701  78
701  82
701  88
701  94
702  50
702  91
702  97
703  87
703  95
704  15
705  7
705  26
705  61
705  84
705  85
706  31
706  48
706  71
706  79
706  99
707  46
707  70
707  92
708  55
708  63
708  82
708  94
709  95
710  88
711  91
711  97
712  16
712  25
712  50
712  66
713  1
713  15
713  18
713  54
713  84
714  53
714  85
715  82
715  87
715  92
716  95
717  71
717  79
718  32
718  61
718  99
719  94
720  72
720  97
721  70
723  15
723  46
723  82
725  85
728  50
730  84
730  87
732  97
733  71
734  95
734  99
736  24
736  79
743  94
745  82
745  92
747  84
749  85
750  91
751  95
753  88
753  97
757  87
763  84
764  82
764  94
767  95
770  85
770  92
772  97
779  84
781  87
782  82
783  95
784  94
786  91
788  88
790  85
790  97
793  92
794  84
798  95
799  82
803  87
803  94
807  97
809  84
809  85
813  95
815  92
816  82
817  80
818  91
819  99
820  88
822  94
824  84
824  97
825  87
828  85
828  95
833  82
