345  41
348  95
369  46
373  45
393  95
417  41
430  95
431  8
449  59
454  8
454  77
456  49
462  95
463  48
467  28
477  46
484  41
485  8
488  45
490  95
493  49
495  65
498  59
503  47
506  65
507  49
507  52
507  89
510  16
516  48
518  65
519  47
519  95
520  1
520  6
523  49
527  8
529  52
531  17
531  62
531  65
535  16
538  4
538  47
538  75
540  49
541  18
541  61
542  97
543  77
543  82
543  88
546  17
546  62
546  65
554  29
555  32
557  50
557  52
559  27
560  47
561  63
563  4
563  17
563  75
564  14
564  62
567  1
567  97
568  30
568  32
568  82
569  6
569  78
570  73
572  18
572  61
573  14
574  71
577  27
578  30
581  20
582  31
582  63
583  14
584  17
584  32
585  62
587  2
588  30
588  71
591  91
592  38
593  84
594  14
595  97
597  33
597  82
598  34
599  30
600  27
601  20
602  31
602  32
604  71
604  78
604  98
606  14
606  73
607  38
607  84
607  90
611  30
611  63
618  14
618  33
619  2
619  51
620  34
622  71
622  84
624  32
624  38
625  30
626  98
627  31
628  20
628  83
631  27
632  14
633  81
633  90
637  39
637  84
640  30
645  71
645  85
647  14
648  91
649  17
649  62
649  90
651  81
652  32
653  82
653  97
654  33
657  4
657  63
657  65
657  75
659  47
660  49
663  98
664  16
665  30
667  52
667  89
668  65
669  8
670  18
671  48
671  61
672  49
672  59
672  95
674  62
676  17
677  41
679  81
683  46
683  47
685  95
686  45
688  88
689  89
