100  32
100  47
102  58
103  8
103  71
103  79
104  78
109  34
109  45
119  65
120  66
147  75
155  63
158  16
159  85
163  32
163  47
164  58
165  79
169  78
171  8
171  71
181  35
185  34
185  45
213  50
214  29
223  32
223  47
233  0
233  21
233  71
234  1
234  8
238  13
238  14
246  4
249  94
253  0
253  21
254  1
254  34
254  45
256  44
262  10
264  14
265  13
277  21
278  0
278  32
278  47
280  1
282  94
289  8
291  71
292  4
293  16
297  63
302  14
306  13
308  21
310  0
315  1
315  34
316  45
317  94
329  32
329  47
335  44
344  8
344  71
349  58
349  79
350  78
351  65
351  66
356  85
362  75
363  69
366  58
367  79
368  78
372  65
372  66
373  34
374  45
375  35
377  32
377  47
380  85
387  58
388  50
388  79
389  29
390  78
393  71
394  8
398  65
400  66
400  75
406  85
409  63
411  69
412  58
413  16
413  79
414  50
416  36
417  42
417  78
419  87
422  32
422  47
425  26
426  50
427  45
427  69
428  34
430  36
432  42
432  85
434  87
436  65
436  99
438  67
440  50
442  66
443  35
443  58
444  71
446  36
446  69
447  79
450  42
450  87
451  78
452  26
458  85
465  36
466  50
466  83
466  87
469  30
469  99
470  69
471  42
472  75
473  44
474  97
475  89
477  83
479  58
479  62
482  87
484  30
484  85
485  79
486  65
488  83
489  36
490  44
491  78
492  56
493  66
495  89
496  11
498  50
498  99
499  42
499  83
499  87
500  69
502  30
506  26
509  85
510  44
511  62
511  83
515  87
516  89
517  58
518  59
520  36
522  67
523  79
523  83
524  30
529  78
529  99
532  87
534  85
535  44
535  50
535  83
536  42
538  65
538  69
538  89
546  66
548  87
551  50
552  35
555  8
555  58
555  75
556  32
556  47
558  36
558  83
558  85
559  71
560  34
560  45
562  79
564  87
567  99
568  50
569  78
571  8
572  14
572  32
573  47
573  63
574  0
574  16
574  21
575  1
578  13
578  69
578  71
578  94
580  34
580  42
580  45
580  87
581  29
581  85
582  4
584  14
585  21
586  0
586  65
587  1
587  10
587  50
589  97
590  8
591  32
591  58
592  47
593  13
594  94
596  87
597  14
598  21
599  0
599  66
600  1
600  71
600  79
601  36
602  26
603  4
603  85
604  34
604  45
607  78
609  50
610  13
611  94
612  14
612  21
612  87
613  8
613  32
613  99
614  0
614  16
614  63
615  47
619  1
619  69
620  10
621  75
621  83
625  42
625  85
627  58
627  87
629  44
629  71
630  89
631  83
632  65
634  30
636  79
638  50
641  83
641  99
642  87
643  35
644  36
644  78
646  85
648  66
648  89
649  44
651  83
653  62
654  30
657  87
661  83
666  89
669  56
670  99
671  83
672  42
672  87
673  44
677  11
680  30
681  83
685  36
685  89
687  87
691  83
693  97
694  67
696  26
698  99
701  83
701  87
702  44
704  89
711  83
713  62
714  30
721  83
723  89
731  83
736  44
736  87
741  83
742  89
