87  98
91  24
91  31
115  11
123  98
132  2
136  70
153  98
157  31
157  91
180  98
190  24
204  98
218  31
226  91
226  98
247  98
250  2
250  24
253  57
253  85
255  19
255  53
260  73
262  67
263  13
265  24
265  70
267  98
268  85
271  57
273  31
274  19
274  61
275  53
280  91
286  98
298  11
298  36
300  16
301  75
303  22
303  52
304  98
308  0
312  5
313  11
314  36
318  16
321  75
321  98
324  91
325  31
326  52
329  22
329  68
331  11
333  36
333  71
337  98
340  0
341  16
348  75
349  2
352  11
353  5
353  98
355  81
357  36
359  52
362  91
368  98
370  22
371  16
373  70
374  31
377  11
383  98
386  36
388  75
398  91
398  98
403  24
404  0
407  11
409  85
412  98
413  52
414  24
414  57
415  16
415  53
416  19
419  67
420  31
420  85
421  13
425  24
426  98
428  57
431  53
431  85
432  19
432  28
432  91
437  2
437  24
437  61
440  98
441  67
442  85
445  13
445  57
449  53
450  24
451  19
453  85
453  98
462  31
464  91
465  70
466  98
470  18
473  36
474  11
475  83
475  96
479  98
481  75
482  5
485  22
485  83
485  96
487  16
491  71
492  74
494  68
495  43
495  83
495  96
497  8
497  11
497  36
497  52
497  63
498  4
499  27
502  79
504  68
505  5
505  83
505  96
506  43
507  74
509  9
509  63
511  0
511  4
512  81
513  48
514  27
515  55
515  68
515  83
515  96
518  43
519  77
521  79
521  81
522  8
522  63
522  88
523  48
523  55
525  9
525  94
526  4
526  26
526  60
527  68
527  74
530  12
530  55
530  81
531  27
531  43
531  66
533  22
534  48
534  94
536  26
536  60
536  77
538  6
538  55
538  63
540  68
540  81
540  88
543  94
544  4
544  12
544  51
546  43
546  48
546  55
546  79
547  22
547  26
547  66
548  18
548  60
549  9
550  81
552  27
552  94
554  68
555  55
557  63
557  77
559  88
560  26
560  48
560  81
561  12
561  60
562  22
562  94
563  43
564  55
566  4
566  66
570  81
571  57
571  68
572  94
574  83
574  96
576  48
576  55
577  26
579  9
579  63
579  88
580  27
580  81
583  43
583  83
583  96
584  74
584  79
585  77
586  68
592  83
592  96
593  11
594  4
594  60
595  98
597  36
600  16
600  75
601  83
601  96
602  5
604  8
604  98
605  52
606  24
606  31
606  71
606  85
606  91
607  11
609  57
609  70
612  83
612  96
613  53
613  98
614  2
614  19
614  24
614  85
615  36
618  0
618  67
620  13
620  16
621  75
622  31
622  98
623  24
623  57
623  85
624  91
626  53
627  19
628  61
631  85
631  98
632  24
635  67
635  73
638  28
638  57
640  13
640  53
640  85
642  19
649  85
655  24
655  57
656  53
656  98
657  67
658  85
659  2
659  19
660  61
660  91
665  24
665  98
666  13
667  85
669  31
674  53
674  57
674  98
676  24
676  85
678  91
679  19
679  83
679  96
680  70
681  11
683  98
684  57
685  85
686  31
686  36
686  67
687  83
687  96
688  24
689  81
690  16
691  2
691  52
691  68
691  75
691  98
692  11
693  5
694  22
695  43
695  83
695  96
696  55
696  94
697  63
697  81
698  48
698  74
699  88
699  91
701  27
702  4
702  26
703  60
703  68
704  55
704  94
705  9
705  22
705  81
705  83
705  96
706  12
709  66
711  48
711  77
712  94
713  55
714  18
714  26
715  60
716  79
717  81
717  88
729  22
729  51
