10  84
10  95
11  16
11  26
11  53
11  82
11  97
12  63
12  85
12  94
13  87
13  92
14  18
14  61
16  15
16  29
16  31
16  48
16  50
16  64
17  88
17  91
18  1
18  78
19  8
19  71
20  0
20  9
20  70
20  79
20  84
20  95
22  24
22  33
22  46
22  55
22  82
22  97
23  26
23  53
24  13
24  16
24  66
24  80
24  85
24  94
24  99
25  63
26  87
26  92
30  84
31  18
31  61
31  95
33  97
34  82
35  88
35  91
36  29
36  50
37  15
37  26
37  53
37  64
37  85
37  94
38  31
38  48
39  16
39  25
39  78
40  54
40  87
41  1
41  63
41  84
41  92
42  95
44  7
44  72
45  8
45  71
45  97
46  82
48  0
48  9
48  70
48  79
50  85
50  94
52  18
52  61
52  84
53  53
53  80
53  88
53  91
53  95
53  99
54  26
54  87
55  16
56  92
57  24
57  47
57  97
58  82
59  63
60  33
60  46
60  55
62  32
63  29
63  84
63  85
63  94
64  95
65  31
65  48
66  50
68  87
69  66
69  78
70  13
70  97
71  82
71  88
71  91
72  15
72  64
72  92
73  16
73  75
74  84
75  53
75  95
76  26
76  85
76  94
79  18
79  61
81  63
82  4
82  87
83  97
84  82
85  84
86  95
87  80
87  99
88  1
88  92
89  85
89  94
90  88
90  91
94  16
96  84
96  87
97  97
98  82
98  95
101  31
101  48
103  85
103  94
105  92
107  53
107  84
108  26
109  8
109  88
109  91
110  71
110  87
110  95
111  97
112  82
113  63
116  29
117  85
117  94
118  84
119  16
120  18
120  61
121  0
122  79
122  92
122  95
124  78
124  87
125  97
126  82
127  80
127  88
127  91
127  99
129  84
131  85
131  94
134  9
134  70
134  95
138  87
139  97
140  82
140  84
140  92
145  85
145  88
145  91
145  94
146  95
148  16
151  84
152  87
153  31
153  48
153  97
155  82
158  24
158  63
158  95
159  85
159  92
159  94
160  50
162  84
163  88
163  91
167  87
168  97
170  82
171  53
171  80
171  99
172  95
173  26
173  85
173  94
176  84
178  92
180  88
180  91
182  18
183  61
183  97
185  82
186  95
187  85
187  87
187  94
190  84
196  64
197  88
197  91
197  92
198  15
198  97
199  95
200  82
201  85
201  94
202  84
205  63
207  31
207  48
208  87
209  92
209  95
213  84
213  97
214  1
214  85
214  88
214  91
214  94
215  82
217  80
217  99
219  95
221  92
223  63
224  55
224  84
227  85
227  94
228  87
228  97
229  95
230  82
230  88
230  91
233  92
235  84
239  95
240  1
240  54
240  85
240  94
242  50
243  63
243  97
245  82
245  92
246  84
246  88
246  91
248  18
248  61
248  87
248  95
253  85
253  94
257  84
257  92
257  95
258  97
259  16
259  31
259  48
260  82
262  88
262  91
264  80
264  99
265  63
266  85
266  94
266  95
267  46
268  84
268  87
269  92
270  26
271  53
273  97
275  1
275  33
275  82
275  95
277  88
277  91
279  85
279  94
280  84
283  92
286  87
288  95
288  97
289  84
290  82
292  16
292  85
292  88
292  91
292  94
297  87
298  84
299  95
301  29
301  78
303  97
305  82
305  85
305  94
306  92
307  16
307  84
307  88
307  91
308  18
308  48
308  87
309  31
309  61
310  80
310  95
310  99
313  25
315  32
316  84
318  85
318  94
318  97
319  87
320  82
321  88
321  91
321  95
322  78
323  16
325  24
325  84
328  92
330  85
330  87
330  94
332  95
333  97
334  84
335  82
335  88
335  91
337  29
337  47
341  16
341  66
341  87
342  85
342  94
343  84
343  95
345  8
345  13
346  71
348  97
349  78
349  88
349  91
350  82
350  92
352  84
352  87
353  95
354  85
354  94
355  48
356  31
358  80
358  99
360  16
361  84
362  0
363  87
363  88
363  91
363  95
363  97
364  53
365  79
365  82
366  85
366  94
369  18
369  26
369  61
370  84
371  92
373  95
374  87
376  88
376  91
378  84
378  85
378  94
378  97
380  82
382  9
382  16
382  70
383  95
384  78
385  64
385  87
386  84
387  25
389  88
389  91
390  85
390  94
391  92
392  15
393  95
393  97
394  84
395  82
396  87
400  48
401  31
402  24
402  84
402  85
402  88
402  91
402  94
403  29
403  95
404  16
405  63
406  80
406  87
406  99
408  97
410  82
410  84
410  92
411  95
414  85
414  94
415  75
415  88
415  91
416  63
416  87
417  84
418  95
420  92
423  97
425  61
425  82
425  84
425  95
426  85
426  94
427  1
427  18
427  50
428  63
428  88
428  91
430  87
430  92
431  55
433  95
435  84
438  85
438  94
438  97
440  82
440  92
441  88
441  91
441  95
442  63
444  31
444  48
445  84
446  1
446  54
449  85
449  92
449  94
449  95
453  88
453  91
453  97
454  80
454  99
455  82
455  84
456  50
456  63
457  87
457  95
459  92
460  85
460  94
464  53
465  26
465  84
465  88
465  91
465  95
467  55
468  82
468  92
468  97
470  94
471  1
471  85
472  61
472  63
473  4
473  95
475  53
475  84
476  82
477  46
477  88
477  91
477  92
478  70
479  94
480  18
481  87
481  95
482  85
483  97
484  72
485  84
486  31
486  48
486  82
486  92
489  61
489  63
489  88
489  91
489  94
489  95
492  53
493  85
494  82
495  84
495  92
497  95
498  94
498  97
500  70
501  1
501  46
501  88
501  91
501  99
502  80
502  82
503  50
503  87
504  32
504  85
504  92
505  53
505  61
505  84
505  95
507  63
507  94
510  82
512  91
512  95
513  84
513  88
513  92
513  97
515  13
515  54
515  85
516  87
516  94
517  72
518  95
519  84
522  16
522  70
522  92
523  82
523  91
524  95
525  84
525  87
525  88
526  48
526  85
527  31
527  63
527  94
528  97
530  95
531  18
531  84
531  92
532  78
534  16
534  24
534  87
534  91
536  88
536  95
537  84
537  85
538  94
540  1
540  82
540  92
542  29
542  55
542  95
543  84
543  87
543  97
545  91
546  16
547  63
547  88
548  85
548  95
548  99
549  84
549  92
549  94
550  78
550  80
552  87
554  33
554  95
555  84
556  91
557  82
558  88
558  92
558  97
559  16
559  85
560  94
560  95
561  26
561  84
561  87
563  25
563  47
565  48
566  31
566  95
567  84
567  91
567  92
568  63
568  85
569  88
569  97
570  50
570  87
571  64
571  94
572  95
573  16
573  18
573  26
573  78
573  84
574  9
574  71
574  82
576  85
576  92
576  97
577  8
577  29
578  91
578  95
579  33
579  84
579  87
580  7
580  88
582  15
582  94
583  97
584  1
584  26
584  85
586  18
586  84
587  9
587  55
587  95
588  16
588  87
589  66
589  91
590  0
590  82
590  97
591  88
591  92
591  94
592  79
592  85
593  80
593  84
595  26
596  33
597  64
597  87
597  95
597  97
597  99
598  8
598  29
599  78
599  82
599  94
600  18
600  84
600  85
600  91
602  9
603  0
603  88
604  53
604  97
605  7
605  24
606  80
606  87
607  84
607  95
608  26
608  64
608  82
608  92
609  16
611  8
611  13
611  94
611  97
612  29
612  85
614  84
614  87
617  0
617  82
617  95
618  9
618  33
618  97
619  53
619  80
620  64
621  84
622  26
623  87
623  94
624  85
624  92
625  97
626  8
626  82
626  95
628  29
628  84
631  78
632  80
632  87
632  97
634  0
634  64
635  82
635  84
635  94
635  95
636  53
636  85
637  13
637  26
638  9
639  92
639  97
640  87
642  84
643  8
644  66
644  82
644  95
645  80
646  29
646  33
646  97
646  99
647  85
647  94
648  87
649  7
649  84
650  64
653  0
653  82
653  95
653  97
654  25
654  26
654  92
656  53
656  84
656  87
658  80
658  85
659  94
660  97
662  9
662  82
663  8
666  95
667  97
668  64
669  85
669  92
670  94
671  82
672  80
673  26
673  84
674  97
675  87
676  88
676  95
677  29
678  0
678  91
679  53
680  13
680  82
680  84
680  85
681  94
681  97
683  87
683  92
685  95
686  33
686  80
687  84
688  97
689  8
689  64
689  82
690  18
690  85
690  94
691  87
693  9
693  88
693  91
694  26
694  84
694  95
694  99
695  16
695  97
697  85
697  92
697  94
698  82
699  29
699  80
699  84
699  87
699  95
701  18
702  88
702  91
702  97
703  78
704  53
704  84
704  85
704  92
704  94
704  95
705  31
705  48
705  82
706  16
706  61
706  63
707  87
708  0
709  84
709  95
709  97
710  82
710  94
711  55
711  85
711  88
711  91
711  92
712  53
713  18
713  24
713  26
714  80
714  84
714  87
714  95
714  97
715  15
715  50
715  61
716  1
716  46
716  63
716  64
716  70
717  71
717  82
717  85
717  94
717  99
718  16
718  79
719  84
719  92
719  95
720  31
720  48
720  88
720  91
721  87
723  75
723  97
724  15
724  66
724  82
724  85
724  94
725  50
725  61
726  63
726  95
727  92
728  47
728  71
728  84
729  70
729  79
729  99
730  46
730  53
731  82
732  54
732  91
732  97
733  1
733  72
733  88
734  15
735  94
735  95
736  85
737  87
739  50
740  71
741  82
741  97
741  99
742  79
743  92
747  84
751  15
752  85
756  95
761  94
762  82
764  97
766  87
767  84
773  92
775  95
776  85
781  82
781  91
783  94
784  97
785  84
788  88
792  95
795  87
798  85
798  92
799  82
802  84
803  94
803  97
808  95
816  82
818  84
818  85
818  91
820  87
821  92
821  97
822  88
822  94
823  99
824  95
830  80
833  82
