7
32
54
98
99
24
39
74
30
96
7
59
11
1
62
77
51
66
70
60
46
52
80
67
48
8
92
84
97
81
45
98
5
79
31
70
29
19
91
94
75
49
46
78
41
53
36
21
28
56
29
35
30
72
18
5
55
24
58
84
90
43
24
73
58
99
17
57
51
4
90
59
0
93
57
64
19
30
81
14
48
15
26
75
52
42
47
39
27
89
21
42
28
44
58
38
97
24
74
69
16
45
31
23
61
34
27
78
22
57
81
27
12
83
52
99
85
72
2
37
35
89
61
54
80
76
77
71
47
36
74
24
62
10
84
53
60
42
66
94
81
7
56
89
23
25
22
78
76
98
68
0
92
65
66
96
81
43
61
2
88
58
47
14
51
91
32
28
62
84
6
15
46
67
4
35
79
5
54
49
7
0
8
60
61
54
35
9
46
99
92
81
8
75
15
66
21
22
34
14
85
65
95
21
29
45
76
67
32
50
42
33
59
49
12
55
19
95
51
65
91
51
67
13
81
15
50
16
88
8
9
12
15
37
0
29
81
17
89
39
8
0
96
85
89
83
55
58
52
7
67
22
30
74
8
19
31
65
97
34
35
66
94
4
1
46
13
23
75
28
70
93
91
31
53
8
3
46
35
75
53
98
99
19
64
49
88
85
95
91
70
90
40
62
83
87
67
44
84
0
24
65
3
8
58
52
94
83
7
4
94
98
22
50
49
47
36
95
10
99
66
83
27
74
55
70
65
63
59
13
43
71
31
81
8
85
72
50
12
60
58
1
32
0
41
64
6
49
25
77
80
30
27
52
82
14
53
13
22
29
35
3
21
76
96
89
10
42
64
57
0
86
12
51
68
41
70
77
89
36
87
93
24
60
45
55
5
28
1
52
51
47
64
18
77
94
9
96
42
41
39
76
6
77
16
68
23
19
29
17
76
42
27
58
65
44
53
47
33
38
8
37
68
51
5
34
55
71
2
72
25
54
38
2
10
49
74
56
8
4
58
70
44
22
47
54
30
37
63
26
2
46
28
73
18
66
7
74
11
24
29
56
24
35
19
63
3
32
22
16
16
11
37
54
64
24
31
0
27
65
20
41
31
25
68
74
48
79
44
17
76
40
50
78
45
10
58
73
43
59
45
42
98
8
86
55
35
6
46
4
72
81
0
94
92
7
19
57
2
90
7
31
16
99
14
54
48
93
24
83
63
99
7
49
76
55
5
51
3
48
32
45
41
54
72
0
57
59
70
16
4.22287
9.56485
4.49978
9.06781
8.29491
6.95538
1.33639
7.85803
5.669
4.96645
4.67238
6.0253
8.37459
9.4588
0.535027
6.47052
6.11439
0.972946
7.91306
5.81032
4.62371
8.41895
4.20973
4.75866
5.77129
2.28179
2.95649
2.48214
6.10333
1.59685
1.46577
8.32885
6.72674
9.81845
7.48932
0.531963
0.0167588
6.91865
0.815916
4.88963
2.53392
5.13378
6.02927
2.98929
5.26636
1.68944
9.82555
0.547784
9.35986
2.81123
5.55134
9.88798
1.93548
2.16921
2.48993
3.64216
6.79047
4.52803
1.6703
1.68546
9.6063
2.72812
1.25761
5.37691
6.94044
0.809781
1.66756
8.71042
4.96739
5.65607
8.89612
0.815082
1.19316
4.07502
9.80778
3.41535
7.79878
0.67471
7.52291
4.3094
1.9747
1.27367
8.39177
9.35655
4.60086
0.54933
0.827253
0.625807
4.64802
5.23787
4.11454
1.01906
3.33859
7.19359
8.38934
3.52807
3.02834
0.39743
0.91219
9.77916
9.94559
8.04314
8.51048
2.56819
4.81327
9.38282
3.76798
3.63323
7.77583
8.12816
8.4253
1.80342
8.39485
0.604592
3.46083
0
6.81011
5.1866
4.55241
5.57627
4.48036
1.35968
0.493131
10
1.73635
5.62913
4.88566
0.501246
8.69021
5.88054
0.191157
9.34665
6.30909
5.93171
1.70904
2.69001
8.43872
1.14072
5.04513
1.14352
2.72126
7.39925
5.64257
4.07759
4.66054
3.99357
2.55142
8.83895
1.99183
3.62777
2.43374
4.48826
5.64269
4.35386
9.90006
2.51691
4.36617
7.71651
7.25762
0.845492
4.52425
3.24744
2.18185
5.92131
3.72965
2.50037
8.23486
2.67834
3.36888
6.15861
8.42749
2.36769
1.45174
8.41706
1.66414
4.75746
9.90369
8.59269
7.10763
1.99134e-05
4.01818
3.50456
8.8002
6.2607
5.64297
7.8332
7.61932
8.01329
7.03172
4.5382
3.91802
7.834
2.67981
6.13156
0.375071
8.31599
4.80155
6.09979
3.82478
6.53715
9.07183
8.39281
0.518502
5.83169
7.81216
8.95798
2.25664
2.52751
8.27381
2.38784
7.4479
7.86709
9.50048
6.63685
0.315628
9.62986
6.14744
6.54212
9.94636
8.3979
1.8098
4.73627
5.99434
0.128944
9.26831
5.55883
4.45556
2.12259
5.64122
5.21595
8.90143
3.18491
2.87204
5.83059
8.41041
1.11576
2.0974
4.42432
6.77305
0.19653
3.40569
8.00476
0.325722
5.44754
4.9222
0.655475
0
2.13613
0.170963
6.0105
5.81244
5.85571
3.21486
1.48098
4.98385
9.76049
9.44331
7.94936
0.806198
7.85319
1.43693
6.82255
1.81189
2.05677
3.38848
1.24698
8.75932
5.82904
9.44036
2.3902
3.06991
4.39168
7.97007
6.75281
2.87855
5.14213
4.3582
3.61365
6.19243
4.96966
1.16248
6.00967
1.89739
9.63892
5.54867
7.24901
9.183
2.8511
4.52699
8.72181
6.0886
0.459148
1.8233
8.07472
7.79084
3.23205
0.230817
0.881683
4.79972
0.513575
0.936656
0.506221
6.79391
5.85916
6.30271
1.55405
5.08716
4.45302
9.4359
7.743
5.42821
9.36648
1.18167
6.90466
0.0511889
2.4772
3.04753
2.96671
9.62298
8.51702
8.76307
1.41914
4.04342
5.212
0.724122
3.18361
1.15863
7.31338
6.08668
1.50909
9.75689
7.84783
5.28427
2.54903
0.000995925
2.35368
4.13679
6.74913
3.80749
3.28093
4.68502
5.15963
2.59168
2.20688
1.97067
5.65716
5.87326
4.88432
4.92609
3.70236
0.967408
8.47253
0.0099311
9.31618
1.94187
2.44601
7.03011
2.23473
1.74417
0.597394
7.56518
4.98424
4.42328
8.98814
4.80717
4.2436
5.70413
0.82082
9.97809
0.463775
3.16201
2.28171
8.58786
1.87439
0.302848
7.12142
5.05384
7.91249
8.15799
1.59022
9.74784
5.71924
6.02267
1.63702
7.03347
4.1197
7.85049
1.76238
6.83753
2.33065
8.20681
2.94819
6.08458
5.0854
3.2525
1.50987
7.94494
8.52078
0.00102675
9.45584
4.62062
0.0117379
8.28119
3.06044
7.76558
9.40491
7.75443
7.38848
5.07633
9.36373
3.26566
3.18065
3.22446
5.54643
0.240115
4.25043
3.16738
0.174378
8.58782
1.09433
8.18244
2.37577
8.84339
5.42866
7.49938
8.98205
8.33511
5.83368
7.79336
5.56433
0.000581173
1.12449
7.6284
9.54599
6.69695
1.82123
4.32249
6.21639
5.47513
4.86697
2.18411
7.88592
5.78434
4.53019
6.66188
3.76704
0.323387
3.16056
5.7984
3.79719
-0.825638
-0.81903
0.295467
0.0759219
-82.5638
-3.27612
324.219
160
