373  83
374  87
380  51
392  6
392  39
395  42
395  62
397  80
402  76
411  86
416  83
416  87
428  12
429  29
443  66
449  51
451  32
451  87
452  57
452  83
456  80
462  66
467  89
472  86
475  32
478  57
479  39
481  6
481  87
483  83
484  12
484  66
488  62
494  60
496  42
502  80
504  89
506  76
507  32
507  52
508  87
511  66
511  83
512  57
513  51
513  75
519  86
520  23
533  87
535  12
536  83
541  80
556  39
556  87
560  6
560  83
560  86
570  62
572  51
575  29
575  80
582  83
596  76
606  83
