317  47
320  17
320  62
335  52
343  16
352  4
352  75
365  61
366  18
375  97
376  82
378  1
378  47
380  6
384  62
385  17
421  32
424  52
428  27
428  29
428  50
431  63
438  47
442  32
444  78
445  73
446  82
446  97
447  17
447  62
448  16
460  27
467  4
467  75
469  63
470  32
484  14
484  91
490  47
491  65
493  88
499  18
499  61
499  82
500  97
503  17
503  62
504  52
507  32
511  27
535  1
538  16
538  78
539  6
542  47
542  73
542  82
543  63
544  97
553  14
553  32
556  17
556  62
559  65
564  4
564  75
570  49
570  65
576  8
579  52
580  49
581  65
581  82
583  48
583  59
584  97
585  27
589  47
589  77
590  8
590  49
595  65
599  32
600  91
603  14
604  17
604  62
605  30
611  71
612  18
612  61
613  14
614  30
614  88
617  20
617  31
617  82
618  16
619  97
620  63
622  2
624  14
624  30
624  71
632  29
634  31
634  47
635  20
635  30
635  50
636  14
638  71
643  32
644  52
646  30
649  4
649  14
649  27
649  75
649  82
651  2
651  17
651  62
652  97
654  31
655  71
657  20
658  30
661  1
662  6
663  14
663  49
663  65
665  83
667  78
669  8
670  39
671  30
672  48
673  49
673  85
674  59
674  65
674  73
675  71
677  47
678  14
679  31
680  82
680  91
683  97
684  8
684  49
685  16
686  20
686  30
686  32
686  65
686  77
689  48
691  31
691  89
693  59
694  88
694  98
695  14
695  17
695  62
695  63
696  41
696  49
696  95
699  65
699  71
700  46
701  8
701  45
701  81
702  20
702  30
702  31
702  52
702  89
705  98
706  2
707  27
708  41
708  82
708  95
709  18
709  48
709  49
711  61
712  97
713  14
713  31
713  89
713  96
714  65
715  37
715  40
716  98
717  28
717  46
717  47
717  59
717  81
718  45
719  30
720  95
721  8
721  20
721  41
722  94
723  49
724  89
725  31
725  77
726  4
726  32
726  75
727  98
728  71
730  65
731  48
731  81
732  14
732  90
732  95
735  17
735  82
735  98
736  41
736  89
737  46
737  62
738  31
738  49
738  59
738  97
739  30
739  81
740  38
740  45
740  48
741  84
742  90
743  20
743  98
744  8
744  33
744  34
745  91
745  95
747  65
747  81
747  89
750  48
751  38
751  98
752  16
752  31
752  84
753  14
753  90
754  41
754  42
754  52
754  59
755  49
755  81
756  47
757  51
758  95
759  33
759  88
759  89
759  98
760  30
760  34
761  48
761  63
761  82
763  27
763  38
763  71
763  81
763  84
764  46
764  90
764  97
765  32
765  65
767  98
769  20
769  31
770  83
772  1
772  59
773  8
773  48
773  49
773  81
774  28
774  78
775  14
775  17
775  62
775  84
775  90
776  89
777  6
777  38
778  33
780  34
782  30
783  73
785  81
786  82
786  90
787  84
788  98
789  97
793  38
794  29
794  50
796  14
797  75
798  4
798  18
799  84
800  61
800  71
802  33
802  85
803  32
805  30
806  34
806  51
806  91
808  98
811  84
811  90
812  38
818  2
823  27
823  84
824  81
