354  30
354  49
359  16
359  54
367  14
371  3
371  76
372  99
382  83
420  30
420  49
421  48
421  99
430  16
430  54
432  31
435  25
436  63
437  83
438  80
439  65
442  96
446  48
450  14
455  31
460  72
463  25
463  63
464  80
465  3
465  76
471  65
472  96
482  30
482  49
483  72
492  80
496  77
498  72
502  25
502  85
503  63
503  96
516  60
517  77
517  79
522  65
524  80
526  85
528  75
531  44
531  73
535  96
537  33
537  81
539  34
545  77
546  75
550  71
551  85
552  44
553  73
559  81
567  75
569  33
569  93
576  34
577  85
580  44
582  24
582  73
582  81
583  77
583  89
594  75
603  85
605  81
609  79
609  93
613  60
620  44
623  96
625  25
626  63
627  73
627  81
628  80
629  71
629  85
630  31
630  75
632  33
633  77
634  65
642  72
643  96
644  24
645  93
647  80
649  25
649  81
650  63
652  72
653  85
654  34
655  30
655  49
656  31
657  7
658  24
658  93
660  3
661  76
662  72
663  96
664  7
664  80
666  48
666  65
667  99
669  54
670  16
670  55
670  72
670  83
671  7
672  14
672  31
672  49
673  30
674  86
675  2
678  55
679  48
679  94
680  7
680  25
681  4
681  99
682  98
683  35
683  80
684  3
684  6
684  54
684  76
686  16
686  83
687  0
687  19
687  86
688  2
688  46
689  45
690  14
693  4
694  94
695  8
696  98
697  35
698  6
699  7
703  2
706  4
707  46
709  86
711  45
712  90
713  98
731  99
