10  84
10  95
11  16
11  26
11  53
11  82
11  97
12  63
12  85
12  94
13  87
13  92
14  18
14  61
16  15
16  29
16  31
16  48
16  50
16  64
17  88
17  91
18  1
18  78
19  8
19  71
20  0
20  9
20  70
20  79
20  84
20  95
22  24
22  33
22  46
22  55
22  82
22  97
23  26
23  53
24  13
24  16
24  66
24  80
24  85
24  94
24  99
25  63
26  87
26  92
30  84
31  18
31  61
31  95
33  97
34  82
35  88
35  91
36  29
36  50
37  15
37  26
37  53
37  64
37  85
37  94
38  31
38  48
39  16
39  25
39  78
40  54
40  87
41  1
41  63
41  84
41  92
42  95
44  7
44  72
45  8
45  71
45  97
46  82
48  0
48  9
48  70
48  79
50  85
50  94
52  18
52  84
53  53
53  61
53  80
53  95
53  99
54  26
54  87
54  88
54  91
56  16
56  92
57  24
57  47
57  97
58  82
60  33
60  46
60  55
60  63
62  32
63  29
63  84
64  85
64  94
64  95
66  50
68  87
69  78
70  13
70  66
70  97
71  82
72  15
72  64
72  92
73  31
73  48
73  75
74  84
75  53
75  95
76  26
76  88
76  91
77  16
78  85
78  94
82  4
82  87
83  97
84  82
85  84
86  18
86  95
87  61
87  63
87  80
87  99
88  1
88  92
93  85
93  94
96  84
96  87
96  97
97  82
98  95
100  88
100  91
103  16
105  92
107  53
107  84
108  26
108  85
108  94
109  8
109  71
110  87
110  95
110  97
111  82
116  29
118  84
122  0
122  79
122  92
122  95
124  78
124  85
124  87
124  94
124  97
125  82
125  88
126  91
127  80
127  99
129  84
133  9
133  70
134  95
135  16
137  63
138  85
138  87
138  94
138  97
139  82
140  84
140  92
143  88
143  91
146  95
149  31
149  48
151  84
151  85
151  94
152  18
152  61
152  87
153  97
154  82
158  92
158  95
159  16
159  24
160  88
160  91
161  50
161  84
164  85
164  94
166  87
168  97
169  82
170  95
171  53
171  80
171  84
171  99
172  63
173  26
177  85
177  88
177  91
177  92
177  94
178  48
179  31
179  87
181  84
181  95
183  97
184  82
187  16
190  85
190  94
191  25
192  18
193  61
193  78
194  88
194  91
195  84
195  95
196  64
196  87
196  92
198  15
198  97
199  82
203  85
203  94
209  84
209  95
210  88
211  91
213  92
213  97
214  63
214  82
216  85
216  94
217  80
217  87
217  99
218  31
218  48
219  95
220  84
224  1
225  92
226  88
227  91
228  97
229  82
229  85
229  94
229  95
231  63
231  84
232  55
237  87
237  92
239  95
242  84
242  85
242  88
242  94
243  91
243  97
244  82
248  1
249  50
249  54
249  92
249  95
250  63
253  18
253  84
254  61
255  85
255  94
258  87
258  88
258  91
258  95
258  97
259  82
261  92
264  80
264  84
264  99
266  31
266  46
266  48
267  95
268  85
268  94
270  26
270  53
271  33
271  63
273  88
273  91
273  92
273  97
274  82
275  84
276  95
278  87
280  1
281  85
281  94
285  92
285  95
286  84
288  88
288  91
288  97
289  82
294  85
294  94
294  95
295  63
297  32
297  84
297  92
298  87
299  55
303  88
303  91
303  95
303  97
304  82
307  85
307  94
308  84
309  16
309  92
310  80
310  99
312  95
314  18
315  31
315  48
315  50
315  61
317  88
317  91
318  87
318  97
319  82
319  84
319  85
319  94
320  63
321  92
322  95
325  29
328  84
329  16
329  87
331  85
331  88
331  91
331  94
333  95
333  97
334  82
337  84
340  13
340  78
340  87
343  16
343  85
343  94
344  71
344  95
345  8
345  88
345  91
346  84
346  92
348  97
349  66
349  82
351  87
352  24
355  84
355  85
355  94
355  95
357  29
358  16
358  80
358  99
359  88
359  91
362  31
362  48
362  78
362  87
363  97
364  82
364  84
365  79
365  95
366  47
367  53
367  85
367  94
369  0
369  26
369  92
372  84
372  87
372  88
372  91
373  18
374  61
375  16
375  95
375  97
377  9
377  25
377  85
379  82
379  94
380  84
382  26
382  87
383  70
384  97
385  88
385  91
385  95
387  64
387  85
388  33
388  84
389  18
390  15
390  78
390  92
391  94
392  87
393  16
393  97
394  7
394  9
394  82
395  95
396  26
396  84
397  85
398  88
398  91
402  87
402  97
403  94
404  84
405  80
405  95
406  85
406  99
407  18
407  31
407  48
408  24
409  82
410  33
411  88
411  91
411  92
411  97
412  26
412  29
412  84
412  87
413  16
415  9
415  85
415  94
415  95
420  75
420  84
420  97
422  87
424  82
424  88
424  91
425  85
425  95
426  78
427  61
427  94
428  84
431  92
432  18
432  87
435  16
435  95
436  84
437  85
437  88
437  91
437  97
439  82
439  94
442  87
442  95
443  84
445  92
448  95
449  31
449  63
449  84
449  85
449  88
449  91
450  48
450  94
451  80
452  87
454  82
454  92
454  95
454  97
454  99
455  84
457  1
458  16
460  95
461  63
461  84
461  85
461  88
461  91
461  94
462  87
463  92
464  53
467  50
467  95
468  84
469  82
470  97
471  55
472  85
472  92
472  94
473  88
473  91
474  54
474  63
475  1
475  95
478  84
481  82
481  92
482  61
482  87
482  94
483  85
483  95
485  88
485  91
486  53
486  97
487  63
488  46
488  84
489  82
490  70
490  92
491  94
491  95
492  31
492  48
494  85
495  72
496  1
496  61
497  82
497  88
497  91
498  53
498  84
499  80
499  92
499  95
500  4
500  94
501  63
502  50
502  97
502  99
505  46
505  70
505  82
505  85
507  95
508  84
508  87
508  92
509  88
509  91
509  94
510  32
511  53
511  61
513  82
515  95
516  85
517  13
517  63
517  92
518  84
518  94
518  97
521  82
521  88
521  91
522  1
523  70
523  95
525  53
525  55
526  46
526  72
526  92
527  85
527  94
528  61
528  84
529  82
530  54
530  95
532  31
532  48
532  87
532  88
532  91
534  63
534  97
535  92
535  94
537  82
537  95
538  84
538  85
541  53
543  88
543  91
543  94
544  92
544  95
545  70
545  82
547  61
547  80
548  24
548  84
548  99
549  85
550  97
551  94
551  95
552  63
553  46
553  82
553  92
554  1
554  87
554  88
554  91
557  84
558  95
559  53
559  94
560  85
561  50
561  82
562  92
565  88
565  91
565  95
566  84
566  97
567  94
568  18
568  61
569  64
569  82
570  71
571  48
571  63
571  85
571  92
572  31
572  79
572  95
573  84
573  87
574  70
575  8
575  94
576  88
576  91
577  82
578  95
579  53
579  84
580  92
581  15
581  16
581  87
581  97
582  85
583  94
584  95
585  82
585  84
587  88
587  91
589  24
589  78
589  87
589  92
590  63
590  95
591  84
592  1
592  16
592  61
592  94
593  46
593  85
594  29
595  80
595  97
595  99
596  82
596  95
597  84
597  87
598  88
598  91
598  92
601  18
601  85
602  0
602  26
602  95
602  97
603  84
603  94
604  16
605  25
605  87
606  78
607  55
607  92
608  9
608  84
608  95
609  48
609  85
609  88
609  91
609  97
610  31
610  33
611  63
612  26
613  18
613  82
613  87
613  94
614  47
615  29
615  84
616  16
616  95
616  97
617  66
617  85
618  64
618  80
619  0
619  7
619  88
619  91
619  92
620  8
621  87
621  94
622  9
622  82
622  84
623  26
623  97
625  72
625  85
626  18
626  78
626  95
627  29
627  33
628  13
629  16
629  64
629  84
629  87
629  94
630  88
630  91
630  97
631  80
631  82
632  8
633  0
635  26
635  85
635  95
636  84
636  92
637  87
637  97
639  9
640  29
640  82
641  64
641  94
643  84
643  99
644  80
644  95
644  97
645  87
646  8
647  85
648  26
648  33
649  0
649  78
649  82
650  84
651  7
651  97
652  25
652  92
653  13
653  53
653  87
653  94
653  95
654  64
655  29
657  80
657  84
658  82
658  97
659  9
659  85
661  87
662  8
662  26
662  95
664  66
664  84
665  94
665  97
667  82
668  0
668  92
669  64
670  80
670  85
672  97
675  29
675  87
676  33
676  82
677  94
677  95
678  26
679  97
681  8
681  85
683  9
683  53
683  80
683  92
685  82
686  64
686  84
686  97
689  94
691  0
691  13
691  99
692  85
693  97
694  82
695  95
696  26
696  80
698  92
700  94
703  82
703  97
705  8
705  64
705  84
707  85
707  87
707  88
709  80
711  91
711  94
712  82
712  92
713  95
715  53
716  97
720  85
721  0
721  82
722  80
722  84
722  94
723  97
726  92
727  64
729  95
730  82
730  97
731  85
731  87
733  84
733  94
734  8
735  26
735  80
737  95
737  97
738  87
739  82
739  84
739  99
740  92
741  85
741  88
742  29
742  91
743  94
744  9
744  18
744  97
745  84
745  87
745  95
746  16
747  33
747  53
748  80
748  82
748  85
749  88
750  84
750  91
750  92
750  94
750  95
751  97
752  64
752  78
752  87
753  26
754  18
754  82
755  7
755  16
755  84
755  85
755  95
756  0
756  53
756  55
756  63
756  92
756  94
757  13
757  31
757  48
757  88
757  97
758  29
758  91
759  15
759  24
759  82
759  87
760  61
760  84
760  95
761  26
761  50
761  71
761  80
761  85
762  92
762  94
762  97
763  79
763  99
764  1
764  16
764  53
764  82
765  18
765  63
765  84
765  87
765  88
765  95
766  66
766  91
767  70
767  85
767  97
768  15
768  94
769  78
769  92
770  26
770  50
770  61
770  84
770  95
771  31
771  46
771  48
771  71
771  82
771  87
772  9
773  55
773  88
774  79
774  85
774  91
774  99
775  24
775  63
775  94
776  16
776  92
776  95
776  97
777  15
777  54
777  84
778  82
779  1
780  8
781  50
781  70
782  47
782  71
783  75
786  85
786  87
786  97
787  99
788  32
789  79
791  94
792  66
795  82
795  95
797  84
810  92
810  97
812  85
813  95
815  84
817  82
817  87
817  94
818  91
824  88
830  95
830  97
832  84
