87  98
91  24
91  31
123  98
132  2
136  70
153  98
157  31
157  91
180  98
189  24
202  57
203  85
204  53
204  98
205  19
207  24
213  67
216  13
218  11
218  31
221  85
224  57
226  91
226  98
229  24
230  53
231  61
233  19
247  98
248  2
260  73
261  36
263  16
263  70
264  11
265  75
267  22
267  52
267  98
273  0
274  31
277  5
278  36
279  91
282  11
283  16
286  98
288  75
293  52
296  22
297  68
300  36
302  71
304  11
304  98
310  16
311  0
320  75
321  98
322  91
326  31
328  5
328  36
331  11
334  52
338  98
348  16
348  22
349  2
354  98
360  91
364  11
364  36
369  24
369  98
370  75
370  81
372  70
372  85
374  31
377  57
379  53
380  19
381  24
384  67
384  85
384  98
386  13
393  57
394  24
395  91
396  53
396  85
398  19
399  28
399  98
404  61
408  24
408  67
408  85
412  57
413  98
414  13
417  53
419  31
424  19
424  85
427  98
429  91
434  2
434  11
438  83
438  96
439  16
439  36
441  98
443  52
446  0
448  5
448  83
448  96
451  75
454  22
456  74
457  68
457  71
458  43
458  83
458  96
459  63
460  4
461  8
461  11
462  27
465  79
468  68
468  83
468  96
469  43
472  63
472  74
474  4
474  9
477  48
478  27
478  81
479  18
479  83
479  96
480  55
480  68
482  43
483  77
485  79
486  63
487  88
488  48
488  81
489  8
490  4
490  55
492  9
493  68
494  26
494  94
495  60
496  43
497  27
498  12
498  55
498  74
498  81
499  66
500  48
501  77
503  22
503  63
504  6
504  94
505  26
506  55
506  60
506  88
507  68
508  81
510  4
512  43
513  12
513  48
513  51
513  79
514  94
515  55
515  66
516  18
517  26
518  22
518  60
518  81
519  9
521  27
523  68
523  77
524  55
524  63
524  94
526  88
528  48
528  81
530  26
531  12
531  43
531  60
534  55
534  94
535  4
535  22
535  66
538  81
542  68
545  48
546  83
546  96
547  88
548  81
549  57
550  63
553  9
554  27
554  43
555  77
555  83
555  96
559  74
559  79
559  94
560  68
560  81
564  83
564  96
567  11
568  4
569  36
570  5
571  16
573  83
573  96
573  98
574  52
575  75
579  8
580  0
580  11
582  71
582  83
582  96
582  98
583  31
583  70
583  91
585  24
585  36
586  85
589  16
591  98
593  5
593  24
593  53
593  57
594  19
595  2
595  85
597  11
597  52
597  75
598  31
598  67
600  13
600  91
600  98
602  24
604  85
606  53
607  19
607  57
608  70
609  61
609  98
611  24
613  85
615  31
615  73
616  67
618  98
619  28
619  91
621  13
621  24
621  53
622  19
622  57
622  85
623  2
627  98
631  24
631  85
634  31
636  98
638  53
638  91
639  19
639  67
640  57
640  85
642  24
642  61
645  98
648  13
649  85
650  70
654  24
654  83
654  96
654  98
656  31
657  11
657  36
657  53
657  57
658  85
658  91
660  19
661  16
662  83
662  96
663  98
665  2
666  75
666  81
668  68
669  52
670  0
670  11
670  83
670  96
671  5
672  22
672  43
673  36
673  55
674  63
674  81
674  94
675  48
675  74
676  88
678  83
678  96
679  4
679  26
679  27
679  60
680  55
680  68
682  9
682  22
682  81
682  94
684  12
685  71
687  66
688  43
688  48
688  55
688  79
689  77
690  26
690  60
690  81
690  94
692  63
692  88
692  96
693  83
695  18
696  22
696  55
698  81
698  94
700  12
702  26
702  51
703  8
703  60
705  66
706  48
706  94
709  55
711  22
712  6
714  94
715  26
717  60
720  12
722  94
725  18
727  55
728  22
728  66
730  26
730  81
730  94
733  60
733  88
736  55
738  81
738  94
742  48
743  83
743  96
745  12
745  22
745  68
746  55
746  81
746  94
747  26
748  43
749  88
750  9
751  60
751  83
751  96
752  4
752  63
752  77
752  98
754  22
754  27
754  81
754  94
755  11
755  74
756  51
756  57
756  68
756  85
757  55
758  48
759  24
759  36
759  83
759  96
759  98
760  16
762  91
763  75
763  85
764  5
765  31
765  52
765  57
766  11
766  53
766  66
766  98
767  19
767  43
768  24
768  70
768  79
769  67
770  0
770  85
771  83
771  96
773  81
777  13
789  88
