13  9
13  70
26  27
26  28
26  51
26  52
28  9
28  70
30  33
30  46
31  36
31  43
35  30
35  49
37  10
37  32
37  47
37  69
38  84
38  95
40  82
40  97
46  9
46  70
48  24
48  55
53  37
53  42
54  19
54  60
55  81
55  98
68  9
68  70
70  20
70  21
70  58
70  59
85  27
85  52
91  28
91  51
96  9
96  70
97  84
97  95
102  82
102  97
115  87
115  92
133  9
133  70
161  3
161  76
168  19
168  60
172  33
172  46
175  9
175  70
181  30
181  49
187  84
187  95
189  81
189  98
205  82
205  97
218  36
218  43
219  9
219  70
244  9
250  51
251  30
251  69
255  36
257  8
260  70
261  9
262  59
267  19
267  60
268  24
272  51
273  30
278  69
279  9
281  61
281  76
283  36
286  84
286  95
295  82
299  9
301  30
301  70
302  51
303  59
306  12
307  97
313  8
320  9
322  69
324  36
326  67
336  30
340  70
342  9
344  51
345  24
353  81
353  98
354  19
354  60
360  47
364  9
364  10
367  76
369  49
376  36
377  30
377  70
379  32
382  59
384  84
384  95
386  9
390  69
393  82
395  51
400  9
401  52
404  33
408  28
408  51
409  9
410  21
410  27
410  97
411  55
414  43
415  70
416  33
421  30
421  52
422  51
427  9
430  21
430  33
431  36
436  55
438  51
439  43
441  8
445  33
448  52
450  95
451  82
452  9
453  92
453  98
454  27
454  42
454  47
455  51
456  69
457  21
459  33
460  95
461  87
462  59
462  61
462  82
463  24
464  10
466  47
466  98
467  27
469  42
471  70
471  92
471  95
472  76
473  82
474  9
474  33
474  51
475  55
477  43
479  98
480  47
481  27
481  84
482  95
483  36
484  82
487  42
488  52
492  33
492  92
495  9
495  51
499  97
503  9
504  21
509  30
512  9
514  98
516  81
517  51
518  70
520  69
521  9
522  60
523  19
528  33
530  9
530  36
531  30
534  70
535  59
536  43
536  49
539  28
541  10
542  20
543  55
543  70
544  71
546  3
547  49
550  19
550  60
551  28
552  18
553  8
553  70
554  43
557  30
558  20
559  49
559  70
560  10
560  28
560  46
563  24
564  36
565  70
565  76
566  3
566  58
566  71
568  28
569  46
571  70
572  49
574  84
577  20
577  28
577  43
577  97
578  46
578  70
580  32
580  37
581  58
581  81
583  10
583  84
585  70
585  87
586  28
586  52
586  97
587  46
587  49
590  27
590  32
592  37
592  81
592  84
594  3
595  19
595  97
596  28
597  46
598  71
599  18
599  52
599  58
600  70
600  87
601  20
601  32
601  84
603  45
603  81
604  34
604  60
604  97
605  37
606  43
607  28
608  24
608  46
610  84
612  32
613  52
613  97
614  10
615  70
615  81
615  87
616  49
619  28
619  46
619  84
621  37
622  58
623  97
625  32
627  81
628  27
628  84
629  52
630  70
631  28
631  46
631  87
633  97
636  20
637  84
639  32
639  81
640  3
640  37
642  43
643  97
644  28
645  46
646  70
646  84
647  52
647  87
649  95
651  49
651  81
653  97
654  58
655  32
655  82
655  84
657  70
658  28
659  10
660  46
662  9
662  71
663  37
663  81
663  97
664  70
664  84
664  87
668  52
670  49
671  9
671  70
673  32
673  84
673  97
674  28
675  81
676  46
677  9
678  70
681  24
681  27
681  69
681  87
682  9
682  36
682  43
682  84
683  97
686  70
687  9
688  52
688  81
689  30
689  55
690  19
690  28
690  51
691  20
691  49
691  60
691  70
692  36
693  9
694  10
694  43
694  95
695  27
695  33
695  69
695  82
696  98
698  24
698  70
699  47
699  51
699  92
700  9
700  59
702  42
702  95
703  21
703  30
703  55
703  82
705  33
706  98
707  9
708  27
708  76
709  47
709  51
710  95
711  82
712  8
712  92
715  33
715  42
716  98
718  95
719  47
719  82
720  61
723  27
726  92
726  95
726  98
727  21
728  82
735  42
