102  58
103  79
104  78
120  65
120  66
147  75
159  85
164  58
165  79
169  78
182  32
182  47
183  35
184  8
184  71
186  34
186  45
199  69
202  65
205  16
205  63
205  66
208  32
208  47
210  71
211  8
217  34
217  45
222  58
222  85
226  79
230  50
230  78
231  29
243  32
243  47
249  71
250  8
265  34
265  45
266  0
266  21
267  1
270  14
271  13
277  4
280  94
283  0
283  21
285  1
285  44
289  32
289  47
290  10
293  14
294  13
300  16
301  8
301  71
303  63
304  0
304  21
307  1
309  94
314  4
324  14
324  34
325  45
327  13
330  0
330  21
335  1
339  32
339  47
340  94
344  44
354  8
354  71
363  21
365  0
369  14
372  1
372  94
376  13
381  34
382  45
384  10
386  32
386  47
390  29
391  50
393  4
396  58
396  79
397  78
398  65
400  66
400  85
403  8
403  71
403  75
412  35
413  58
413  79
415  78
417  16
419  63
419  65
422  66
422  69
422  85
430  50
431  32
431  47
432  36
432  42
433  58
433  75
434  79
434  87
435  45
436  34
437  69
437  78
441  26
442  50
445  36
445  85
446  42
446  65
449  87
451  66
451  71
451  99
453  67
454  69
457  58
459  35
459  79
460  36
460  50
463  42
463  78
465  87
466  83
468  26
469  30
469  85
474  44
475  69
475  89
477  83
478  36
478  99
479  62
481  87
483  42
483  50
484  30
486  97
488  83
491  44
491  56
495  89
496  11
497  87
499  83
501  36
502  30
508  99
509  42
511  44
511  50
511  83
513  62
514  87
517  26
517  59
517  89
523  83
524  30
535  83
536  44
540  89
547  83
554  30
559  83
563  89
567  44
571  83
573  87
583  36
583  83
584  99
585  50
586  89
587  87
588  42
591  62
595  30
595  83
596  69
601  58
601  85
601  87
602  78
602  79
604  36
604  65
605  44
605  66
606  67
607  50
607  83
609  75
609  89
609  99
612  69
613  42
615  58
615  87
616  79
617  56
617  78
617  85
618  83
620  50
621  8
621  32
621  35
621  47
621  65
623  26
623  66
623  71
624  34
624  45
628  97
629  83
629  87
630  36
631  58
631  69
631  89
633  14
633  44
633  63
633  79
634  8
634  16
634  32
634  47
634  50
634  75
634  78
634  85
635  0
635  1
635  21
635  99
637  71
638  13
638  29
638  94
639  34
639  45
642  65
643  87
644  4
644  14
644  42
646  0
646  1
646  21
646  66
647  11
648  8
649  32
649  47
649  50
649  58
651  79
652  10
652  13
652  85
653  69
653  94
654  71
654  78
656  14
657  34
657  45
657  87
658  0
658  21
659  1
661  35
661  63
662  16
662  36
664  4
665  8
666  32
666  47
666  75
666  83
667  50
667  65
669  13
669  44
669  94
669  99
670  14
670  58
670  85
671  0
671  21
671  87
672  71
673  1
673  79
674  66
676  83
677  78
678  29
678  34
678  45
678  89
680  69
682  42
682  44
684  8
685  14
685  32
685  47
685  87
685  94
686  0
686  10
686  21
686  50
686  83
687  30
688  13
688  85
689  1
692  4
692  26
694  58
694  71
695  99
696  83
697  89
698  44
698  65
698  79
699  36
699  87
702  34
703  78
704  45
706  8
706  32
706  83
706  85
707  16
707  47
707  50
707  63
708  97
709  66
712  69
713  87
715  30
716  83
716  89
719  62
719  67
720  58
720  75
721  99
723  42
724  85
726  79
726  83
727  87
732  78
735  89
736  36
736  83
737  35
737  65
741  87
744  85
746  83
747  99
751  30
754  89
756  83
