330  8
344  41
345  95
367  46
371  45
390  95
391  77
396  8
415  59
416  41
427  95
443  49
456  48
457  8
459  95
465  28
472  49
473  65
476  46
480  47
484  41
485  52
485  65
487  45
487  49
487  95
488  16
497  47
498  1
498  65
499  6
499  59
504  49
508  52
512  17
512  62
512  65
514  8
516  16
517  47
520  4
520  75
521  48
523  18
523  61
524  97
525  82
525  88
528  17
528  62
531  49
534  32
537  29
538  27
539  50
540  52
540  63
542  47
545  14
547  4
547  17
547  62
547  75
548  32
549  30
549  73
549  78
549  97
551  82
555  14
556  71
557  18
557  27
557  61
559  1
559  30
562  63
564  20
565  14
565  31
565  32
569  2
570  17
570  30
570  62
570  71
572  91
576  14
576  38
577  84
581  33
582  27
582  30
582  34
585  32
586  20
586  31
587  71
588  14
589  78
589  98
590  73
591  38
592  84
592  90
594  63
595  30
601  14
603  33
604  2
604  51
605  34
607  71
607  84
609  32
609  38
610  30
613  31
613  98
614  83
616  14
616  20
617  27
619  90
622  84
624  39
624  81
626  30
632  14
632  38
632  71
632  85
634  33
634  91
640  32
642  90
643  17
643  62
643  82
644  97
646  98
647  65
648  30
648  63
651  4
651  47
651  49
651  75
656  16
657  65
657  89
659  52
660  8
660  95
661  81
663  48
663  49
665  6
665  59
666  41
670  77
673  46
673  95
676  45
680  89
