354  30
354  49
355  54
356  16
363  14
365  99
371  3
371  76
375  83
390  48
397  31
403  25
403  63
406  80
407  65
411  96
420  30
420  49
438  25
438  80
439  63
447  96
450  31
450  65
455  72
459  48
464  3
464  99
466  54
466  76
467  16
470  80
470  83
471  7
475  14
480  31
482  30
482  49
485  96
486  48
491  25
492  99
494  63
497  72
501  80
501  83
503  7
504  54
505  16
518  65
519  31
520  96
520  99
522  14
524  48
530  80
533  83
538  72
539  30
539  49
541  7
546  99
548  3
548  76
551  25
553  96
554  54
554  63
557  16
557  80
563  7
563  72
563  83
565  31
568  48
571  2
572  99
576  94
577  7
579  72
582  80
583  96
586  65
587  0
587  2
587  19
588  14
591  30
591  49
592  7
592  83
595  94
596  72
596  99
606  25
606  80
607  2
608  7
609  54
610  63
610  96
611  31
612  48
613  16
615  72
615  94
619  83
619  99
621  3
622  76
626  7
626  90
628  80
632  2
635  19
636  0
636  55
636  72
636  94
636  96
638  86
639  30
640  49
641  99
644  4
644  55
645  7
645  83
646  35
647  6
647  65
647  86
648  14
649  98
650  80
651  46
653  31
653  45
653  48
653  55
657  4
657  72
657  86
657  94
658  25
660  8
660  96
661  35
661  54
662  99
663  6
663  55
663  63
664  7
664  98
665  2
666  16
667  86
669  83
671  80
672  4
672  46
673  55
675  72
676  45
676  98
677  24
677  86
678  7
678  94
680  35
682  30
682  99
684  77
684  96
685  49
686  72
687  6
688  85
689  76
690  7
691  24
691  80
691  93
692  83
693  31
693  48
694  81
695  3
696  60
696  79
697  72
697  77
698  75
699  24
700  44
700  73
700  93
700  94
701  99
703  85
704  33
705  34
705  65
706  25
706  81
706  96
707  7
707  14
708  24
708  54
709  75
709  93
710  80
711  71
711  77
713  63
714  44
714  73
714  83
716  16
717  24
718  93
719  85
720  81
720  89
720  99
721  72
722  75
723  33
725  34
726  79
727  24
727  49
727  93
728  30
728  60
728  77
728  96
729  31
729  80
730  44
731  73
733  48
735  81
735  83
735  85
736  93
737  75
738  24
738  99
742  71
743  72
745  93
747  33
747  80
748  77
749  24
749  44
749  96
750  25
750  81
751  73
752  3
752  85
753  34
754  75
754  93
755  7
755  54
756  83
756  99
760  63
760  65
760  76
761  14
761  24
763  16
763  93
765  72
765  80
765  81
766  31
768  49
769  85
769  96
771  30
771  48
772  7
772  44
772  77
772  93
773  75
773  99
774  24
775  81
776  72
776  73
776  83
781  93
782  7
782  80
784  33
784  86
785  81
785  89
785  94
786  85
787  55
787  98
788  24
788  72
788  96
790  93
790  99
791  2
792  86
793  7
794  25
794  79
794  81
795  4
795  55
795  83
795  98
796  75
798  54
799  34
799  35
799  80
799  93
800  6
800  72
800  86
800  94
802  44
803  24
803  31
803  60
803  77
803  81
803  85
804  55
804  98
805  7
805  46
805  63
807  48
807  96
807  99
808  4
808  45
808  73
808  86
808  93
809  16
809  49
810  30
811  0
811  2
811  8
812  65
812  81
813  3
813  14
813  55
813  72
813  98
814  19
814  71
814  83
815  80
815  94
816  35
816  86
817  6
817  7
817  93
819  24
819  76
820  85
820  90
821  81
822  4
822  98
823  55
823  75
823  99
824  86
825  96
826  72
826  93
828  46
829  7
831  80
831  81
831  94
831  98
832  83
832  86
