273  17
273  62
299  47
306  4
306  75
314  52
319  61
320  18
321  16
327  97
328  82
337  17
337  62
349  47
351  1
353  6
383  29
383  50
393  52
396  97
398  82
400  17
400  62
404  47
413  16
418  32
420  4
420  75
424  27
427  63
438  32
440  78
441  73
449  97
450  82
450  88
452  27
452  65
453  18
453  47
453  61
455  17
455  62
461  63
462  32
466  14
466  52
474  91
492  97
493  32
493  82
496  1
497  27
499  16
501  6
502  47
508  17
508  62
514  78
517  4
517  65
517  75
519  73
520  63
522  14
530  32
532  97
533  82
537  52
548  47
555  27
556  17
556  62
563  65
564  18
564  61
565  49
568  97
569  82
570  88
572  8
572  32
573  65
573  91
574  49
577  16
578  48
578  59
582  14
584  49
584  77
585  65
586  8
592  29
592  47
593  63
594  50
599  14
599  30
601  82
601  97
602  4
602  52
602  75
603  17
603  62
605  71
607  30
609  14
610  31
611  20
611  32
616  2
616  30
617  71
618  27
620  14
621  1
625  31
626  30
627  20
628  6
630  71
631  82
632  14
632  78
632  97
636  30
637  47
639  73
642  2
643  31
645  14
645  71
646  17
646  62
647  16
647  20
647  30
649  91
650  32
650  88
653  49
653  65
653  83
658  39
659  14
659  30
660  8
660  63
660  82
661  85
661  97
662  18
662  48
663  49
663  59
663  61
663  65
663  71
665  31
666  52
672  27
672  30
673  8
673  20
673  49
674  14
674  65
675  77
676  47
677  48
678  4
679  31
679  89
680  59
680  75
683  98
684  49
684  71
685  41
686  65
686  82
686  95
687  30
687  97
688  2
688  8
688  17
688  20
688  62
689  31
689  46
689  81
690  45
690  89
691  14
691  32
693  98
695  48
696  37
696  41
696  49
697  95
699  65
700  31
701  59
701  89
701  90
701  96
703  40
703  98
704  30
704  81
705  28
705  46
706  8
706  20
707  45
707  94
708  16
708  77
709  14
709  41
709  49
709  95
710  88
711  31
711  52
711  71
712  65
712  82
712  89
713  47
714  91
714  97
714  98
716  48
718  81
721  30
721  95
721  98
723  31
723  41
723  49
723  59
723  89
724  46
724  90
725  48
725  81
726  17
726  20
727  8
727  38
727  63
727  65
728  1
728  14
728  45
728  84
728  98
729  27
729  62
730  32
731  33
732  34
732  81
733  6
733  95
734  89
734  90
735  42
735  48
735  98
736  31
737  82
738  38
738  49
738  59
739  30
739  78
739  81
739  84
739  97
740  41
741  71
742  98
743  65
744  90
745  48
745  51
745  73
745  83
745  89
745  95
746  33
746  81
747  14
747  34
748  29
749  20
749  46
749  50
750  4
750  31
750  38
750  47
750  61
750  75
750  84
750  98
751  8
751  18
753  81
754  49
754  90
755  59
756  28
756  48
757  45
757  89
758  30
760  65
761  82
761  84
761  98
763  33
763  38
763  97
764  17
764  81
765  32
765  34
765  62
765  90
766  14
767  88
768  52
768  95
769  96
770  71
770  91
771  48
772  84
775  81
775  85
776  16
776  90
777  27
778  38
779  30
780  98
784  84
785  33
785  63
786  51
786  82
787  14
787  97
788  2
789  34
790  81
791  90
796  38
796  84
799  98
803  30
805  32
808  84
810  14
811  62
811  71
811  82
812  97
813  17
815  90
816  33
817  38
817  98
820  84
823  81
825  34
827  90
827  91
829  30
830  83
830  98
831  4
831  81
832  75
833  84
