359  54
360  16
363  2
367  14
383  83
383  94
430  54
430  99
431  0
431  7
431  16
433  19
435  48
437  2
438  30
438  49
438  83
440  94
445  3
445  76
448  7
449  14
460  99
462  30
463  49
467  7
480  76
481  3
481  83
482  94
489  7
491  99
494  54
495  30
497  16
497  49
506  2
509  48
518  83
519  94
522  14
523  4
526  35
527  6
533  46
534  98
535  45
540  99
541  4
546  8
547  35
549  6
551  83
553  54
553  94
556  16
557  98
562  86
563  4
566  2
566  46
572  45
575  55
576  35
578  48
580  6
581  83
581  98
582  99
584  94
591  4
592  14
599  7
603  86
604  0
605  98
605  99
607  54
609  19
609  83
611  7
612  16
613  30
613  49
613  94
615  72
618  76
618  90
620  3
621  31
621  48
622  2
623  25
624  7
624  63
624  72
625  65
625  80
626  99
628  96
631  72
633  31
633  55
634  7
635  30
635  49
635  83
637  25
638  63
640  65
640  80
641  48
641  72
641  77
645  85
645  96
646  24
646  31
647  99
648  93
649  76
650  3
651  14
651  72
653  25
654  60
654  63
654  75
654  79
655  77
656  44
656  80
657  73
658  65
659  81
661  33
661  85
662  34
663  72
663  96
667  30
667  75
669  71
671  25
671  44
671  77
672  73
672  93
674  49
674  63
674  81
676  24
678  80
678  85
679  89
681  33
681  75
684  34
688  44
689  60
690  73
690  77
690  79
690  81
696  85
696  93
697  75
704  71
706  81
709  33
709  44
712  73
716  75
718  34
720  24
720  93
722  81
732  85
736  44
739  75
739  77
739  81
741  73
743  93
749  72
749  85
751  24
751  80
751  96
752  93
754  31
754  81
755  7
755  25
756  63
756  65
756  72
757  33
759  24
761  93
762  7
762  86
762  99
763  55
763  72
763  77
764  48
764  81
764  83
765  30
765  49
765  80
765  98
766  31
766  85
766  96
768  24
768  54
768  75
768  94
769  7
769  16
770  3
770  55
770  86
770  93
771  72
771  76
773  98
774  2
774  25
775  4
775  14
775  44
775  65
775  99
776  35
776  63
776  81
777  6
777  7
778  48
778  55
778  86
779  72
779  80
779  83
780  31
781  96
782  94
783  46
783  98
784  30
784  45
784  49
784  89
785  54
787  16
788  8
789  4
789  86
789  99
791  7
792  35
793  0
793  2
794  6
794  55
795  19
795  83
796  98
797  94
799  90
807  4
807  46
