64
16
14
80
1
79
67
46
87
17
2
40
18
24
25
83
61
71
67
36
28
58
34
47
31
20
2
94
27
43
61
63
10
68
17
3
54
82
52
51
79
86
83
19
48
38
12
36
20
81
47
56
6
7
75
11
88
94
31
93
98
25
29
55
0
76
34
49
39
40
5
14
97
34
37
23
24
3
40
61
33
6
21
25
11
42
39
79
49
65
85
56
93
36
40
79
65
31
94
48
7
25
71
66
90
43
31
52
15
85
12
53
88
56
92
97
90
30
75
99
65
37
61
2
64
52
23
22
4
40
97
64
11
4
32
44
78
85
84
30
3
22
78
80
82
99
63
52
93
15
11
55
38
33
75
24
80
59
21
29
48
45
77
53
50
23
79
86
78
4
28
21
84
12
56
64
27
99
46
66
91
9
71
57
76
37
60
21
74
65
12
2
58
51
4
99
74
38
28
20
15
75
94
69
90
37
68
58
53
61
40
59
74
38
44
43
93
42
29
11
83
69
34
40
32
73
6
8
49
9
25
78
91
98
81
58
1
69
22
7
26
56
8
74
85
59
19
66
73
84
63
56
44
3
58
73
16
45
20
95
1
72
62
46
78
89
6
71
79
88
20
33
34
41
86
7
95
44
19
53
17
44
69
77
46
60
40
73
63
96
86
37
83
70
54
80
95
40
82
76
52
66
69
28
6
3
96
54
5
58
0
21
48
47
51
68
67
13
38
78
82
12
37
25
58
3
20
18
9
43
38
99
98
17
40
85
91
70
9
48
50
67
85
19
68
70
42
48
47
41
26
23
8
33
95
86
88
83
67
98
66
1
39
87
35
0
7
5
43
2
90
12
8
48
31
43
61
3
72
82
92
76
87
37
16
3
50
83
25
89
91
37
76
32
7
4
88
11
10
6
59
63
9
5
72
10
17
2
14
51
79
76
7
63
47
24
41
40
28
21
75
16
57
9
12
66
41
29
47
11
73
79
50
72
6
28
62
77
44
24
56
63
66
12
11
21
27
9
31
77
12
61
26
0
74
79
64
23
57
46
59
16
70
18
2
41
67
68
29
52
73
35
50
22
9
49
1
75
72
53
11
3
55
8
21
33
31
71
37
22
4
66
21
63
41
19
22
13
76
70
84
43
72
94
28
70
36
26
30
52
50
80
73
78
2
21
75
3
34
53
59
66
21
93
24
92
87
83
2
18
70
92
50
15
73
6
32
78
52
23
7
96
14
46
37
0
91
63
88
44
40.5513
14.5818
15.8132
1.25644
4.19289
49.4526
14.2715
46.7155
39.3717
26.9036
4.28483
17.155
35.9414
43.2075
21.9428
24.7115
24.2892
49.2638
17.9557
13.8846
43.4462
12.3459
22.1021
22.6705
41.3197
39.1504
17.5493
23.1639
45.4425
9.61899
7.17086
14.3675
45.4478
47.6336
44.2913
11.1753
41.9671
18.4981
25.2874
50
44.0402
26.9564
5.74274
21.0004
32.5739
24.9032
20.0551
12.5049
43.2203
40.0719
40.6078
39.9534
47.2627
21.1388
25.2879
23.668
0.120038
28.8861
17.9129
14.2482
36.2324
29.3521
43.0647
21.8728
39.5921
43.2615
43.6421
38.8177
25.9304
17.1637
29.7147
17.9372
29.1232
2.66044
12.7048
15.425
34.658
33.6587
26.9788
43.8769
21.7483
11.5312
28.5913
43.5703
4.6934
8.26596
37.7625
48.2456
4.76702
5.4539
45.503
7.59989
39.656
5.77672
40.8374
11.4557
12.747
34.346
28.0772
13.5947
19.1225
19.692
24.5898
0
10.0162
31.2569
5.43724
8.90358
20.1532
29.1473
22.099
0.584205
3.14047
24.7554
47.6679
12.9813
5.76858
49.421
7.12952
11.4105
46.9941
23.7324
16.4495
34.7695
29.9607
32.918
49.4252
34.8793
16.7633
45.3484
50
47.1178
48.0741
21.5502
9.69401
0.254757
0.81228
12.7283
0.427141
39.9139
25.9172
8.60731
35.2829
16.27
16.5411
48.7651
13.8444
40.6519
35.9094
34.8811
50
8.29869
24.4696
1.33306
21.15
44.9751
33.3261
22.2313
6.54654
28.1765
21.9846
5.10214
7.86491
45.1699
19.7366
0
46.8954
34.8559
29.3037
3.79238
23.4193
34.0915
27.0335
16.3103
19.7282
28.5018
0.0728071
15.5935
4.15011
31.9503
14.2094
34.8361
0
0.241551
18.9932
7.07112
27.7039
29.3996
21.5744
21.8347
47.5364
11.2337
14.6378
35.763
29.1795
4.01743
1.26631
3.95813
0.159345
8.2299
40.6168
45.4838
35.5789
50
38.6226
39.297
29.6788
18.5251
49.7501
45.4812
20.673
3.69713
36.836
13.3633
20.5216
33.4044
40.9449
32.6511
17.9647
14.9977
20.0734
45.9997
28.53
42.9904
21.71
35.8818
25.0957
6.99587
25.4105
8.19554
36.7433
38.4196
45.4507
32.0553
39.6927
0.483125
40.2128
5.51739
2.5977
20.8299
41.394
34.6015
43.7183
36.7224
30.3417
5.29649
38.8921
14.3535
20.1825
47.2159
14.5272
32.6106
29.9453
45.258
19.5378
29.3435
16.1688
1.38755
47.6827
16.7743
4.75985
8.26564
25.7028
49.8482
10.8829
26.4175
14.0618
32.1895
35.5915
38.4994
33.8434
44.0983
21.7273
50
16.6594
25.6824
45.6353
19.5233
42.9631
15.7342
37.0189
11.8313
10.8366
0
9.90233
17.3507
50
12.7622
18.8936
12.5168
7.70215
1.13532
16.4562
30.8445
44.4884
46.7696
15.1885
27.781
38.7778
35.0231
46.9197
32.2097
13.8357
35.7594
29.4546
43.6716
18.2715
9.73046
39.196
24.4754
50
32.5714
46.689
27.3757
15.2154
22.7611
29.0285
2.95302
3.52818
18.997
49.4165
49.9488
38.5404
38.9959
45.9808
20.6913
1.08042
31.6455
48.1481
15.8056
27.0863
0.765948
29.9186
25.6687
16.7257
17.8786
49.8064
11.1422
25.5962
0.553264
20.6227
0
8.11664
30.1699
21.1926
21.64
43.6577
12.8673
24.5192
42.6612
37.0785
39.5021
36.8387
42.3483
7.00699
15.0327
49.4902
49.8442
24.6749
43.5522
31.4688
7.71009
16.1508
0.640224
41.0139
32.1023
11.8057
3.656
12.4454
46.15
2.10194
2.94748
35.4328
29.2063
50
23.9925
0.568976
7.13457
18.3251
19.6052
43.522
48.5442
13.7734
0
48.7034
46.1154
35.9179
8.67887
19.8967
10.9399
35.1904
0.141932
14.7653
0
30.6142
50
21.965
10.9966
47.4549
49.6388
12.081
24.2718
37.5725
22.362
9.64736
41.3949
48.4541
30.034
25.823
4.31073
15.1003
33.8398
33.7312
46.4981
18.8463
9.39555
16.6498
50
32.2332
4.98455
42.6416
19.0749
10.4267
23.9382
19.02
1.52304
23.2828
16.1112
44.3798
14.6599
27.5505
13.2509
49.0208
34.4885
38.9186
49.0755
29.1132
38.5346
35.3821
15.775
23.8003
1.42637
13.3114
10.3823
38.8724
49.3976
41.0658
42.9449
50
17.4739
1.63394e-312
1.29442e-312
1.28457e-322
1.67638e-312
-0.226938
-3.64262
63.5545
160
