116  29
116  50
124  6
124  73
142  9
142  70
153  15
153  64
179  77
180  20
181  92
200  86
210  55
214  50
217  29
222  92
224  13
224  77
230  61
232  20
232  96
250  86
255  58
259  76
261  1
262  77
265  99
267  45
277  92
280  76
284  6
285  1
286  86
288  4
289  99
292  77
293  20
300  96
301  45
303  76
313  99
314  1
318  92
321  86
324  77
329  6
336  76
336  99
348  55
349  20
350  58
351  1
351  45
353  92
354  96
355  13
356  86
358  77
359  99
377  76
378  61
381  99
385  92
388  6
388  26
388  86
391  4
395  77
396  1
401  96
402  20
403  99
415  86
415  92
417  76
422  45
424  99
435  77
445  86
445  92
445  96
445  99
452  1
452  43
456  7
456  9
457  53
458  36
460  49
460  85
465  43
466  99
470  29
471  6
471  7
471  20
472  9
474  86
475  77
475  92
475  95
476  51
477  13
477  53
477  76
479  58
480  43
480  85
481  36
482  49
487  99
489  96
490  55
491  7
492  9
497  43
500  27
500  85
502  53
505  40
507  95
508  99
510  36
515  1
516  7
518  9
518  49
520  43
520  45
524  85
555  85
560  95
