0 0.564643 0.499651 0.000269148 0s
1 0.5678 0.50189 0.000402129 6.09016s
2 0.667842 0.505635 0.000536972 6.12925s
3 0.667842 0.508765 0.000688876 6.00877s
4 0.667842 0.510016 0.000811271 6.10897s
5 0.667842 0.51449 0.000979175 6.12586s
6 0.667842 0.517658 0.00128462 6.02539s
7 0.667842 0.521271 0.00168209 6.07442s
8 0.667842 0.523696 0.00207202 6.09647s
9 0.667842 0.527963 0.0023661 6.11776s
10 0.674941 0.532975 0.00288937 6.23497s
11 0.674941 0.537923 0.00337227 6.11165s
12 0.674941 0.544666 0.00357106 6.08546s
13 0.688753 0.551857 0.00402116 6.18442s
14 0.688753 0.547714 0.00409726 6.12136s
15 0.688753 0.550862 0.00426013 6.01793s
16 0.688753 0.547624 0.00454406 6.1786s
17 0.689001 0.549419 0.00454267 6.23209s
18 0.690715 0.551211 0.0047084 6.18731s
19 0.690715 0.550631 0.00510729 6.08647s
20 0.690715 0.554007 0.00526942 6.21492s
21 0.705962 0.55107 0.00619678 6.62605s
22 0.705962 0.550959 0.00597749 6.28693s
23 0.707581 0.546232 0.00575484 6.08896s
24 0.707581 0.55408 0.00574191 6.2122s
25 0.707581 0.554023 0.00598893 6.18181s
26 0.709006 0.55625 0.00615686 6.08406s
27 0.715071 0.55305 0.0067018 6.02612s
28 0.715071 0.559034 0.00713936 6.0958s
29 0.715071 0.556538 0.00730002 6.29115s
30 0.723916 0.553358 0.00771113 6.11606s
31 0.723916 0.551307 0.00769409 6.04426s
32 0.727148 0.553875 0.0081235 6.0622s
33 0.727148 0.561876 0.00841466 6.07744s
34 0.737956 0.559324 0.00748349 6.11624s
35 0.745151 0.568206 0.00825959 6.14591s
36 0.745151 0.564875 0.00842828 6.01275s
37 0.745151 0.571465 0.00894717 6.15302s
38 0.745151 0.569502 0.00892915 6.02698s
39 0.747367 0.571707 0.00912403 6.15376s
40 0.747367 0.570446 0.00912134 6.06563s
41 0.747367 0.567023 0.00916549 6.45309s
42 0.747367 0.561217 0.0089835 6.13492s
43 0.756451 0.561279 0.00929192 6.01676s
44 0.756451 0.566014 0.0110277 6.05762s
45 0.767207 0.560275 0.011201 6.05917s
46 0.767207 0.564186 0.010695 6.2407s
47 0.767207 0.568158 0.0117665 6.17165s
48 0.767207 0.574304 0.0113203 6.13137s
49 0.767207 0.566742 0.0100675 6.08724s
50 0.767207 0.571213 0.0110053 6.17568s
51 0.767207 0.564774 0.0107899 6.13434s
52 0.770982 0.56894 0.0111249 6.16082s
53 0.770982 0.561669 0.011994 6.0508s
54 0.770982 0.565152 0.0107524 6.15253s
55 0.770982 0.559057 0.0101792 6.1651s
56 0.770982 0.568151 0.010788 6.25225s
57 0.770982 0.568054 0.0108513 6.1133s
58 0.770982 0.568264 0.0126426 6.09925s
59 0.770982 0.571957 0.0120945 6.29285s
60 0.770982 0.568195 0.010786 6.04003s
61 0.770982 0.567376 0.0114039 6.17296s
62 0.770982 0.576835 0.0123223 6.17799s
63 0.770982 0.57854 0.0118226 6.16002s
64 0.770982 0.576752 0.0111276 6.20081s
65 0.770982 0.578301 0.0117662 6.08303s
66 0.770982 0.571658 0.0109787 6.08534s
67 0.770982 0.571725 0.0108038 6.12499s
68 0.770982 0.573786 0.0114715 6.04378s
69 0.770982 0.574712 0.0117466 6.19397s
70 0.770982 0.57026 0.0116091 6.11051s
71 0.770982 0.571575 0.0116016 6.1145s
72 0.770982 0.560677 0.0108474 6.07033s
73 0.770982 0.568115 0.0117836 6.31649s
74 0.770982 0.580627 0.0128659 6.14034s
75 0.770982 0.580266 0.012307 6.07249s
76 0.770982 0.581192 0.0116251 6.27526s
77 0.770982 0.579223 0.0111531 6.05746s
78 0.770982 0.577659 0.0113874 6.17196s
79 0.771579 0.572896 0.0118706 6.18216s
80 0.771579 0.579916 0.0121549 6.10839s
81 0.771579 0.577384 0.0133396 6.10279s
82 0.771579 0.576211 0.0128866 6.01172s
83 0.771579 0.570721 0.0121312 6.09976s
84 0.771579 0.57057 0.0127092 6.31758s
85 0.771659 0.566367 0.0126843 6.35989s
86 0.771659 0.575702 0.013009 6.08351s
87 0.771659 0.573736 0.012325 6.02613s
88 0.773431 0.568146 0.0120289 6.079s
89 0.773786 0.571158 0.0123942 6.05546s
90 0.773786 0.577407 0.0122042 6.10678s
91 0.773786 0.572652 0.0129729 6.14406s
92 0.773786 0.571812 0.0126823 6.18546s
93 0.773786 0.571473 0.0132194 6.09018s
94 0.773786 0.570881 0.0132044 6.1527s
95 0.773786 0.559292 0.0113773 6.13217s
96 0.773786 0.561578 0.0122775 5.95233s
97 0.773786 0.566572 0.0125352 6.33767s
98 0.773786 0.568027 0.0123614 6.04337s
99 0.773786 0.571949 0.0121442 6.13779s
100 0.774253 0.570465 0.0126891 6.12767s
101 0.774253 0.568897 0.0119177 6.04899s
102 0.774253 0.569435 0.0112319 6.08318s
103 0.774253 0.561805 0.0114593 6.2077s
104 0.774608 0.564496 0.0119008 6.06567s
105 0.774608 0.569783 0.0117798 6.00814s
106 0.774608 0.573998 0.0127383 6.18027s
107 0.774608 0.57811 0.0129869 6.17003s
108 0.774608 0.570438 0.0121106 6.09201s
109 0.774608 0.569386 0.0119031 6.58544s
110 0.774608 0.574155 0.0122295 6.38621s
111 0.774608 0.569426 0.0121955 6.17475s
112 0.774608 0.575657 0.0121973 6.10706s
113 0.774608 0.584451 0.0122061 6.40767s
114 0.774608 0.579117 0.0123041 6.12664s
115 0.774925 0.577427 0.0122555 6.07237s
116 0.774925 0.575744 0.0125125 6.02975s
117 0.777878 0.572522 0.0119276 6.19322s
118 0.777878 0.571087 0.0116126 5.95924s
119 0.778143 0.57283 0.0119286 6.1009s
120 0.778143 0.569975 0.0109419 7.35687s
121 0.778143 0.575666 0.0107114 6.07807s
122 0.778143 0.572685 0.0117755 6.20973s
123 0.778143 0.580716 0.012388 6.15583s
124 0.778143 0.574048 0.0120755 6.04435s
125 0.778143 0.579018 0.0122781 6.28681s
126 0.778143 0.588359 0.0125642 6.07702s
127 0.778143 0.580257 0.0119024 6.0852s
128 0.778143 0.573064 0.0120276 6.42941s
129 0.778143 0.571857 0.0123354 6.10693s
130 0.778143 0.569535 0.012284 6.08449s
131 0.778143 0.566989 0.012117 6.19459s
132 0.778143 0.573131 0.012186 6.1758s
133 0.778143 0.57753 0.0118802 6.07224s
134 0.778143 0.574836 0.0124998 6.14334s
135 0.778143 0.57989 0.0122316 6.18628s
136 0.778143 0.575169 0.0114426 6.19479s
137 0.778143 0.569031 0.0117532 6.17245s
138 0.778143 0.569695 0.0125783 6.13465s
139 0.778143 0.568698 0.0126733 6.17092s
140 0.778143 0.572048 0.0125049 6.30764s
141 0.778143 0.572544 0.0125771 6.08763s
142 0.778143 0.576732 0.0127339 6.0117s
143 0.778143 0.580208 0.0136795 6.1858s
144 0.778143 0.584169 0.0129244 6.04962s
145 0.778143 0.588099 0.0134741 6.07488s
146 0.778143 0.583638 0.012966 6.13831s
147 0.778143 0.583403 0.0129006 6.16194s
148 0.778143 0.585962 0.0128853 6.04061s
149 0.778143 0.582521 0.0125039 6.17467s
150 0.778143 0.589084 0.0133824 6.12882s
151 0.778143 0.569994 0.0125086 6.07232s
152 0.778143 0.572087 0.0120102 6.06265s
153 0.77817 0.566632 0.0120446 6.23974s
154 0.77817 0.574088 0.0131898 6.16233s
155 0.77817 0.575422 0.0120763 6.17799s
156 0.77817 0.575276 0.0123355 6.06845s
157 0.77817 0.574546 0.0128888 6.14019s
158 0.77817 0.574643 0.0130705 6.05781s
159 0.77817 0.576487 0.0124387 6.07241s
160 0.77817 0.577671 0.0127392 6.04823s
161 0.77817 0.572337 0.0123694 6.09418s
162 0.77817 0.573194 0.012398 6.22809s
163 0.77817 0.58728 0.0138832 6.1709s
164 0.77817 0.575073 0.0122991 6.21633s
165 0.77817 0.571413 0.0137946 6.08602s
166 0.77817 0.586957 0.0145974 6.00283s
167 0.77817 0.583284 0.0141139 6.14747s
168 0.77817 0.578902 0.0127416 6.10233s
169 0.77817 0.576301 0.0127673 6.06137s
170 0.77817 0.580071 0.0128047 6.05004s
171 0.77817 0.57911 0.0118922 6.01653s
172 0.77817 0.576073 0.0122737 5.93558s
173 0.77817 0.57515 0.0114961 6.063s
174 0.77817 0.570591 0.0111791 6.0456s
175 0.77817 0.57118 0.0119516 6.03503s
176 0.77817 0.582341 0.0123895 6.04145s
177 0.77817 0.585481 0.0132388 6.08311s
178 0.77817 0.578332 0.0133725 6.18853s
179 0.77817 0.570768 0.0132797 6.15074s
180 0.77817 0.577241 0.0133956 6.12191s
181 0.77817 0.577648 0.0129877 6.07694s
182 0.77817 0.58673 0.0132224 6.02136s
183 0.77817 0.575296 0.0133494 6.00455s
184 0.77817 0.569457 0.0131014 6.18337s
185 0.77817 0.57836 0.0127302 6.17995s
186 0.77817 0.566972 0.0127933 6.19146s
187 0.77817 0.57259 0.0132494 6.03614s
188 0.77817 0.578332 0.0128161 6.06553s
189 0.77817 0.571193 0.0126504 6.04741s
190 0.77817 0.579624 0.0126303 6.2081s
191 0.77817 0.57845 0.0127523 6.07283s
192 0.77817 0.568281 0.012406 6.03306s
193 0.77817 0.569563 0.0120685 6.09334s
194 0.77817 0.566226 0.012433 6.17737s
195 0.77817 0.581534 0.0128425 6.22922s
196 0.77817 0.58952 0.013383 6.19374s
197 0.77817 0.590771 0.01395 6.06855s
198 0.77817 0.593181 0.0139651 6.04809s
199 0.77817 0.597794 0.0132684 6.16362s
200 0.77817 0.593633 0.013273 6.09027s
201 0.77817 0.591679 0.0131539 6.13288s
202 0.77817 0.58837 0.0128134 6.02852s
203 0.778408 0.586231 0.0149716 6.05822s
204 0.778408 0.586442 0.0141863 6.02144s
205 0.778408 0.583887 0.0130647 6.16704s
206 0.778408 0.591041 0.0133348 6.02109s
207 0.778408 0.594295 0.0134664 6.12283s
208 0.778408 0.592758 0.012669 6.65055s
209 0.778408 0.595253 0.0139206 6.2027s
210 0.778408 0.582657 0.0124473 6.20418s
211 0.778408 0.57917 0.0122711 6.13744s
212 0.778408 0.579012 0.0128338 6.13736s
213 0.778408 0.576311 0.0131746 6.16231s
214 0.778408 0.582257 0.013517 6.19215s
215 0.778408 0.580591 0.0127778 6.17263s
216 0.778408 0.587227 0.0127682 6.16772s
217 0.778408 0.585129 0.012383 6.07649s
218 0.778408 0.576069 0.0126899 6.13264s
219 0.778408 0.573222 0.0124274 7.34515s
220 0.778408 0.568311 0.0121528 6.0542s
221 0.778408 0.571672 0.013159 6.09004s
222 0.778408 0.575471 0.0125471 6.19912s
223 0.778408 0.566645 0.012078 6.16137s
224 0.778408 0.569758 0.0110523 6.0425s
225 0.778408 0.571785 0.0113834 6.07497s
226 0.778408 0.573409 0.0124189 6.16627s
227 0.778408 0.574488 0.0122892 6.03125s
228 0.778408 0.57999 0.0119625 6.05123s
229 0.778408 0.574795 0.0125802 6.11419s
230 0.778408 0.569684 0.0124806 6.20604s
231 0.778408 0.584642 0.0126794 6.08024s
232 0.778408 0.588046 0.013035 6.05357s
233 0.778408 0.592888 0.013095 6.15547s
234 0.778408 0.596127 0.0130173 6.04728s
235 0.778408 0.588549 0.0114803 6.16227s
236 0.778408 0.587873 0.0122449 6.14598s
237 0.778408 0.580154 0.0126082 5.98838s
238 0.778408 0.584334 0.0128632 6.01122s
239 0.778408 0.579816 0.0121623 6.1696s
240 0.778408 0.585108 0.0121504 6.05985s
241 0.778408 0.581681 0.0117012 6.05914s
242 0.778408 0.583195 0.0114432 6.06613s
243 0.778408 0.583535 0.0130817 6.15095s
244 0.778408 0.588557 0.0126182 6.1701s
245 0.778408 0.594193 0.0124565 6.02609s
246 0.778408 0.572863 0.0120901 6.18201s
247 0.778408 0.571439 0.0130257 6.16356s
248 0.778408 0.568918 0.0137851 6.14114s
249 0.778408 0.581378 0.0133563 6.11483s
250 0.778408 0.581539 0.0140805 6.08792s
251 0.778408 0.577845 0.0123827 6.03939s
252 0.778408 0.57255 0.0128915 6.09136s
253 0.778408 0.566831 0.0124307 6.14434s
254 0.778408 0.573048 0.0127058 6.19669s
255 0.778408 0.578554 0.0136393 6.14977s
256 0.778408 0.581038 0.0129296 6.07403s
257 0.778408 0.580613 0.0131265 6.08714s
258 0.778408 0.566498 0.0121717 6.18935s
259 0.778408 0.559609 0.0119657 6.03742s
260 0.778408 0.564843 0.0125138 6.13432s
261 0.778408 0.574145 0.0120062 6.21708s
262 0.778408 0.5813 0.0121175 6.12822s
263 0.778408 0.57858 0.0118137 6.17203s
264 0.778408 0.573777 0.011591 6.07629s
265 0.778408 0.574814 0.0113061 6.17978s
266 0.778408 0.559072 0.0111067 6.07514s
267 0.778408 0.562222 0.0107109 6.11188s
268 0.778408 0.56422 0.011076 6.06233s
269 0.778408 0.574255 0.0121371 6.09515s
270 0.780295 0.565033 0.0115916 6.17099s
271 0.780295 0.564591 0.0123582 6.1925s
272 0.780295 0.573229 0.0130289 6.07403s
273 0.780295 0.575209 0.0132418 6.0864s
274 0.780295 0.56694 0.0125798 6.06244s
275 0.780295 0.565205 0.0118442 6.1171s
276 0.780295 0.560381 0.01201 6.2171s
277 0.780295 0.562251 0.0118547 6.03301s
278 0.780295 0.56123 0.0121239 6.10213s
279 0.780295 0.563563 0.0120304 6.04577s
280 0.780295 0.563861 0.0131927 6.05954s
281 0.780295 0.568548 0.0120719 6.08464s
282 0.780295 0.571482 0.0125687 6.05626s
283 0.780295 0.573698 0.0123985 6.10146s
284 0.780295 0.571211 0.0118257 6.17223s
285 0.780295 0.571236 0.0124843 6.01936s
286 0.780295 0.570851 0.0131863 6.0148s
287 0.780295 0.566261 0.0127635 6.07204s
288 0.780295 0.561362 0.0119867 6.05754s
289 0.780295 0.56577 0.0119282 6.17535s
290 0.780295 0.567353 0.0118208 6.26689s
291 0.780295 0.577906 0.0119174 6.07959s
292 0.780295 0.575324 0.0124118 6.19063s
293 0.780295 0.576944 0.0131348 6.08462s
294 0.780295 0.5789 0.012574 6.08414s
295 0.780295 0.575353 0.012745 6.18543s
296 0.780295 0.572636 0.0118088 6.06607s
297 0.780295 0.564735 0.0130945 6.0734s
298 0.780295 0.575675 0.0130551 6.07577s
299 0.780295 0.571197 0.0131985 6.13906s
300 0.780295 0.576157 0.0136272 6.04843s
301 0.780295 0.579346 0.0136831 6.1562s
302 0.780295 0.582653 0.0126289 6.1839s
303 0.780295 0.58849 0.0123467 6.10653s
304 0.780295 0.586491 0.0125025 6.06911s
305 0.780295 0.580668 0.0129067 6.07611s
306 0.780295 0.574142 0.0122813 6.05495s
307 0.780295 0.574409 0.0122379 6.18028s
308 0.780295 0.579662 0.0134094 6.26676s
309 0.780295 0.586574 0.0131966 6.20796s
310 0.780295 0.580203 0.0129294 6.12609s
311 0.780295 0.587691 0.0130551 6.07375s
312 0.780295 0.58987 0.012298 6.22449s
313 0.780295 0.594032 0.0122791 6.10865s
314 0.780295 0.593343 0.0125524 6.17039s
315 0.780295 0.585197 0.0131106 6.20255s
316 0.780295 0.589579 0.0132636 6.05001s
317 0.780295 0.587081 0.0124247 6.07825s
318 0.780295 0.574773 0.011724 6.20779s
319 0.780295 0.574855 0.012097 7.04712s
320 0.780295 0.580295 0.0121193 6.19699s
321 0.780295 0.588543 0.0130244 6.07469s
322 0.780295 0.587085 0.0136959 6.11074s
323 0.780295 0.588074 0.0140983 6.07683s
324 0.780295 0.581188 0.0128496 6.09627s
325 0.780295 0.57152 0.0120959 6.12537s
326 0.780295 0.579171 0.0139453 6.02432s
327 0.780295 0.578477 0.0143313 6.17097s
328 0.780295 0.569589 0.0139086 6.07139s
329 0.780295 0.564855 0.0131752 6.07182s
330 0.780295 0.569047 0.0130055 6.11106s
331 0.780295 0.574592 0.012911 6.10804s
332 0.780295 0.575016 0.0125234 6.11692s
333 0.780295 0.579509 0.0120092 6.19014s
334 0.780295 0.587414 0.0119647 6.23729s
335 0.780295 0.585862 0.0128064 6.20792s
336 0.780295 0.576565 0.0129123 6.02157s
337 0.780295 0.587075 0.0125377 6.10762s
338 0.780295 0.589596 0.0131398 6.19467s
339 0.780295 0.575428 0.0128558 6.02462s
340 0.780295 0.584447 0.0136137 6.18243s
341 0.780295 0.576711 0.0126588 6.38412s
342 0.780295 0.573633 0.0128126 6.09189s
343 0.780295 0.575183 0.0118704 6.17508s
344 0.780295 0.574958 0.012425 6.17823s
345 0.780295 0.566829 0.0125981 6.37642s
346 0.780295 0.568452 0.0134218 6.13948s
347 0.780295 0.568727 0.0126405 6.10013s
348 0.780295 0.572728 0.0134112 6.01516s
349 0.780295 0.572984 0.0123961 6.0568s
350 0.780295 0.575558 0.0130653 6.07019s
351 0.780295 0.591827 0.0134033 6.07852s
352 0.780295 0.589297 0.0135132 6.05219s
353 0.780295 0.585483 0.0128501 6.08501s
354 0.780295 0.576989 0.0123152 6.03161s
355 0.780295 0.575317 0.0114076 6.14532s
356 0.780295 0.573095 0.0123421 6.11679s
357 0.780295 0.570963 0.0122737 6.09104s
358 0.780295 0.569312 0.0128775 6.01145s
359 0.780295 0.575877 0.012209 6.06302s
360 0.780295 0.570909 0.0133507 6.17433s
361 0.780295 0.576166 0.0133815 6.19343s
362 0.780295 0.573588 0.0135428 6.08238s
363 0.780295 0.57816 0.0137935 6.22402s
364 0.780295 0.570921 0.0126997 6.08127s
365 0.780295 0.583709 0.0122871 6.14994s
366 0.780295 0.576034 0.0126205 6.0663s
367 0.780295 0.577174 0.0123233 6.20062s
368 0.780295 0.58379 0.0130472 6.05854s
369 0.780295 0.58265 0.012393 6.05011s
370 0.780295 0.584626 0.0123799 6.17226s
371 0.780295 0.57549 0.0109283 6.00273s
372 0.780295 0.581257 0.0120401 6.13645s
373 0.780295 0.577185 0.0115697 6.1324s
374 0.780295 0.570588 0.0117883 6.01729s
375 0.780295 0.578064 0.0119985 6.19687s
376 0.780295 0.580461 0.013334 6.1978s
377 0.780295 0.58479 0.0133392 6.15694s
378 0.780295 0.591415 0.0131999 6.15923s
379 0.780295 0.582443 0.0124015 6.20062s
380 0.780295 0.57515 0.0122174 6.17744s
381 0.780295 0.578154 0.0121405 6.1497s
382 0.780295 0.574988 0.0114628 6.13972s
383 0.780295 0.567098 0.0113328 6.00127s
384 0.780295 0.569803 0.0123293 6.32303s
385 0.780295 0.56989 0.0136741 6.05318s
386 0.780295 0.567568 0.0133113 6.21512s
387 0.780295 0.565858 0.0128583 6.08363s
388 0.780295 0.568784 0.0134858 6.15135s
389 0.780295 0.565791 0.0130522 6.03864s
390 0.780295 0.570961 0.0133423 6.20675s
391 0.780295 0.564852 0.0123865 6.10451s
392 0.780295 0.571546 0.0128404 6.08769s
393 0.780295 0.568814 0.0117908 6.03038s
394 0.780295 0.577091 0.0117357 6.17286s
395 0.780295 0.570229 0.0115554 6.26053s
396 0.780295 0.569923 0.0115441 6.22278s
397 0.780295 0.578641 0.0118525 6.06552s
398 0.780295 0.570376 0.0113555 6.02093s
399 0.780295 0.569359 0.0112339 6.19026s
400 0.780295 0.574102 0.0121813 6.07584s
401 0.780295 0.576353 0.0124854 6.11593s
402 0.780295 0.56276 0.0120834 6.10489s
403 0.780295 0.5591 0.0121589 6.04787s
404 0.780295 0.576172 0.0132148 6.20614s
405 0.780295 0.56729 0.0123769 6.11633s
406 0.780295 0.573515 0.0118616 6.10016s
407 0.780295 0.578899 0.0129061 6.1063s
408 0.780295 0.574529 0.0126359 6.09088s
409 0.780295 0.56667 0.0123584 6.11232s
410 0.780295 0.566744 0.0126638 6.21029s
411 0.780295 0.565183 0.0122879 6.13921s
412 0.780295 0.57208 0.0136965 6.07589s
413 0.780295 0.56585 0.0128968 6.10144s
414 0.780295 0.563637 0.0120875 6.05122s
415 0.780295 0.564021 0.0113677 6.05688s
416 0.780295 0.563623 0.0120627 6.12382s
417 0.780295 0.57213 0.0135279 6.24477s
418 0.780295 0.579793 0.0133177 6.12044s
419 0.780295 0.581671 0.0134844 6.07461s
420 0.780295 0.584777 0.0132923 6.06904s
421 0.780295 0.584441 0.0133626 6.10114s
422 0.780295 0.58204 0.0136 6.02901s
423 0.780295 0.582297 0.0142847 6.15649s
424 0.780295 0.581103 0.0139332 6.06851s
425 0.780295 0.581092 0.0140852 6.07048s
426 0.780295 0.575605 0.0130671 6.22647s
427 0.780295 0.569458 0.0135152 6.00243s
428 0.780295 0.575836 0.0133657 6.17934s
429 0.780295 0.578796 0.013076 6.05407s
430 0.780295 0.572524 0.0119068 6.07319s
431 0.780295 0.578487 0.0130564 6.06795s
432 0.780295 0.576015 0.0121631 6.18751s
433 0.780295 0.570297 0.0120692 6.086s
434 0.780295 0.558636 0.0111808 6.04232s
435 0.780295 0.5599 0.0105831 6.15194s
436 0.780295 0.560193 0.0114345 6.41656s
437 0.780295 0.566158 0.0112188 6.00472s
438 0.780295 0.560591 0.0112988 6.42673s
439 0.780295 0.557311 0.011231 6.08607s
440 0.780295 0.565113 0.011456 6.19234s
441 0.780295 0.573351 0.0113053 6.06366s
442 0.780295 0.574818 0.0113662 6.04653s
443 0.780295 0.575721 0.0118389 6.1907s
444 0.780295 0.582817 0.0124564 6.14718s
445 0.780295 0.583648 0.0130548 6.07677s
446 0.780295 0.580279 0.013097 6.17887s
447 0.780295 0.577268 0.0128563 6.04555s
448 0.780295 0.569221 0.0124221 6.12773s
449 0.780295 0.565334 0.0124794 6.20192s
450 0.780295 0.568819 0.0121894 6.1984s
451 0.780295 0.564759 0.0119474 6.11486s
452 0.780295 0.569847 0.0117496 6.02843s
453 0.780295 0.585101 0.012763 6.13609s
454 0.780295 0.58502 0.0135118 5.97952s
455 0.780295 0.581244 0.0131913 6.01826s
456 0.780295 0.578883 0.0131202 6.18051s
457 0.780295 0.579625 0.0134232 6.03747s
458 0.780295 0.572206 0.0134204 6.24229s
459 0.780295 0.565412 0.0124393 6.14469s
460 0.780295 0.572304 0.0132897 6.07674s
461 0.780295 0.577653 0.013375 6.19978s
462 0.780295 0.568688 0.0139143 6.1762s
463 0.780295 0.575472 0.0139134 5.99556s
464 0.780295 0.569767 0.0139078 6.16841s
465 0.780295 0.562098 0.012523 6.20868s
466 0.780295 0.570687 0.012669 6.13372s
467 0.780295 0.569184 0.0123792 6.01853s
468 0.780295 0.567562 0.0123337 6.13475s
469 0.780295 0.577263 0.0132714 6.10999s
470 0.780295 0.580196 0.0127765 6.17385s
471 0.780295 0.58939 0.0126231 6.09567s
472 0.780295 0.583464 0.0127253 6.05779s
473 0.780295 0.588154 0.011985 6.24757s
474 0.780295 0.586937 0.0133203 6.03671s
475 0.780295 0.584626 0.0129769 6.11448s
476 0.780295 0.57042 0.0123906 6.16163s
477 0.780295 0.579562 0.012948 6.04755s
478 0.780295 0.577897 0.0127573 6.04539s
479 0.780295 0.581865 0.0131908 6.20101s
480 0.780295 0.58092 0.0127079 6.13599s
481 0.780295 0.578122 0.0126547 6.07914s
482 0.780295 0.583677 0.013349 6.10501s
483 0.780295 0.584224 0.0129147 6.15078s
484 0.780295 0.587598 0.0124358 6.0648s
485 0.780295 0.584203 0.0125494 6.09751s
486 0.780295 0.58288 0.0136089 6.0192s
487 0.780295 0.585903 0.0130915 6.39774s
488 0.780295 0.574615 0.0142638 6.14424s
489 0.780295 0.568486 0.0134693 6.15746s
490 0.780295 0.570077 0.0135081 6.09223s
491 0.780295 0.562092 0.0134331 6.34174s
492 0.780295 0.56632 0.0128114 6.07674s
493 0.780295 0.576353 0.012604 6.19119s
494 0.780295 0.584766 0.0134105 6.04798s
495 0.780295 0.575231 0.0131506 6.21477s
496 0.780295 0.572979 0.0121764 6.03296s
497 0.780295 0.584082 0.0125531 6.11912s
498 0.780295 0.58119 0.0126449 6.10525s
499 0.780295 0.579184 0.0123901 6.17918s
500 0.780295 0.578738 0.0131966 6.1986s
501 0.780295 0.57506 0.0132964 6.19294s
502 0.780295 0.573926 0.0132082 6.19043s
503 0.780295 0.56472 0.0124221 6.21295s
504 0.780295 0.570064 0.0131277 6.16321s
505 0.780295 0.58294 0.0134329 6.04929s
506 0.780295 0.578249 0.0130313 6.16784s
507 0.780295 0.570522 0.0125759 6.06196s
508 0.780295 0.569997 0.0127252 6.11887s
509 0.780295 0.564979 0.0132044 6.34719s
510 0.780295 0.564629 0.0129236 6.15951s
511 0.780295 0.578533 0.0138785 6.15305s
512 0.780295 0.571878 0.0127704 6.08523s
513 0.780295 0.582058 0.0131749 6.16261s
514 0.780295 0.578509 0.0124998 6.10644s
515 0.780295 0.580304 0.0127227 6.1049s
516 0.780295 0.579613 0.0124993 6.15116s
517 0.780295 0.577674 0.0128103 6.16575s
518 0.780295 0.579003 0.0139878 6.06287s
519 0.780295 0.582213 0.0126 7.29021s
520 0.780295 0.584975 0.012719 6.1566s
521 0.780295 0.586449 0.0131676 6.18369s
522 0.780295 0.579019 0.0136087 6.18594s
523 0.780295 0.577116 0.0131415 6.18491s
524 0.780296 0.589463 0.0132946 6.17218s
525 0.780296 0.580643 0.0119844 6.27605s
526 0.780296 0.57101 0.0116797 6.01031s
527 0.780296 0.571312 0.0125017 6.17378s
528 0.780296 0.569443 0.0130362 6.08694s
529 0.780296 0.572056 0.0134321 6.04989s
530 0.780296 0.571726 0.0139513 6.40871s
531 0.780296 0.570351 0.0145385 6.16687s
532 0.780296 0.574609 0.0143195 6.23287s
533 0.780296 0.578678 0.0137638 6.06451s
534 0.780296 0.577957 0.0125734 6.19749s
535 0.780296 0.571525 0.0120499 6.18391s
536 0.780296 0.567183 0.0119996 6.15871s
537 0.780296 0.562466 0.0116191 6.08298s
538 0.780296 0.566008 0.0109833 6.19983s
539 0.780296 0.567864 0.0118845 6.09838s
540 0.780296 0.577126 0.011587 6.03757s
541 0.780296 0.576606 0.0115828 6.12277s
542 0.780296 0.570338 0.0114507 6.14926s
543 0.780296 0.568914 0.0120007 6.21461s
544 0.780296 0.572832 0.0120876 6.05944s
545 0.780296 0.571753 0.0126572 6.02669s
546 0.780296 0.574418 0.0123407 6.07155s
547 0.780296 0.576979 0.0125082 6.12195s
548 0.780296 0.56958 0.0119303 6.17437s
549 0.780296 0.573547 0.0131917 6.07906s
550 0.780296 0.574174 0.0128938 6.15275s
551 0.780296 0.58099 0.013713 6.031s
552 0.780296 0.574118 0.0128761 6.09123s
553 0.780296 0.576088 0.0125466 6.07999s
554 0.780296 0.576032 0.0122401 6.2191s
555 0.780296 0.577546 0.0126412 6.17531s
556 0.780296 0.585555 0.0120214 6.22157s
557 0.780296 0.583854 0.0126461 6.09437s
558 0.780296 0.578964 0.012774 6.03738s
559 0.780296 0.571513 0.0119346 6.03446s
560 0.780296 0.567814 0.012832 6.14287s
561 0.780296 0.564154 0.011554 6.08895s
562 0.780296 0.57049 0.012847 6.07783s
563 0.780296 0.566233 0.0133315 6.02835s
564 0.780296 0.5724 0.0133153 6.11593s
565 0.780296 0.567268 0.0126014 6.01181s
566 0.780296 0.56382 0.0124683 6.10352s
567 0.780296 0.561368 0.0127085 6.0642s
568 0.780296 0.561693 0.0129394 6.04832s
569 0.780296 0.574308 0.014199 6.01204s
570 0.780296 0.580486 0.0144262 6.15581s
571 0.780296 0.569668 0.0133376 6.126s
572 0.780296 0.571725 0.013829 6.19044s
573 0.780296 0.57431 0.0134682 6.13963s
574 0.780296 0.582129 0.0135278 6.12111s
575 0.780296 0.583876 0.0135907 6.13474s
576 0.780296 0.58121 0.0134311 6.16098s
577 0.780296 0.575397 0.0127242 6.23685s
578 0.780296 0.578686 0.0124091 6.09256s
579 0.780296 0.577392 0.0126498 6.08223s
580 0.780296 0.574331 0.0129309 6.05518s
581 0.780296 0.5735 0.012772 6.16474s
582 0.780296 0.570741 0.0126165 6.14055s
583 0.780296 0.567551 0.0122883 6.06461s
584 0.780296 0.560794 0.0121977 6.17868s
585 0.780296 0.560776 0.0119088 6.175s
586 0.780296 0.578184 0.0124755 6.03268s
587 0.780296 0.579969 0.0116246 6.12362s
588 0.780296 0.582325 0.012497 6.07503s
589 0.780296 0.57504 0.0118764 6.14234s
590 0.780296 0.584944 0.0129178 6.16919s
591 0.780296 0.581112 0.0135562 6.07126s
592 0.780296 0.571284 0.0127131 6.1461s
593 0.780296 0.569607 0.0130269 6.13446s
594 0.780296 0.578932 0.0133297 6.04856s
595 0.780296 0.582335 0.0127773 6.24831s
596 0.780296 0.574829 0.0131553 6.01397s
597 0.780296 0.574382 0.0135459 6.05867s
598 0.780296 0.580584 0.01362 6.02046s
599 0.780296 0.577522 0.0121503 6.00236s
600 0.780296 0.574199 0.0122764 6.08093s
601 0.780296 0.570813 0.0127886 6.12595s
602 0.780296 0.574538 0.0134611 6.09527s
603 0.780296 0.583061 0.0129934 6.06035s
604 0.780296 0.570272 0.0131059 5.96309s
605 0.780296 0.567687 0.0119672 6.07916s
606 0.780296 0.570511 0.0131475 6.15934s
607 0.780296 0.577845 0.0140616 5.99498s
608 0.780296 0.579736 0.0131221 6.11483s
609 0.780296 0.575597 0.0120318 6.03314s
610 0.780296 0.579475 0.0123532 6.19087s
611 0.780296 0.574465 0.0115635 6.12412s
612 0.780296 0.58041 0.012303 6.26519s
613 0.780296 0.581866 0.0134053 6.12969s
614 0.780296 0.573363 0.013172 6.1795s
615 0.780296 0.56932 0.0121558 6.23055s
616 0.780296 0.576736 0.0131718 6.48594s
617 0.780296 0.5675 0.0129257 6.20632s
618 0.780296 0.567856 0.0134872 7.19568s
619 0.780296 0.57335 0.0128158 6.06951s
620 0.780296 0.575365 0.0125476 6.1126s
621 0.780296 0.574644 0.0127884 6.0568s
622 0.780296 0.571884 0.0126346 6.16214s
623 0.780296 0.574791 0.012729 5.98944s
624 0.780296 0.566831 0.0126381 6.06004s
625 0.780296 0.559821 0.0121471 6.17551s
626 0.780296 0.567116 0.0127123 6.05891s
627 0.780296 0.570246 0.013253 6.14894s
628 0.780296 0.564473 0.0119039 6.13669s
629 0.780296 0.57365 0.012843 6.00962s
630 0.780296 0.578896 0.0130461 6.09774s
631 0.780296 0.576206 0.0128438 6.13066s
632 0.780296 0.575403 0.0134172 6.0489s
633 0.780296 0.587836 0.0135937 6.07644s
634 0.780296 0.581008 0.0135007 5.99436s
635 0.780296 0.580046 0.0133797 6.08104s
636 0.780296 0.579657 0.0133932 6.10194s
637 0.780296 0.567886 0.0128042 6.04061s
638 0.780296 0.562751 0.0126456 5.85195s
639 0.780296 0.565292 0.0128127 5.88109s
640 0.780296 0.565978 0.0131047 5.83579s
641 0.780296 0.579528 0.0128754 5.87498s
642 0.780296 0.585831 0.0129099 5.79089s
643 0.780296 0.573928 0.0125955 5.86692s
644 0.780296 0.577133 0.0126498 5.81426s
645 0.780296 0.582459 0.0128814 5.8188s
646 0.780296 0.585626 0.0139371 6.04606s
647 0.780296 0.580719 0.0135211 5.84265s
648 0.780296 0.573023 0.0131856 5.80918s
649 0.780296 0.579255 0.0132392 5.86506s
650 0.780296 0.574752 0.0130665 5.83385s
651 0.780296 0.564194 0.0117693 5.8919s
652 0.780296 0.56428 0.0127129 5.79199s
653 0.780296 0.561423 0.0129788 5.86462s
654 0.780296 0.556973 0.012533 5.87999s
655 0.780296 0.565665 0.0127136 5.90641s
656 0.780296 0.57344 0.012629 5.83138s
657 0.780296 0.578253 0.0128561 5.88826s
658 0.780296 0.580383 0.0132313 5.90736s
659 0.780296 0.59604 0.0133417 5.83794s
660 0.780296 0.580454 0.0138133 5.82314s
661 0.780296 0.5798 0.0131725 5.83765s
662 0.780296 0.581895 0.013119 5.8607s
663 0.780296 0.57758 0.0121716 5.89672s
664 0.780296 0.575523 0.0133745 5.87287s
665 0.780296 0.577632 0.0129147 5.8401s
666 0.780296 0.576197 0.0116257 5.81792s
667 0.780296 0.576805 0.0120025 5.8817s
668 0.780296 0.576615 0.0118667 5.84226s
669 0.780296 0.574069 0.0118212 5.90485s
670 0.780296 0.576076 0.0126907 6.0313s
671 0.780296 0.566927 0.0124345 5.86624s
672 0.780296 0.567571 0.0126994 5.86518s
673 0.780296 0.576309 0.0129082 5.93849s
674 0.780296 0.569886 0.0124807 5.81156s
675 0.780296 0.570271 0.0134587 5.82276s
676 0.780296 0.559486 0.0128126 5.85801s
677 0.780296 0.570533 0.0135981 5.8948s
678 0.780296 0.574252 0.0133439 5.96123s
679 0.780296 0.575369 0.0138558 5.81224s
680 0.780296 0.581723 0.0131597 5.8326s
681 0.780296 0.582317 0.0128186 5.84504s
682 0.780296 0.577707 0.0128551 5.81588s
683 0.780296 0.574331 0.0121605 5.90026s
684 0.780296 0.568044 0.0124929 5.94601s
685 0.780296 0.574635 0.0124716 5.90987s
686 0.780296 0.579213 0.0128503 5.78479s
687 0.780296 0.578353 0.0128894 5.90973s
688 0.780296 0.574213 0.0133821 5.85723s
689 0.780296 0.571919 0.0127079 5.89776s
690 0.780296 0.577665 0.0133176 5.82766s
691 0.780296 0.567217 0.0125451 5.81224s
692 0.780296 0.571535 0.0127637 5.82497s
693 0.780296 0.572846 0.012118 5.84691s
694 0.780296 0.568029 0.0123219 5.87143s
695 0.780296 0.574153 0.0117659 5.80762s
696 0.780296 0.572765 0.0124038 5.86454s
697 0.780296 0.575357 0.0120045 5.76174s
698 0.780296 0.567162 0.0113176 5.84706s
699 0.780296 0.566635 0.0124929 5.8055s
700 0.780296 0.565492 0.0121697 5.8035s
701 0.780296 0.56636 0.012111 5.78768s
702 0.780296 0.573056 0.0121781 5.87108s
703 0.780296 0.570174 0.0130238 5.83077s
704 0.780296 0.567473 0.0120034 6.17411s
705 0.780296 0.568656 0.0121844 5.83796s
706 0.780296 0.573676 0.0122393 5.8178s
707 0.780909 0.577892 0.0117317 5.84138s
708 0.780909 0.574779 0.0115941 5.97526s
709 0.780909 0.576412 0.0113156 5.86855s
710 0.780909 0.575169 0.0119713 5.9123s
711 0.780909 0.576968 0.0119505 5.92672s
712 0.780909 0.576502 0.0125635 5.90104s
713 0.780909 0.582822 0.0118281 5.85111s
714 0.780909 0.578037 0.0114665 5.82716s
715 0.780909 0.585554 0.0117117 5.82302s
716 0.780909 0.583976 0.0121273 6.02617s
717 0.780909 0.581852 0.0119597 5.87217s
718 0.780909 0.575078 0.0120738 5.83262s
719 0.780909 0.587038 0.0123243 6.03672s
720 0.780909 0.584568 0.012511 6.24378s
721 0.780909 0.587188 0.0129423 5.83138s
722 0.780909 0.58598 0.0131009 5.88654s
723 0.780909 0.578057 0.0119899 5.86865s
724 0.780909 0.573728 0.0110806 5.81246s
725 0.780909 0.570218 0.0117363 5.87002s
726 0.780909 0.569898 0.0119393 5.84736s
727 0.780909 0.566554 0.0112501 5.83561s
728 0.780909 0.577176 0.012554 5.84272s
729 0.780909 0.575123 0.0120858 5.81358s
730 0.780909 0.577243 0.0117115 5.82466s
731 0.780909 0.570585 0.0126997 5.80491s
732 0.780909 0.568481 0.0138288 5.87385s
733 0.780909 0.564648 0.0140123 5.85818s
734 0.780909 0.577944 0.0135863 5.84466s
735 0.780909 0.573076 0.0127161 5.82169s
736 0.780909 0.575632 0.0130302 5.85045s
737 0.780909 0.566486 0.0130182 5.85122s
738 0.780909 0.568551 0.0122586 5.82756s
739 0.780909 0.577191 0.0126552 5.83185s
740 0.780909 0.574563 0.0119403 5.82461s
741 0.780909 0.570221 0.0129132 5.84651s
742 0.780909 0.572814 0.0127478 5.87659s
743 0.780909 0.579534 0.0129027 5.88996s
744 0.780909 0.582428 0.0126475 5.82246s
745 0.780909 0.58556 0.0124764 5.84312s
746 0.780909 0.577468 0.0113407 5.85473s
747 0.780909 0.587187 0.0131599 5.81832s
748 0.781945 0.588282 0.0132237 5.79338s
749 0.781945 0.58324 0.0133149 5.85382s
750 0.781945 0.579943 0.0135503 5.82464s
751 0.781945 0.580826 0.0139839 5.88506s
752 0.781945 0.579827 0.0138264 6.02261s
753 0.781945 0.584068 0.0130989 5.84914s
754 0.781945 0.576934 0.0124566 5.84524s
755 0.781945 0.570227 0.0130013 5.88398s
756 0.781945 0.576686 0.0121632 5.79158s
757 0.781945 0.57749 0.0117357 5.80523s
758 0.781945 0.578892 0.0121385 5.87506s
759 0.781945 0.571101 0.0115436 6.06154s
760 0.781945 0.582654 0.012504 5.85098s
761 0.781945 0.583084 0.0123108 5.84718s
762 0.781945 0.583227 0.0130488 5.89515s
763 0.781945 0.581959 0.0117443 5.83263s
764 0.781945 0.576546 0.0121954 5.81496s
765 0.781945 0.577311 0.0120961 5.86274s
766 0.781945 0.576262 0.0119619 5.84497s
767 0.781945 0.577038 0.0119492 5.87988s
768 0.781945 0.582128 0.013216 5.86746s
769 0.781945 0.577266 0.0130017 5.898s
770 0.781945 0.577534 0.0123088 5.83877s
771 0.781972 0.578945 0.012356 5.86704s
772 0.781972 0.586988 0.0127858 5.82294s
773 0.781972 0.584733 0.0137063 5.79672s
774 0.781972 0.583291 0.013811 5.85654s
775 0.781972 0.578228 0.0132007 5.88027s
776 0.781972 0.571542 0.0126939 5.84049s
777 0.781972 0.573113 0.013276 5.88473s
778 0.781972 0.580219 0.0127351 5.90835s
779 0.781972 0.580697 0.0129635 5.90908s
780 0.781972 0.580094 0.0123282 5.84674s
781 0.781972 0.587638 0.0119298 5.94227s
782 0.781972 0.581141 0.0124153 5.9014s
783 0.781972 0.585908 0.0133399 5.866s
784 0.781972 0.583503 0.0135036 5.84522s
785 0.781972 0.577259 0.0126997 5.83631s
786 0.781972 0.57534 0.0133389 6.08406s
787 0.781972 0.586844 0.0137904 5.90817s
788 0.781972 0.593446 0.0140513 6.10263s
789 0.781972 0.589127 0.014009 5.9486s
790 0.781972 0.583052 0.0134007 5.81292s
791 0.781972 0.581266 0.0133571 5.85836s
792 0.781972 0.575333 0.0130055 5.82464s
793 0.781972 0.569361 0.0132172 5.82186s
794 0.781972 0.566035 0.0130128 5.87041s
795 0.781972 0.567528 0.0128436 5.89127s
796 0.781972 0.559865 0.012514 5.88242s
797 0.781972 0.560246 0.0120904 5.80536s
798 0.781972 0.562098 0.0122633 5.92589s
799 0.781972 0.578655 0.0127552 5.8151s
800 0.781972 0.576112 0.012646 5.85976s
801 0.781972 0.572418 0.0116156 5.89746s
802 0.781972 0.574563 0.0116124 5.85321s
803 0.781972 0.564406 0.0110983 5.84081s
804 0.781972 0.56714 0.0124903 5.83925s
805 0.781972 0.582533 0.0132606 5.97883s
806 0.781972 0.579973 0.0121329 5.86515s
807 0.781972 0.587046 0.0123241 5.86074s
808 0.781972 0.59594 0.0121888 5.91779s
809 0.781972 0.5788 0.0126686 5.87368s
810 0.78224 0.589677 0.0136533 5.88485s
811 0.78224 0.571406 0.0127536 5.89395s
812 0.78224 0.57734 0.0131579 5.89809s
813 0.78224 0.582254 0.0128791 5.86567s
814 0.78224 0.58159 0.0120643 5.93907s
815 0.78224 0.57606 0.0118897 5.88635s
816 0.78224 0.580733 0.0122676 5.89902s
817 0.78224 0.586749 0.0128397 5.88271s
818 0.78224 0.58753 0.0135734 5.86734s
819 0.78224 0.582195 0.0122721 5.87543s
820 0.78224 0.581096 0.0122857 5.86785s
821 0.78224 0.571348 0.0132506 5.83892s
822 0.78224 0.569605 0.0125882 5.889s
823 0.78224 0.579807 0.012736 6.18626s
824 0.78224 0.583566 0.0132123 5.88652s
825 0.78224 0.579533 0.0133955 5.91799s
826 0.78224 0.567893 0.0120484 5.82983s
827 0.78224 0.57627 0.0134359 5.89996s
828 0.78224 0.585383 0.0135366 5.84007s
829 0.78224 0.583151 0.0140862 6.10575s
830 0.78224 0.585119 0.0144763 5.82077s
831 0.78224 0.586494 0.0131718 5.85943s
832 0.78224 0.581725 0.0133513 5.85298s
833 0.78224 0.58201 0.0134047 5.85577s
834 0.78224 0.583045 0.0135831 6.03781s
835 0.78224 0.579079 0.012938 5.84378s
836 0.78224 0.57207 0.0142814 6.03952s
837 0.78224 0.583657 0.0143347 5.82063s
838 0.78224 0.591419 0.0142121 5.85634s
839 0.78224 0.587539 0.0141023 5.86244s
840 0.78224 0.582253 0.0139013 6.04215s
841 0.78224 0.578456 0.0141449 5.84582s
842 0.78224 0.584256 0.0137418 6.17229s
843 0.78224 0.586105 0.0133611 5.82354s
844 0.78224 0.581971 0.012388 5.83561s
845 0.78224 0.588839 0.0138003 5.91663s
846 0.78224 0.583026 0.0128535 5.85256s
847 0.78224 0.590335 0.0136964 5.82792s
848 0.78224 0.582976 0.0131419 5.88116s
849 0.78224 0.581757 0.0126632 5.90003s
850 0.78224 0.57952 0.0127903 5.79176s
851 0.78224 0.58196 0.0127935 5.86579s
852 0.78224 0.583711 0.0136022 5.81779s
853 0.78224 0.571313 0.0128356 5.83346s
854 0.78224 0.571237 0.0128366 5.84893s
855 0.78224 0.568495 0.0131077 5.86695s
856 0.78224 0.58317 0.0147087 5.83539s
857 0.78224 0.577128 0.0140501 5.82483s
858 0.78224 0.583996 0.0143798 5.81048s
859 0.78224 0.578469 0.0146205 5.90958s
860 0.78224 0.581525 0.0141253 5.81084s
861 0.78224 0.583217 0.0145998 5.87596s
862 0.78224 0.577422 0.0139397 5.80216s
863 0.78224 0.578651 0.0137395 5.92106s
864 0.78224 0.579402 0.0138575 5.91112s
865 0.78224 0.578342 0.0129168 5.79564s
866 0.78224 0.589605 0.013709 5.84371s
867 0.78224 0.58457 0.012995 5.90405s
868 0.78224 0.582148 0.012491 5.80119s
869 0.78224 0.579146 0.0129971 5.80476s
870 0.78224 0.574588 0.0116969 5.88727s
871 0.78224 0.57389 0.0125978 5.81191s
872 0.78224 0.578623 0.0121556 5.90653s
873 0.78224 0.577818 0.0129461 5.87241s
874 0.78224 0.584771 0.0123697 5.83265s
875 0.78224 0.586525 0.0133889 5.85025s
876 0.78224 0.58674 0.0126249 5.88271s
877 0.78224 0.589146 0.0130388 5.82831s
878 0.78224 0.578165 0.0123926 5.91108s
879 0.78224 0.576229 0.0128021 5.88364s
880 0.78224 0.567795 0.0120355 5.86851s
881 0.78224 0.571313 0.0125777 5.84595s
882 0.78224 0.56988 0.0124297 5.85383s
883 0.78224 0.570795 0.011724 6.1484s
884 0.78224 0.56656 0.0118951 5.89047s
885 0.78224 0.571877 0.0128021 5.87068s
886 0.78224 0.576754 0.0129161 5.83651s
887 0.78224 0.583111 0.013773 5.82708s
888 0.78224 0.579904 0.0127997 5.86709s
889 0.78224 0.577352 0.0134255 5.87673s
890 0.78224 0.580348 0.0135601 5.89085s
891 0.78224 0.580531 0.014215 5.86558s
892 0.78224 0.579575 0.0135848 5.81946s
893 0.782792 0.575419 0.0141333 6.00949s
894 0.782792 0.578043 0.0146529 5.83856s
895 0.782792 0.579944 0.0142849 5.86487s
896 0.782792 0.580238 0.0137433 5.87242s
897 0.782792 0.573416 0.0131355 5.79128s
898 0.782792 0.576778 0.0120575 5.896s
899 0.782792 0.579366 0.0127383 5.84857s
900 0.782792 0.582743 0.0131275 5.86595s
901 0.782792 0.581512 0.0127911 5.79251s
902 0.782792 0.58319 0.0122618 5.86907s
903 0.782792 0.573634 0.0123727 5.8038s
904 0.782792 0.57812 0.0127284 5.84553s
905 0.782792 0.583948 0.0130033 5.86075s
906 0.782792 0.573952 0.0122455 5.85013s
907 0.782792 0.577952 0.0130288 5.83369s
908 0.783031 0.575101 0.0134496 5.84062s
909 0.783031 0.580366 0.0142383 5.82185s
910 0.783031 0.580137 0.0143645 5.87639s
911 0.783031 0.56584 0.0131904 5.84786s
912 0.783031 0.569744 0.0126739 5.85742s
913 0.783031 0.5692 0.0122756 5.82612s
914 0.783031 0.575149 0.012375 5.87356s
915 0.783031 0.576374 0.0123536 5.8288s
916 0.783031 0.588554 0.0138754 5.85787s
917 0.783031 0.587822 0.0141998 6.07998s
918 0.783031 0.590619 0.0132058 5.88229s
919 0.783031 0.578547 0.0136377 5.8724s
920 0.783031 0.577965 0.0132198 5.83627s
921 0.783031 0.574888 0.0133097 5.86074s
922 0.783031 0.565468 0.0125346 5.84046s
923 0.783031 0.561832 0.012136 5.84908s
924 0.783031 0.560789 0.0121206 6.02777s
925 0.783031 0.556596 0.0120844 5.80939s
926 0.783031 0.563175 0.0125509 5.90003s
927 0.783031 0.564389 0.0119868 5.89155s
928 0.783031 0.560951 0.0118599 6.09744s
929 0.783031 0.568816 0.0123712 5.81222s
930 0.783031 0.569089 0.011515 5.84252s
931 0.783031 0.573821 0.0123054 5.84178s
932 0.783031 0.568996 0.0119803 5.804s
933 0.783031 0.575365 0.0123362 5.86031s
934 0.783243 0.571599 0.0125403 5.88068s
935 0.783243 0.584507 0.0126618 5.82252s
936 0.783243 0.583621 0.0123455 5.86787s
937 0.783243 0.587277 0.0125563 6.0797s
938 0.783243 0.589331 0.0131641 6.00875s
939 0.783243 0.585046 0.0134653 5.89418s
940 0.783243 0.575345 0.0131312 5.85837s
941 0.783243 0.562149 0.0117685 5.81295s
942 0.783243 0.57061 0.0117065 5.82197s
943 0.783243 0.575479 0.0120057 5.81984s
944 0.783243 0.571002 0.0121407 5.81751s
945 0.783243 0.573918 0.0130098 5.86407s
946 0.783243 0.574636 0.0132329 5.82973s
947 0.783243 0.582974 0.0144245 5.84495s
948 0.783243 0.583672 0.0151466 6.05293s
949 0.783243 0.580907 0.0137962 5.86736s
950 0.783243 0.581012 0.0125303 5.80079s
951 0.783243 0.576207 0.0118833 5.8283s
952 0.783243 0.573399 0.0121957 5.82872s
953 0.783243 0.57506 0.0130549 5.81863s
954 0.783243 0.572106 0.0122416 5.83227s
955 0.783243 0.588668 0.0127209 5.89124s
956 0.783243 0.57556 0.0128237 5.8635s
957 0.783243 0.577821 0.0121466 5.8639s
958 0.783243 0.565652 0.012694 5.97028s
959 0.783243 0.578422 0.0129458 5.8456s
960 0.783243 0.579168 0.0125973 5.85984s
961 0.783243 0.582423 0.0137829 5.82769s
962 0.783243 0.580608 0.0138318 5.82222s
963 0.783243 0.582527 0.013285 5.88613s
964 0.783656 0.594048 0.0129806 5.82184s
965 0.783656 0.588427 0.0127923 5.85846s
966 0.783656 0.58216 0.0130039 5.83885s
967 0.783656 0.585854 0.0126832 5.82329s
968 0.783656 0.585373 0.0123256 5.9045s
969 0.783656 0.584505 0.0134905 5.87108s
970 0.783656 0.576293 0.0130194 5.83813s
971 0.783656 0.57057 0.011749 6.07694s
972 0.783656 0.57102 0.0126089 5.90516s
973 0.783656 0.5725 0.0123986 5.82789s
974 0.783656 0.57487 0.0125078 5.82285s
975 0.783656 0.572423 0.0121096 5.85014s
976 0.783656 0.571108 0.0116994 5.86113s
977 0.783656 0.571817 0.0115885 5.96237s
978 0.783656 0.56877 0.0113594 5.9131s
979 0.783656 0.573363 0.0125808 5.94085s
980 0.783656 0.576367 0.0131934 5.83912s
981 0.783656 0.576552 0.0120832 5.93801s
982 0.783656 0.573032 0.0126333 5.88775s
983 0.783656 0.573352 0.0124755 5.86575s
984 0.783656 0.573678 0.0130482 5.95665s
985 0.783656 0.573712 0.0122827 5.88353s
986 0.783656 0.567787 0.0125344 5.87216s
987 0.783656 0.571003 0.0132391 5.81105s
988 0.783656 0.577871 0.0126485 5.88732s
989 0.783656 0.579751 0.0125522 5.83006s
990 0.783656 0.583243 0.013224 5.81613s
991 0.783656 0.579559 0.0134448 5.90242s
992 0.783656 0.571597 0.0132836 6.03142s
993 0.783656 0.574526 0.0139352 5.8323s
994 0.783656 0.57602 0.0144893 5.86999s
995 0.783656 0.577134 0.0131742 5.87918s
996 0.783656 0.583102 0.0143801 5.81227s
997 0.783656 0.572462 0.0126276 5.87027s
998 0.783656 0.569502 0.0146769 5.87514s
999 0.783656 0.577171 0.0132689 5.85291s
1000 0.783656 0.575414 0.0133793 5.92002s
1001 0.783656 0.572227 0.0124862 5.79652s
1002 0.783656 0.567211 0.0128888 5.85078s
1003 0.783656 0.569752 0.0143819 5.90508s
1004 0.783656 0.568279 0.0152288 5.85119s
1005 0.783656 0.565621 0.0128766 6.08566s
1006 0.783656 0.557712 0.0130122 5.84215s
1007 0.783656 0.564218 0.0136299 5.83349s
1008 0.783656 0.565936 0.0130074 5.8656s
1009 0.783656 0.562941 0.0134621 5.81938s
1010 0.783656 0.555899 0.0119105 5.80014s
1011 0.783656 0.560927 0.0125721 5.85654s
1012 0.783656 0.573618 0.0130469 5.85493s
1013 0.783656 0.569662 0.0126299 5.81501s
1014 0.783656 0.57378 0.0131885 5.87411s
1015 0.783656 0.570582 0.0132702 5.8553s
1016 0.783656 0.572624 0.0128998 5.8332s
1017 0.783656 0.574614 0.0124339 5.83313s
1018 0.783656 0.57575 0.0122935 5.86836s
1019 0.783656 0.585009 0.0132535 5.83282s
1020 0.783656 0.57891 0.0129548 5.87738s
1021 0.783656 0.580039 0.012678 5.8368s
1022 0.783656 0.58121 0.0129502 5.89215s
1023 0.783656 0.577201 0.0124033 6.00247s
1024 0.783656 0.580337 0.0139875 5.9107s
1025 0.783656 0.59159 0.0133535 5.87595s
1026 0.783656 0.595831 0.0136297 5.80185s
1027 0.783656 0.582919 0.0135413 5.84686s
1028 0.783656 0.578488 0.0145307 5.86184s
1029 0.783656 0.580613 0.0127476 5.77528s
1030 0.783656 0.578209 0.0131229 5.96805s
1031 0.783656 0.581611 0.0138497 6.17509s
1032 0.783656 0.573497 0.0134377 6.78544s
1033 0.783656 0.572365 0.0138026 5.83418s
1034 0.783656 0.578277 0.0134483 5.7675s
1035 0.783656 0.581958 0.0132677 5.85936s
1036 0.783656 0.585672 0.0141709 5.91617s
1037 0.783656 0.584328 0.0131959 5.82965s
1038 0.783656 0.577411 0.0128766 5.81116s
1039 0.783656 0.580323 0.014375 5.87272s
1040 0.783656 0.579966 0.0140443 5.84792s
1041 0.783656 0.58003 0.0135746 5.84065s
1042 0.783656 0.577952 0.0131793 5.83674s
1043 0.783656 0.579787 0.0130115 5.83446s
1044 0.783656 0.578219 0.0130812 5.84806s
1045 0.783656 0.577282 0.0127772 5.96031s
1046 0.783656 0.583504 0.0136455 5.87188s
1047 0.783656 0.577524 0.0145099 5.84839s
1048 0.783656 0.571284 0.0137877 5.90057s
1049 0.783656 0.579982 0.0137931 5.89337s
1050 0.783656 0.567653 0.0121711 5.83718s
1051 0.783656 0.569044 0.0122512 5.90384s
1052 0.783656 0.57585 0.0122101 6.05263s
1053 0.783656 0.588483 0.0136101 5.90437s
1054 0.783656 0.595773 0.0134426 5.81282s
1055 0.783656 0.585657 0.0133048 5.88471s
1056 0.783656 0.578923 0.0122247 5.86945s
1057 0.783656 0.579643 0.0130809 5.90292s
1058 0.783656 0.588605 0.0130095 5.85932s
1059 0.783656 0.588256 0.0125882 5.91666s
1060 0.783656 0.592098 0.013055 6.03507s
1061 0.783656 0.585775 0.0136478 5.86496s
1062 0.783656 0.580221 0.0121504 5.86093s
1063 0.783656 0.575435 0.0117859 5.82151s
1064 0.783656 0.573843 0.0118418 5.8832s
1065 0.783656 0.569246 0.0115963 5.93451s
1066 0.783656 0.574453 0.0114638 5.82097s
1067 0.783656 0.577398 0.011944 5.86474s
1068 0.783656 0.574274 0.0113752 5.79646s
1069 0.783656 0.568124 0.0118668 5.81067s
1070 0.783656 0.574392 0.0126057 5.84931s
1071 0.783656 0.584235 0.013131 6.04266s
1072 0.783656 0.570781 0.0129052 5.88239s
1073 0.783656 0.571656 0.0124525 5.85741s
1074 0.783656 0.572502 0.0139155 5.78309s
1075 0.783656 0.572422 0.0124611 5.80966s
1076 0.783656 0.571702 0.0124406 5.84608s
1077 0.783656 0.572425 0.0125473 5.82959s
1078 0.783656 0.58911 0.0130045 5.93689s
1079 0.783656 0.579868 0.012688 6.03452s
1080 0.783656 0.57589 0.0129012 6.1352s
1081 0.783656 0.586037 0.0125595 6.05465s
1082 0.783656 0.578482 0.0133851 6.1572s
1083 0.783656 0.578194 0.0139884 5.94533s
1084 0.783656 0.57972 0.0133951 6.11478s
1085 0.783656 0.577753 0.0128352 5.86308s
1086 0.783656 0.576309 0.0125245 5.91026s
1087 0.783656 0.569447 0.0127799 5.96227s
1088 0.783656 0.58746 0.0134498 6.04258s
1089 0.783656 0.587876 0.0145933 5.88692s
1090 0.783656 0.588564 0.0144696 5.82109s
1091 0.783656 0.582603 0.0138581 5.82137s
1092 0.783656 0.595333 0.0142128 5.80481s
1093 0.783656 0.592041 0.014913 5.87162s
1094 0.783656 0.586918 0.0136852 6.01953s
1095 0.783656 0.585784 0.013663 5.80546s
1096 0.783656 0.591082 0.0140571 5.92029s
1097 0.783656 0.585724 0.0131002 5.84573s
1098 0.783656 0.583526 0.0126284 5.83989s
1099 0.783656 0.571674 0.0119579 6.08004s
1100 0.783656 0.569364 0.0117083 5.84524s
1101 0.783656 0.569203 0.0129084 5.83427s
1102 0.783656 0.576177 0.0127567 5.85927s
1103 0.783656 0.581865 0.0132214 5.91056s
1104 0.783656 0.575742 0.0125084 5.86822s
1105 0.783656 0.578035 0.012459 5.97509s
1106 0.783656 0.572014 0.0109701 5.89847s
1107 0.783656 0.57152 0.0113219 5.8563s
1108 0.783656 0.57328 0.0122408 5.85018s
1109 0.783656 0.573967 0.0128147 5.82638s
1110 0.783656 0.572071 0.0129263 5.87778s
1111 0.783656 0.573918 0.012412 5.87141s
1112 0.783656 0.572932 0.0131374 5.86796s
1113 0.783656 0.574355 0.0136101 5.86281s
1114 0.783656 0.579153 0.0139524 5.91682s
1115 0.783656 0.588315 0.0138567 5.84341s
1116 0.783656 0.578 0.0128794 5.86641s
1117 0.783656 0.567353 0.0128148 5.82734s
1118 0.783656 0.575541 0.0125691 5.85224s
1119 0.783656 0.57439 0.0130623 5.85345s
1120 0.783656 0.57013 0.0128997 5.87244s
1121 0.783656 0.566103 0.0124432 5.75837s
1122 0.783656 0.566437 0.0123906 5.86792s
1123 0.783656 0.571653 0.0135623 5.90037s
1124 0.783656 0.572671 0.0137208 5.83914s
1125 0.783656 0.560404 0.0132507 5.87186s
1126 0.783656 0.570918 0.01318 5.88984s
1127 0.783656 0.56845 0.0132166 5.86956s
1128 0.783656 0.573014 0.0133118 5.83169s
1129 0.783656 0.570849 0.0127879 5.81647s
1130 0.783656 0.568414 0.0129298 5.8293s
1131 0.783656 0.56502 0.0123585 5.8693s
1132 0.783656 0.561018 0.0125389 5.84634s
1133 0.783656 0.566709 0.0133343 5.85478s
1134 0.783656 0.576071 0.0135135 6.01523s
1135 0.783656 0.580912 0.0144893 6.1802s
1136 0.783656 0.587668 0.0144854 5.87226s
1137 0.783656 0.584432 0.0137026 6.08934s
1138 0.783656 0.57964 0.0133244 5.83554s
1139 0.783656 0.575752 0.0127643 5.88951s
1140 0.783656 0.58091 0.014291 5.83842s
1141 0.783656 0.573293 0.0133047 5.85833s
1142 0.783656 0.587905 0.0135781 5.80446s
1143 0.783656 0.57753 0.0133102 5.80205s
1144 0.783656 0.578859 0.014699 5.85984s
1145 0.783656 0.587919 0.0134299 5.83744s
1146 0.783656 0.59483 0.0132946 5.84876s
1147 0.783656 0.582644 0.0128202 5.8718s
1148 0.783656 0.584167 0.0144357 5.85129s
1149 0.783656 0.583085 0.0135273 5.80206s
1150 0.783656 0.575789 0.0130462 5.86888s
1151 0.783656 0.581767 0.0137142 5.86043s
1152 0.783656 0.571317 0.0122055 5.85791s
1153 0.783656 0.578703 0.0129512 5.86389s
1154 0.783656 0.575535 0.0130038 5.9192s
1155 0.783656 0.572576 0.0125562 5.84897s
1156 0.783656 0.577881 0.0136132 5.83376s
1157 0.783656 0.583327 0.0138729 5.83636s
1158 0.783656 0.582237 0.0129737 5.83413s
1159 0.783656 0.577833 0.0135009 5.82016s
1160 0.783656 0.58514 0.0135199 5.81468s
1161 0.783656 0.579575 0.0133588 5.82892s
1162 0.783656 0.583019 0.0134793 6.13274s
1163 0.783656 0.581431 0.0126984 5.82919s
1164 0.783656 0.581091 0.0140154 5.78022s
1165 0.783656 0.578202 0.0135172 5.84289s
1166 0.783656 0.577851 0.0130827 5.82332s
1167 0.783656 0.571752 0.0128411 5.84809s
1168 0.783656 0.578832 0.0136453 5.86177s
1169 0.783656 0.578874 0.0129542 5.86552s
1170 0.783656 0.589936 0.0137009 5.88183s
1171 0.783656 0.588804 0.0130894 5.87954s
1172 0.783656 0.591489 0.0136148 5.85915s
1173 0.783656 0.582039 0.0140706 5.8034s
1174 0.783656 0.571011 0.0131035 5.86976s
1175 0.783656 0.570418 0.0134864 5.83525s
1176 0.783656 0.566087 0.0125646 5.89583s
1177 0.783656 0.569535 0.0130146 6.04482s
1178 0.783656 0.56443 0.0123906 5.85533s
1179 0.783656 0.564714 0.012332 5.87085s
1180 0.783656 0.56673 0.0124367 5.88114s
1181 0.783656 0.569852 0.012306 5.92656s
1182 0.783656 0.568455 0.0124874 5.80375s
1183 0.783656 0.569073 0.0123024 5.8662s
1184 0.783656 0.57385 0.0127669 5.88351s
1185 0.783656 0.568657 0.0130293 5.88887s
1186 0.783656 0.578357 0.0134734 5.79291s
1187 0.783656 0.578004 0.0127418 5.88215s
1188 0.783656 0.577988 0.0114746 5.78696s
1189 0.783656 0.577955 0.0124294 5.86533s
1190 0.783656 0.574913 0.0137563 6.14229s
1191 0.783874 0.57661 0.0125914 5.83673s
1192 0.783874 0.569799 0.0125301 5.85173s
1193 0.783874 0.576746 0.0128514 5.89206s
1194 0.783874 0.5798 0.0118307 5.80615s
1195 0.783874 0.577257 0.0123472 5.78937s
1196 0.783874 0.57515 0.0118721 5.7756s
1197 0.783874 0.566735 0.0117106 5.85249s
1198 0.783874 0.573396 0.012663 5.8544s
1199 0.783874 0.574074 0.0127873 5.85322s
1200 0.783874 0.581251 0.0136281 5.85057s
1201 0.783874 0.579774 0.0126724 5.88266s
1202 0.783874 0.579833 0.0128773 5.82891s
1203 0.783874 0.574329 0.0126649 6.19706s
1204 0.783874 0.580799 0.0136211 5.83914s
1205 0.783874 0.580414 0.0132953 5.84434s
1206 0.783874 0.581529 0.0127498 5.87568s
1207 0.783874 0.576351 0.0133289 5.82326s
1208 0.784113 0.581866 0.013351 5.85962s
1209 0.784113 0.582681 0.0133188 5.83488s
1210 0.784113 0.58105 0.0130389 5.88224s
1211 0.784113 0.581418 0.0135972 6.03613s
1212 0.784113 0.583212 0.0130151 5.83131s
1213 0.784113 0.576053 0.0118891 5.83126s
1214 0.784113 0.572405 0.0113425 5.84204s
1215 0.784113 0.578132 0.0124249 5.83093s
1216 0.784113 0.581158 0.0128213 5.84883s
1217 0.784113 0.580237 0.011831 5.82994s
1218 0.784113 0.582001 0.0130456 5.80233s
1219 0.784113 0.586225 0.0124485 5.84994s
1220 0.784113 0.579115 0.0126685 5.84394s
1221 0.784113 0.58003 0.012393 5.81495s
1222 0.784113 0.583285 0.0124746 5.87536s
1223 0.784113 0.571207 0.0116902 5.80529s
1224 0.784113 0.574937 0.012748 5.8434s
1225 0.784113 0.583182 0.0132864 5.89556s
1226 0.784113 0.586144 0.0131927 5.7956s
1227 0.784113 0.587002 0.0130303 5.88476s
1228 0.784113 0.589688 0.013565 6.01046s
1229 0.784113 0.587465 0.0126239 5.89167s
1230 0.784113 0.594749 0.0143576 6.11324s
1231 0.784113 0.581084 0.0137179 5.82763s
1232 0.784113 0.577405 0.0130043 5.85376s
1233 0.784113 0.581496 0.0131041 5.85818s
1234 0.784113 0.582552 0.013104 5.82667s
1235 0.784113 0.578298 0.0122367 5.8838s
1236 0.784113 0.584785 0.0128809 5.81154s
1237 0.784113 0.582968 0.0123388 5.84596s
1238 0.784113 0.579824 0.0127709 6.3583s
1239 0.784113 0.580003 0.0124958 5.75375s
1240 0.784113 0.577536 0.0125079 6.05924s
1241 0.784113 0.574156 0.0130187 5.77629s
1242 0.784113 0.576627 0.0126721 5.77639s
1243 0.784113 0.569921 0.0117186 6.05957s
1244 0.784113 0.570643 0.0123923 5.86723s
1245 0.784113 0.57782 0.0131135 5.86488s
1246 0.784113 0.577386 0.012662 5.84873s
1247 0.784113 0.572982 0.012822 5.8603s
1248 0.784113 0.56704 0.0124526 5.84266s
1249 0.784113 0.566757 0.0129464 6.07751s
1250 0.784113 0.570486 0.0131153 5.82894s
1251 0.784113 0.568229 0.0124727 5.92578s
1252 0.784113 0.570344 0.0135717 5.82825s
1253 0.784113 0.574739 0.0135471 5.87314s
1254 0.784113 0.586739 0.013302 5.84902s
1255 0.784113 0.593685 0.013779 5.8659s
1256 0.784113 0.586386 0.0138387 5.83612s
1257 0.784113 0.578868 0.013834 5.84104s
1258 0.784113 0.573358 0.0151805 5.83608s
1259 0.784113 0.566354 0.0137173 5.8376s
1260 0.784113 0.569578 0.0131896 5.82696s
1261 0.784113 0.574554 0.0134944 5.87742s
1262 0.784113 0.574774 0.0138 5.8913s
1263 0.784113 0.57405 0.0130755 5.85867s
1264 0.784113 0.574114 0.0134555 5.86242s
1265 0.784113 0.561568 0.012593 5.85485s
1266 0.784113 0.567567 0.0132623 5.81052s
1267 0.784113 0.575272 0.0138239 5.82912s
1268 0.784113 0.570274 0.0126932 5.81258s
1269 0.784113 0.568176 0.0133006 5.87997s
1270 0.784113 0.566703 0.01344 5.88865s
1271 0.784113 0.572154 0.0119917 5.86023s
1272 0.784113 0.573891 0.0134315 5.83313s
1273 0.784113 0.574166 0.0125225 5.83013s
1274 0.78533 0.570772 0.0126416 5.90155s
1275 0.78533 0.58218 0.0136043 5.81732s
1276 0.78533 0.574391 0.0116811 5.88017s
1277 0.78533 0.575247 0.0119925 5.85172s
1278 0.78533 0.584839 0.0131956 5.84634s
1279 0.78533 0.58217 0.0139666 5.8082s
1280 0.78533 0.577104 0.0130628 5.86328s
1281 0.78533 0.58132 0.0132482 6.05526s
1282 0.78533 0.571391 0.0122919 5.85191s
1283 0.78533 0.575757 0.0123866 5.83853s
1284 0.78533 0.570146 0.0122962 5.89979s
1285 0.78533 0.574248 0.0125118 5.88697s
1286 0.78533 0.570683 0.0136568 5.82291s
1287 0.78533 0.573336 0.0142217 5.8513s
1288 0.78533 0.572609 0.0140072 5.86423s
1289 0.78533 0.581805 0.0144482 5.88103s
1290 0.78533 0.576243 0.0142576 5.89734s
1291 0.78533 0.574655 0.0136639 5.88257s
1292 0.78533 0.565178 0.0127023 5.80312s
1293 0.78533 0.570315 0.01317 5.8609s
1294 0.78533 0.571104 0.0131182 5.7937s
1295 0.78533 0.571107 0.0124111 5.86813s
1296 0.78533 0.57125 0.0115809 5.84339s
1297 0.78533 0.574286 0.0126375 5.92253s
1298 0.78533 0.571311 0.0129744 5.8732s
1299 0.78533 0.579717 0.0140406 5.92085s
1300 0.78533 0.578518 0.013311 5.89354s
1301 0.78533 0.570722 0.0136578 5.8414s
1302 0.78533 0.570409 0.0140317 5.80764s
1303 0.78533 0.577155 0.0136181 5.86864s
1304 0.78533 0.581961 0.0146909 5.86207s
1305 0.78533 0.581667 0.0137547 5.92669s
1306 0.78533 0.598268 0.0140523 5.83835s
1307 0.78533 0.592638 0.0141393 5.85607s
1308 0.78533 0.580451 0.0136606 5.88916s
1309 0.78533 0.57339 0.0133688 5.83759s
1310 0.78533 0.574124 0.0126245 6.06234s
1311 0.78533 0.581493 0.0124119 5.84039s
1312 0.78533 0.583544 0.0131823 5.85501s
1313 0.78533 0.576116 0.0128119 5.82389s
1314 0.78533 0.588303 0.0131707 5.87487s
1315 0.78533 0.580325 0.0136775 5.81558s
1316 0.78533 0.579353 0.0129306 6.1018s
1317 0.78533 0.584374 0.0133154 5.91823s
1318 0.78533 0.586666 0.0126225 5.90787s
1319 0.78533 0.582257 0.0127302 5.87644s
1320 0.78533 0.577887 0.0131741 5.88355s
1321 0.78533 0.579571 0.0136067 5.81203s
1322 0.78533 0.572755 0.0135891 5.88314s
1323 0.78533 0.570889 0.0141381 5.83476s
1324 0.78533 0.578259 0.0132803 5.91465s
1325 0.78548 0.574627 0.0130455 5.82766s
1326 0.78548 0.57718 0.0129533 5.88248s
1327 0.78548 0.581314 0.0139067 5.99718s
1328 0.78548 0.58134 0.0146168 5.87488s
1329 0.78548 0.582413 0.0135043 5.7608s
1330 0.78548 0.584081 0.0134073 5.79281s
1331 0.78548 0.578639 0.0138588 5.86292s
1332 0.78548 0.584517 0.0129954 5.84099s
1333 0.78548 0.574165 0.0137328 5.78565s
1334 0.78548 0.571533 0.0139498 5.77645s
1335 0.78548 0.575249 0.0135678 5.88558s
1336 0.78548 0.578795 0.0139132 5.8672s
1337 0.78548 0.574244 0.0142525 5.88018s
1338 0.78548 0.572813 0.013072 5.84374s
1339 0.78548 0.582754 0.014742 5.83732s
1340 0.78548 0.571494 0.0137942 5.95999s
1341 0.78548 0.57882 0.0136079 6.79269s
1342 0.78548 0.57828 0.0141818 5.91081s
1343 0.78548 0.571986 0.0139893 5.77851s
1344 0.78548 0.565576 0.0133093 5.83947s
1345 0.785595 0.572506 0.0129511 5.85828s
1346 0.785595 0.574438 0.0132981 5.80741s
1347 0.785595 0.579143 0.0125688 5.86129s
1348 0.785595 0.583106 0.0136689 5.83495s
1349 0.785595 0.586329 0.0129799 5.85693s
1350 0.785595 0.588627 0.0120965 5.86241s
1351 0.785595 0.579364 0.0116534 5.80491s
1352 0.785595 0.587711 0.011822 5.80997s
1353 0.785595 0.57898 0.0112853 5.89824s
1354 0.785595 0.578194 0.0110664 6.04058s
1355 0.785595 0.58395 0.0123249 5.83413s
1356 0.785595 0.591293 0.0123885 6.12852s
1357 0.785595 0.580348 0.013024 5.92142s
1358 0.785595 0.583331 0.0129463 5.82757s
1359 0.785595 0.575751 0.0126767 5.84737s
1360 0.785595 0.572758 0.0131529 5.79326s
1361 0.785595 0.571374 0.0134056 5.85188s
1362 0.785595 0.577095 0.0135878 5.93493s
1363 0.785595 0.578655 0.0121311 5.85927s
1364 0.785595 0.576716 0.0129892 5.79701s
1365 0.785595 0.573079 0.0132173 5.88613s
1366 0.785595 0.573775 0.0123988 5.81042s
1367 0.785595 0.569381 0.0121075 6.19669s
1368 0.785595 0.5775 0.0126128 5.85533s
1369 0.785595 0.583916 0.0126912 5.81049s
1370 0.785595 0.576632 0.0124409 5.85902s
1371 0.785595 0.57633 0.0118957 5.91424s
1372 0.785595 0.574769 0.0116953 5.97176s
1373 0.785595 0.577844 0.0118215 5.78683s
1374 0.785595 0.566015 0.0119802 5.90288s
1375 0.785595 0.561452 0.010737 6.02669s
1376 0.785595 0.573746 0.0123658 5.82209s
1377 0.785595 0.579731 0.0135249 5.87002s
1378 0.785595 0.569377 0.0137023 5.85982s
1379 0.785595 0.577629 0.0144167 5.85504s
1380 0.785595 0.569553 0.0135019 5.8154s
1381 0.785595 0.574242 0.0138563 5.7411s
1382 0.785595 0.5791 0.0134823 5.81409s
1383 0.785595 0.580347 0.0135171 5.74422s
1384 0.785595 0.579284 0.0129574 5.80486s
1385 0.785595 0.579442 0.0123892 5.83765s
1386 0.785595 0.577026 0.0122344 5.8313s
1387 0.785595 0.577156 0.0125964 5.88607s
1388 0.785595 0.571182 0.0117184 5.85507s
1389 0.785595 0.583167 0.0129686 5.83019s
1390 0.785595 0.579937 0.012557 6.13286s
1391 0.785595 0.575225 0.0129867 5.85042s
1392 0.785595 0.581966 0.0123325 5.80088s
1393 0.785595 0.581968 0.0122341 5.8351s
1394 0.785595 0.580686 0.0128063 5.80175s
1395 0.785595 0.580762 0.0122341 5.92195s
1396 0.785595 0.567698 0.0112009 5.86006s
1397 0.785595 0.571245 0.0127335 5.82351s
1398 0.785595 0.58282 0.0127932 5.84853s
1399 0.785595 0.584656 0.0132798 5.84845s
1400 0.785595 0.593443 0.0127209 5.80836s
1401 0.785595 0.590631 0.0134718 5.83649s
1402 0.785595 0.597922 0.013877 5.89728s
1403 0.785595 0.591927 0.0142279 5.86165s
1404 0.785595 0.587686 0.0132574 5.81189s
1405 0.785595 0.580093 0.012868 5.82609s
1406 0.785595 0.581656 0.0128675 5.78993s
1407 0.785595 0.581165 0.0124741 5.89939s
1408 0.785595 0.591922 0.013839 5.80074s
1409 0.785595 0.586211 0.0137157 5.84351s
1410 0.785595 0.590435 0.0132592 5.96418s
1411 0.785595 0.582171 0.0126853 5.8888s
1412 0.785595 0.581238 0.0125335 5.81167s
1413 0.785595 0.578911 0.0129249 5.84266s
1414 0.785595 0.580484 0.0131514 5.83677s
1415 0.785595 0.579759 0.0126254 5.83983s
1416 0.785595 0.578343 0.0125618 5.8751s
1417 0.785595 0.595653 0.0131624 5.79374s
1418 0.785595 0.595285 0.0128603 5.84761s
1419 0.785595 0.588302 0.0138309 5.86834s
1420 0.785595 0.59029 0.0134857 5.79894s
1421 0.785595 0.590967 0.0130396 5.87305s
1422 0.785595 0.580723 0.0132897 5.83335s
1423 0.785595 0.578011 0.0129689 5.87152s
1424 0.785595 0.572442 0.0138237 5.82087s
1425 0.785595 0.565641 0.0133993 5.88222s
1426 0.785595 0.563792 0.0125563 5.85611s
1427 0.785595 0.575081 0.0129581 5.83034s
1428 0.785595 0.572898 0.0127104 6.00823s
1429 0.785595 0.582789 0.0131815 5.84125s
1430 0.785595 0.587292 0.0127058 5.82859s
1431 0.785595 0.588916 0.0129695 5.82874s
1432 0.785595 0.58582 0.0132644 5.80357s
1433 0.785595 0.581027 0.012196 5.87226s
1434 0.785595 0.573429 0.0132764 5.83656s
1435 0.785595 0.575669 0.0138649 5.83575s
1436 0.785595 0.570435 0.0117454 5.87438s
1437 0.785595 0.572192 0.0116443 5.82727s
1438 0.785595 0.569828 0.0123755 5.85538s
1439 0.785595 0.567017 0.0125466 6.09653s
1440 0.785595 0.572233 0.0115726 5.86105s
1441 0.785595 0.572188 0.0113612 5.82875s
1442 0.785595 0.573014 0.0113252 5.85961s
1443 0.785595 0.572508 0.0115613 5.84647s
1444 0.785595 0.571325 0.0122482 6.95491s
1445 0.785595 0.568053 0.0122373 5.86529s
1446 0.785595 0.560139 0.0123516 5.86008s
1447 0.785595 0.563022 0.012852 5.91108s
1448 0.785595 0.582189 0.0130105 5.8915s
1449 0.785595 0.584271 0.0143011 5.84049s
1450 0.785595 0.57472 0.0136406 5.8923s
1451 0.785595 0.584698 0.0138704 5.83876s
1452 0.785595 0.581134 0.0138723 5.88587s
1453 0.785595 0.566127 0.0129263 5.81234s
1454 0.785595 0.562455 0.0120838 5.87365s
1455 0.785595 0.576305 0.0134752 5.84117s
1456 0.785595 0.569552 0.0127369 5.82525s
1457 0.785595 0.568497 0.0132467 5.82346s
1458 0.785595 0.57494 0.0127064 5.85596s
1459 0.785595 0.580033 0.0120369 5.85856s
1460 0.785595 0.575609 0.012576 5.8856s
1461 0.785595 0.571197 0.0120923 5.87455s
1462 0.785595 0.579955 0.0129763 6.07998s
1463 0.785595 0.575614 0.012826 5.87503s
1464 0.785595 0.57046 0.0131501 5.90141s
1465 0.785595 0.575991 0.0139206 5.8412s
1466 0.785595 0.576833 0.0123929 5.87288s
1467 0.785595 0.57996 0.0133559 6.01945s
1468 0.785595 0.577557 0.0127732 6.07422s
1469 0.785595 0.576273 0.0130366 5.83658s
1470 0.785595 0.577041 0.0128802 5.84933s
1471 0.785595 0.579013 0.0132492 5.94089s
1472 0.785595 0.573798 0.0134352 5.79459s
1473 0.785595 0.575155 0.0133303 5.86484s
1474 0.785595 0.572896 0.0133414 5.80075s
1475 0.785595 0.571315 0.0128548 5.87957s
1476 0.785595 0.560673 0.0115495 5.88784s
1477 0.785595 0.559321 0.0126073 5.84778s
1478 0.785595 0.556927 0.0117685 5.92189s
1479 0.785595 0.563895 0.0120076 5.86233s
1480 0.785595 0.563311 0.0122509 5.85958s
1481 0.785595 0.562794 0.0122536 5.83812s
1482 0.785595 0.575623 0.0125848 5.82995s
1483 0.785595 0.57998 0.0136636 5.83746s
1484 0.785595 0.580744 0.0135178 5.81635s
1485 0.785595 0.588238 0.0136707 5.84201s
1486 0.785595 0.586342 0.0140578 5.81867s
1487 0.785595 0.571825 0.0135089 5.82972s
1488 0.785595 0.564004 0.0139772 5.8309s
1489 0.785595 0.572011 0.0139291 5.87657s
1490 0.785595 0.569384 0.0137001 5.901s
1491 0.785595 0.568372 0.0143601 5.9153s
1492 0.785595 0.571802 0.0147073 5.90106s
1493 0.785595 0.576497 0.014321 5.84109s
1494 0.785595 0.575623 0.0145044 5.89712s
1495 0.785595 0.576519 0.0144995 6.18379s
1496 0.785595 0.584763 0.0138475 5.84274s
1497 0.785595 0.576924 0.0124145 5.8291s
1498 0.785595 0.575177 0.0130406 5.81567s
1499 0.785595 0.57477 0.0134278 5.84896s
1500 0.785595 0.575733 0.0124678 5.84511s
1501 0.785595 0.57384 0.0122426 5.86315s
1502 0.785595 0.574821 0.0121221 5.82774s
1503 0.785595 0.56716 0.0120283 5.82168s
1504 0.785595 0.574786 0.0121737 5.8668s
1505 0.785595 0.580743 0.0129621 5.87671s
1506 0.785595 0.574234 0.0136979 5.79583s
1507 0.785595 0.5693 0.01407 5.84492s
1508 0.785595 0.573713 0.0128153 5.81361s
1509 0.785595 0.570129 0.013825 5.899s
1510 0.785595 0.569405 0.0137293 5.86152s
1511 0.785595 0.573591 0.0145302 5.85626s
1512 0.785595 0.57969 0.0143606 5.85624s
1513 0.785595 0.579355 0.013867 5.82265s
1514 0.785595 0.574863 0.0129227 5.81624s
1515 0.785595 0.57563 0.0134669 5.82353s
1516 0.785595 0.579134 0.013561 5.83501s
1517 0.785595 0.57115 0.0125816 5.85134s
1518 0.785595 0.566518 0.0121816 5.88444s
1519 0.785595 0.567592 0.0116989 5.86635s
1520 0.785595 0.570249 0.0137216 5.80235s
1521 0.785595 0.57085 0.0131519 5.80287s
1522 0.785595 0.58277 0.013905 5.86025s
1523 0.785595 0.570564 0.0137977 5.89019s
1524 0.785595 0.590074 0.0150351 5.92145s
1525 0.785595 0.582445 0.015354 5.88605s
1526 0.785595 0.586158 0.0145565 5.81766s
1527 0.785595 0.580573 0.0138984 5.83443s
1528 0.785595 0.586344 0.0133022 5.87286s
1529 0.785595 0.573469 0.0137704 5.80815s
1530 0.785595 0.579284 0.0137974 5.87082s
1531 0.785595 0.579261 0.0128642 5.88343s
1532 0.785595 0.581712 0.0133592 5.817s
1533 0.785595 0.590394 0.0143252 5.86246s
1534 0.785595 0.587943 0.0133447 5.83621s
1535 0.785595 0.590143 0.0138537 5.90496s
1536 0.785595 0.578 0.0124556 5.82541s
1537 0.785595 0.578359 0.0121203 6.09468s
1538 0.785595 0.588355 0.0122765 5.85213s
1539 0.785595 0.587584 0.0127207 5.83878s
1540 0.785595 0.581594 0.0117341 5.82926s
1541 0.785595 0.570106 0.0113584 5.81554s
1542 0.785595 0.569129 0.0117356 5.9239s
1543 0.785595 0.570485 0.0120185 5.86931s
1544 0.785595 0.583329 0.0131669 5.80578s
1545 0.785595 0.586438 0.0131867 5.8783s
1546 0.785595 0.57549 0.0124845 5.89524s
1547 0.785595 0.573947 0.0121029 6.94792s
1548 0.785595 0.571339 0.0121488 5.83396s
1549 0.785595 0.577494 0.0132289 5.8729s
1550 0.785595 0.583613 0.0132667 6.09761s
1551 0.785595 0.57929 0.0140209 5.81202s
1552 0.785595 0.583281 0.0134139 5.90259s
1553 0.785595 0.582321 0.0129777 5.80835s
1554 0.785595 0.583141 0.0129807 5.91637s
1555 0.785595 0.577332 0.0127141 5.87568s
1556 0.785595 0.575473 0.0122969 5.80176s
1557 0.785595 0.568648 0.011894 5.78822s
1558 0.785595 0.573362 0.0131889 5.84031s
1559 0.785595 0.568417 0.0125986 5.8549s
1560 0.785595 0.563739 0.0115525 5.82843s
1561 0.785595 0.569368 0.0114959 5.86347s
1562 0.785595 0.567428 0.0113427 5.81358s
1563 0.785595 0.572175 0.0125607 5.8654s
1564 0.785595 0.574328 0.0116845 5.83267s
1565 0.785595 0.565092 0.0114733 5.83438s
1566 0.785595 0.570794 0.0122508 5.7806s
1567 0.785595 0.573343 0.012717 5.84497s
1568 0.785595 0.56777 0.0121357 5.83894s
1569 0.785595 0.573973 0.011978 5.86863s
1570 0.785595 0.569505 0.0125015 5.86412s
1571 0.785595 0.573193 0.0122375 5.8709s
1572 0.785595 0.586533 0.0136971 5.79763s
1573 0.785595 0.584868 0.0124354 5.88824s
1574 0.785595 0.582918 0.0119401 5.84225s
1575 0.785595 0.581954 0.0114239 5.86204s
1576 0.785595 0.573882 0.0112031 5.86419s
1577 0.785595 0.578721 0.0117394 5.86157s
1578 0.785595 0.573617 0.0119911 5.82744s
1579 0.786333 0.58002 0.0122293 5.84245s
1580 0.786333 0.580822 0.0121542 6.03272s
1581 0.786333 0.571947 0.0126204 5.81262s
1582 0.786333 0.574744 0.0123328 5.8422s
1583 0.786333 0.577249 0.0121785 5.8694s
1584 0.786333 0.574022 0.0126972 5.8271s
1585 0.786333 0.577411 0.0122383 5.81984s
1586 0.786333 0.574506 0.0132071 5.84406s
1587 0.786333 0.577396 0.0124627 5.80051s
1588 0.786333 0.582435 0.0138005 5.81235s
1589 0.786333 0.577796 0.0131184 5.80561s
1590 0.786333 0.57778 0.0127356 5.77455s
1591 0.786333 0.575559 0.0131148 5.83321s
1592 0.786333 0.588879 0.0141737 5.84181s
1593 0.786333 0.571485 0.0127714 5.86678s
1594 0.786333 0.573537 0.011822 5.83617s
1595 0.786333 0.575385 0.0122869 5.82959s
1596 0.786333 0.577207 0.0132511 5.80803s
1597 0.786333 0.570129 0.0124691 5.87668s
1598 0.786333 0.582423 0.0130387 5.94753s
1599 0.786333 0.578486 0.0132019 5.88079s
1600 0.786333 0.569891 0.0134797 5.87107s
1601 0.786333 0.575465 0.0133455 5.81575s
1602 0.786333 0.571409 0.012727 6.06662s
1603 0.786333 0.578707 0.0128238 5.89835s
1604 0.786333 0.569163 0.0118692 5.83654s
1605 0.786333 0.572757 0.0130622 5.82078s
1606 0.786333 0.571808 0.012346 6.09465s
1607 0.786333 0.573637 0.0133711 5.8453s
1608 0.786333 0.576668 0.0127982 5.90708s
1609 0.786333 0.581174 0.0142292 5.8544s
1610 0.786333 0.572691 0.0127738 5.84224s
1611 0.786333 0.583638 0.0135801 5.8593s
1612 0.786333 0.570965 0.0127781 5.83115s
1613 0.786333 0.574624 0.0129034 5.82692s
1614 0.786333 0.571974 0.0125535 5.82866s
1615 0.786333 0.581513 0.0135874 5.838s
1616 0.786333 0.582114 0.0133733 5.86231s
1617 0.786333 0.58718 0.0122333 5.87948s
1618 0.786333 0.581424 0.0124176 5.92056s
1619 0.786333 0.579273 0.0123447 5.83203s
1620 0.786333 0.575183 0.012887 5.84273s
1621 0.786333 0.573429 0.0128422 5.81135s
1622 0.786333 0.572974 0.0126377 6.01309s
1623 0.786333 0.579845 0.0129783 5.85005s
1624 0.786333 0.58356 0.0132407 6.07889s
1625 0.786333 0.567084 0.0130772 6.05078s
1626 0.786333 0.566061 0.0127332 5.86515s
1627 0.786333 0.565689 0.0122828 5.85198s
1628 0.786333 0.562208 0.0127215 5.85263s
1629 0.786333 0.562131 0.0130775 5.98587s
1630 0.786333 0.560022 0.0128094 5.81686s
1631 0.786333 0.568274 0.0122532 5.8499s
1632 0.786333 0.560518 0.0125415 5.86111s
1633 0.786333 0.562214 0.0134183 5.83132s
1634 0.786333 0.567958 0.0133725 5.79936s
1635 0.786333 0.567893 0.0125902 5.91424s
1636 0.786333 0.567131 0.0129421 6.07595s
1637 0.786333 0.576513 0.0133863 5.89574s
1638 0.786333 0.582237 0.0133537 5.85097s
1639 0.786333 0.574974 0.0137842 6.0631s
1640 0.786333 0.578815 0.0137738 5.90876s
1641 0.786333 0.582746 0.0133808 5.85016s
1642 0.786333 0.576275 0.0135743 5.85158s
1643 0.786333 0.587584 0.0133585 5.8848s
1644 0.786333 0.571694 0.0125644 5.85878s
1645 0.786333 0.573717 0.0128514 5.83558s
1646 0.786333 0.566736 0.012843 5.90511s
1647 0.786333 0.568638 0.0131505 5.80953s
1648 0.786333 0.567105 0.0129478 5.83044s
1649 0.786333 0.570423 0.0129366 5.90573s
1650 0.786333 0.575496 0.0128588 6.87169s
1651 0.786333 0.579718 0.0134773 5.83109s
1652 0.786333 0.571945 0.0119092 5.83351s
1653 0.786333 0.579573 0.0133182 5.78768s
1654 0.786333 0.574971 0.012683 5.79565s
1655 0.786333 0.578709 0.0138517 5.83898s
1656 0.786333 0.575985 0.0129249 5.86369s
1657 0.786333 0.578391 0.0135577 5.8337s
1658 0.786333 0.5775 0.0129931 5.83838s
1659 0.786333 0.574388 0.0122867 5.83569s
1660 0.786333 0.576159 0.012401 5.79607s
1661 0.786333 0.578685 0.0128406 5.93612s
1662 0.786333 0.584782 0.0146217 5.83912s
1663 0.786333 0.575568 0.0141957 5.85913s
1664 0.786333 0.5774 0.0126959 5.82353s
1665 0.786333 0.577204 0.0127487 5.83774s
1666 0.786333 0.582305 0.0130313 5.84413s
1667 0.786333 0.594522 0.0133986 5.85198s
1668 0.786333 0.583719 0.0125467 5.86446s
1669 0.786333 0.576328 0.0126439 5.84686s
1670 0.786333 0.566237 0.0116568 6.13403s
1671 0.786333 0.583257 0.0132137 5.8471s
1672 0.788755 0.578697 0.0134953 5.88673s
1673 0.788755 0.57693 0.0130159 5.84544s
1674 0.788755 0.590954 0.0137188 5.81226s
1675 0.788755 0.578306 0.0141448 5.79963s
1676 0.788755 0.57494 0.0139693 5.87354s
1677 0.788755 0.573075 0.0135398 5.77792s
1678 0.788755 0.57531 0.0134554 5.94861s
1679 0.788755 0.576002 0.0133995 5.80095s
1680 0.788755 0.574334 0.0137497 5.82757s
1681 0.788755 0.566679 0.0125091 5.80893s
1682 0.788755 0.567406 0.0129676 5.81428s
1683 0.788755 0.564416 0.0125546 5.82567s
1684 0.788755 0.5742 0.0129669 5.84911s
1685 0.788755 0.582539 0.0134519 5.93539s
1686 0.788755 0.58228 0.0127513 5.80121s
1687 0.788755 0.58384 0.0118902 6.09738s
1688 0.788755 0.586014 0.0124907 6.09234s
1689 0.788755 0.582526 0.013393 5.78725s
1690 0.788755 0.586692 0.0135471 5.81838s
1691 0.788755 0.593445 0.0137932 5.83208s
1692 0.788755 0.596244 0.0141607 5.83204s
1693 0.788755 0.597443 0.0151033 5.8176s
1694 0.788755 0.592746 0.0145216 5.79854s
1695 0.788755 0.592639 0.0142115 5.87771s
1696 0.788755 0.580102 0.0126704 5.90204s
1697 0.788755 0.588317 0.0131621 5.85285s
1698 0.788755 0.583689 0.0140866 5.83004s
1699 0.788755 0.584267 0.0134116 5.8747s
1700 0.788755 0.572247 0.0125627 5.90659s
1701 0.788755 0.572762 0.0128684 5.85469s
1702 0.788755 0.577818 0.0127799 5.8601s
1703 0.788755 0.570597 0.012713 5.84856s
1704 0.788755 0.571886 0.0121746 5.85549s
1705 0.788755 0.577298 0.0127555 5.80422s
1706 0.788755 0.582981 0.0134613 5.89302s
1707 0.788755 0.58894 0.0136306 5.81857s
1708 0.788755 0.580289 0.0125698 5.82339s
1709 0.788755 0.577852 0.0127286 5.77728s
1710 0.788755 0.582812 0.0129693 5.89532s
1711 0.788755 0.579502 0.0122075 5.82675s
1712 0.788755 0.57775 0.0123452 6.03126s
1713 0.788755 0.575255 0.0140812 5.85763s
1714 0.788755 0.57886 0.0142016 5.82841s
1715 0.788755 0.585646 0.0138083 5.82906s
1716 0.788755 0.580382 0.0132381 5.81306s
1717 0.788755 0.574543 0.013525 5.85174s
1718 0.788755 0.574064 0.0133611 5.87837s
1719 0.788755 0.574733 0.0125409 5.87857s
1720 0.788755 0.584928 0.0136647 5.87054s
1721 0.788755 0.582427 0.0124596 5.83867s
1722 0.788755 0.59256 0.0130148 5.90631s
1723 0.788755 0.583015 0.0131035 5.89546s
1724 0.788755 0.579603 0.01318 5.80312s
1725 0.788755 0.578 0.01341 5.81652s
1726 0.788755 0.579853 0.0123285 5.88053s
1727 0.788755 0.587294 0.0125453 5.83343s
1728 0.788755 0.578739 0.0113499 5.86843s
1729 0.788755 0.57226 0.0111566 5.83437s
1730 0.788755 0.566109 0.0108982 5.85823s
1731 0.788755 0.574118 0.0121059 6.03022s
1732 0.788755 0.581013 0.012065 5.79617s
1733 0.788755 0.581723 0.0129217 5.82807s
1734 0.788755 0.573106 0.0123578 5.81619s
1735 0.788755 0.576035 0.0118818 5.87439s
1736 0.788755 0.573925 0.0121185 5.85844s
1737 0.788755 0.572741 0.0128818 5.88535s
1738 0.788755 0.575575 0.0135503 5.8625s
1739 0.788755 0.570469 0.0127975 5.8285s
1740 0.788755 0.567365 0.0133756 5.8349s
1741 0.788755 0.568484 0.0127311 5.85273s
1742 0.788755 0.571934 0.0129083 5.84838s
1743 0.788755 0.566603 0.0129307 5.85155s
1744 0.788755 0.574487 0.0134889 5.84541s
1745 0.788755 0.58138 0.0127991 5.8489s
1746 0.788755 0.578224 0.0124448 5.82694s
1747 0.788755 0.583561 0.0140219 5.87519s
1748 0.788755 0.577695 0.0137362 5.80256s
1749 0.788755 0.583697 0.0137302 5.84213s
1750 0.788755 0.577993 0.0129508 5.94494s
1751 0.788755 0.573168 0.0130833 5.81879s
1752 0.788755 0.567645 0.0125701 5.85674s
1753 0.788755 0.573064 0.0132614 7.12651s
1754 0.788755 0.57861 0.012465 5.8546s
1755 0.788755 0.580771 0.0124243 6.07298s
1756 0.788755 0.577363 0.0127507 5.83867s
1757 0.788755 0.578892 0.0120749 5.85943s
1758 0.788755 0.578861 0.0126463 6.13763s
1759 0.788755 0.588959 0.013028 5.95015s
1760 0.788755 0.581357 0.0134226 5.86331s
1761 0.788755 0.57425 0.0130903 5.87387s
1762 0.788755 0.570977 0.0131557 5.84597s
1763 0.788755 0.576699 0.0134733 5.8525s
1764 0.788755 0.586951 0.0134567 5.80718s
1765 0.788755 0.580866 0.0139719 5.82206s
1766 0.788755 0.577544 0.0126412 5.87005s
1767 0.788755 0.581596 0.0133473 5.85749s
1768 0.788755 0.571652 0.0126091 5.82692s
1769 0.788755 0.569118 0.0132079 5.86123s
1770 0.788755 0.567393 0.0134312 5.88041s
1771 0.788755 0.573431 0.0135951 5.918s
1772 0.788755 0.578237 0.0133058 6.02332s
1773 0.788755 0.578578 0.012446 5.85408s
1774 0.788755 0.579196 0.0123376 5.87954s
1775 0.788755 0.571033 0.0123074 5.87925s
1776 0.788755 0.570209 0.0120321 5.87594s
1777 0.788755 0.574105 0.0132832 5.82422s
1778 0.788755 0.564901 0.0117093 5.84269s
1779 0.788755 0.571609 0.0131382 5.80608s
1780 0.788755 0.576235 0.0134771 5.9296s
1781 0.788755 0.573716 0.01377 5.8729s
1782 0.788755 0.575218 0.0130093 5.85515s
1783 0.788755 0.56802 0.012895 5.89065s
1784 0.788755 0.560766 0.012843 5.86935s
1785 0.788755 0.559003 0.0130708 5.80654s
1786 0.788755 0.563585 0.0126223 5.9138s
1787 0.788755 0.564639 0.0131261 5.89851s
1788 0.788755 0.561012 0.0125313 5.84696s
1789 0.788755 0.57213 0.0131596 5.84205s
1790 0.788755 0.576188 0.0126038 5.87265s
1791 0.788755 0.58935 0.0134893 5.88757s
1792 0.788755 0.594638 0.0146997 5.7612s
1793 0.788755 0.589846 0.0146184 5.86026s
1794 0.788755 0.581284 0.0133118 5.84258s
1795 0.788755 0.576168 0.0122968 5.85779s
1796 0.788755 0.569704 0.0122679 5.82327s
1797 0.788755 0.575821 0.013605 5.82186s
1798 0.788755 0.573195 0.0133318 6.01832s
1799 0.788755 0.56504 0.0120949 5.83892s
1800 0.788755 0.569591 0.0128013 5.89744s
1801 0.788755 0.576293 0.012735 5.83676s
1802 0.788755 0.578669 0.0133503 5.89065s
1803 0.788755 0.575398 0.0130613 5.87338s
1804 0.788755 0.581186 0.0138801 5.84906s
1805 0.788755 0.571553 0.0124918 5.86359s
1806 0.788755 0.570949 0.0124848 5.86014s
1807 0.788755 0.576453 0.0135564 5.82807s
1808 0.788755 0.579869 0.0130018 5.83167s
1809 0.788755 0.581148 0.0141304 5.92644s
1810 0.788755 0.587448 0.0132799 5.85985s
1811 0.788755 0.583556 0.0126313 5.83814s
1812 0.788755 0.5897 0.0122141 5.8748s
1813 0.788755 0.581762 0.0127078 6.10172s
1814 0.788755 0.583247 0.0123632 5.79861s
1815 0.788755 0.57783 0.0127984 5.83897s
1816 0.788755 0.570848 0.0131513 5.93936s
1817 0.788755 0.572886 0.0125901 5.8703s
1818 0.788755 0.57897 0.0134419 5.89497s
1819 0.788755 0.573735 0.0139222 6.03383s
1820 0.788755 0.580041 0.0137798 5.81134s
1821 0.788755 0.576869 0.0130212 5.86419s
1822 0.788755 0.571145 0.0125148 6.06855s
1823 0.788755 0.567875 0.0125054 5.85268s
1824 0.788755 0.567539 0.0121295 5.79267s
1825 0.788755 0.572721 0.0131261 5.82779s
1826 0.788755 0.578447 0.0135898 5.80931s
1827 0.788755 0.586872 0.0143599 5.8593s
1828 0.788755 0.587372 0.0133314 5.86285s
1829 0.788755 0.579677 0.012706 5.90389s
1830 0.788755 0.566087 0.0117878 5.8045s
1831 0.788755 0.564263 0.0112815 5.9021s
1832 0.788755 0.567372 0.0114492 5.92694s
1833 0.788755 0.566855 0.0122041 5.90787s
1834 0.788755 0.562174 0.0118827 5.78066s
1835 0.788755 0.568165 0.0122605 5.82124s
1836 0.788755 0.565743 0.0120386 5.82586s
1837 0.788755 0.569617 0.0123277 5.84422s
1838 0.788755 0.569128 0.0125671 5.83044s
1839 0.788755 0.579132 0.0132504 5.90108s
1840 0.788755 0.578655 0.0125309 5.83761s
1841 0.788755 0.572336 0.0124389 6.07323s
1842 0.788755 0.575906 0.0129672 6.0769s
1843 0.788755 0.567776 0.0119949 5.83855s
1844 0.788755 0.573938 0.0130414 5.84182s
1845 0.788755 0.577499 0.013224 5.84387s
1846 0.788755 0.578023 0.013091 5.88042s
1847 0.788755 0.578999 0.0118725 6.0835s
1848 0.788755 0.584841 0.0122973 5.83798s
1849 0.788755 0.583639 0.0114676 5.90685s
1850 0.788755 0.584845 0.0107969 5.9328s
1851 0.788755 0.590069 0.0121887 5.897s
1852 0.788755 0.587959 0.012671 5.78735s
1853 0.788755 0.572378 0.0113012 5.87939s
1854 0.788755 0.571807 0.0115002 5.79891s
1855 0.788755 0.574604 0.0130971 5.94068s
1856 0.788755 0.57555 0.0135918 5.8728s
1857 0.788755 0.571372 0.0133003 6.60262s
1858 0.788755 0.583274 0.0139575 5.87685s
1859 0.788755 0.584221 0.0132906 6.06683s
1860 0.788755 0.581592 0.0138499 5.83808s
1861 0.788755 0.568122 0.0129829 5.90706s
1862 0.788755 0.565187 0.0128164 6.19175s
1863 0.788755 0.577051 0.0130647 5.86274s
1864 0.788755 0.580497 0.0140493 6.10226s
1865 0.788755 0.572483 0.0135875 5.85729s
1866 0.788755 0.573975 0.0134344 5.89566s
1867 0.788755 0.576491 0.0130852 5.81372s
1868 0.788755 0.583247 0.0131323 5.84408s
1869 0.788755 0.5849 0.0135459 5.87211s
1870 0.788755 0.578732 0.0125531 5.9318s
1871 0.788755 0.581924 0.0132126 5.86074s
1872 0.788755 0.58405 0.0143499 5.91186s
1873 0.788755 0.583926 0.0142919 5.81978s
1874 0.788755 0.578925 0.0130327 5.92359s
1875 0.788755 0.575332 0.0130371 5.8493s
1876 0.788755 0.573442 0.0128685 5.88958s
1877 0.788755 0.57993 0.0123373 5.84887s
1878 0.788755 0.588314 0.0125243 5.81299s
1879 0.788755 0.586318 0.0132838 5.84611s
1880 0.788755 0.584783 0.0131791 5.8442s
1881 0.788755 0.582303 0.0134339 5.85571s
1882 0.788755 0.57592 0.0127336 5.83041s
1883 0.788755 0.571069 0.0128356 5.81607s
1884 0.788755 0.575977 0.012706 5.79078s
1885 0.788755 0.576358 0.0132905 5.8497s
1886 0.788755 0.580243 0.0133291 5.87589s
1887 0.788755 0.582936 0.0137127 5.84803s
1888 0.788755 0.583338 0.0133991 5.89463s
1889 0.788755 0.581692 0.0126331 5.81512s
1890 0.788755 0.58878 0.0126593 5.85696s
1891 0.788755 0.581065 0.012905 5.83374s
1892 0.788755 0.573414 0.0131308 6.1293s
1893 0.788755 0.580903 0.0132474 5.84063s
1894 0.788755 0.584503 0.0136299 5.86271s
1895 0.788755 0.578729 0.0134472 5.89006s
1896 0.788755 0.577691 0.0141497 5.81931s
1897 0.788755 0.572453 0.013226 5.86274s
1898 0.788755 0.574056 0.0133329 5.81431s
1899 0.788755 0.562786 0.0124345 5.86014s
1900 0.788755 0.568811 0.0121409 5.80804s
1901 0.788755 0.574184 0.0126435 5.84117s
1902 0.788755 0.573487 0.0128415 5.86348s
1903 0.788755 0.567758 0.0127789 5.7987s
1904 0.788755 0.581096 0.0139516 5.86642s
1905 0.788755 0.574645 0.0144417 5.80974s
1906 0.788755 0.577457 0.0148758 5.87045s
1907 0.788755 0.578757 0.0137194 5.85805s
1908 0.788755 0.574572 0.0142473 6.0732s
1909 0.788755 0.575555 0.012915 5.99734s
1910 0.788755 0.58494 0.0136218 5.89889s
1911 0.788755 0.579971 0.0133298 5.82126s
1912 0.788755 0.575096 0.0137431 5.86935s
1913 0.788755 0.571569 0.0130507 5.93368s
1914 0.788755 0.572754 0.0123009 5.86086s
1915 0.788755 0.568955 0.0125641 5.86753s
1916 0.788755 0.572477 0.0123016 5.78523s
1917 0.788755 0.564576 0.0123405 5.85515s
1918 0.788755 0.568977 0.0134394 5.85689s
1919 0.789918 0.565863 0.0125764 5.85082s
1920 0.789918 0.570947 0.0127934 5.81848s
1921 0.789918 0.569504 0.0132817 5.78736s
1922 0.789918 0.563093 0.0128832 6.00262s
1923 0.789918 0.566598 0.0129195 5.82907s
1924 0.789918 0.572049 0.0130113 5.86001s
1925 0.789918 0.564397 0.0123919 5.84759s
1926 0.789918 0.567922 0.012516 5.85043s
1927 0.789918 0.578092 0.0130717 5.86916s
1928 0.789918 0.574513 0.0128568 5.83821s
1929 0.789918 0.578221 0.0134428 5.90596s
1930 0.789918 0.575421 0.013753 6.10676s
1931 0.789918 0.574679 0.0123646 5.79907s
1932 0.789918 0.571406 0.0127734 5.84506s
1933 0.789918 0.584421 0.0136842 5.80405s
1934 0.789918 0.578415 0.0139986 5.88709s
1935 0.789918 0.577497 0.0126103 5.93977s
1936 0.789918 0.578039 0.0123001 5.84008s
1937 0.789918 0.575833 0.0132023 5.81011s
1938 0.789918 0.580624 0.0124408 5.92504s
1939 0.789918 0.577839 0.0133943 5.81115s
1940 0.789918 0.579024 0.0141144 5.77663s
1941 0.789918 0.580543 0.0139681 5.81428s
1942 0.789918 0.578732 0.0136448 5.8819s
1943 0.789918 0.585248 0.0142308 5.82226s
1944 0.789918 0.588259 0.013299 5.86859s
1945 0.789918 0.588742 0.0133178 5.83984s
1946 0.789918 0.574809 0.0126471 5.83115s
1947 0.789918 0.584372 0.0124539 5.83772s
1948 0.789918 0.579263 0.0134278 5.88511s
1949 0.789918 0.583231 0.0130853 5.77186s
1950 0.789918 0.582311 0.0124864 5.81756s
1951 0.789918 0.588034 0.0130571 6.04041s
1952 0.789918 0.586114 0.0134131 5.81362s
1953 0.789918 0.579012 0.0135161 5.87425s
1954 0.789918 0.572713 0.0121869 6.04661s
1955 0.789918 0.580803 0.0135287 5.83573s
1956 0.789918 0.578392 0.0125864 5.84209s
1957 0.789918 0.580178 0.0125328 5.91967s
1958 0.789918 0.575213 0.0120926 6.05639s
1959 0.789918 0.575732 0.012265 5.90527s
1960 0.789918 0.574563 0.0127322 6.83491s
1961 0.789918 0.567673 0.0120358 6.08006s
1962 0.789918 0.573128 0.0134406 5.82037s
1963 0.789918 0.573581 0.0136424 5.83192s
1964 0.789918 0.565287 0.013206 5.82033s
1965 0.789918 0.570583 0.0126915 5.82416s
1966 0.789918 0.576588 0.0131453 5.86328s
1967 0.789918 0.572194 0.0128298 5.98684s
1968 0.789918 0.569496 0.0132224 5.82143s
1969 0.789918 0.573129 0.0120883 5.79288s
1970 0.789918 0.574429 0.013341 5.85109s
1971 0.789918 0.572044 0.0121784 5.82391s
1972 0.789918 0.575429 0.0127169 5.77258s
1973 0.789918 0.574753 0.0128032 5.84675s
1974 0.789918 0.574514 0.0134664 5.7681s
1975 0.789918 0.578046 0.013399 5.86782s
1976 0.789918 0.579192 0.0130049 5.86894s
1977 0.789918 0.573994 0.0127168 5.87904s
1978 0.789918 0.576888 0.0131425 5.90868s
1979 0.789918 0.581249 0.0136922 6.05641s
1980 0.789918 0.576754 0.0136999 5.82111s
1981 0.789918 0.583145 0.0143676 5.86026s
1982 0.789918 0.583399 0.0136743 5.8251s
1983 0.789918 0.581294 0.0138981 5.81214s
1984 0.789918 0.584409 0.0139148 5.85429s
1985 0.789918 0.575171 0.0123488 6.14586s
1986 0.789918 0.576574 0.0117241 5.80615s
1987 0.789918 0.575578 0.012055 5.81619s
1988 0.789918 0.566964 0.0126497 5.78003s
1989 0.789918 0.565565 0.0125545 5.83784s
1990 0.789918 0.576523 0.0140668 6.13785s
1991 0.789918 0.56889 0.0123394 5.7961s
1992 0.789918 0.575265 0.0132682 5.8801s
1993 0.789918 0.570162 0.0130156 5.86894s
1994 0.789918 0.572665 0.0137319 5.83004s
1995 0.789918 0.577364 0.0129724 5.89244s
1996 0.789918 0.575551 0.0123744 5.84677s
1997 0.789918 0.577115 0.0126463 5.86485s
1998 0.789918 0.569331 0.0122215 5.81347s
1999 0.789918 0.573075 0.0126515 5.81342s
2000 0.789944 0.571165 0.0125067 5.82253s
