7.08447
7.20238
2.74493
0.486245
10
6.92866
9.87699
4.08729
2.73198
8.89225
0.866229
3.54172
7.22608
9.99989
9.60039
0.998027
5.99257
3.81909
8.1875
1.71229
9.82061
5.64712
1.6647
7.87609
7.18807
5.90434
6.83274
2.87645
0.0929967
4.30661
1.56924
1.02222
1.48969
5.39568
8.96232
2.40194
2.73377
4.25607
3.41513
6.35617
2.35287
0.000338456
5.90374
9.81688
5.13794
0.496812
7.58073
4.6031
9.2702
9.99946
5.74941e-05
5.73305
7.89701
5.69655
0.337666
3.37562
6.5649
3.3736
7.32036
4.63754
5.15302
0.47795
4.69367
0.860824
7.6464
3.31963
4.87895
9.31783
9.97044
7.28378
8.77901
5.97456
3.72288
2.21281
5.09547
8.90811
1.753
4.0368
4.97709
4.26193
6.34232
2.6384
9.67214
0.567407
4.7069
0.799704
5.80525
8.42588
8.25629
2.2041
0.096707
5.9638
7.68101
0.93634
3.58539
7.71888
3.18356
2.43711
8.71031
3.31004
4.00811
5.93367
9.24072
6.44495
7.13611
8.97211
5.6748
9.46969
2.97726
6.97478
4.61075
1.92022
6.25544
4.38664
1.64309
0.238343
5.53132
3.40901
9.07874
9.20067
7.95845
4.63833
0.629656
5.81513
9.01208
3.17998
2.05782
6.62933
4.30767
9.43124
0
1.79136
4.13949
8.33083
4.90821
0.515744
7.10384
7.51069
8.14419
3.3217
5.11519
9.41218
7.19678e-05
4.0254
8.1857
4.70982
9.09957
2.89294
9.99956
0.89217
8.8947
9.49385
3.63308
8.34339
5.3728
8.89751
4.40134
8.47535
7.58925
4.37562
2.49704
2.57495
2.4961
9.15236
8.94282
2.08123
2.22407
9.81069
6.81381
6.98743
2.59201
0
7.74747
0.885391
2.76717
3.55521
2.09266
6.47334
4.48376
3.88187
2.58075
1.29432
2.86099
9.42365
6.46394
3.15383
0.0548931
8.75253
3.8175
3.16225
7.27594
5.08317
6.44197
4.34479
9.08762
7.27542
7.40659
2.38088
6.49132
3.59308
8.49967
0.761835
7.15052
4.49773
9.03188
2.92155
2.89705
0.710996
2.64492
4.4524
0.199359
3.34287
6.70382
5.93626
8.76737
5.75653
0.361792
3.72715
6.84729
8.6175
0
9.63647
8.82335
3.78085
4.04888
5.98366
3.53228
6.11519
9.68508
4.92416
9.27642
0.0245764
1.0292
0.0143321
3.10492
9.99807
4.36816
9.54305
0
2.10738
5.26844
4.35676
2.2111
5.95108
6.60695
0.272589
7.61952
5.47715
0.402363
0.315907
3.87354
9.44522
7.68419
1.0316
5.89499
9.99966
1.91255
4.35988
0
4.78061
3.26668
9.54723
0.000373352
3.34863
0.20808
5.99937
1.12397
5.12518
2.83118
9.84453
8.02815
0.00129927
0.862404
1.25634
9.53812
1.4392
7.31188
1.23898
3.04691
5.63552
5.80077
1.46801
3.26262
9.74525
1.65741
8.77039
5.22287
7.57821
6.46673
5.70809
5.4675
5.92479
5.08414
0.808244
5.72453
8.78413
4.4505
5.23233
1.31492
2.39475
8.43042
4.24203
9.05417
9.99845
3.22847
9.71414
3.31449
2.67804
5.78282
7.0123
3.37541
8.87563
1.03727
2.31543
7.24785
6.40563
4.29912
5.01791
4.44818
9.97484
2.49924
3.3021
1.23892
1.60202
0.0598812
9.64807
1.17912
0.974666
9.97436
3.18038
8.35807
3.27154
5.35777
1.99246
2.63346
0.904596
4.77569
1.19136
9.46078
8.63705
5.54235
6.20511
5.26699
9.88671
9.82922
1.87532
4.90681
6.74151
4.59156
4.39189
7.89643
1.49868
5.66023
3.08102
4.54578
5.94456
1.41938
7.8911
9.54206
4.6371
6.3215
9.99738
3.33366
5.25015
7.70039
3.53852
4.46667
7.08207
8.37041
6.56844
8.90535
2.95235
8.57791
0.0124817
7.23108
1.94297
2.90609
1.61733
5.24068
0.999005
1.43821
9.99962
4.82425
5.56625
9.9346
0.659452
1.66604
3.51678
5.15994
8.19908
5.62909
0.269743
5.65086
7.72451
8.43915
8.29159
1.38553
5.6127
0.653487
7.98063
9.93304
8.20016
7.93921
7.23138
7.2377
6.34212
1.42288
9.25797
1.60157
5.39312
2.05498
2.65337
8.41357
5.12095
3.37148
8.10216
0.344724
3.50944
8.62029
5.03552
9.35709
3.93938
3.53991
7.08812
4.17513
9.99972
4.8034
8.18132
8.6559
9.99987
0.223387
1.51935
4.24108
9.49706
7.69366
7.003
5.56624
8.50206
9.35619
6.48866
6.8221
3.23607
4.95196
7.45823
3.96485
9.47736
4.90972
2.62457
9.70065
6.01726
0.986538
-0.9639
0.888062
0.708943
3.94625
-3.96397
1144.03
220
