0 0.5 0.5 0 0s
1 0.5 0.5 0 36.9718s
2 0.5 0.5 0 36.4703s
3 0.5 0.5 0 35.9369s
4 0.5 0.5 0 36.9272s
5 0.5 0.5 0 36.1401s
6 0.5 0.5 0 36.1342s
7 0.5 0.5 0 36.0645s
8 0.5 0.5 0 36.3107s
9 0.5 0.5 0 37.2281s
10 0.5 0.5 0 35.9494s
11 0.5 0.5 0 36.0676s
12 0.5 0.5 0 36.1658s
13 0.5 0.5 0 35.6588s
14 0.5 0.5 0 35.7359s
15 0.5 0.5 0 35.7096s
16 0.5 0.5 0 36.2219s
17 0.5 0.5 0 35.6568s
18 0.5 0.5 0 35.5832s
19 0.5 0.5 0 36.2021s
20 0.5 0.5 0 36.3711s
21 0.5 0.5 0 36.0955s
22 0.5 0.5 0 36.5704s
23 0.5 0.5 0 36.0906s
24 0.5 0.5 0 36.1203s
25 0.5 0.5 0 37.6968s
26 0.5 0.5 0 36.412s
27 0.5 0.5 0 35.8677s
28 0.5 0.5 0 35.9358s
29 0.5 0.5 0 36.1785s
30 0.5 0.5 0 37.5845s
31 0.5 0.5 0 35.4795s
32 0.5 0.5 0 35.5423s
33 0.5 0.5 0 36.7205s
34 0.5 0.5 0 35.6595s
35 0.5 0.5 0 36.4604s
36 0.5 0.5 0 36.0607s
37 0.5 0.5 0 36.6823s
38 0.5 0.5 0 36.6545s
39 0.5 0.5 0 36.4974s
40 0.5 0.5 0 36.1117s
41 0.5 0.5 0 36.0798s
42 0.5 0.5 0 36.5428s
43 0.5 0.5 0 36.5141s
44 0.5 0.5 0 36.4138s
45 0.5 0.5 0 35.9876s
46 0.5 0.5 0 36.251s
47 0.5 0.5 0 36.0953s
48 0.5 0.5 0 36.3555s
49 0.5 0.5 0 35.4996s
50 0.5 0.5 0 36.138s
51 0.5 0.5 0 35.9868s
52 0.5 0.5 0 36.2242s
53 0.5 0.5 0 37.316s
54 0.5 0.5 0 35.9607s
55 0.5 0.5 0 36.0432s
56 0.5 0.5 0 36.4228s
57 0.5 0.5 0 37.5138s
58 0.5 0.5 0 36.1504s
59 0.5 0.5 0 36.0796s
60 0.5 0.5 0 36.7596s
61 0.5 0.5 0 37.2632s
62 0.5 0.5 0 36.551s
63 0.5 0.5 0 36.6193s
64 0.5 0.5 0 36.2531s
65 0.5 0.5 0 37.6835s
66 0.5 0.5 0 36.7156s
67 0.5 0.5 0 36.1742s
68 0.5 0.5 0 36.2447s
69 0.5 0.5 0 35.9333s
70 0.5 0.5 0 36.0363s
71 0.5 0.5 0 36.2574s
72 0.5 0.5 0 36.1776s
73 0.5 0.5 0 36.2678s
74 0.5 0.5 0 36.0233s
75 0.5 0.5 0 36.1142s
76 0.5 0.5 0 36.1726s
77 0.5 0.5 0 35.5346s
78 0.5 0.5 0 36.1229s
79 0.5 0.5 0 35.7115s
80 0.5 0.5 0 35.4572s
81 0.5 0.5 0 36.7061s
82 0.5 0.5 0 37.4127s
83 0.5 0.5 0 35.8824s
84 0.5 0.5 0 36.1178s
85 0.5 0.5 0 35.9978s
86 0.5 0.5 0 35.8378s
87 0.5 0.5 0 35.8739s
88 0.5 0.5 0 35.5766s
89 0.5 0.5 0 36.1712s
90 0.5 0.5 0 35.9814s
91 0.5 0.5 0 37.2741s
92 0.5 0.5 0 35.9741s
93 0.5 0.5 0 35.7387s
94 0.5 0.5 0 35.9059s
95 0.5 0.5 0 36.052s
96 0.5 0.5 0 37.3171s
97 0.5 0.5 0 36.1958s
98 0.5 0.5 0 36.0499s
99 0.5 0.5 0 35.8759s
100 0.5 0.5 0 36.3962s
101 0.5 0.5 0 35.7295s
102 0.5 0.5 0 37.1969s
103 0.5 0.5 0 35.6507s
104 0.5 0.5 0 36.3784s
105 0.5 0.5 0 36.1053s
106 0.5 0.5 0 36.5462s
107 0.5 0.5 0 36.1111s
108 0.5 0.5 0 36.0911s
109 0.5 0.5 0 36.5155s
110 0.5 0.5 0 36.095s
111 0.5 0.5 0 36.6651s
112 0.5 0.5 0 36.0341s
113 0.5 0.5 0 36.2557s
114 0.5 0.5 0 35.6918s
115 0.5 0.5 0 36.6972s
116 0.5 0.5 0 36.1777s
117 0.5 0.5 0 36.1433s
118 0.5 0.5 0 35.5677s
119 0.5 0.5 0 35.8547s
120 0.5 0.5 0 36.2455s
121 0.5 0.5 0 36.2292s
122 0.5 0.5 0 36.1167s
123 0.5 0.5 0 35.6908s
124 0.5 0.5 0 36.2078s
125 0.5 0.5 0 35.8438s
126 0.5 0.5 0 36.1004s
127 0.5 0.5 0 36.2695s
128 0.5 0.5 0 35.7172s
129 0.5 0.5 0 36.5652s
130 0.5 0.5 0 36.1826s
131 0.5 0.5 0 36.1982s
132 0.5 0.5 0 35.8467s
133 0.5 0.5 0 36.4759s
134 0.5 0.5 0 36.2148s
135 0.5 0.5 0 36.7151s
136 0.5 0.5 0 36.2039s
137 0.5 0.5 0 36.7448s
138 0.5 0.5 0 36.1353s
139 0.5 0.5 0 36.5944s
140 0.5 0.5 0 36.1183s
141 0.5 0.5 0 36.2422s
142 0.5 0.5 0 36.084s
143 0.5 0.5 0 36.0686s
144 0.5 0.5 0 36.5459s
145 0.5 0.5 0 36.5455s
146 0.5 0.5 0 36.3081s
147 0.5 0.5 0 36.0431s
148 0.5 0.5 0 37.6403s
149 0.5 0.5 0 36.316s
150 0.5 0.5 0 36.3352s
151 0.5 0.5 0 36.0505s
152 0.5 0.5 0 37.6613s
153 0.5 0.5 0 36.3157s
154 0.5 0.5 0 36.0867s
155 0.5 0.5 0 36.6266s
156 0.5 0.5 0 36.6853s
157 0.5 0.5 0 35.7417s
158 0.5 0.5 0 36.5932s
159 0.5 0.5 0 36.7394s
160 0.5 0.5 0 36.1826s
161 0.5 0.5 0 36.0476s
162 0.5 0.5 0 36.5245s
163 0.5 0.5 0 35.9013s
164 0.5 0.5 0 36.1662s
165 0.5 0.5 0 36.0104s
166 0.5 0.5 0 36.6493s
167 0.5 0.5 0 36.1024s
168 0.5 0.5 0 37.2299s
169 0.5 0.5 0 35.5913s
170 0.5 0.5 0 35.6697s
171 0.5 0.5 0 35.8457s
172 0.5 0.5 0 36.1372s
173 0.5 0.5 0 36.2136s
174 0.5 0.5 0 36.1562s
175 0.5 0.5 0 37.9099s
176 0.5 0.5 0 35.3861s
177 0.5 0.5 0 36.4143s
178 0.5 0.5 0 36.5219s
179 0.5 0.5 0 36.3344s
180 0.5 0.5 0 38.1243s
181 0.5 0.5 0 36.6301s
182 0.5 0.5 0 36.7457s
183 0.5 0.5 0 36.6803s
184 0.5 0.5 0 36.5943s
185 0.5 0.5 0 38.1034s
186 0.5 0.5 0 36.7032s
187 0.5 0.5 0 36.1585s
188 0.5 0.5 0 36.7127s
189 0.5 0.5 0 36.2894s
190 0.5 0.5 0 38.367s
191 0.5 0.5 0 36.2381s
192 0.5 0.5 0 35.9329s
193 0.5 0.5 0 35.5785s
194 0.5 0.5 0 35.7488s
195 0.5 0.5 0 35.7843s
196 0.5 0.5 0 35.7506s
197 0.5 0.5 0 36.2314s
198 0.5 0.5 0 36.2228s
199 0.5 0.5 0 36.1699s
200 0.5 0.5 0 36.2167s
201 0.5 0.5 0 36.0212s
202 0.5 0.5 0 36.2063s
203 0.5 0.5 0 36.2682s
204 0.5 0.5 0 36.3214s
205 0.5 0.5 0 36.2439s
206 0.5 0.5 0 36.0062s
207 0.5 0.5 0 36.2744s
208 0.5 0.5 0 35.7515s
209 0.5 0.5 0 36.0243s
210 0.5 0.5 0 36.1502s
211 0.5 0.5 0 36.2358s
212 0.5 0.5 0 36.172s
213 0.5 0.5 0 38.1443s
214 0.5 0.5 0 36.2216s
215 0.5 0.5 0 36.0195s
216 0.5 0.5 0 36.3031s
217 0.5 0.5 0 38.0963s
218 0.5 0.5 0 36.2372s
219 0.5 0.5 0 36.133s
220 0.5 0.5 0 36.1451s
221 0.5 0.5 0 36.1495s
222 0.5 0.5 0 37.5035s
223 0.5 0.5 0 36.3708s
224 0.5 0.5 0 35.5534s
225 0.5 0.5 0 36.2294s
226 0.5 0.5 0 36.1843s
227 0.5 0.5 0 36.1765s
228 0.5 0.5 0 36.4779s
229 0.5 0.5 0 36.2589s
230 0.5 0.5 0 35.5449s
231 0.5 0.5 0 36.2891s
232 0.5 0.5 0 36.5098s
233 0.5 0.5 0 36.7182s
234 0.5 0.5 0 35.9922s
235 0.5 0.5 0 36.0889s
236 0.5 0.5 0 36.1931s
237 0.5 0.5 0 36.6119s
238 0.5 0.5 0 36.1503s
239 0.5 0.5 0 36.4965s
240 0.5 0.5 0 36.1438s
241 0.5 0.5 0 36.1705s
242 0.5 0.5 0 36.6695s
243 0.5 0.5 0 36.1881s
244 0.5 0.5 0 36.2828s
245 0.5 0.5 0 36.2773s
246 0.5 0.5 0 36.5736s
247 0.5 0.5 0 36.6942s
248 0.5 0.5 0 36.1909s
249 0.5 0.5 0 36.1171s
250 0.5 0.5 0 35.6538s
251 0.5 0.5 0 36.0724s
252 0.5 0.5 0 35.6086s
253 0.5 0.5 0 36.6126s
254 0.5 0.5 0 36.4242s
255 0.5 0.5 0 36.123s
256 0.5 0.5 0 36.2723s
257 0.5 0.5 0 36.5856s
258 0.5 0.5 0 36.0551s
259 0.5 0.5 0 36.0902s
260 0.5 0.5 0 35.7725s
261 0.5 0.5 0 36.6645s
262 0.5 0.5 0 36.6347s
263 0.5 0.5 0 36.0738s
264 0.5 0.5 0 36.0585s
265 0.5 0.5 0 37.1663s
266 0.5 0.5 0 35.9716s
267 0.5 0.5 0 36.0916s
268 0.5 0.5 0 36.6402s
269 0.5 0.5 0 36.34s
270 0.5 0.5 0 37.4343s
271 0.5 0.5 0 36.5292s
272 0.5 0.5 0 36.2386s
273 0.5 0.5 0 35.7754s
274 0.5 0.5 0 36.1818s
275 0.5 0.5 0 36.1829s
276 0.5 0.5 0 36.2621s
277 0.5 0.5 0 36.1699s
278 0.5 0.5 0 36.1534s
279 0.5 0.5 0 36.7373s
280 0.5 0.5 0 36.23s
281 0.5 0.5 0 36.3434s
282 0.5 0.5 0 36.0806s
283 0.5 0.5 0 36.0269s
284 0.5 0.5 0 36.1258s
285 0.5 0.5 0 36.546s
286 0.5 0.5 0 35.9076s
287 0.5 0.5 0 36.2046s
288 0.5 0.5 0 35.7523s
289 0.5 0.5 0 36.0776s
290 0.5 0.5 0 36.2306s
291 0.5 0.5 0 38.0416s
292 0.5 0.5 0 36.2009s
293 0.5 0.5 0 35.9103s
294 0.5 0.5 0 35.9946s
295 0.5 0.5 0 36.1776s
296 0.5 0.5 0 35.9749s
297 0.5 0.5 0 36.2583s
298 0.5 0.5 0 36.1858s
299 0.5 0.5 0 36.176s
300 0.5 0.5 0 36.4726s
301 0.5 0.5 0 35.7387s
302 0.5 0.5 0 36.0181s
303 0.5 0.5 0 36.0288s
304 0.5 0.5 0 36.3166s
305 0.5 0.5 0 35.9274s
306 0.5 0.5 0 36.1548s
307 0.5 0.5 0 35.986s
308 0.5 0.5 0 35.6384s
309 0.5 0.5 0 36.2415s
310 0.5 0.5 0 35.6721s
311 0.5 0.5 0 36.7616s
312 0.5 0.5 0 36.4475s
313 0.5 0.5 0 35.6754s
314 0.5 0.5 0 36.4118s
315 0.5 0.5 0 36.7591s
316 0.5 0.5 0 36.3738s
317 0.5 0.5 0 36.4547s
318 0.5 0.5 0 36.2739s
319 0.5 0.5 0 35.9244s
320 0.5 0.5 0 36.4643s
321 0.5 0.5 0 36.049s
322 0.5 0.5 0 36.3008s
323 0.5 0.5 0 36.174s
324 0.5 0.5 0 37.5563s
325 0.5 0.5 0 35.8772s
326 0.5 0.5 0 36.138s
327 0.5 0.5 0 36.6403s
328 0.5 0.5 0 35.9512s
329 0.5 0.5 0 36.6781s
330 0.5 0.5 0 35.6197s
331 0.5 0.5 0 36.1296s
332 0.5 0.5 0 35.9503s
333 0.5 0.5 0 36.3636s
334 0.5 0.5 0 36.0559s
335 0.5 0.5 0 36.1615s
336 0.5 0.5 0 36.3093s
337 0.5 0.5 0 36.0501s
338 0.5 0.5 0 36.2471s
339 0.5 0.5 0 36.0307s
340 0.5 0.5 0 36.1396s
341 0.5 0.5 0 36.1347s
342 0.5 0.5 0 36.1252s
343 0.5 0.5 0 36.5921s
344 0.5 0.5 0 37.9662s
345 0.5 0.5 0 36.1023s
346 0.5 0.5 0 35.7275s
347 0.5 0.5 0 36.0477s
348 0.5 0.5 0 38.0906s
349 0.5 0.5 0 35.7314s
350 0.5 0.5 0 36.1635s
351 0.5 0.5 0 36.2439s
352 0.5 0.5 0 36.16s
353 0.5 0.5 0 36.5209s
354 0.5 0.5 0 36.1183s
355 0.5 0.5 0 36.2286s
356 0.5 0.5 0 36.1411s
357 0.5 0.5 0 36.5469s
358 0.5 0.5 0 36.06s
359 0.5 0.5 0 36.1132s
360 0.5 0.5 0 36.4099s
361 0.5 0.5 0 37.9612s
362 0.5 0.5 0 36.6049s
363 0.5 0.5 0 36.0466s
364 0.5 0.5 0 36.162s
365 0.5 0.5 0 35.5173s
366 0.5 0.5 0 36.1147s
367 0.5 0.5 0 36.1202s
368 0.5 0.5 0 36.3654s
369 0.5 0.5 0 35.9612s
370 0.5 0.5 0 36.3823s
371 0.5 0.5 0 35.6398s
372 0.5 0.5 0 35.6805s
373 0.5 0.5 0 35.9193s
374 0.5 0.5 0 35.7557s
375 0.5 0.5 0 35.5577s
376 0.5 0.5 0 36.1147s
377 0.5 0.5 0 35.6654s
378 0.5 0.5 0 35.977s
379 0.5 0.5 0 36.0585s
380 0.5 0.5 0 36.2658s
381 0.5 0.5 0 36.1839s
382 0.5 0.5 0 36.6715s
383 0.5 0.5 0 36.4514s
384 0.5 0.5 0 36.1809s
385 0.5 0.5 0 36.6892s
386 0.5 0.5 0 36.4673s
387 0.5 0.5 0 36.5278s
388 0.5 0.5 0 35.6528s
389 0.5 0.5 0 36.2215s
390 0.5 0.5 0 37.3491s
391 0.5 0.5 0 36.6338s
392 0.5 0.5 0 36.3459s
393 0.5 0.5 0 36.0827s
394 0.5 0.5 0 36.8558s
395 0.5 0.5 0 35.5952s
396 0.5 0.5 0 36.4477s
397 0.5 0.5 0 36.2104s
398 0.5 0.5 0 35.5952s
399 0.5 0.5 0 36.1382s
400 0.5 0.5 0 36.1071s
401 0.5 0.5 0 36.0546s
402 0.5 0.5 0 35.612s
403 0.5 0.5 0 36.3975s
404 0.5 0.5 0 36.7466s
405 0.5 0.5 0 36.115s
406 0.5 0.5 0 36.0952s
407 0.5 0.5 0 36.4877s
408 0.5 0.5 0 36.6744s
409 0.5 0.5 0 36.1985s
410 0.5 0.5 0 36.8096s
411 0.5 0.5 0 36.1523s
412 0.5 0.5 0 36.6353s
413 0.5 0.5 0 35.9809s
414 0.5 0.5 0 36.2564s
415 0.5 0.5 0 37.5128s
416 0.5 0.5 0 36.6482s
417 0.5 0.5 0 35.6408s
418 0.5 0.5 0 35.8038s
419 0.5 0.5 0 37.6877s
420 0.5 0.5 0 36.335s
421 0.5 0.5 0 35.7888s
422 0.5 0.5 0 36.0371s
423 0.5 0.5 0 35.8912s
424 0.5 0.5 0 36.6217s
425 0.5 0.5 0 35.798s
426 0.5 0.5 0 35.6047s
427 0.5 0.5 0 36.7285s
428 0.5 0.5 0 35.9878s
429 0.5 0.5 0 36.8338s
430 0.5 0.5 0 36.163s
431 0.5 0.5 0 36.1857s
432 0.5 0.5 0 36.5736s
433 0.5 0.5 0 36.346s
434 0.5 0.5 0 36.1601s
435 0.5 0.5 0 36.0119s
436 0.5 0.5 0 35.6437s
437 0.5 0.5 0 35.3368s
438 0.5 0.5 0 36.0033s
439 0.5 0.5 0 35.7749s
440 0.5 0.5 0 36.0224s
441 0.5 0.5 0 36.1007s
442 0.5 0.5 0 35.9324s
443 0.5 0.5 0 35.9569s
444 0.5 0.5 0 35.6682s
445 0.5 0.5 0 35.4933s
446 0.5 0.5 0 36.0284s
447 0.5 0.5 0 36.0583s
448 0.5 0.5 0 35.8901s
449 0.5 0.5 0 35.5409s
450 0.5 0.5 0 36.0679s
451 0.5 0.5 0 35.9203s
452 0.5 0.5 0 35.7294s
453 0.5 0.5 0 36.1253s
454 0.5 0.5 0 36.1473s
455 0.5 0.5 0 35.7008s
456 0.5 0.5 0 35.8757s
457 0.5 0.5 0 36.327s
458 0.5 0.5 0 36.0789s
459 0.5 0.5 0 35.9396s
460 0.5 0.5 0 35.7593s
461 0.5 0.5 0 36.2067s
462 0.5 0.5 0 36.0897s
463 0.5 0.5 0 36.1361s
464 0.5 0.5 0 36.4009s
465 0.5 0.5 0 36.1758s
466 0.5 0.5 0 35.9639s
467 0.5 0.5 0 35.8053s
468 0.5 0.5 0 36.4627s
469 0.5 0.5 0 36.0705s
470 0.5 0.5 0 37.4095s
471 0.5 0.5 0 36.0584s
472 0.5 0.5 0 36.0714s
473 0.5 0.5 0 36.2623s
474 0.5 0.5 0 35.9808s
475 0.5 0.5 0 36.0874s
476 0.5 0.5 0 36.09s
477 0.5 0.5 0 36.1844s
478 0.5 0.5 0 36.0908s
479 0.5 0.5 0 36.1795s
480 0.5 0.5 0 36.1729s
481 0.5 0.5 0 36.0629s
482 0.5 0.5 0 36.0106s
483 0.5 0.5 0 35.7487s
484 0.5 0.5 0 36.0477s
485 0.5 0.5 0 36.115s
486 0.5 0.5 0 35.9115s
487 0.5 0.5 0 35.8395s
488 0.5 0.5 0 36.1786s
489 0.5 0.5 0 36.1188s
490 0.5 0.5 0 38.1118s
491 0.5 0.5 0 36.0381s
492 0.5 0.5 0 36.2036s
493 0.5 0.5 0 36.0654s
494 0.5 0.5 0 37.8385s
495 0.5 0.5 0 36.1915s
496 0.5 0.5 0 36.3307s
497 0.5 0.5 0 36.2486s
498 0.5 0.5 0 36.1861s
499 0.5 0.5 0 36.2718s
500 0.5 0.5 0 36.1971s
501 0.5 0.5 0 36.2731s
502 0.5 0.5 0 36.4292s
503 0.5 0.5 0 36.1005s
504 0.5 0.5 0 35.6021s
505 0.5 0.5 0 36.6231s
506 0.5 0.5 0 36.221s
507 0.5 0.5 0 35.9713s
508 0.5 0.5 0 35.7765s
509 0.5 0.5 0 36.4237s
510 0.5 0.5 0 36.0951s
511 0.5 0.5 0 37.4785s
512 0.5 0.5 0 36.1947s
513 0.5 0.5 0 36.2033s
514 0.5 0.5 0 36.0882s
515 0.5 0.5 0 37.6135s
516 0.5 0.5 0 36.5838s
517 0.5 0.5 0 35.8021s
518 0.5 0.5 0 36.4789s
519 0.5 0.5 0 36.1919s
520 0.5 0.5 0 37.7152s
521 0.5 0.5 0 36.1202s
522 0.5 0.5 0 36.3267s
523 0.5 0.5 0 36.7677s
524 0.5 0.5 0 35.9597s
525 0.5 0.5 0 36.5075s
526 0.5 0.5 0 36.0436s
527 0.5 0.5 0 35.7571s
528 0.5 0.5 0 36.7608s
529 0.5 0.5 0 36.0698s
530 0.5 0.5 0 36.037s
531 0.5 0.5 0 36.0107s
532 0.5 0.5 0 36.0055s
533 0.5 0.5 0 36.5467s
534 0.5 0.5 0 36.0281s
535 0.5 0.5 0 36.1744s
536 0.5 0.5 0 36.2228s
537 0.5 0.5 0 36.4951s
538 0.5 0.5 0 36.6101s
539 0.5 0.5 0 36.1882s
540 0.5 0.5 0 36.1586s
541 0.5 0.5 0 36.1733s
542 0.5 0.5 0 36.4751s
543 0.5 0.5 0 36.184s
544 0.5 0.5 0 36.3328s
545 0.5 0.5 0 36.2152s
546 0.5 0.5 0 36.611s
547 0.5 0.5 0 36.1205s
548 0.5 0.5 0 36.2261s
549 0.5 0.5 0 36.2926s
550 0.5 0.5 0 36.5289s
551 0.5 0.5 0 35.6481s
552 0.5 0.5 0 36.4032s
553 0.5 0.5 0 36.3545s
554 0.5 0.5 0 36.5012s
555 0.5 0.5 0 35.9396s
556 0.5 0.5 0 36.494s
557 0.5 0.5 0 36.1779s
558 0.5 0.5 0 35.7438s
559 0.5 0.5 0 36.5305s
560 0.5 0.5 0 35.4164s
561 0.5 0.5 0 36.246s
562 0.5 0.5 0 36.2046s
563 0.5 0.5 0 36.0016s
564 0.5 0.5 0 36.264s
565 0.5 0.5 0 36.1001s
566 0.5 0.5 0 35.7154s
567 0.5 0.5 0 36.0814s
568 0.5 0.5 0 35.8467s
569 0.5 0.5 0 36.0993s
570 0.5 0.5 0 35.889s
571 0.5 0.5 0 35.918s
572 0.5 0.5 0 36.0919s
573 0.5 0.5 0 35.5901s
574 0.5 0.5 0 36.3646s
575 0.5 0.5 0 35.8246s
576 0.5 0.5 0 36.1584s
577 0.5 0.5 0 36.144s
578 0.5 0.5 0 35.8034s
579 0.5 0.5 0 36.1629s
580 0.5 0.5 0 36.5907s
581 0.5 0.5 0 36.5225s
582 0.5 0.5 0 36.6094s
583 0.5 0.5 0 36.1351s
584 0.5 0.5 0 36.5954s
585 0.5 0.5 0 36.3333s
586 0.5 0.5 0 36.1473s
587 0.5 0.5 0 36.1542s
588 0.5 0.5 0 36.657s
589 0.5 0.5 0 35.6243s
590 0.5 0.5 0 36.1498s
591 0.5 0.5 0 36.2372s
592 0.5 0.5 0 36.173s
593 0.5 0.5 0 35.9024s
594 0.5 0.5 0 37.4976s
595 0.5 0.5 0 36.0977s
596 0.5 0.5 0 36.1474s
597 0.5 0.5 0 36.0643s
598 0.5 0.5 0 35.9889s
599 0.5 0.5 0 37.3382s
600 0.5 0.5 0 35.3843s
601 0.5 0.5 0 36.2726s
602 0.5 0.5 0 35.9625s
603 0.5 0.5 0 36.1867s
604 0.5 0.5 0 37.3306s
605 0.5 0.5 0 36.2679s
606 0.5 0.5 0 36.0979s
607 0.5 0.5 0 35.9582s
608 0.5 0.5 0 35.6694s
609 0.5 0.5 0 36.6477s
610 0.5 0.5 0 36.1319s
611 0.5 0.5 0 36.2615s
612 0.5 0.5 0 36.2659s
613 0.5 0.5 0 35.6944s
614 0.5 0.5 0 36.6402s
615 0.5 0.5 0 37.3434s
616 0.5 0.5 0 36.2076s
617 0.5 0.5 0 36.1593s
618 0.5 0.5 0 36.8373s
619 0.5 0.5 0 36.1038s
620 0.5 0.5 0 36.7346s
621 0.5 0.5 0 35.6876s
622 0.5 0.5 0 36.1301s
623 0.5 0.5 0 36.2277s
624 0.5 0.5 0 36.0952s
625 0.5 0.5 0 35.8131s
626 0.5 0.5 0 36.6982s
627 0.5 0.5 0 36.731s
628 0.5 0.5 0 36.2873s
629 0.5 0.5 0 35.951s
630 0.5 0.5 0 35.5039s
631 0.5 0.5 0 36.6645s
632 0.5 0.5 0 35.891s
633 0.5 0.5 0 36.0114s
634 0.5 0.5 0 35.9362s
635 0.5 0.5 0 36.6867s
636 0.5 0.5 0 35.6104s
637 0.5 0.5 0 35.9951s
638 0.5 0.5 0 36.3047s
639 0.5 0.5 0 36.1835s
640 0.5 0.5 0 36.6045s
641 0.5 0.5 0 35.6291s
642 0.5 0.5 0 36.0331s
643 0.5 0.5 0 36.1029s
644 0.5 0.5 0 36.0151s
645 0.5 0.5 0 36.1242s
646 0.5 0.5 0 36.7255s
647 0.5 0.5 0 36.1433s
648 0.5 0.5 0 36.1308s
649 0.5 0.5 0 36.0532s
650 0.5 0.5 0 36.3518s
651 0.5 0.5 0 36.0216s
652 0.5 0.5 0 36.0881s
653 0.5 0.5 0 36.3633s
654 0.5 0.5 0 35.8757s
655 0.5 0.5 0 36.6255s
656 0.5 0.5 0 36.2335s
657 0.5 0.5 0 36.5745s
658 0.5 0.5 0 36.1045s
659 0.5 0.5 0 36.1164s
660 0.5 0.5 0 36.8886s
661 0.5 0.5 0 35.9462s
662 0.5 0.5 0 36.1088s
663 0.5 0.5 0 36.5686s
664 0.5 0.5 0 36.1892s
665 0.5 0.5 0 36.92s
666 0.5 0.5 0 36.2696s
667 0.5 0.5 0 36.6449s
668 0.5 0.5 0 36.205s
669 0.5 0.5 0 36.1263s
670 0.5 0.5 0 36.1217s
671 0.5 0.5 0 36.6095s
672 0.5 0.5 0 35.9422s
673 0.5 0.5 0 36.3562s
674 0.5 0.5 0 36.9412s
675 0.5 0.5 0 36.5884s
676 0.5 0.5 0 36.2492s
677 0.5 0.5 0 36.1259s
678 0.5 0.5 0 36.6727s
679 0.5 0.5 0 36.0745s
680 0.5 0.5 0 36.2896s
681 0.5 0.5 0 36.2716s
682 0.5 0.5 0 36.1194s
683 0.5 0.5 0 36.375s
684 0.5 0.5 0 36.586s
685 0.5 0.5 0 36.7225s
686 0.5 0.5 0 36.2549s
687 0.5 0.5 0 35.9202s
688 0.5 0.5 0 36.143s
689 0.5 0.5 0 36.0594s
690 0.5 0.5 0 36.1729s
691 0.5 0.5 0 35.4438s
692 0.5 0.5 0 35.9508s
693 0.5 0.5 0 36.1716s
694 0.5 0.5 0 36.2052s
695 0.5 0.5 0 38.0243s
696 0.5 0.5 0 36.2612s
697 0.5 0.5 0 36.1498s
698 0.5 0.5 0 35.7228s
699 0.5 0.5 0 38.1686s
700 0.5 0.5 0 36.1811s
701 0.5 0.5 0 36.147s
702 0.5 0.5 0 36.0651s
703 0.5 0.5 0 38.1264s
704 0.5 0.5 0 36.0568s
705 0.5 0.5 0 36.1924s
706 0.5 0.5 0 36.6359s
707 0.5 0.5 0 36.2362s
708 0.5 0.5 0 36.3891s
709 0.5 0.5 0 36.2746s
710 0.5 0.5 0 35.8147s
711 0.5 0.5 0 36.1368s
712 0.5 0.5 0 36.5303s
713 0.5 0.5 0 36.7571s
714 0.5 0.5 0 36.0629s
715 0.5 0.5 0 36.3257s
716 0.5 0.5 0 36.1578s
717 0.5 0.5 0 36.518s
718 0.5 0.5 0 37.498s
719 0.5 0.5 0 36.2832s
720 0.5 0.5 0 35.6863s
721 0.5 0.5 0 35.7725s
722 0.5 0.5 0 36.1014s
723 0.5 0.5 0 36.2106s
724 0.5 0.5 0 36.1032s
725 0.5 0.5 0 36.0603s
726 0.5 0.5 0 35.9499s
727 0.5 0.5 0 36.003s
728 0.5 0.5 0 35.9968s
729 0.5 0.5 0 36.2181s
730 0.5 0.5 0 36.1563s
731 0.5 0.5 0 36.2446s
732 0.5 0.5 0 36.0931s
733 0.5 0.5 0 35.4586s
734 0.5 0.5 0 35.7511s
735 0.5 0.5 0 36.2507s
736 0.5 0.5 0 35.692s
737 0.5 0.5 0 36.7299s
738 0.5 0.5 0 35.8703s
739 0.5 0.5 0 36.1802s
740 0.5 0.5 0 36.1117s
741 0.5 0.5 0 36.1098s
742 0.5 0.5 0 36.099s
743 0.5 0.5 0 36.1317s
744 0.5 0.5 0 36.2348s
745 0.5 0.5 0 36.1797s
746 0.5 0.5 0 36.2398s
747 0.5 0.5 0 35.9187s
748 0.5 0.5 0 36.1067s
749 0.5 0.5 0 35.8913s
750 0.5 0.5 0 36.0412s
751 0.5 0.5 0 35.8651s
752 0.5 0.5 0 36.2649s
753 0.5 0.5 0 37.6274s
754 0.5 0.5 0 35.7219s
755 0.5 0.5 0 35.6405s
756 0.5 0.5 0 36.1552s
757 0.5 0.5 0 36.0915s
758 0.5 0.5 0 36.1283s
759 0.5 0.5 0 36.7818s
760 0.5 0.5 0 36.0411s
761 0.5 0.5 0 36.2766s
762 0.5 0.5 0 36.1718s
763 0.5 0.5 0 36.1877s
764 0.5 0.5 0 36.0828s
765 0.5 0.5 0 36.1201s
766 0.5 0.5 0 36.0486s
767 0.5 0.5 0 36.1278s
768 0.5 0.5 0 35.8777s
769 0.5 0.5 0 35.9402s
770 0.5 0.5 0 36.297s
771 0.5 0.5 0 36.6148s
772 0.5 0.5 0 36.1094s
773 0.5 0.5 0 36.1239s
774 0.5 0.5 0 36.2759s
775 0.5 0.5 0 36.2232s
776 0.5 0.5 0 36.4224s
777 0.5 0.5 0 36.1354s
778 0.5 0.5 0 35.5059s
779 0.5 0.5 0 36.1558s
780 0.5 0.5 0 37.9847s
781 0.5 0.5 0 36.1164s
782 0.5 0.5 0 36.0411s
783 0.5 0.5 0 36.0426s
784 0.5 0.5 0 36.1845s
785 0.5 0.5 0 35.9559s
786 0.5 0.5 0 35.8853s
787 0.5 0.5 0 36.2227s
788 0.5 0.5 0 36.4668s
789 0.5 0.5 0 36.6955s
790 0.5 0.5 0 36.0056s
791 0.5 0.5 0 36.0934s
792 0.5 0.5 0 36.4424s
793 0.5 0.5 0 36.1417s
794 0.5 0.5 0 35.9771s
795 0.5 0.5 0 36.5052s
796 0.5 0.5 0 36.5702s
797 0.5 0.5 0 36.7761s
798 0.5 0.5 0 36.1699s
799 0.5 0.5 0 35.5169s
800 0.5 0.5 0 36.2425s
801 0.5 0.5 0 36.4789s
802 0.5 0.5 0 36.539s
803 0.5 0.5 0 36.1185s
804 0.5 0.5 0 35.9513s
805 0.5 0.5 0 36.7526s
806 0.5 0.5 0 36.148s
807 0.5 0.5 0 36.13s
808 0.5 0.5 0 36.2898s
809 0.5 0.5 0 35.9369s
810 0.5 0.5 0 36.1396s
811 0.5 0.5 0 35.7944s
812 0.5 0.5 0 36.1453s
813 0.5 0.5 0 36.3416s
814 0.5 0.5 0 35.5659s
815 0.5 0.5 0 35.949s
816 0.5 0.5 0 36.0836s
817 0.5 0.5 0 36.1916s
818 0.5 0.5 0 37.5275s
819 0.5 0.5 0 35.8513s
820 0.5 0.5 0 35.9624s
821 0.5 0.5 0 36.0953s
822 0.5 0.5 0 36.1486s
823 0.5 0.5 0 35.9208s
824 0.5 0.5 0 36.095s
825 0.5 0.5 0 36.1744s
826 0.5 0.5 0 35.9758s
827 0.5 0.5 0 35.8508s
828 0.5 0.5 0 36.319s
829 0.5 0.5 0 36.216s
830 0.5 0.5 0 35.9095s
831 0.5 0.5 0 36.0997s
832 0.5 0.5 0 35.6689s
833 0.5 0.5 0 35.6106s
834 0.5 0.5 0 36.0751s
835 0.5 0.5 0 36.1782s
836 0.5 0.5 0 36.052s
837 0.5 0.5 0 36.2741s
838 0.5 0.5 0 36.1376s
839 0.5 0.5 0 36.3384s
840 0.5 0.5 0 36.299s
841 0.5 0.5 0 36.2701s
842 0.5 0.5 0 36.1996s
843 0.5 0.5 0 36.2711s
844 0.5 0.5 0 36.7227s
845 0.5 0.5 0 35.6069s
846 0.5 0.5 0 36.731s
847 0.5 0.5 0 36.0432s
848 0.5 0.5 0 36.5103s
849 0.5 0.5 0 35.7666s
850 0.5 0.5 0 36.0238s
851 0.5 0.5 0 36.2216s
852 0.5 0.5 0 36.2111s
853 0.5 0.5 0 36.3507s
854 0.5 0.5 0 35.9507s
855 0.5 0.5 0 36.5517s
856 0.5 0.5 0 36.7166s
857 0.5 0.5 0 36.6017s
858 0.5 0.5 0 36.1142s
859 0.5 0.5 0 36.0406s
860 0.5 0.5 0 36.3813s
861 0.5 0.5 0 35.6741s
862 0.5 0.5 0 35.9793s
863 0.5 0.5 0 36.0558s
864 0.5 0.5 0 36.4727s
865 0.5 0.5 0 35.745s
866 0.5 0.5 0 36.2355s
867 0.5 0.5 0 35.7431s
868 0.5 0.5 0 36.1925s
869 0.5 0.5 0 36.5361s
870 0.5 0.5 0 36.2144s
871 0.5 0.5 0 35.7619s
872 0.5 0.5 0 36.1389s
873 0.5 0.5 0 36.098s
874 0.5 0.5 0 36.1925s
875 0.5 0.5 0 36.789s
876 0.5 0.5 0 36.7404s
877 0.5 0.5 0 36.5465s
878 0.5 0.5 0 36.2755s
879 0.5 0.5 0 36.0959s
880 0.5 0.5 0 36.0932s
881 0.5 0.5 0 36.3392s
882 0.5 0.5 0 36.1113s
883 0.5 0.5 0 36.0373s
884 0.5 0.5 0 36.4874s
885 0.5 0.5 0 36.2995s
886 0.5 0.5 0 36.0993s
887 0.5 0.5 0 36.1945s
888 0.5 0.5 0 36.171s
889 0.5 0.5 0 36.1769s
890 0.5 0.5 0 37.7537s
891 0.5 0.5 0 36.2183s
892 0.5 0.5 0 36.2819s
893 0.5 0.5 0 36.383s
894 0.5 0.5 0 37.6984s
895 0.5 0.5 0 36.4731s
896 0.5 0.5 0 35.7438s
897 0.5 0.5 0 36.0019s
898 0.5 0.5 0 35.9464s
899 0.5 0.5 0 36.8106s
900 0.5 0.5 0 35.6972s
901 0.5 0.5 0 35.496s
902 0.5 0.5 0 36.1931s
903 0.5 0.5 0 35.7494s
904 0.5 0.5 0 36.7736s
905 0.5 0.5 0 36.2367s
906 0.5 0.5 0 35.5961s
907 0.5 0.5 0 36.2529s
908 0.5 0.5 0 38.1281s
909 0.5 0.5 0 37.2162s
910 0.5 0.5 0 36.2188s
911 0.5 0.5 0 36.3791s
912 0.5 0.5 0 38.115s
913 0.5 0.5 0 36.5643s
914 0.5 0.5 0 36.0201s
915 0.5 0.5 0 36.6136s
916 0.5 0.5 0 36.2157s
917 0.5 0.5 0 37.9681s
918 0.5 0.5 0 36.001s
919 0.5 0.5 0 36.0454s
920 0.5 0.5 0 35.8903s
921 0.5 0.5 0 36.0909s
922 0.5 0.5 0 35.9636s
923 0.5 0.5 0 36.6042s
924 0.5 0.5 0 36.1352s
925 0.5 0.5 0 36.2092s
926 0.5 0.5 0 36.0447s
927 0.5 0.5 0 36.5419s
928 0.5 0.5 0 35.7008s
929 0.5 0.5 0 35.5182s
930 0.5 0.5 0 36.6964s
931 0.5 0.5 0 36.3943s
932 0.5 0.5 0 36.2054s
933 0.5 0.5 0 36.7451s
934 0.5 0.5 0 35.6578s
935 0.5 0.5 0 36.6929s
936 0.5 0.5 0 36.7205s
937 0.5 0.5 0 35.5998s
938 0.5 0.5 0 36.1695s
939 0.5 0.5 0 36.6383s
940 0.5 0.5 0 36.5717s
941 0.5 0.5 0 35.9328s
942 0.5 0.5 0 36.0899s
943 0.5 0.5 0 36.229s
944 0.5 0.5 0 35.6073s
945 0.5 0.5 0 36.1756s
946 0.5 0.5 0 36.2317s
947 0.5 0.5 0 35.6973s
948 0.5 0.5 0 37.2509s
949 0.5 0.5 0 36.2179s
950 0.5 0.5 0 35.9314s
951 0.5 0.5 0 36.084s
952 0.5 0.5 0 36.5977s
953 0.5 0.5 0 36.6656s
954 0.5 0.5 0 36.1511s
955 0.5 0.5 0 35.942s
956 0.5 0.5 0 36.4432s
957 0.5 0.5 0 36.1342s
958 0.5 0.5 0 36.1629s
959 0.5 0.5 0 35.7017s
960 0.5 0.5 0 36.6436s
961 0.5 0.5 0 36.4266s
962 0.5 0.5 0 35.926s
963 0.5 0.5 0 36.439s
964 0.5 0.5 0 36.721s
965 0.5 0.5 0 36.3805s
966 0.5 0.5 0 36.2565s
967 0.5 0.5 0 36.1279s
968 0.5 0.5 0 36.6684s
969 0.5 0.5 0 35.9635s
970 0.5 0.5 0 35.9668s
971 0.5 0.5 0 35.825s
972 0.5 0.5 0 37.4543s
973 0.5 0.5 0 36.5856s
974 0.5 0.5 0 36.5809s
975 0.5 0.5 0 35.9488s
976 0.5 0.5 0 35.9437s
977 0.5 0.5 0 36.0853s
978 0.5 0.5 0 36.0823s
979 0.5 0.5 0 36.1331s
980 0.5 0.5 0 36.0803s
981 0.5 0.5 0 36.1188s
982 0.5 0.5 0 36.413s
983 0.5 0.5 0 36.0201s
984 0.5 0.5 0 36.4052s
985 0.5 0.5 0 36.615s
986 0.5 0.5 0 36.177s
987 0.5 0.5 0 36.1637s
988 0.5 0.5 0 36.4133s
989 0.5 0.5 0 36.1866s
990 0.5 0.5 0 36.0888s
991 0.5 0.5 0 36.4058s
992 0.5 0.5 0 36.0108s
993 0.5 0.5 0 36.3518s
994 0.5 0.5 0 36.1289s
995 0.5 0.5 0 36.7294s
996 0.5 0.5 0 36.501s
997 0.5 0.5 0 35.9174s
998 0.5 0.5 0 36.1933s
999 0.5 0.5 0 36.2831s
1000 0.5 0.5 0 36.6718s
1001 0.5 0.5 0 35.9554s
1002 0.5 0.5 0 36.2471s
1003 0.5 0.5 0 35.9079s
1004 0.5 0.5 0 36.1885s
1005 0.5 0.5 0 35.6422s
1006 0.5 0.5 0 36.1008s
1007 0.5 0.5 0 36.2575s
1008 0.5 0.5 0 36.261s
1009 0.5 0.5 0 36.2407s
1010 0.5 0.5 0 35.7707s
1011 0.5 0.5 0 36.3292s
1012 0.5 0.5 0 35.9078s
1013 0.5 0.5 0 36.1987s
1014 0.5 0.5 0 35.8457s
1015 0.5 0.5 0 36.7773s
1016 0.5 0.5 0 36.0205s
1017 0.5 0.5 0 36.0801s
1018 0.5 0.5 0 36.5151s
1019 0.5 0.5 0 36.7761s
1020 0.5 0.5 0 35.9502s
1021 0.5 0.5 0 36.0371s
1022 0.5 0.5 0 36.2786s
1023 0.5 0.5 0 36.1488s
1024 0.5 0.5 0 35.9157s
1025 0.5 0.5 0 36.2959s
1026 0.5 0.5 0 36.1913s
1027 0.5 0.5 0 36.2087s
1028 0.5 0.5 0 36.408s
1029 0.5 0.5 0 36.1026s
1030 0.5 0.5 0 36.5085s
1031 0.5 0.5 0 36.0132s
1032 0.5 0.5 0 36.2085s
1033 0.5 0.5 0 35.5402s
1034 0.5 0.5 0 36.5316s
1035 0.5 0.5 0 38.0385s
1036 0.5 0.5 0 36.099s
1037 0.5 0.5 0 36.5308s
1038 0.5 0.5 0 35.9592s
1039 0.5 0.5 0 37.6311s
1040 0.5 0.5 0 35.6576s
1041 0.5 0.5 0 36.1541s
1042 0.5 0.5 0 36.3186s
1043 0.5 0.5 0 36.048s
1044 0.5 0.5 0 36.2414s
1045 0.5 0.5 0 36.1222s
1046 0.5 0.5 0 36.1605s
1047 0.5 0.5 0 36.0211s
1048 0.5 0.5 0 36.2679s
1049 0.5 0.5 0 36.094s
1050 0.5 0.5 0 36.1141s
1051 0.5 0.5 0 36.1369s
1052 0.5 0.5 0 36.1884s
1053 0.5 0.5 0 36.2218s
1054 0.5 0.5 0 36.362s
1055 0.5 0.5 0 35.7205s
1056 0.5 0.5 0 35.5585s
1057 0.5 0.5 0 36.1336s
1058 0.5 0.5 0 36.1457s
1059 0.5 0.5 0 36.1596s
1060 0.5 0.5 0 36.0698s
1061 0.5 0.5 0 36.1767s
1062 0.5 0.5 0 36.1624s
1063 0.5 0.5 0 35.8643s
1064 0.5 0.5 0 38.0472s
1065 0.5 0.5 0 35.7939s
1066 0.5 0.5 0 35.8345s
1067 0.5 0.5 0 36.0702s
1068 0.5 0.5 0 36.1913s
1069 0.5 0.5 0 37.3664s
1070 0.5 0.5 0 36.0795s
1071 0.5 0.5 0 36.5622s
1072 0.5 0.5 0 36.0655s
1073 0.5 0.5 0 36.2205s
1074 0.5 0.5 0 36.101s
1075 0.5 0.5 0 36.0225s
1076 0.5 0.5 0 37.3732s
1077 0.5 0.5 0 36.2818s
1078 0.5 0.5 0 36.1205s
1079 0.5 0.5 0 36.6024s
1080 0.5 0.5 0 36.6348s
1081 0.5 0.5 0 37.3276s
1082 0.5 0.5 0 35.7845s
1083 0.5 0.5 0 36.3566s
1084 0.5 0.5 0 36.526s
1085 0.5 0.5 0 37.1508s
1086 0.5 0.5 0 36.0544s
1087 0.5 0.5 0 36.6498s
1088 0.5 0.5 0 36.5384s
1089 0.5 0.5 0 36.1218s
1090 0.5 0.5 0 36.1276s
1091 0.5 0.5 0 36.6725s
1092 0.5 0.5 0 36.5953s
1093 0.5 0.5 0 36.7246s
1094 0.5 0.5 0 35.8685s
1095 0.5 0.5 0 35.9609s
1096 0.5 0.5 0 36.1913s
1097 0.5 0.5 0 36.2004s
1098 0.5 0.5 0 36.1004s
1099 0.5 0.5 0 36.202s
1100 0.5 0.5 0 36.0383s
1101 0.5 0.5 0 36.2677s
1102 0.5 0.5 0 36.0319s
1103 0.5 0.5 0 36.1333s
1104 0.5 0.5 0 36.22s
1105 0.5 0.5 0 36.031s
1106 0.5 0.5 0 36.2436s
1107 0.5 0.5 0 36.569s
1108 0.5 0.5 0 35.7196s
1109 0.5 0.5 0 36.2214s
1110 0.5 0.5 0 36.1566s
1111 0.5 0.5 0 35.9982s
1112 0.5 0.5 0 35.7037s
1113 0.5 0.5 0 36.5095s
1114 0.5 0.5 0 36.1757s
1115 0.5 0.5 0 36.1702s
1116 0.5 0.5 0 36.0142s
1117 0.5 0.5 0 36.5822s
1118 0.5 0.5 0 38.0098s
1119 0.5 0.5 0 36.651s
1120 0.5 0.5 0 36.0414s
1121 0.5 0.5 0 36.1563s
1122 0.5 0.5 0 36.3334s
1123 0.5 0.5 0 38.0626s
1124 0.5 0.5 0 35.5258s
1125 0.5 0.5 0 36.1057s
1126 0.5 0.5 0 37.6041s
1127 0.5 0.5 0 36.5012s
1128 0.5 0.5 0 35.9911s
1129 0.5 0.5 0 36.6268s
1130 0.5 0.5 0 36.6712s
1131 0.5 0.5 0 36.1814s
1132 0.5 0.5 0 36.089s
1133 0.5 0.5 0 36.1563s
1134 0.5 0.5 0 36.4019s
1135 0.5 0.5 0 35.9562s
1136 0.5 0.5 0 35.7911s
1137 0.5 0.5 0 36.1419s
1138 0.5 0.5 0 36.0855s
1139 0.5 0.5 0 35.9569s
1140 0.5 0.5 0 35.7259s
1141 0.5 0.5 0 36.0807s
1142 0.5 0.5 0 36.0682s
1143 0.5 0.5 0 36.2252s
1144 0.5 0.5 0 36.1192s
1145 0.5 0.5 0 35.9002s
1146 0.5 0.5 0 35.9388s
1147 0.5 0.5 0 37.5433s
1148 0.5 0.5 0 35.9971s
1149 0.5 0.5 0 36.1645s
1150 0.5 0.5 0 36.6454s
1151 0.5 0.5 0 36.2184s
1152 0.5 0.5 0 37.5575s
1153 0.5 0.5 0 36.5327s
1154 0.5 0.5 0 36.0948s
1155 0.5 0.5 0 36.7162s
1156 0.5 0.5 0 36.0389s
1157 0.5 0.5 0 35.821s
1158 0.5 0.5 0 36.454s
1159 0.5 0.5 0 36.2537s
1160 0.5 0.5 0 36.0201s
1161 0.5 0.5 0 35.5405s
1162 0.5 0.5 0 36.4504s
1163 0.5 0.5 0 35.8722s
1164 0.5 0.5 0 37.2992s
1165 0.5 0.5 0 36.0301s
1166 0.5 0.5 0 35.8928s
1167 0.5 0.5 0 36.1462s
1168 0.5 0.5 0 36.145s
1169 0.5 0.5 0 35.8584s
1170 0.5 0.5 0 37.4485s
1171 0.5 0.5 0 35.6411s
1172 0.5 0.5 0 36.0199s
1173 0.5 0.5 0 36.0388s
1174 0.5 0.5 0 36.1888s
1175 0.5 0.5 0 38.0663s
1176 0.5 0.5 0 35.9712s
1177 0.5 0.5 0 36.3108s
1178 0.5 0.5 0 35.6623s
1179 0.5 0.5 0 37.6111s
1180 0.5 0.5 0 36.0799s
1181 0.5 0.5 0 35.7548s
1182 0.5 0.5 0 36.2926s
1183 0.5 0.5 0 36.1108s
1184 0.5 0.5 0 36.3112s
1185 0.5 0.5 0 35.7076s
1186 0.5 0.5 0 36.1478s
1187 0.5 0.5 0 35.5018s
1188 0.5 0.5 0 36.2286s
1189 0.5 0.5 0 36.2509s
1190 0.5 0.5 0 35.5946s
1191 0.5 0.5 0 36.1661s
1192 0.5 0.5 0 35.7232s
1193 0.5 0.5 0 36.2326s
1194 0.5 0.5 0 36.2152s
1195 0.5 0.5 0 35.7434s
1196 0.5 0.5 0 36.0188s
1197 0.5 0.5 0 36.0056s
1198 0.5 0.5 0 37.3482s
1199 0.5 0.5 0 36.1614s
1200 0.5 0.5 0 35.9512s
1201 0.5 0.5 0 36.1304s
1202 0.5 0.5 0 36.5946s
1203 0.5 0.5 0 36.0344s
1204 0.5 0.5 0 36.4746s
1205 0.5 0.5 0 35.8131s
1206 0.5 0.5 0 36.1592s
1207 0.5 0.5 0 35.6169s
1208 0.5 0.5 0 35.951s
1209 0.5 0.5 0 37.2956s
1210 0.5 0.5 0 37.6428s
1211 0.5 0.5 0 36.6658s
1212 0.5 0.5 0 36.2183s
1213 0.5 0.5 0 36.2182s
1214 0.5 0.5 0 36.2005s
1215 0.5 0.5 0 36.122s
1216 0.5 0.5 0 36.0526s
1217 0.5 0.5 0 36.1444s
1218 0.5 0.5 0 36.1591s
1219 0.5 0.5 0 36.1223s
1220 0.5 0.5 0 36.4533s
1221 0.5 0.5 0 36.1795s
1222 0.5 0.5 0 36.5936s
1223 0.5 0.5 0 36.4913s
1224 0.5 0.5 0 36.2796s
1225 0.5 0.5 0 36.3292s
1226 0.5 0.5 0 35.7669s
1227 0.5 0.5 0 36.2326s
1228 0.5 0.5 0 35.614s
1229 0.5 0.5 0 37.6084s
1230 0.5 0.5 0 35.6852s
1231 0.5 0.5 0 35.7134s
1232 0.5 0.5 0 36.2359s
1233 0.5 0.5 0 37.5623s
1234 0.5 0.5 0 36.5342s
1235 0.5 0.5 0 36.0733s
1236 0.5 0.5 0 36.2473s
1237 0.5 0.5 0 36.1937s
1238 0.5 0.5 0 36.5192s
1239 0.5 0.5 0 35.7692s
1240 0.5 0.5 0 36.2484s
1241 0.5 0.5 0 35.6883s
1242 0.5 0.5 0 37.6357s
1243 0.5 0.5 0 36.6738s
1244 0.5 0.5 0 36.3846s
1245 0.5 0.5 0 36.5487s
1246 0.5 0.5 0 36.053s
1247 0.5 0.5 0 37.6694s
1248 0.5 0.5 0 36.2626s
1249 0.5 0.5 0 36.0895s
1250 0.5 0.5 0 36.3763s
1251 0.5 0.5 0 36.1187s
1252 0.5 0.5 0 35.9649s
1253 0.5 0.5 0 35.7001s
1254 0.5 0.5 0 36.2688s
1255 0.5 0.5 0 36.3853s
1256 0.5 0.5 0 36.7102s
1257 0.5 0.5 0 35.6482s
1258 0.5 0.5 0 36.1996s
1259 0.5 0.5 0 36.014s
1260 0.5 0.5 0 36.1209s
1261 0.5 0.5 0 36.2281s
1262 0.5 0.5 0 36.3511s
1263 0.5 0.5 0 35.7081s
1264 0.5 0.5 0 36.7817s
1265 0.5 0.5 0 36.0267s
1266 0.5 0.5 0 36.238s
1267 0.5 0.5 0 35.8509s
1268 0.5 0.5 0 36.7161s
1269 0.5 0.5 0 37.7085s
1270 0.5 0.5 0 36.4783s
1271 0.5 0.5 0 36.1304s
1272 0.5 0.5 0 36.2309s
1273 0.5 0.5 0 37.5257s
1274 0.5 0.5 0 36.4619s
1275 0.5 0.5 0 35.7716s
1276 0.5 0.5 0 36.0734s
1277 0.5 0.5 0 37.6275s
1278 0.5 0.5 0 36.085s
1279 0.5 0.5 0 36.1555s
1280 0.5 0.5 0 36.4887s
1281 0.5 0.5 0 36.2453s
1282 0.5 0.5 0 36.0873s
1283 0.5 0.5 0 36.1028s
1284 0.5 0.5 0 35.9656s
1285 0.5 0.5 0 36.222s
1286 0.5 0.5 0 36.2666s
1287 0.5 0.5 0 36.2458s
1288 0.5 0.5 0 36.4335s
1289 0.5 0.5 0 35.5679s
1290 0.5 0.5 0 36.1908s
1291 0.5 0.5 0 36.2375s
1292 0.5 0.5 0 36.5399s
1293 0.5 0.5 0 35.763s
1294 0.5 0.5 0 36.1662s
1295 0.5 0.5 0 35.9698s
1296 0.5 0.5 0 36.1757s
1297 0.5 0.5 0 35.7355s
1298 0.5 0.5 0 36.122s
1299 0.5 0.5 0 35.8807s
1300 0.5 0.5 0 36.158s
