63
78
68
15
49
24
53
99
46
67
70
77
46
51
11
99
91
87
60
32
54
29
82
13
85
97
53
72
15
67
59
75
83
84
52
0
66
5
69
61
50
34
45
27
91
13
33
32
99
30
97
69
20
82
28
18
96
84
5
91
38
69
24
82
87
64
92
96
23
61
10
1
20
0
8
75
27
57
2
91
43
57
72
61
87
7
2
76
92
16
52
93
25
53
36
41
29
47
19
71
38
95
43
83
92
8
65
49
67
45
77
18
50
97
54
39
14
36
5
47
31
93
26
1
4
67
33
75
9
15
55
64
19
48
59
35
34
7
15
33
31
91
79
70
87
23
88
98
10
66
42
49
97
40
72
44
43
80
26
57
18
46
95
85
3
0
73
38
74
45
4
91
89
42
72
32
37
94
39
47
9
41
56
17
32
90
88
86
67
93
33
29
42
60
95
37
79
8
31
28
81
94
12
23
10
62
24
33
32
4
8
9
27
60
45
24
98
48
91
42
81
91
3
34
37
83
40
50
41
90
68
15
29
4
97
95
59
9
45
39
83
1
82
12
40
21
73
39
90
85
47
64
38
1
7
55
84
63
32
45
63
28
55
89
48
76
46
49
15
59
36
12
98
92
88
11
85
70
48
28
48
24
42
18
5
50
62
86
13
19
4
39
76
47
64
57
58
82
63
56
29
89
44
22
90
2
86
56
38
12
99
87
34
22
48
12
47
80
38
65
37
44
67
88
60
39
77
1
29
66
29
67
28
62
11
49
43
8
5
58
78
11
69
56
42
33
61
96
52
37
58
43
83
18
89
78
87
70
73
12
31
48
18
25
79
80
59
57
14
3
34
63
26
2
69
27
32
82
85
92
89
10
9
67
13
1
21
50
41
12
66
59
85
19
27
42
60
22
99
43
64
22
27
69
38
3
30
66
72
35
37
33
69
60
35
2
44
64
15
31
37
38
42
64
41
30
58
25
17
53
24
6
65
57
25
36
16
71
53
35
64
60
58
69
65
49
39
40
66
12
9
75
77
45
16
36
62
79
6
13
78
16
6
68
36
39
46
69
49
29
57
5
30
73
52
45
21
51
29
36
34
49
28
31
32
50
36
38
20
30
47
40
55
34
62
63
64
24
50
61
67
43
76
26
98
93
75
51
29
35
59
65
87
74
57
62
43
21
94
44
91
73
77
18
1
57
28
49
23
29
84
67
60
10
6
27
62
53
20
70
18
51
39
29
53
3
17
13
59
43
8.70667
19.8641
7.82424
7.13152
12.8116
6.52681
20
1.2633
1.34217
5.34118
17.0196
10.0114
8.75047
11.6745
5.40226
6.50667
13.055
9.15424
18.4346
19.4009
19.9304
3.26665
12.776
17.9478
5.63914
6.97841
3.82023
4.33743
3.57694
9.8386
13.3774
11.5907
11.9533
19.4267
6.38596
16.3533
13.458
13.1362
9.55305
14.8023
0
4.47734
10.1463
4.95747
13.6917
7.56174
10.9636
15.929
13.6129
7.56983
8.71964
1.3493
8.46432
5.79616
18.1991
0.0101104
9.25874
8.1457
3.9217
8.35445
11.3899
16.9521
18.686
10.3191
3.58516
14.0552
0.800821
8.06011
15.0657
13.2094
6.70837
5.99525
18.0022
19.7561
2.8592
12.7826
4.49777
5.49995
8.32551
0.582908
14.9601
11.4683
11.5559
19.9776
9.38001
8.92024
12.0938
14.81
14.0539
9.93007
17.5841
6.14798
9.31737
14.3631
16.2038
16.0631
19.7266
0.256678
5.52863
13.7984
19.6481
7.90525
5.66169
5.36954
4.56877
10.9762
11.7562
11.0311
5.46664
7.20519
2.52408
15.2193
14.0427
0.361116
6.03719
17.6213
11.2949
18.6227
2.86149
0.678206
9.8823
13.1196
19.445
14.16
18.025
18.7113
12.5535
9.17308
11.6143
4.46297
2.43573
6.04011
16.5061
19.2488
6.28911
6.07777
15.5479
18.2393
11.793
7.76049
14.2763
7.34729
1.34336
7.23895
20
13.585
0.783395
2.48201
18.9444
6.71221
5.62498
6.44664
4.32513
7.52391
5.12568
10.2647
3.1711
12.1411
1.64812
13.9465
4.58492
10.3613
5.04176
17.3757
7.626
6.52969
1.42426
15.1497
14.8113
7.03373
19.264
4.45428
3.16426
19.1358
5.79326
4.98671
16.4896
9.57568
9.09838
8.93642
19.8064
17.0294
10.5751
8.46372
11.12
13.6953
14.2599
9.06299
14.4111
3.81353
0.0320556
2.8153
20
3.08559
0
9.98845
3.13586
3.20183
1.9492
12.9256
4.06117
6.99744
4.73147
7.30802
0.286132
10.7376
19.8413
11.1019
7.4449
14.6475
10.4185
16.8342
11.3903
4.04096
2.48987
10.4719
4.02859
0.130516
0.997518
0.738017
13.362
13.9156
3.05691
1.92388
6.88054
6.1974
3.68809
0
5.57722
9.89736
15.1151
0.438759
0.677614
18.1791
7.5153
3.29867
7.69906
2.35693
11.8203
16.133
2.96652
7.92735
17.048
3.25565
10.5178
8.60488
9.65383
7.32709
16.6684
6.98767
6.17345
6.93149
12.1884
7.90306
4.07471
13.423
0.424329
14.9285
14.0396
9.7607
4.47083
3.83747
0.436629
0.330389
12.6088
14.6181
3.08984
17.495
7.81244
15.8326
19.9926
9.59878
6.86132
16.3671
1.84032
9.84804
17.0094
10.8235
9.57774
13.8399
3.32343
4.36442
15.5071
0.933918
10.678
17.1451
5.95762
4.8477
9.60074
18.3151
0.713058
2.38242
10.0276
7.21076
8.81112
5.74661
19.6921
0
14.9293
18.7566
1.69932
16.2113
14.5047
13.7878
1.90925
5.42367
4.07388
2.57861
14.1685
4.29751
12.9593
6.60577
0.480667
19.8686
11.3407
10.8145
19.943
13.3889
15.0863
9.67436
2.54427
14.2794
19.7665
15.2039
13.7809
15.5811
0
3.81993
13.657
17.1239
18.6272
16.1407
7.97792
1.16719
3.28095
6.26855
7.81549
6.87284
14.4226
14.9772
4.31689
16.9765
5.90708
8.18873
13.2418
4.70816
14.972
15.6847
2.07504
11.0865
9.78373
17.5749
7.25891
2.98798
11.1031
3.26724
17.2431
5.90405
12.7056
7.05583
20
0.847627
5.22673
5.34275
1.72791
10.3528
4.61306
0.208241
5.5796
3.70129
14.489
15.6618
11.5567
17.5928
14.2191
5.43059
4.48415
7.69104
14.6492
2.6768
7.3502
7.5246
6.63618
6.32109
7.25717
15.6659
2.4844
6.17115
4.72026
12.5851
7.54073
6.06489
5.00454
11.358
20
0.836098
4.52458
7.64452
0.0104356
17.6632
1.75945
9.03641
5.19081
17.021
16.9923
12.1224
13.6918
11.8896
12.9959
9.63905
2.54662
5.61469
19.1645
8.48838
7.40821
9.61687
3.89373
1.26926
17.0993
8.40654
19.1958
3.99824
15.8714
10.6102
17.7642
11.8581
3.64885
10.2569
0.941471
3.73131
8.11645
16.2369
7.18979
5.09667
20
14.5665
5.27399
8.87114
18.5389
18.847
10.4779
16.0654
10.1489
10.8901
2.80334
8.40446
20
5.39946
9.00644
11.3223
0.180954
-0.647669
0.0434497
-0.502637
18.0954
-3.64767
261.341
100
