0 0.621072 0.500834 0.000558447 0s
1 0.621072 0.503466 0.000798856 5.94969s
2 0.621072 0.507067 0.00101302 5.96701s
3 0.63527 0.5105 0.000998746 5.9472s
4 0.661597 0.508712 0.00111295 6.02921s
5 0.661597 0.508866 0.00142721 6.44351s
6 0.661597 0.508016 0.00148627 5.94265s
7 0.661597 0.508409 0.00170745 5.96649s
8 0.661597 0.513187 0.00167021 5.89065s
9 0.661597 0.509227 0.00164715 5.98838s
10 0.661597 0.510977 0.0017183 5.95123s
11 0.661597 0.509535 0.00175145 5.90933s
12 0.661597 0.510025 0.00191761 5.93165s
13 0.661597 0.5082 0.00205629 5.9821s
14 0.661597 0.511129 0.00216325 6.07331s
15 0.661597 0.512463 0.0024512 6.02151s
16 0.661597 0.510253 0.00240206 5.89764s
17 0.661597 0.511886 0.00231838 5.9129s
18 0.661597 0.511892 0.00247714 6.02088s
19 0.661597 0.515151 0.00225807 6.05601s
20 0.661597 0.509733 0.0026108 6.05562s
21 0.661597 0.514572 0.00237963 5.73379s
22 0.661597 0.515488 0.00269364 5.77785s
23 0.661597 0.513977 0.00252922 5.93233s
24 0.661597 0.513737 0.00270113 5.76079s
25 0.70536 0.512703 0.00297002 6.00373s
26 0.70536 0.515191 0.00295901 5.76604s
27 0.70536 0.516664 0.00289074 5.73626s
28 0.70536 0.511971 0.00290063 5.83096s
29 0.70536 0.513053 0.00298385 5.74597s
30 0.70536 0.512891 0.0028363 5.77157s
31 0.821783 0.518836 0.00308916 5.98958s
32 0.821783 0.515751 0.0031445 5.77014s
33 0.821783 0.512505 0.00309472 5.72473s
34 0.821783 0.511908 0.00301124 5.72721s
35 0.821783 0.514123 0.00304839 5.76127s
36 0.821783 0.513165 0.00349345 5.82748s
37 0.821783 0.513073 0.00322811 5.73423s
38 0.821783 0.515741 0.00330761 5.76608s
39 0.821783 0.514152 0.00334238 5.72561s
40 0.821783 0.513464 0.00330469 5.81909s
41 0.821783 0.515402 0.00320852 5.79171s
42 0.821783 0.512756 0.00327417 5.73939s
43 0.821783 0.515115 0.00308181 5.70784s
44 0.821783 0.514434 0.00328221 5.80245s
45 0.821783 0.51381 0.00316529 5.69213s
46 0.821783 0.514386 0.00350731 5.72275s
47 0.821783 0.51405 0.00330908 5.7523s
48 0.821783 0.515529 0.0033487 5.75822s
49 0.821783 0.514791 0.00332805 5.78753s
50 0.821783 0.514784 0.00324251 5.69101s
51 0.821783 0.516558 0.00345514 5.76214s
52 0.821783 0.516479 0.00350489 5.70547s
53 0.821783 0.518715 0.00322843 6.07086s
54 0.821783 0.519252 0.00344537 5.90857s
55 0.821783 0.51597 0.00346416 5.80587s
56 0.821783 0.51589 0.00359042 5.81458s
57 0.821783 0.51535 0.00326499 5.77444s
58 0.821783 0.515972 0.00354239 5.72168s
59 0.821783 0.516999 0.00340353 5.72978s
60 0.821783 0.513393 0.00346298 5.77917s
61 0.821783 0.517923 0.00344373 5.69876s
62 0.821783 0.515942 0.00337525 5.79307s
63 0.821783 0.516034 0.00336703 5.74822s
64 0.821783 0.51946 0.00341444 5.76336s
65 0.821783 0.517335 0.00368749 5.73059s
66 0.821783 0.516615 0.00392376 5.73739s
67 0.821783 0.516713 0.00360397 5.7353s
68 0.821783 0.515159 0.0037684 5.74938s
69 0.821783 0.517401 0.00344743 5.82428s
70 0.821783 0.518181 0.0040195 5.80016s
71 0.821783 0.516366 0.00392147 5.88692s
72 0.821783 0.51498 0.00380489 5.82426s
73 0.821783 0.516414 0.00359207 5.79301s
74 0.821783 0.516294 0.00357454 5.8042s
75 0.821783 0.517818 0.00358136 5.77729s
76 0.821783 0.517733 0.00410284 5.74203s
77 0.821783 0.516746 0.00411868 5.73586s
78 0.821783 0.515393 0.00409522 5.79497s
79 0.821783 0.518871 0.0039767 5.75503s
80 0.821783 0.517902 0.00422268 5.70788s
81 0.821783 0.518213 0.00377048 5.76375s
82 0.821783 0.518171 0.00384455 5.68518s
83 0.821783 0.511895 0.00390579 5.7762s
84 0.821783 0.516636 0.00425799 5.7453s
85 0.821783 0.520178 0.0039404 5.73498s
86 0.821783 0.520616 0.00383187 5.84409s
87 0.821783 0.522836 0.00422547 5.77765s
88 0.821783 0.518626 0.00426339 5.784s
89 0.821783 0.520103 0.00411908 5.76081s
90 0.821783 0.521251 0.00396299 5.73117s
91 0.821783 0.521265 0.00432157 5.70136s
92 0.821783 0.517465 0.00400981 5.73526s
93 0.821783 0.520115 0.00410162 5.75815s
94 0.821783 0.51849 0.00390071 5.81954s
95 0.821783 0.521801 0.00472745 5.74686s
96 0.821783 0.518637 0.00423119 5.70653s
97 0.821783 0.519939 0.00440655 5.7292s
98 0.821783 0.519536 0.00438792 5.78276s
99 0.821783 0.516596 0.00418072 5.74442s
100 0.821783 0.516918 0.0047609 5.81228s
101 0.821783 0.514618 0.00440721 5.76047s
102 0.821783 0.519846 0.0040795 5.99275s
103 0.821783 0.517011 0.00459515 6.48379s
104 0.821783 0.518628 0.00478766 5.8202s
105 0.821783 0.519943 0.00450769 5.76276s
106 0.821783 0.524164 0.00483628 5.80126s
107 0.821783 0.521465 0.00468302 5.72057s
108 0.821783 0.520198 0.00472869 6.31285s
109 0.821783 0.518369 0.00503779 5.86211s
110 0.821783 0.51919 0.00490585 5.73975s
111 0.821783 0.52054 0.00512427 5.72875s
112 0.821783 0.51941 0.00498127 5.73902s
113 0.821783 0.520021 0.00563979 5.73284s
114 0.821783 0.516576 0.00554861 5.74948s
115 0.821783 0.520126 0.00528421 5.75916s
116 0.821783 0.524119 0.00482531 5.71834s
117 0.821783 0.521524 0.00535315 5.75264s
118 0.821783 0.523064 0.00508824 5.74601s
119 0.821783 0.520775 0.0054008 5.78817s
120 0.821783 0.522429 0.00555668 5.74493s
121 0.821783 0.518903 0.00516886 5.74987s
122 0.821783 0.51865 0.00541669 5.74958s
123 0.821783 0.520779 0.00535441 5.75357s
124 0.821783 0.521596 0.00550818 5.83808s
125 0.821783 0.524375 0.0055615 5.83529s
126 0.821783 0.524272 0.00513448 5.82224s
127 0.821783 0.526008 0.00581896 5.79976s
128 0.821783 0.516661 0.00570934 5.77556s
129 0.821783 0.522655 0.00536287 5.73212s
130 0.821783 0.52241 0.00551009 5.71655s
131 0.821783 0.520746 0.00546976 5.75339s
132 0.821783 0.519991 0.00591372 5.75704s
133 0.821783 0.524817 0.00559807 5.80911s
134 0.821783 0.521078 0.00557973 5.73272s
135 0.821783 0.525093 0.0054358 5.76781s
136 0.821783 0.519022 0.00566451 5.74077s
137 0.821783 0.522942 0.0057539 5.71977s
138 0.821783 0.521977 0.00577407 5.75009s
139 0.821783 0.521221 0.00595209 6.01003s
140 0.821783 0.5231 0.0057158 5.74798s
141 0.821783 0.524563 0.00571794 6.02395s
142 0.821783 0.524885 0.00578729 5.80806s
143 0.821783 0.521367 0.00603636 5.77239s
144 0.821783 0.519443 0.00587444 5.71731s
145 0.821783 0.52508 0.00623021 5.77986s
146 0.821783 0.525755 0.00595641 5.68028s
147 0.821783 0.521405 0.00666877 5.75342s
148 0.821783 0.519575 0.00621834 5.72878s
149 0.821783 0.520472 0.00638706 5.77738s
150 0.821783 0.523118 0.00612398 5.71925s
151 0.821783 0.521974 0.00570531 5.77955s
152 0.821783 0.525239 0.00601402 5.76683s
153 0.821783 0.521322 0.0062972 5.74563s
154 0.821783 0.524562 0.00629231 5.75981s
155 0.821783 0.520573 0.00581616 5.81692s
156 0.821783 0.523945 0.00616411 5.77238s
157 0.821783 0.522497 0.00621477 5.75386s
158 0.821783 0.524168 0.00581803 5.7769s
159 0.821783 0.524775 0.00620255 5.78477s
160 0.821783 0.522191 0.0062587 5.74696s
161 0.821783 0.524498 0.00586213 5.69149s
162 0.821783 0.520463 0.00612734 5.71043s
163 0.821783 0.524997 0.00638253 5.73829s
164 0.821783 0.523082 0.00658533 6.03713s
165 0.821783 0.522077 0.00674121 5.77361s
166 0.821783 0.524342 0.00635167 5.81471s
167 0.821783 0.52345 0.00616841 5.73658s
168 0.821783 0.524312 0.00599739 5.76625s
169 0.821783 0.523927 0.00624082 5.72436s
170 0.821783 0.522018 0.00656088 5.74053s
171 0.821783 0.525782 0.00662165 5.77064s
172 0.821783 0.528805 0.00650822 5.82122s
173 0.821783 0.524205 0.00634115 5.89241s
174 0.821783 0.528435 0.00603429 5.81243s
175 0.821783 0.525432 0.00678306 5.74724s
176 0.821783 0.526108 0.00632881 5.76003s
177 0.821783 0.524441 0.00606178 5.76082s
178 0.821783 0.524087 0.006247 5.76342s
179 0.821783 0.524696 0.00674098 5.74377s
180 0.821783 0.532642 0.00678124 5.74206s
181 0.821783 0.52543 0.00650986 5.75667s
182 0.821783 0.523992 0.00629891 5.77499s
183 0.821783 0.524068 0.00674233 5.77214s
184 0.821783 0.526982 0.00690024 5.77022s
185 0.821783 0.524522 0.0069098 5.80232s
186 0.821783 0.524894 0.00738056 5.74562s
187 0.821783 0.524087 0.00719687 5.7837s
188 0.821783 0.526844 0.00708502 5.73041s
189 0.821783 0.527449 0.00731692 5.86336s
190 0.821783 0.527016 0.00738957 5.72946s
191 0.821783 0.526898 0.00749397 5.76312s
192 0.821783 0.526851 0.00685047 5.79051s
193 0.821783 0.528653 0.00709263 5.83502s
194 0.821783 0.526709 0.00696723 5.92541s
195 0.821783 0.52558 0.00730605 5.7561s
196 0.821783 0.527165 0.00705907 5.76227s
197 0.821783 0.527944 0.00751702 5.79781s
198 0.821783 0.528428 0.00775002 5.77463s
199 0.821783 0.530435 0.00853735 5.79374s
200 0.821783 0.527257 0.00724195 5.81065s
201 0.821783 0.526818 0.00747581 5.73218s
202 0.821783 0.528666 0.00760812 5.79867s
203 0.821783 0.527881 0.00762528 5.70999s
204 0.821783 0.53283 0.00746452 5.76645s
205 0.821783 0.529979 0.00756221 5.78711s
206 0.821783 0.525325 0.00788593 6.03243s
207 0.821783 0.528231 0.0078676 5.83085s
208 0.821783 0.524903 0.00749937 5.79133s
209 0.821783 0.526614 0.00787775 5.82102s
210 0.821783 0.528629 0.00804981 5.7663s
211 0.821783 0.528831 0.00838692 5.75601s
212 0.821783 0.526448 0.0077049 5.81054s
213 0.821783 0.530152 0.00793218 6.13423s
214 0.821783 0.529789 0.00816256 6.05921s
215 0.821783 0.527011 0.00814277 5.82031s
216 0.821783 0.51984 0.0083408 5.82625s
217 0.821783 0.529202 0.00840913 5.96369s
218 0.821783 0.533297 0.00829413 5.79704s
219 0.821783 0.526269 0.00815459 5.78267s
220 0.821783 0.536787 0.0086083 5.81626s
221 0.821783 0.527721 0.00845332 5.79624s
222 0.821783 0.530399 0.00819269 5.76298s
223 0.821783 0.523861 0.00828766 5.82492s
224 0.821783 0.528701 0.00822754 5.80121s
225 0.821783 0.532447 0.00873362 5.75787s
226 0.821783 0.532166 0.00849537 5.77379s
227 0.821783 0.533428 0.00758569 5.77393s
228 0.821783 0.527739 0.00855562 5.77136s
229 0.821783 0.527289 0.00847169 5.79777s
230 0.821783 0.530218 0.00884669 5.88686s
231 0.821783 0.530522 0.00897313 5.80099s
232 0.821783 0.533679 0.00899797 5.81178s
233 0.821783 0.527296 0.00902497 5.84011s
234 0.821783 0.528432 0.00885168 5.79612s
235 0.821783 0.534739 0.00841757 5.77591s
236 0.821783 0.532279 0.00909582 5.81982s
237 0.821783 0.534259 0.00855392 5.80438s
238 0.821783 0.528144 0.00901355 5.85234s
239 0.821783 0.532234 0.00908635 5.8338s
240 0.821783 0.530649 0.00953198 5.82521s
241 0.821783 0.53059 0.00876748 5.8482s
242 0.821783 0.531529 0.00869219 5.85711s
243 0.821783 0.531667 0.00921685 5.79569s
244 0.821783 0.531031 0.00909783 5.80464s
245 0.821783 0.527923 0.0098849 5.84697s
246 0.821783 0.536138 0.00943165 5.85553s
247 0.821783 0.531878 0.0098913 5.81653s
248 0.821783 0.526365 0.00970258 5.80875s
249 0.821783 0.537097 0.0100366 5.81799s
250 0.821783 0.539067 0.00987869 5.79695s
251 0.821783 0.531725 0.00980576 5.84362s
252 0.821783 0.537904 0.00937696 5.8442s
253 0.821783 0.53919 0.00949356 5.88433s
254 0.821783 0.532382 0.00969446 5.83756s
255 0.821783 0.532511 0.00935717 5.83495s
256 0.821783 0.537069 0.0101276 5.7912s
257 0.821783 0.532536 0.00987439 5.85145s
258 0.821783 0.531933 0.0095625 5.80713s
259 0.821783 0.527203 0.00962776 5.78528s
260 0.821783 0.533012 0.0101 5.75345s
261 0.821783 0.532005 0.00969266 5.83405s
262 0.821783 0.537938 0.00934111 5.84794s
263 0.821783 0.535539 0.00950254 5.87373s
264 0.821783 0.534251 0.00970213 5.85113s
265 0.821783 0.536278 0.00970222 5.82097s
266 0.821783 0.539199 0.00949061 5.84395s
267 0.821783 0.540492 0.01025 5.82238s
268 0.821783 0.532785 0.00961675 5.7985s
269 0.821783 0.541181 0.0103802 5.84008s
270 0.821783 0.536622 0.00961975 5.7909s
271 0.821783 0.53734 0.00981815 5.86165s
272 0.821783 0.532648 0.00984162 5.843s
273 0.821783 0.533457 0.00972978 5.86626s
274 0.821783 0.534809 0.00958341 5.76175s
275 0.821783 0.531842 0.010491 5.80292s
276 0.821783 0.533884 0.00930751 5.82816s
277 0.821783 0.544697 0.00978824 5.81898s
278 0.821783 0.538122 0.00984357 5.83535s
279 0.821783 0.537641 0.00944982 5.85568s
280 0.821783 0.53234 0.00958552 5.80482s
281 0.821783 0.539969 0.0101628 5.84065s
282 0.821783 0.543195 0.00973055 5.84921s
283 0.821783 0.533801 0.0100381 5.84137s
284 0.821783 0.534387 0.0101405 5.83155s
285 0.821783 0.538677 0.0100834 5.79351s
286 0.821783 0.536044 0.00996555 5.7935s
287 0.821783 0.537607 0.0104224 5.84062s
288 0.837562 0.538033 0.0109771 5.82608s
289 0.837562 0.537976 0.0108403 5.82425s
290 0.837562 0.53473 0.0101571 5.84632s
291 0.837562 0.535717 0.010148 5.80276s
292 0.837562 0.533583 0.010453 5.83262s
293 0.837562 0.532649 0.0100979 5.85654s
294 0.837562 0.534801 0.0103388 5.84686s
295 0.837562 0.535879 0.0104423 5.86262s
296 0.837562 0.53572 0.0103443 5.79597s
297 0.837562 0.536967 0.0104749 6.04493s
298 0.837562 0.539341 0.0106543 5.78354s
299 0.837562 0.537262 0.0107492 6.04676s
300 0.837562 0.538947 0.0105463 5.8334s
301 0.837562 0.533516 0.00954869 5.85221s
302 0.837562 0.547244 0.0106231 5.86929s
303 0.837562 0.534748 0.0106632 5.88332s
304 0.837562 0.539401 0.0110372 5.8591s
305 0.837562 0.541332 0.0102426 5.82219s
306 0.837562 0.535589 0.0101838 5.82667s
307 0.837562 0.533402 0.0107457 5.78831s
308 0.837562 0.533225 0.0103139 5.82116s
309 0.837562 0.533657 0.0103519 5.82916s
310 0.837562 0.538903 0.0108281 5.86594s
311 0.837562 0.539294 0.0101379 5.8215s
312 0.837562 0.537552 0.0108744 5.84962s
313 0.837562 0.538265 0.010768 5.81046s
314 0.837562 0.537152 0.010514 5.8288s
315 0.837562 0.539275 0.0105334 5.81971s
316 0.837562 0.536449 0.0106946 5.81229s
317 0.837562 0.540413 0.00977262 5.88249s
318 0.837562 0.537406 0.0104483 6.70557s
319 0.837562 0.540168 0.00968853 5.85671s
320 0.837562 0.538699 0.0105228 5.85673s
321 0.837562 0.534821 0.0105775 5.82713s
322 0.837562 0.538378 0.0104011 5.77137s
323 0.837562 0.536102 0.010217 5.8415s
324 0.837562 0.543021 0.0107576 5.85457s
325 0.837562 0.539744 0.0104543 5.79159s
326 0.837562 0.534462 0.0111534 5.8164s
327 0.837562 0.538243 0.010472 5.81455s
328 0.837562 0.540157 0.0103823 5.74728s
329 0.837562 0.538153 0.0108923 5.78662s
330 0.837562 0.544796 0.0105537 5.83597s
331 0.837562 0.541111 0.0108953 5.83859s
332 0.837562 0.540604 0.0116632 5.77536s
333 0.837562 0.533753 0.0103792 5.84115s
334 0.837562 0.540012 0.0111815 5.84716s
335 0.837562 0.540243 0.0108968 5.83996s
336 0.857922 0.536053 0.0108375 5.81431s
337 0.857922 0.543483 0.0104261 5.80966s
338 0.857922 0.539129 0.0109407 5.91462s
339 0.857922 0.534504 0.0107453 5.83239s
340 0.857922 0.538061 0.0111507 5.86109s
341 0.857922 0.540606 0.0106119 5.90347s
342 0.857922 0.540061 0.0102939 6.01524s
343 0.857922 0.541412 0.0106837 5.86143s
344 0.857922 0.54046 0.0117622 5.8138s
345 0.857922 0.540764 0.0110955 5.85062s
346 0.857922 0.539925 0.0105389 6.07576s
347 0.857922 0.535826 0.0113387 5.90557s
348 0.857922 0.536867 0.0110335 5.81415s
349 0.857922 0.539137 0.0111234 5.87114s
350 0.857922 0.537446 0.0107284 6.10054s
351 0.857922 0.53575 0.0114747 5.87266s
352 0.857922 0.541852 0.0104409 5.85006s
353 0.857922 0.536174 0.0109365 5.82746s
354 0.857922 0.532056 0.0107924 5.79734s
355 0.857922 0.537199 0.0108212 6.19977s
356 0.857922 0.535921 0.0103858 5.85678s
357 0.857922 0.539777 0.0107759 5.83572s
358 0.857922 0.538736 0.0108464 5.89442s
359 0.857922 0.537864 0.0110739 5.78038s
360 0.857922 0.538704 0.0118283 5.84385s
361 0.857922 0.533007 0.0118502 5.87707s
362 0.857922 0.536777 0.0108521 5.85049s
363 0.857922 0.547309 0.0110972 5.83758s
364 0.857922 0.543434 0.0106223 5.83276s
365 0.857922 0.538303 0.0109496 5.85134s
366 0.857922 0.542404 0.0119951 5.8456s
367 0.857922 0.54706 0.011302 5.88887s
368 0.857922 0.541759 0.0115339 5.82545s
369 0.857922 0.534361 0.0112154 5.85799s
370 0.857922 0.540609 0.0119379 5.81911s
371 0.857922 0.543696 0.0124117 5.8506s
372 0.857922 0.543478 0.0110458 6.03029s
373 0.857922 0.538248 0.0112633 5.88915s
374 0.857922 0.539805 0.0114897 5.84858s
375 0.857922 0.54164 0.0114017 5.85276s
376 0.857922 0.533852 0.0115808 5.83975s
377 0.857922 0.541964 0.0114404 5.89661s
378 0.857922 0.535518 0.0115403 5.8602s
379 0.857922 0.534775 0.0115546 5.82167s
380 0.857922 0.548582 0.0115093 5.8656s
381 0.857922 0.537995 0.0112147 5.84581s
382 0.857922 0.538045 0.0111114 5.8138s
383 0.857922 0.539055 0.0113146 5.82794s
384 0.857922 0.537869 0.0112021 5.88465s
385 0.857922 0.539876 0.0118305 5.83538s
386 0.857922 0.545536 0.0114188 5.82343s
387 0.857922 0.53756 0.0116638 5.82538s
388 0.857922 0.545196 0.0113847 5.88735s
389 0.857922 0.540314 0.0112569 5.84008s
390 0.857922 0.535074 0.0119755 5.82584s
391 0.857922 0.537734 0.0115211 5.84477s
392 0.857922 0.535786 0.0113889 5.84024s
393 0.857922 0.533076 0.0117726 5.84455s
394 0.857922 0.538981 0.0121369 5.8552s
395 0.857922 0.543423 0.0115959 5.82783s
396 0.857922 0.535498 0.0117311 5.83238s
397 0.857922 0.536894 0.0120545 6.0545s
398 0.857922 0.539824 0.011918 5.83934s
399 0.857922 0.540525 0.0126189 5.88985s
400 0.857922 0.5384 0.0117631 5.8278s
401 0.857922 0.544409 0.0121372 5.86436s
402 0.857922 0.540991 0.011794 5.88759s
403 0.857922 0.545461 0.0117937 5.81137s
404 0.857922 0.543921 0.0121003 5.81413s
405 0.857922 0.539467 0.0127455 5.91568s
406 0.857922 0.544099 0.0118759 5.93196s
407 0.857922 0.55042 0.0120177 5.81451s
408 0.857922 0.546916 0.0121767 5.86704s
409 0.857922 0.542162 0.012485 5.94107s
410 0.857922 0.544874 0.0117669 5.7724s
411 0.857922 0.544603 0.0124799 5.80929s
412 0.857922 0.549374 0.0127185 5.82801s
413 0.857922 0.536975 0.0126993 5.81862s
414 0.857922 0.537609 0.0124296 5.81347s
415 0.857922 0.539857 0.0120579 5.83261s
416 0.857922 0.53321 0.0125373 5.86923s
417 0.857922 0.54078 0.013764 5.87378s
418 0.857922 0.540587 0.0125268 5.77847s
419 0.857922 0.540821 0.0116881 5.81736s
420 0.857922 0.54142 0.0125344 5.90038s
421 0.865084 0.536269 0.0124835 6.32524s
422 0.865084 0.541288 0.0123154 5.85273s
423 0.865084 0.536786 0.012173 5.94049s
424 0.865084 0.532427 0.0120267 5.82984s
425 0.865084 0.534819 0.012687 5.83623s
426 0.865084 0.536058 0.0129823 5.93417s
427 0.865084 0.538365 0.0120439 5.84669s
428 0.865084 0.532786 0.0125843 5.83539s
429 0.865084 0.539631 0.0124575 5.82098s
430 0.865084 0.538286 0.0119178 5.80342s
431 0.865084 0.543615 0.0119994 5.82743s
432 0.865084 0.539554 0.012162 5.78379s
433 0.865084 0.537995 0.0118993 5.80371s
434 0.865084 0.534638 0.0120883 5.78052s
435 0.865084 0.535425 0.0125687 5.8156s
436 0.865084 0.538281 0.0131982 5.83102s
437 0.865084 0.541698 0.0121952 5.78901s
438 0.865084 0.542923 0.0120836 5.85443s
439 0.865084 0.536443 0.0129488 5.85722s
440 0.865084 0.543154 0.0116857 5.80965s
441 0.865084 0.543605 0.0121558 5.82476s
442 0.865084 0.537457 0.0121458 5.82488s
443 0.865084 0.539227 0.0120195 5.80381s
444 0.865084 0.546147 0.012688 5.80551s
445 0.865084 0.548661 0.0120198 5.85717s
446 0.865084 0.545034 0.0132131 5.84563s
447 0.865084 0.538574 0.0127265 5.82965s
448 0.865084 0.538585 0.0128668 5.81736s
449 0.865084 0.541615 0.0126605 5.78661s
450 0.865084 0.537611 0.0122183 5.82042s
451 0.865084 0.538085 0.0130474 5.83626s
452 0.865084 0.540637 0.013114 5.81413s
453 0.865084 0.535973 0.0125221 5.80186s
454 0.865084 0.546772 0.0123771 5.81689s
455 0.865084 0.538324 0.0131964 5.87474s
456 0.865084 0.547019 0.0136248 5.83613s
457 0.865084 0.539652 0.0132585 5.8529s
458 0.865084 0.54085 0.0138614 5.8456s
459 0.865084 0.539961 0.0122148 5.81892s
460 0.865084 0.554275 0.0136693 5.85472s
461 0.865084 0.546493 0.0139425 5.77474s
462 0.865084 0.539152 0.0132299 5.88086s
463 0.865084 0.540052 0.0134461 5.85939s
464 0.865084 0.53552 0.0131467 5.83963s
465 0.865084 0.545901 0.0129794 5.8286s
466 0.865084 0.544334 0.013841 5.83955s
467 0.865084 0.541235 0.0132532 5.79257s
468 0.865084 0.544467 0.0130939 5.81928s
469 0.865084 0.540631 0.0133645 5.81492s
470 0.865084 0.53963 0.0129374 5.84079s
471 0.865084 0.540614 0.0122215 5.8194s
472 0.865084 0.543755 0.012715 5.85702s
473 0.865084 0.539096 0.012951 6.04366s
474 0.865084 0.538485 0.0128287 5.80357s
475 0.865084 0.542075 0.0124207 5.80956s
476 0.865084 0.545335 0.0125349 5.76789s
477 0.865084 0.547179 0.0128811 6.03346s
478 0.865084 0.54035 0.0127624 5.85853s
479 0.865084 0.539216 0.0128143 5.79743s
480 0.865084 0.539939 0.0129 5.83245s
481 0.865084 0.537117 0.0133139 5.82564s
482 0.865084 0.539496 0.0136184 5.80479s
483 0.865084 0.534653 0.0129355 5.7972s
484 0.865084 0.543295 0.0131136 5.74592s
485 0.865084 0.545467 0.012933 5.80795s
486 0.865084 0.546321 0.0121493 6.06512s
487 0.865084 0.536441 0.0133953 5.81469s
488 0.865084 0.540709 0.0130033 5.74329s
489 0.865084 0.540863 0.0127183 5.7384s
490 0.865084 0.542069 0.0128589 5.78989s
491 0.865084 0.544773 0.013286 5.79027s
492 0.865084 0.544665 0.0144028 5.82262s
493 0.865084 0.551098 0.0129622 5.81268s
494 0.865084 0.542694 0.0130326 5.85106s
495 0.865084 0.5418 0.0130306 5.79832s
496 0.865084 0.544324 0.0132745 5.82207s
497 0.865084 0.551224 0.0132184 5.75529s
498 0.865084 0.543526 0.0127806 5.82036s
499 0.865084 0.542773 0.013371 5.79869s
500 0.865084 0.545984 0.0135858 5.78155s
501 0.865084 0.542944 0.0133647 5.81103s
502 0.865084 0.545953 0.0126182 5.86545s
503 0.865084 0.541365 0.0130707 5.80316s
504 0.865084 0.539832 0.0141733 5.80014s
505 0.865084 0.543578 0.0132539 5.8132s
506 0.865084 0.539643 0.0133419 5.84074s
507 0.865084 0.549526 0.0135913 5.81223s
508 0.865084 0.547412 0.0138843 5.79251s
509 0.865084 0.56003 0.0126651 5.80326s
510 0.865084 0.551078 0.013601 5.86518s
511 0.865084 0.543082 0.0129112 5.77527s
512 0.867017 0.548622 0.0135891 5.84077s
513 0.867017 0.542767 0.0136909 5.81469s
514 0.867017 0.538561 0.0131242 6.0321s
515 0.867017 0.548358 0.0130594 5.78796s
516 0.867017 0.54121 0.012933 5.79019s
517 0.867017 0.541214 0.0138782 5.87159s
518 0.867017 0.547097 0.012959 5.82205s
519 0.867017 0.545813 0.0136162 5.8135s
520 0.867017 0.544939 0.0133966 5.78928s
521 0.867017 0.543612 0.0137313 5.80341s
522 0.867017 0.549955 0.0137526 5.84417s
523 0.867017 0.543666 0.0142231 5.78296s
524 0.867017 0.542257 0.0128824 5.83888s
525 0.867017 0.541933 0.013196 6.76598s
526 0.867017 0.543614 0.0130952 5.798s
527 0.867017 0.542061 0.0122599 5.80217s
528 0.867017 0.544478 0.0133557 5.76634s
529 0.867017 0.541431 0.0135553 5.89277s
530 0.867017 0.542135 0.0135445 5.78849s
531 0.867017 0.540926 0.0132285 6.11687s
532 0.867017 0.547244 0.0131416 5.80102s
533 0.867017 0.54557 0.0141612 5.87283s
534 0.867017 0.540486 0.0136444 5.82987s
535 0.867017 0.538536 0.0135446 5.8191s
536 0.867017 0.538774 0.0136306 5.8444s
537 0.867017 0.554042 0.0141688 5.81683s
538 0.867017 0.547201 0.013922 5.84249s
539 0.867017 0.542978 0.0132193 5.78959s
540 0.867017 0.542059 0.0139307 5.76328s
541 0.867017 0.545387 0.0147284 5.81855s
542 0.867017 0.543671 0.0140608 5.81425s
543 0.867017 0.55263 0.0134864 5.84229s
544 0.867017 0.543431 0.014515 5.88132s
545 0.867017 0.54294 0.0139878 6.05873s
546 0.867017 0.537058 0.0131595 5.78847s
547 0.867017 0.544929 0.0128239 5.78958s
548 0.867017 0.54095 0.0141313 5.80898s
549 0.867017 0.543216 0.0134615 5.77668s
550 0.867017 0.54424 0.0144623 5.78485s
551 0.867017 0.548208 0.0133107 5.81521s
552 0.867017 0.54327 0.0133042 5.80731s
553 0.867017 0.539699 0.0135385 5.85375s
554 0.867017 0.550444 0.0148331 5.81418s
555 0.867017 0.549026 0.0154195 6.10311s
556 0.867017 0.549906 0.0137726 5.80934s
557 0.867017 0.547515 0.0134199 5.82536s
558 0.867017 0.54984 0.0135739 5.83738s
559 0.867017 0.542912 0.0135613 5.8616s
560 0.867017 0.539739 0.0150423 5.81591s
561 0.867017 0.548707 0.013877 5.81967s
562 0.867017 0.539416 0.0133791 5.80253s
563 0.867017 0.537762 0.0135147 5.80903s
564 0.867017 0.545605 0.0139051 6.08357s
565 0.867017 0.540442 0.0136865 5.81358s
566 0.867017 0.541547 0.0139766 5.8638s
567 0.867017 0.546317 0.0133319 5.79175s
568 0.867017 0.54566 0.0136026 5.77778s
569 0.867017 0.542252 0.0128202 5.85137s
570 0.867017 0.540305 0.0130804 5.78889s
571 0.867017 0.539255 0.0135878 5.80301s
572 0.867017 0.542783 0.0136541 5.79436s
573 0.867017 0.538958 0.0140635 6.11248s
574 0.867017 0.545675 0.0144057 5.82976s
575 0.867017 0.545671 0.0143719 5.83768s
576 0.867017 0.546804 0.0138923 5.79667s
577 0.867017 0.552156 0.0140854 5.81157s
578 0.890153 0.544609 0.0150457 5.77692s
579 0.890153 0.559019 0.0141527 5.89621s
580 0.890153 0.551188 0.0137463 5.80666s
581 0.890153 0.549123 0.0145672 5.82072s
582 0.890153 0.545164 0.0131275 5.80895s
583 0.890153 0.540142 0.0138706 5.80342s
584 0.890153 0.539205 0.0140261 5.79106s
585 0.890153 0.540989 0.0136304 5.83286s
586 0.890153 0.541257 0.0145536 6.03592s
587 0.890153 0.545819 0.0141908 5.82851s
588 0.890153 0.549654 0.013134 5.78442s
589 0.890153 0.54323 0.0141364 5.83038s
590 0.890153 0.543804 0.0145876 5.80856s
591 0.890153 0.546857 0.0136864 5.81247s
592 0.890153 0.543555 0.0147592 5.89437s
593 0.890153 0.546645 0.013556 5.75127s
594 0.890153 0.543295 0.0133678 5.77304s
595 0.890153 0.547482 0.0143071 6.12897s
596 0.890153 0.548801 0.0137664 5.76935s
597 0.890153 0.544679 0.013347 5.84771s
598 0.890153 0.545406 0.0139826 5.87267s
599 0.890153 0.551403 0.0142208 5.79111s
600 0.890153 0.537333 0.0140414 5.7906s
601 0.890153 0.550454 0.0143251 5.78585s
602 0.890153 0.544689 0.0143858 5.79452s
603 0.890153 0.551742 0.0133877 5.80744s
604 0.890153 0.544877 0.0146615 5.83732s
605 0.890153 0.543062 0.0147832 5.80008s
606 0.890153 0.548144 0.0149948 5.79659s
607 0.890153 0.543936 0.0137154 5.78617s
608 0.890153 0.546856 0.0139291 5.84392s
609 0.890153 0.545562 0.0144096 5.84418s
610 0.890153 0.538918 0.0136062 5.86484s
611 0.890153 0.545841 0.0136536 6.00811s
612 0.890153 0.550023 0.0148634 5.78806s
613 0.890153 0.546017 0.0138916 5.80144s
614 0.890153 0.546491 0.0145316 5.86483s
615 0.890153 0.543 0.0153024 5.76123s
616 0.890153 0.546681 0.013807 5.80849s
617 0.890153 0.548576 0.0139038 5.80867s
618 0.890153 0.550926 0.0147282 5.7924s
619 0.890153 0.5476 0.0140446 5.85425s
620 0.890153 0.548851 0.0140711 5.79941s
621 0.890153 0.542972 0.0146395 5.84244s
622 0.890153 0.546147 0.0138252 5.84532s
623 0.890153 0.547038 0.0140876 5.84933s
624 0.890153 0.544286 0.013793 5.7859s
625 0.890153 0.543751 0.014622 5.84256s
626 0.890153 0.547093 0.0136336 5.80328s
627 0.890153 0.539488 0.0136679 5.8261s
628 0.890153 0.545986 0.014097 5.92231s
629 0.890153 0.53987 0.0143185 6.11129s
630 0.890153 0.545482 0.0143019 5.79894s
631 0.890153 0.54297 0.0153139 5.77586s
632 0.890153 0.548291 0.0156065 5.84743s
633 0.890153 0.545532 0.0143618 5.83755s
634 0.890153 0.542474 0.014413 5.84873s
635 0.890153 0.54526 0.0154131 5.80219s
636 0.890153 0.550419 0.0146096 5.82049s
637 0.890153 0.540816 0.0140432 5.87s
638 0.890153 0.541288 0.0143606 5.79759s
639 0.890153 0.545114 0.0140728 5.96304s
640 0.890153 0.545737 0.0142944 5.77504s
641 0.890153 0.542367 0.0140295 5.7915s
642 0.890153 0.553443 0.0144231 5.75634s
643 0.890153 0.545118 0.014926 5.79958s
644 0.890153 0.545149 0.0144561 6.04168s
645 0.890153 0.543822 0.0139397 5.7915s
646 0.890153 0.539303 0.0146203 5.82281s
647 0.890153 0.551238 0.0139548 5.77426s
648 0.890153 0.553446 0.014194 5.8045s
649 0.890153 0.547774 0.0143626 5.83035s
650 0.890153 0.553086 0.0148088 5.79869s
651 0.890153 0.54372 0.0145717 5.84815s
652 0.890153 0.547716 0.0145603 5.79503s
653 0.890153 0.550307 0.0144818 5.86401s
654 0.890153 0.553623 0.0143723 5.82209s
655 0.890153 0.554234 0.014623 6.02477s
656 0.890153 0.547614 0.0149193 5.82885s
657 0.890153 0.542243 0.0141015 5.79595s
658 0.890153 0.537484 0.0134993 5.77384s
659 0.890153 0.540884 0.0142989 5.77126s
660 0.890153 0.546079 0.0140127 5.79874s
661 0.890153 0.548555 0.0132635 5.82111s
662 0.890153 0.54563 0.0135203 5.81304s
663 0.890153 0.540613 0.0137103 5.82785s
664 0.890153 0.551314 0.0157844 5.82206s
665 0.890153 0.544068 0.0138692 5.8441s
666 0.890153 0.54529 0.0139337 5.80272s
667 0.890153 0.536814 0.0147373 5.83609s
668 0.890153 0.53896 0.0143076 5.84042s
669 0.890153 0.544474 0.0135011 6.13859s
670 0.890153 0.539734 0.0147699 5.82386s
671 0.890153 0.543782 0.0144529 5.76703s
672 0.890153 0.542963 0.0139828 5.82975s
673 0.890153 0.542792 0.0138579 5.82416s
674 0.890153 0.547972 0.013764 5.83197s
675 0.890153 0.546742 0.0142253 5.78321s
676 0.890153 0.544063 0.0143756 5.80376s
677 0.890153 0.545462 0.0150663 5.86796s
678 0.890153 0.547755 0.014209 5.84114s
679 0.890153 0.54459 0.01394 5.80126s
680 0.890153 0.543159 0.0140612 5.82059s
681 0.890153 0.55007 0.01329 5.8015s
682 0.890153 0.547459 0.0139649 5.81492s
683 0.890153 0.544199 0.0145553 5.99964s
684 0.890153 0.541434 0.0137394 5.80146s
685 0.890153 0.54501 0.0138622 6.05305s
686 0.890153 0.538579 0.0143778 5.82733s
687 0.890153 0.548869 0.0136284 5.81533s
688 0.890153 0.546828 0.0135835 5.78888s
689 0.890153 0.545775 0.0136148 5.83702s
690 0.890153 0.545691 0.0147712 5.80366s
691 0.890153 0.540615 0.0141176 5.81431s
692 0.890153 0.543097 0.0138931 5.84236s
693 0.890153 0.544382 0.014211 5.78486s
694 0.890153 0.547185 0.0146828 5.79195s
695 0.890153 0.544054 0.0148654 5.82889s
696 0.890153 0.550147 0.0158708 5.84796s
697 0.890153 0.540031 0.0153551 6.06476s
698 0.890153 0.547065 0.0143512 5.80587s
699 0.890153 0.546647 0.0148224 5.84334s
700 0.890153 0.543394 0.0138484 5.83587s
701 0.890153 0.54352 0.0140234 5.86202s
702 0.890153 0.542222 0.014258 5.82735s
703 0.890153 0.547685 0.0145899 5.79675s
704 0.890153 0.551128 0.0150427 5.76814s
705 0.890153 0.546439 0.0150642 5.81941s
706 0.890153 0.540517 0.0143015 5.98196s
707 0.890153 0.545205 0.0149303 5.82238s
708 0.890153 0.542883 0.0144586 5.77337s
709 0.890153 0.538739 0.0139311 5.86359s
710 0.890153 0.544833 0.0144131 5.85396s
711 0.890153 0.542557 0.0139463 5.95921s
712 0.890153 0.542433 0.0147163 5.89489s
713 0.890153 0.546851 0.0138324 5.79253s
714 0.890153 0.546575 0.0142745 5.77631s
715 0.890153 0.544792 0.0144618 5.78458s
716 0.890153 0.541049 0.0147539 5.78372s
717 0.890153 0.540492 0.0146117 5.80723s
718 0.890153 0.543014 0.0142622 5.80191s
719 0.890153 0.538852 0.0146758 5.84916s
720 0.890153 0.543703 0.0139411 6.6899s
721 0.890153 0.540085 0.0144638 5.74418s
722 0.890153 0.541917 0.0148408 5.82398s
723 0.890153 0.537781 0.0146672 5.81161s
724 0.890153 0.542629 0.0145202 5.79066s
725 0.890153 0.544755 0.0148844 5.84145s
726 0.890153 0.542039 0.0148078 5.77625s
727 0.890153 0.547106 0.0151052 5.80125s
728 0.890153 0.543198 0.0148809 5.81303s
729 0.890153 0.548467 0.0141369 5.81063s
730 0.890153 0.549668 0.0144803 5.81215s
731 0.890153 0.545325 0.0146958 5.80571s
732 0.890153 0.533592 0.0155012 6.10241s
733 0.890153 0.548879 0.0141105 5.8339s
734 0.890153 0.54045 0.0142703 6.28338s
735 0.890153 0.547317 0.0146151 5.77563s
736 0.890153 0.540282 0.0154643 5.82467s
737 0.890153 0.545428 0.0153154 5.78841s
738 0.890153 0.5461 0.0152833 5.79817s
739 0.890153 0.539217 0.0152136 5.84912s
740 0.890153 0.539565 0.0148931 5.82529s
741 0.890153 0.536114 0.0149579 5.85791s
742 0.890153 0.5478 0.014309 5.85521s
743 0.890153 0.542795 0.0146573 5.85321s
744 0.890153 0.544295 0.0143889 5.83467s
745 0.890153 0.538433 0.0148634 5.85031s
746 0.890153 0.540674 0.0148911 5.84719s
747 0.890153 0.539909 0.0145415 5.90724s
748 0.890153 0.541288 0.0142873 5.82474s
749 0.890153 0.544869 0.0141281 5.80712s
750 0.890153 0.541069 0.0157568 5.84608s
751 0.890153 0.548934 0.0144689 5.81123s
752 0.890153 0.54908 0.0151413 5.84398s
753 0.890153 0.552315 0.0151931 5.82897s
754 0.890153 0.546971 0.01475 5.8273s
755 0.890153 0.545235 0.0148921 5.83171s
756 0.890153 0.543665 0.015108 6.08268s
757 0.890153 0.55334 0.014938 5.82515s
758 0.890153 0.547314 0.0151082 5.80717s
759 0.890153 0.554807 0.0147976 5.83075s
760 0.890153 0.549711 0.0144615 5.84508s
761 0.890153 0.54627 0.0151177 5.80985s
762 0.890153 0.54443 0.0146071 5.84375s
763 0.890153 0.544141 0.0149117 5.81414s
764 0.890153 0.548479 0.0142242 5.86463s
765 0.890153 0.539785 0.0150899 5.77189s
766 0.890153 0.549615 0.0146026 5.8683s
767 0.890153 0.540341 0.0156763 5.8401s
768 0.890153 0.551039 0.0153221 5.80082s
769 0.890153 0.547791 0.0147301 5.74647s
770 0.890153 0.548539 0.0141769 5.86546s
771 0.890153 0.545666 0.0154719 5.79579s
772 0.890153 0.550384 0.0148297 5.8151s
773 0.890153 0.55428 0.0155747 5.86475s
774 0.890153 0.546101 0.015231 5.77846s
775 0.890153 0.547167 0.0148101 5.81125s
776 0.890153 0.545214 0.014602 5.82316s
777 0.890153 0.548795 0.0161694 5.80637s
778 0.890153 0.550146 0.0151753 6.03733s
779 0.890153 0.540563 0.0146647 5.8499s
780 0.890153 0.543108 0.0146393 5.81667s
781 0.890153 0.547563 0.014093 5.83775s
782 0.890153 0.549786 0.0150299 5.80356s
783 0.890153 0.542431 0.0144976 5.76367s
784 0.890153 0.549448 0.0149908 5.86235s
785 0.890153 0.544497 0.0143478 5.89271s
786 0.890153 0.552756 0.0158833 5.84601s
787 0.890153 0.546337 0.0149298 5.83285s
788 0.890153 0.550086 0.0150006 5.89097s
789 0.890153 0.547296 0.0154045 5.85816s
790 0.890153 0.554514 0.0152949 5.81995s
791 0.890153 0.542097 0.0143912 5.93844s
792 0.890153 0.546451 0.0152098 5.90087s
793 0.890153 0.548565 0.0150695 6.03477s
794 0.890153 0.548022 0.0147793 5.80511s
795 0.890153 0.548622 0.0146134 5.81668s
796 0.890153 0.549881 0.0153485 5.81061s
797 0.890153 0.545347 0.0151567 5.85091s
798 0.890153 0.545391 0.0150755 5.80798s
799 0.890153 0.545123 0.0147366 5.81383s
800 0.890153 0.550595 0.0145905 5.84009s
801 0.890153 0.549803 0.0166089 5.84829s
802 0.890153 0.550324 0.0153925 5.87402s
803 0.890153 0.546798 0.0155188 5.87859s
804 0.890153 0.544595 0.0148961 5.89623s
805 0.890153 0.55205 0.0152242 5.88736s
806 0.890153 0.542673 0.0148156 5.87917s
807 0.890153 0.544381 0.0151107 6.26537s
808 0.890153 0.549455 0.0147926 5.80451s
809 0.890153 0.5478 0.0148826 5.81119s
810 0.890153 0.549347 0.016186 6.06473s
811 0.890153 0.544852 0.0149902 5.84533s
812 0.890153 0.5504 0.0152016 5.85401s
813 0.890153 0.546633 0.0155026 5.89279s
814 0.890153 0.542271 0.0162023 5.81332s
815 0.890153 0.543786 0.015652 5.85605s
816 0.890153 0.546056 0.0156743 5.75632s
817 0.890153 0.547987 0.0151837 5.85141s
818 0.890153 0.545483 0.0151414 5.85155s
819 0.890153 0.550952 0.0153513 5.83234s
820 0.890153 0.548189 0.0155819 5.84633s
821 0.890153 0.549363 0.0160268 6.06765s
822 0.890153 0.549323 0.0148793 5.82509s
823 0.890153 0.546238 0.0143054 5.88022s
824 0.890153 0.551118 0.0142888 5.91871s
825 0.890153 0.544647 0.0156897 5.84622s
826 0.890153 0.55057 0.0151415 5.83218s
827 0.890153 0.547177 0.0153524 5.82826s
828 0.890153 0.549186 0.0151867 5.89975s
829 0.890153 0.551026 0.0153999 5.83934s
830 0.890153 0.555655 0.0148653 5.87003s
831 0.890153 0.548504 0.0156978 6.02082s
832 0.890153 0.548039 0.0159145 5.79726s
833 0.890153 0.549635 0.0143087 5.87359s
834 0.890153 0.544667 0.0151219 5.81572s
835 0.890153 0.542096 0.0152158 5.84014s
836 0.890153 0.542517 0.0146486 5.85918s
837 0.890153 0.541806 0.0155114 6.85056s
838 0.890153 0.546755 0.0152297 5.77185s
839 0.890153 0.548207 0.015182 5.85643s
840 0.890153 0.546129 0.0149598 5.8394s
841 0.890153 0.552899 0.015005 5.86343s
842 0.890153 0.542839 0.0158994 6.03657s
843 0.890153 0.546511 0.0153932 5.79217s
844 0.890153 0.545432 0.0158217 6.04595s
845 0.890153 0.544683 0.0148735 5.86842s
846 0.890153 0.545954 0.0155806 5.83976s
847 0.890153 0.54686 0.0150085 6.0935s
848 0.890153 0.549658 0.0161898 5.85587s
849 0.890153 0.548237 0.014541 5.81938s
850 0.890153 0.556482 0.01533 5.80416s
851 0.890153 0.552839 0.016148 5.794s
852 0.890153 0.54908 0.0154433 5.76517s
853 0.890153 0.552706 0.0152101 5.84676s
854 0.890153 0.546653 0.0155928 5.81109s
855 0.890153 0.544137 0.0155824 5.83702s
856 0.890153 0.547906 0.0158925 5.84231s
857 0.890153 0.546108 0.0150878 5.85055s
858 0.890153 0.539067 0.0156701 5.82253s
859 0.890153 0.541638 0.0151519 5.85509s
860 0.890153 0.545262 0.0160065 5.74913s
861 0.890153 0.548638 0.0159899 5.83415s
862 0.890153 0.544274 0.0163259 5.84518s
863 0.890153 0.544272 0.0152244 5.7811s
864 0.890153 0.533114 0.0159124 5.84074s
865 0.890153 0.545957 0.0154399 5.78971s
866 0.890153 0.54127 0.0158975 5.77065s
867 0.890153 0.542557 0.0149905 5.81324s
868 0.890153 0.544573 0.0160094 5.77426s
869 0.890153 0.545313 0.015191 5.77593s
870 0.890153 0.546859 0.0155166 5.81129s
871 0.890153 0.547522 0.0161887 5.99976s
872 0.890153 0.547451 0.0161446 5.78647s
873 0.890153 0.552316 0.0155842 5.81495s
874 0.890153 0.551779 0.0167556 5.81766s
875 0.890153 0.544824 0.0157674 5.90735s
876 0.890153 0.552312 0.0157975 5.80583s
877 0.890153 0.546773 0.0158381 5.85479s
878 0.890153 0.546257 0.015944 5.75964s
879 0.890153 0.540452 0.0165359 5.80644s
880 0.890153 0.542354 0.0157969 6.05528s
881 0.890153 0.540419 0.0162315 5.84308s
882 0.890153 0.542966 0.0159294 6.09543s
883 0.890153 0.551027 0.0157112 5.77771s
884 0.890153 0.545529 0.0153221 5.83349s
885 0.890153 0.551166 0.015755 5.84872s
886 0.890153 0.543704 0.0160419 5.81276s
887 0.890153 0.553069 0.0158216 5.83324s
888 0.890153 0.545288 0.0163675 5.84403s
889 0.890153 0.544696 0.0156508 5.83315s
890 0.890153 0.545588 0.0160717 5.77593s
891 0.890153 0.541423 0.0161318 5.77552s
892 0.890153 0.552577 0.0154971 5.76313s
893 0.890153 0.543365 0.0157959 5.79504s
894 0.890153 0.544288 0.0154255 5.75632s
895 0.890153 0.545247 0.0152998 5.77829s
896 0.890153 0.549183 0.0152666 5.79238s
897 0.890153 0.550039 0.0160235 5.77965s
898 0.890153 0.551665 0.0147825 5.79195s
899 0.890153 0.544468 0.0154525 5.78265s
900 0.890153 0.550498 0.0154045 5.80029s
901 0.890153 0.549814 0.016757 5.82137s
902 0.890153 0.54902 0.0162734 5.8357s
903 0.890153 0.551815 0.0159959 5.75489s
904 0.890153 0.548161 0.01585 5.88454s
905 0.890153 0.549539 0.0158683 5.79907s
906 0.890153 0.552286 0.0168479 5.77742s
907 0.890153 0.5489 0.0157606 5.78248s
908 0.890153 0.553663 0.0156028 5.83583s
909 0.890153 0.552517 0.0160393 5.84819s
910 0.894291 0.551528 0.0163494 5.80133s
911 0.904036 0.549765 0.0178179 5.80757s
912 0.904036 0.549129 0.0153566 5.84462s
913 0.904036 0.545852 0.0156744 5.83826s
914 0.904036 0.546027 0.0164162 5.87163s
915 0.904036 0.541986 0.0162688 5.73319s
916 0.904036 0.54694 0.0178955 5.79338s
917 0.904036 0.548714 0.017053 5.82522s
918 0.904036 0.545823 0.0160051 5.81608s
919 0.904036 0.542557 0.0163911 6.10081s
920 0.904036 0.543465 0.0160861 5.78001s
921 0.904036 0.54795 0.0167055 5.79408s
922 0.904036 0.554048 0.0169652 5.83228s
923 0.904036 0.553318 0.0168475 5.86853s
924 0.904036 0.54451 0.0170173 5.85282s
925 0.904036 0.553252 0.0177608 6.06573s
926 0.904036 0.549199 0.0170177 5.86927s
927 0.904036 0.549792 0.0172345 5.79929s
928 0.904036 0.545617 0.0174201 5.87741s
929 0.904036 0.552431 0.0171271 5.84723s
930 0.904036 0.554449 0.0154646 5.83846s
931 0.904036 0.54468 0.0164089 5.82853s
932 0.904036 0.546918 0.0154004 6.09627s
933 0.904036 0.550688 0.0170222 5.80632s
934 0.910063 0.547506 0.0170623 5.77994s
935 0.910063 0.542297 0.0168005 5.80226s
936 0.910063 0.546354 0.0162312 5.88431s
937 0.910063 0.54908 0.01679 5.8505s
938 0.910063 0.54503 0.0172327 5.85546s
939 0.910063 0.553987 0.0169082 5.86146s
940 0.910063 0.547963 0.0168814 5.85515s
941 0.910063 0.540783 0.0164746 6.73309s
942 0.910063 0.550283 0.0163879 5.81209s
943 0.910063 0.546975 0.0160226 5.82304s
944 0.910063 0.547278 0.0163662 5.79658s
945 0.910063 0.55036 0.0178936 5.78325s
946 0.910063 0.553811 0.0171191 5.81764s
947 0.910063 0.556724 0.018373 5.75424s
948 0.910063 0.553368 0.0165818 5.80057s
949 0.910063 0.549056 0.0164145 5.83276s
950 0.910063 0.548835 0.0163839 5.82217s
951 0.910063 0.547617 0.0160767 5.85079s
952 0.910063 0.547995 0.0170698 5.83497s
953 0.910063 0.549496 0.016276 5.7875s
954 0.910063 0.557412 0.017907 5.84374s
955 0.910063 0.559967 0.0172324 6.07603s
956 0.910063 0.552605 0.0173371 5.84391s
957 0.910063 0.549494 0.0185056 5.79767s
958 0.910063 0.554197 0.0169236 5.83889s
959 0.910063 0.550795 0.0159504 5.87708s
960 0.910063 0.552295 0.0176839 5.82201s
961 0.910063 0.556933 0.0168834 6.07s
962 0.910063 0.550741 0.0172802 5.81819s
963 0.910063 0.550347 0.0175065 5.81643s
964 0.910063 0.551206 0.0172124 5.87023s
965 0.910063 0.553265 0.0170407 5.8744s
966 0.910063 0.550816 0.0167953 5.81452s
967 0.910063 0.549979 0.0173398 5.81782s
968 0.910063 0.545804 0.0170938 5.76765s
969 0.910063 0.55035 0.0180621 5.82592s
970 0.910063 0.551186 0.0183538 5.85565s
971 0.910063 0.547597 0.0169635 5.82076s
972 0.910063 0.550214 0.0165301 5.85436s
973 0.910063 0.544057 0.0170847 5.84369s
974 0.910063 0.548071 0.0166662 5.82621s
975 0.910063 0.548721 0.0169595 5.77015s
976 0.910063 0.549044 0.0172202 5.82565s
977 0.910063 0.559189 0.0188748 5.75921s
978 0.910063 0.55467 0.0164445 5.77695s
979 0.910063 0.541761 0.0172457 5.80368s
980 0.910063 0.548061 0.017297 5.81794s
981 0.910063 0.547888 0.017366 5.82744s
982 0.910063 0.552476 0.0174951 5.82752s
983 0.910063 0.545649 0.0175028 6.03908s
984 0.910063 0.551584 0.0175533 5.80114s
985 0.910063 0.552855 0.017632 5.81636s
986 0.910063 0.546543 0.0177611 5.82496s
987 0.91516 0.552133 0.0179111 5.81139s
988 0.91516 0.548022 0.0172061 5.81427s
989 0.91516 0.552183 0.0168171 5.87512s
990 0.91516 0.546362 0.0182686 5.87347s
991 0.91516 0.542717 0.0168049 5.88112s
992 0.91516 0.540331 0.0168394 5.84848s
993 0.91516 0.55477 0.0172953 5.83614s
994 0.91516 0.546775 0.0174817 5.84037s
995 0.91516 0.551662 0.0175236 5.87122s
996 0.91516 0.545477 0.0184854 5.84176s
997 0.91516 0.549103 0.0177286 5.80921s
998 0.91516 0.551887 0.0174714 5.85659s
999 0.91516 0.548049 0.0176257 5.8009s
1000 0.91516 0.550556 0.0178423 5.83891s
1001 0.91516 0.549704 0.0177877 5.84791s
1002 0.91516 0.550455 0.0185987 5.80787s
1003 0.91516 0.552936 0.0181165 5.83481s
1004 0.91516 0.551709 0.0178892 5.8131s
1005 0.91516 0.551954 0.0175116 5.85476s
1006 0.91516 0.550462 0.0194927 5.81904s
1007 0.91516 0.550807 0.0182392 5.76063s
1008 0.91516 0.547885 0.0183768 5.83002s
1009 0.91516 0.548786 0.0179549 5.80211s
1010 0.91516 0.549388 0.0180886 5.78696s
1011 0.91516 0.54444 0.017412 5.81028s
1012 0.91516 0.55351 0.0181652 5.82463s
1013 0.91516 0.550733 0.0182319 5.83704s
1014 0.91516 0.547268 0.0181308 5.81594s
1015 0.91516 0.54808 0.0177337 5.82143s
1016 0.91516 0.549065 0.0173765 5.80492s
1017 0.91516 0.550981 0.0194016 5.89641s
1018 0.91516 0.549359 0.0182401 5.80706s
1019 0.91516 0.548177 0.0185344 5.85608s
1020 0.91516 0.54944 0.0184129 5.79436s
1021 0.91516 0.543718 0.0180489 6.06156s
1022 0.91516 0.55042 0.0197565 5.83255s
1023 0.91516 0.552497 0.0184172 6.02257s
1024 0.91516 0.545908 0.0174325 5.8339s
1025 0.91516 0.547824 0.0181776 5.9075s
1026 0.91516 0.545083 0.0171563 6.05918s
1027 0.91516 0.547195 0.0185407 5.82785s
1028 0.91516 0.54464 0.0185881 5.76408s
1029 0.91516 0.547094 0.0190465 5.81747s
1030 0.91516 0.548735 0.0182757 5.84357s
1031 0.91516 0.553525 0.0194944 5.9482s
1032 0.91516 0.554613 0.018684 6.03899s
1033 0.91516 0.556963 0.0187704 5.85198s
1034 0.91516 0.551128 0.0188429 5.82834s
1035 0.91516 0.552545 0.0179475 6.09155s
1036 0.91516 0.55709 0.0177902 5.81174s
1037 0.91516 0.550804 0.0191561 6.03318s
1038 0.91516 0.548135 0.0184848 5.84457s
1039 0.91516 0.546038 0.0180849 5.81839s
1040 0.91516 0.54864 0.0179787 5.78599s
1041 0.91516 0.547969 0.0171849 5.82611s
1042 0.91516 0.548496 0.0173595 5.79027s
1043 0.91516 0.550213 0.0193962 5.86285s
1044 0.91516 0.55017 0.0180694 6.46883s
1045 0.91516 0.551641 0.018282 5.82902s
1046 0.91516 0.553408 0.0183059 5.85564s
1047 0.91516 0.54678 0.0190423 5.89248s
1048 0.91516 0.553875 0.0184848 5.78045s
1049 0.91516 0.551569 0.0176451 5.84682s
1050 0.91516 0.550624 0.0184527 5.94594s
1051 0.91516 0.546542 0.0184294 5.80047s
1052 0.91516 0.54957 0.0176522 5.85546s
1053 0.91516 0.547183 0.0179037 5.80839s
1054 0.91516 0.550557 0.0188687 5.82604s
1055 0.91516 0.549328 0.0176401 5.79613s
1056 0.91516 0.55008 0.0185706 5.81768s
1057 0.91516 0.545535 0.018525 5.8093s
1058 0.91516 0.553318 0.0185448 5.79706s
1059 0.91516 0.555533 0.0181221 5.7753s
1060 0.91516 0.550197 0.0178059 5.82785s
1061 0.91516 0.552422 0.0195385 5.84085s
1062 0.91516 0.552393 0.0189413 5.81253s
1063 0.91516 0.543984 0.0187006 6.02014s
1064 0.91516 0.556923 0.0184333 5.84339s
1065 0.91516 0.549135 0.0180842 5.82524s
1066 0.91516 0.551891 0.0180712 5.84285s
1067 0.91516 0.552703 0.0177972 5.81497s
1068 0.91516 0.5517 0.0178607 5.81816s
1069 0.91516 0.552227 0.0191516 5.84673s
1070 0.91516 0.548582 0.0191032 5.86427s
1071 0.91516 0.552893 0.0184919 5.82584s
1072 0.91516 0.549052 0.018004 5.85761s
1073 0.91516 0.547203 0.01816 5.88733s
1074 0.91516 0.553483 0.0183508 5.83307s
1075 0.91516 0.551147 0.0189191 5.82344s
1076 0.91516 0.552808 0.0182401 5.83264s
1077 0.91516 0.550227 0.0188027 5.83s
1078 0.91516 0.548646 0.0171886 5.86332s
1079 0.91516 0.556554 0.0202799 5.85575s
1080 0.91516 0.549799 0.0203263 5.80701s
1081 0.91516 0.560022 0.018777 5.84325s
1082 0.91516 0.556139 0.0183569 5.82792s
1083 0.91516 0.555505 0.0186019 5.76751s
1084 0.91516 0.553798 0.0176957 5.85089s
1085 0.91516 0.553009 0.0183348 5.8311s
1086 0.91516 0.549286 0.0186873 5.85607s
1087 0.91516 0.555212 0.0186756 5.80681s
1088 0.91516 0.553727 0.0178079 5.79216s
1089 0.91516 0.557893 0.0207809 5.84884s
1090 0.91516 0.558372 0.0189324 5.79264s
1091 0.91516 0.562017 0.0197804 5.77494s
1092 0.91516 0.553847 0.0183928 5.77986s
1093 0.91516 0.552453 0.0182175 5.86955s
1094 0.91516 0.54476 0.0183342 5.87161s
1095 0.91516 0.562953 0.0188089 5.87621s
1096 0.91516 0.553048 0.0182324 5.83438s
1097 0.91516 0.548339 0.0183052 5.83017s
1098 0.91516 0.547289 0.0181063 5.84525s
1099 0.91516 0.544509 0.0192205 5.74921s
1100 0.91516 0.552806 0.0174235 5.8167s
1101 0.918272 0.55558 0.0188767 5.87912s
1102 0.918272 0.545886 0.0184012 5.81856s
1103 0.918272 0.545404 0.0177016 5.83402s
1104 0.918272 0.552808 0.0180269 5.82308s
1105 0.918272 0.549176 0.0190891 5.80861s
1106 0.918272 0.545904 0.0184009 5.81239s
1107 0.918272 0.559362 0.0174666 5.8355s
1108 0.918272 0.552613 0.018439 5.82575s
1109 0.918272 0.550613 0.017864 5.85444s
1110 0.918272 0.551648 0.0179729 5.87297s
1111 0.918272 0.550049 0.0185297 5.87314s
1112 0.918272 0.550922 0.018591 5.83773s
1113 0.918272 0.549496 0.0194081 5.86046s
1114 0.918272 0.555225 0.019452 5.85872s
1115 0.918272 0.553656 0.0184188 5.87645s
1116 0.918272 0.549392 0.0185289 5.79712s
1117 0.918272 0.550476 0.017956 5.83591s
1118 0.918272 0.547872 0.0186432 5.83189s
1119 0.918272 0.547293 0.0189038 5.76561s
1120 0.918272 0.554483 0.0181291 5.82922s
1121 0.918272 0.557956 0.0179673 5.76055s
1122 0.918272 0.553702 0.0188308 5.81718s
1123 0.918272 0.555369 0.0188741 5.7962s
1124 0.918272 0.54835 0.0185344 6.02116s
1125 0.918272 0.540083 0.0182934 5.86979s
1126 0.918272 0.554211 0.0186932 5.88455s
1127 0.918272 0.560186 0.019125 5.86239s
1128 0.918272 0.561168 0.0187501 5.78824s
1129 0.918272 0.554411 0.0198871 5.83055s
1130 0.918272 0.554865 0.0187353 5.81032s
1131 0.918272 0.549416 0.0176037 5.81563s
1132 0.918272 0.543676 0.0188931 5.84032s
1133 0.918272 0.551917 0.0191433 5.81125s
1134 0.918272 0.556723 0.0194124 6.11036s
1135 0.918272 0.554942 0.0192487 5.82121s
1136 0.918272 0.558185 0.0197347 5.82086s
1137 0.918272 0.553043 0.0181141 5.80906s
1138 0.918272 0.55822 0.0200063 5.8208s
1139 0.918272 0.557206 0.0198917 5.84481s
1140 0.918272 0.560738 0.0192157 5.84143s
1141 0.918272 0.557086 0.0181378 6.01696s
1142 0.918272 0.554017 0.0183696 5.85832s
1143 0.918272 0.545991 0.0190613 5.84753s
1144 0.918272 0.549401 0.0197244 5.8152s
1145 0.918272 0.554888 0.0203602 5.78368s
1146 0.918272 0.556885 0.0188611 5.82998s
1147 0.918272 0.551644 0.0179221 5.87071s
1148 0.918272 0.55648 0.0177019 6.13049s
1149 0.918272 0.551597 0.0178803 5.81688s
1150 0.918272 0.55818 0.0200197 5.81018s
1151 0.918272 0.557149 0.0183016 5.8602s
1152 0.918272 0.55461 0.0186201 6.10407s
1153 0.918272 0.552745 0.0182163 5.83668s
1154 0.918272 0.548422 0.0181452 5.78216s
1155 0.918272 0.553601 0.0190023 5.87973s
1156 0.918272 0.555518 0.0192614 5.75787s
1157 0.918272 0.556764 0.0198901 5.80535s
1158 0.918272 0.556745 0.019241 5.84349s
1159 0.918272 0.55443 0.0182725 5.78631s
1160 0.918272 0.549512 0.0186852 5.73958s
1161 0.918272 0.550012 0.0183251 5.77714s
1162 0.918272 0.549347 0.0189764 5.86807s
1163 0.918272 0.546804 0.0182857 5.80944s
1164 0.918272 0.55401 0.0189435 5.78592s
1165 0.918272 0.552289 0.0176936 5.85816s
1166 0.918272 0.551843 0.0185239 5.81081s
1167 0.918272 0.550955 0.018955 5.82168s
1168 0.918272 0.5492 0.018611 5.75883s
1169 0.918272 0.552008 0.0186088 5.85828s
1170 0.918272 0.551728 0.0191708 5.85003s
1171 0.918272 0.554645 0.0183867 5.82868s
1172 0.918272 0.552332 0.0192084 5.83147s
1173 0.918272 0.548218 0.0190689 5.81795s
1174 0.918272 0.55251 0.0192613 5.82146s
1175 0.918272 0.550778 0.0182708 5.85359s
1176 0.918272 0.551996 0.0206851 5.8011s
1177 0.918272 0.546094 0.018024 5.81878s
1178 0.918272 0.548417 0.0185333 5.76023s
1179 0.918272 0.546427 0.0195892 5.80994s
1180 0.918272 0.55323 0.0179376 5.827s
1181 0.918272 0.553441 0.0185117 5.83805s
1182 0.918272 0.550288 0.0188083 5.86523s
1183 0.918272 0.545537 0.0180938 5.84688s
1184 0.918272 0.555328 0.0194289 5.89465s
1185 0.918272 0.558414 0.0188171 5.80645s
1186 0.918272 0.552963 0.0183706 5.83512s
1187 0.918272 0.556609 0.0181177 5.81349s
1188 0.918272 0.553343 0.0195103 6.04135s
1189 0.918272 0.550923 0.0186806 5.84637s
1190 0.918272 0.552022 0.0190866 5.8428s
1191 0.918272 0.547613 0.0182221 5.98088s
1192 0.918272 0.544646 0.0185602 5.82927s
1193 0.918272 0.55076 0.0185152 5.77795s
1194 0.918272 0.544825 0.0191639 5.82411s
1195 0.918272 0.54772 0.01858 5.85936s
1196 0.918272 0.545914 0.0177732 5.83357s
1197 0.918272 0.548252 0.0195007 5.85424s
1198 0.918272 0.547765 0.0186515 5.80136s
1199 0.918272 0.548181 0.0179835 5.80369s
1200 0.918272 0.543295 0.0176163 5.77616s
1201 0.918272 0.547269 0.0187084 5.81375s
1202 0.918272 0.54542 0.0179979 5.72516s
1203 0.918272 0.551041 0.0197022 5.71736s
1204 0.918272 0.555829 0.0188273 5.98643s
1205 0.918272 0.549149 0.0189237 5.78569s
1206 0.918272 0.547298 0.0193797 5.81652s
1207 0.918272 0.553934 0.0182551 5.81597s
1208 0.918272 0.55827 0.0192431 5.81608s
1209 0.918272 0.560069 0.0198543 5.81568s
1210 0.918272 0.55611 0.0188678 5.8783s
1211 0.918272 0.55542 0.0188356 5.89577s
1212 0.918272 0.553254 0.0181337 5.81403s
1213 0.918272 0.550302 0.0176435 5.79896s
1214 0.918272 0.55387 0.0193962 5.88349s
1215 0.918272 0.556742 0.0187631 6.01797s
1216 0.918272 0.549206 0.0185617 5.86513s
1217 0.918272 0.557558 0.0194456 5.83076s
1218 0.918272 0.556729 0.0181457 5.84001s
1219 0.918272 0.552513 0.0195029 5.79904s
1220 0.918272 0.549282 0.0185212 5.77738s
1221 0.918272 0.550427 0.018909 5.87525s
1222 0.918272 0.549829 0.0198346 5.81176s
1223 0.918272 0.549763 0.0195165 5.8536s
1224 0.918272 0.552495 0.0200112 5.79548s
1225 0.918272 0.552189 0.0189991 5.87282s
1226 0.918272 0.554153 0.0209393 5.82845s
1227 0.918272 0.550757 0.0182027 5.7862s
1228 0.918272 0.557763 0.0203238 5.8302s
1229 0.918272 0.555838 0.018106 5.84313s
1230 0.918272 0.553203 0.0190867 5.80712s
1231 0.918272 0.549898 0.0173839 5.81107s
1232 0.918272 0.551557 0.0189344 5.84473s
1233 0.918272 0.548883 0.0182003 5.88301s
1234 0.918272 0.553611 0.0177754 5.75597s
1235 0.918272 0.558528 0.0200003 5.76269s
1236 0.918272 0.557792 0.018374 5.81368s
1237 0.918272 0.55135 0.0180765 5.82552s
1238 0.918272 0.547701 0.0180477 5.79624s
1239 0.918272 0.553208 0.0193803 5.80043s
1240 0.918272 0.554018 0.0180004 6.04147s
1241 0.918272 0.557827 0.0183777 5.88572s
1242 0.918272 0.554395 0.0178462 5.76995s
1243 0.918272 0.545981 0.0187062 5.85872s
1244 0.918272 0.548744 0.0176445 5.80768s
1245 0.918272 0.55342 0.0203015 5.76364s
1246 0.918272 0.554112 0.0195709 5.84699s
1247 0.918272 0.551921 0.0186381 5.82549s
1248 0.918272 0.550564 0.019296 5.75255s
1249 0.918272 0.551534 0.018711 5.83412s
1250 0.918272 0.542466 0.0184539 5.76022s
1251 0.918272 0.554751 0.018464 5.91996s
1252 0.918272 0.549663 0.0187509 6.60629s
1253 0.918272 0.545286 0.0186737 5.8662s
1254 0.918272 0.546091 0.0187879 5.85309s
1255 0.918272 0.548215 0.0180832 5.77916s
1256 0.918272 0.544429 0.0177663 5.87994s
1257 0.918272 0.549247 0.0186468 5.83713s
1258 0.918272 0.550728 0.0184173 5.82383s
1259 0.918272 0.552338 0.0185965 5.81308s
1260 0.918272 0.548021 0.0186742 5.84382s
1261 0.918272 0.552766 0.0185187 5.86928s
1262 0.918272 0.554328 0.018943 5.80359s
1263 0.918272 0.548898 0.0187031 5.87077s
1264 0.918272 0.549996 0.0191806 5.85062s
1265 0.918272 0.554132 0.0195988 6.05327s
1266 0.918272 0.547194 0.0188446 5.80512s
1267 0.918272 0.543998 0.0185389 5.83106s
1268 0.918272 0.554671 0.0198592 5.80092s
1269 0.918272 0.556044 0.0203941 6.01911s
1270 0.918272 0.553163 0.0201526 5.83446s
1271 0.918272 0.5607 0.0197612 5.84167s
1272 0.918272 0.554864 0.0202926 5.80344s
1273 0.918272 0.553508 0.0205344 5.80496s
1274 0.918272 0.54787 0.0182245 5.82701s
1275 0.918272 0.547012 0.0188789 5.81453s
1276 0.918272 0.550134 0.0193654 5.99303s
1277 0.918272 0.552891 0.0177423 5.81639s
1278 0.918272 0.554387 0.0196108 5.84869s
1279 0.918272 0.549693 0.0182777 5.86383s
1280 0.918272 0.555402 0.0191688 5.82212s
1281 0.918272 0.556165 0.019556 5.82295s
1282 0.918272 0.558275 0.0184287 5.79449s
1283 0.918272 0.551517 0.0187246 5.85938s
1284 0.918272 0.551713 0.0177997 5.82065s
1285 0.918272 0.550841 0.018966 5.8141s
1286 0.918272 0.548407 0.0188684 5.76138s
1287 0.918272 0.54848 0.0192574 5.87095s
1288 0.918272 0.547749 0.018085 5.81374s
1289 0.918272 0.556048 0.019664 5.81074s
1290 0.918272 0.550198 0.0184213 5.82527s
1291 0.918272 0.554588 0.018947 5.83282s
1292 0.918272 0.550312 0.0209587 5.81368s
1293 0.918272 0.548096 0.0182031 5.85971s
1294 0.918272 0.553199 0.0199861 5.82726s
1295 0.918272 0.554029 0.0187103 5.92501s
1296 0.918272 0.552637 0.0178569 6.05197s
1297 0.918272 0.547504 0.0191088 5.91046s
1298 0.918272 0.554332 0.0182314 5.87865s
1299 0.918272 0.553768 0.018827 5.90316s
1300 0.918272 0.557242 0.0202886 5.93673s
1301 0.918272 0.555908 0.019648 5.85865s
1302 0.918272 0.55216 0.0202685 5.8145s
1303 0.918272 0.550742 0.0197533 5.83673s
1304 0.918272 0.545533 0.0175949 5.74733s
1305 0.918272 0.548273 0.0193127 5.78307s
1306 0.918272 0.552603 0.0190109 5.85399s
1307 0.918272 0.545852 0.0181876 5.84608s
1308 0.918272 0.552279 0.0198936 5.83214s
1309 0.918272 0.550045 0.0183654 5.85371s
1310 0.918272 0.550755 0.0203384 5.87958s
1311 0.918272 0.551523 0.018312 5.82156s
1312 0.918272 0.545859 0.0180333 5.79067s
1313 0.918272 0.548654 0.0188998 5.81308s
1314 0.918272 0.552636 0.018228 5.84533s
1315 0.918272 0.546181 0.0182533 5.77241s
1316 0.918272 0.551781 0.0187263 5.81527s
1317 0.918272 0.550353 0.0187305 5.81327s
1318 0.918272 0.553638 0.0188844 5.79475s
1319 0.918272 0.555219 0.0184997 5.83828s
1320 0.918272 0.556491 0.0195717 5.8546s
1321 0.918272 0.558231 0.0189138 6.05348s
1322 0.918272 0.552545 0.01799 5.85898s
1323 0.918272 0.55019 0.017686 5.82653s
1324 0.918272 0.554796 0.0175491 5.839s
1325 0.918272 0.546063 0.018785 5.84166s
1326 0.918272 0.550544 0.0182508 5.86065s
1327 0.918272 0.550016 0.0183984 6.00332s
1328 0.918272 0.54766 0.0196013 5.84827s
1329 0.918272 0.549804 0.0190386 5.90691s
1330 0.918517 0.555922 0.0195337 5.82504s
1331 0.918517 0.552691 0.0201309 5.83184s
1332 0.918517 0.543903 0.0191827 5.95658s
1333 0.918517 0.546524 0.0186378 5.79977s
1334 0.918517 0.551887 0.0191948 5.85459s
1335 0.918517 0.551549 0.0191673 5.93524s
1336 0.918517 0.546209 0.0190995 5.84748s
1337 0.918517 0.550487 0.0190077 5.83149s
1338 0.918517 0.555022 0.0195293 5.80839s
1339 0.918517 0.55003 0.0182237 5.80402s
1340 0.918517 0.556825 0.0215596 5.81635s
1341 0.918517 0.560158 0.0185662 5.91549s
1342 0.918517 0.545811 0.0198898 5.94048s
1343 0.918517 0.550956 0.0193973 5.83411s
1344 0.918517 0.55099 0.0203392 5.84874s
1345 0.918517 0.555686 0.0206293 5.81964s
1346 0.918517 0.550799 0.01893 5.81558s
1347 0.918517 0.557014 0.0195458 5.82909s
1348 0.918517 0.555728 0.0179309 5.83564s
1349 0.918517 0.550758 0.0181995 5.88084s
1350 0.918517 0.552178 0.0188494 5.85028s
1351 0.918517 0.549866 0.0195064 5.84974s
1352 0.918517 0.549177 0.0188679 5.80268s
1353 0.918517 0.549675 0.0198908 5.85751s
1354 0.918517 0.54708 0.0191273 5.83854s
1355 0.918517 0.551337 0.0193177 6.25953s
1356 0.918517 0.549914 0.0183785 5.84511s
1357 0.918517 0.551712 0.0192467 5.8439s
1358 0.918517 0.551266 0.0202859 5.87412s
1359 0.918517 0.556041 0.0209006 5.87004s
1360 0.918517 0.554252 0.0202219 5.82921s
1361 0.918517 0.547331 0.0182651 5.81068s
1362 0.918517 0.55413 0.0202904 5.83028s
1363 0.918517 0.547763 0.0201729 5.82416s
1364 0.918517 0.558957 0.0199596 5.84535s
1365 0.918517 0.558643 0.0195156 5.82681s
1366 0.918517 0.564606 0.0194807 5.77358s
1367 0.918517 0.557898 0.0207939 5.86463s
1368 0.918517 0.557341 0.0207428 5.75543s
1369 0.918517 0.551423 0.0187963 5.75696s
1370 0.918517 0.556094 0.0198297 5.80835s
1371 0.918517 0.549963 0.0194263 5.83009s
1372 0.918517 0.557638 0.0192355 5.84766s
1373 0.918517 0.545482 0.0192538 5.81789s
1374 0.918517 0.549673 0.0182223 5.79844s
1375 0.918517 0.559066 0.0193419 5.81646s
1376 0.918517 0.549149 0.0190341 5.82009s
1377 0.918517 0.552298 0.018853 5.82764s
1378 0.918517 0.555831 0.0193772 5.81057s
1379 0.918517 0.549549 0.0197605 6.20743s
1380 0.918517 0.554441 0.0199571 5.78036s
1381 0.918517 0.548733 0.0195734 5.83608s
1382 0.918517 0.555872 0.0202238 5.79178s
1383 0.918517 0.550708 0.017675 5.84856s
1384 0.918517 0.549945 0.0194672 5.81434s
1385 0.918517 0.556622 0.0185228 5.80671s
1386 0.918517 0.546559 0.0182994 5.85411s
1387 0.918517 0.54788 0.0188109 5.86423s
1388 0.918517 0.548675 0.0181088 5.78875s
1389 0.918517 0.541167 0.0192682 5.86539s
1390 0.918517 0.550804 0.0187563 5.85519s
1391 0.918517 0.542467 0.018418 5.82204s
1392 0.918517 0.546392 0.019239 5.83907s
1393 0.918517 0.547313 0.019475 5.77403s
1394 0.918517 0.550089 0.019753 6.11518s
1395 0.918517 0.554447 0.0174278 5.78313s
1396 0.918517 0.551273 0.019444 5.82107s
1397 0.918517 0.54961 0.0183392 5.82477s
1398 0.918517 0.548028 0.0188567 5.85549s
1399 0.918517 0.545305 0.0192468 6.07081s
1400 0.918517 0.554126 0.0190665 5.90874s
1401 0.918517 0.548339 0.0184894 5.82664s
1402 0.918517 0.553151 0.0185893 5.78348s
1403 0.918517 0.543559 0.0183694 5.79543s
1404 0.918517 0.549971 0.0208633 5.78426s
1405 0.918517 0.549616 0.0209969 5.80251s
1406 0.918517 0.549592 0.0196015 5.82219s
1407 0.918517 0.550814 0.0186978 5.80995s
1408 0.918517 0.546308 0.01946 6.07852s
1409 0.918517 0.555787 0.0200691 5.82206s
1410 0.918517 0.551165 0.0201028 5.76135s
1411 0.918517 0.556327 0.0183993 5.81808s
1412 0.918517 0.551293 0.0186335 5.83494s
1413 0.918517 0.550784 0.0184473 5.85137s
1414 0.918517 0.549561 0.0200861 5.86603s
1415 0.918517 0.558684 0.0194127 5.83263s
1416 0.918517 0.551146 0.018287 5.8912s
1417 0.918517 0.559451 0.0193197 5.81615s
1418 0.918799 0.554489 0.0197124 5.8643s
1419 0.918799 0.557432 0.0198353 5.84072s
1420 0.918799 0.550349 0.0185614 5.85636s
1421 0.918799 0.556053 0.0200796 5.86387s
1422 0.918799 0.549024 0.0190249 5.84871s
1423 0.918799 0.554339 0.0189461 5.84041s
1424 0.918799 0.564623 0.0201037 5.81952s
1425 0.918799 0.548664 0.0177917 6.06641s
1426 0.918799 0.554207 0.0194302 5.84245s
1427 0.918799 0.559997 0.0197953 5.79739s
1428 0.918799 0.553669 0.0188886 5.7917s
1429 0.918799 0.55483 0.0199109 5.86551s
1430 0.918799 0.553523 0.0187977 6.10949s
1431 0.918799 0.548297 0.0203482 5.83714s
1432 0.918799 0.55453 0.0190128 5.79515s
1433 0.918799 0.554186 0.0188534 5.82363s
1434 0.918799 0.555271 0.0200429 5.8498s
1435 0.918799 0.550495 0.0191106 5.83406s
1436 0.918799 0.551843 0.0205221 5.82281s
1437 0.918799 0.55559 0.0199655 5.80865s
1438 0.918799 0.556621 0.0190693 5.8627s
1439 0.918799 0.55812 0.0200965 5.85308s
1440 0.918799 0.555117 0.0200997 5.86838s
1441 0.918799 0.554447 0.0195379 5.78771s
1442 0.918799 0.554155 0.0194148 5.8501s
1443 0.918799 0.548458 0.0191301 5.76062s
1444 0.918799 0.554515 0.0203628 5.81028s
1445 0.918799 0.555184 0.0203322 5.85431s
1446 0.918799 0.554501 0.0196589 5.82571s
1447 0.918799 0.554867 0.0191373 5.82921s
1448 0.918799 0.554815 0.0190355 5.78904s
1449 0.918799 0.549628 0.0183459 5.81057s
1450 0.918799 0.558371 0.0200394 5.79762s
1451 0.918799 0.560029 0.0197433 5.80699s
1452 0.918799 0.549329 0.0194604 5.81406s
1453 0.918799 0.551364 0.0189997 5.9908s
1454 0.918799 0.549684 0.0194511 6.13722s
1455 0.918799 0.545948 0.0198172 5.87038s
1456 0.918799 0.552468 0.0188279 5.8549s
1457 0.918799 0.548849 0.0194328 5.82082s
1458 0.918799 0.55047 0.0196292 5.84938s
1459 0.918799 0.556567 0.0195717 6.14602s
1460 0.918799 0.54691 0.0198348 5.80924s
1461 0.918799 0.553781 0.0177815 5.78244s
1462 0.918799 0.556778 0.0193264 5.81525s
1463 0.918799 0.555274 0.0196559 5.85454s
1464 0.918799 0.55658 0.0201597 5.83425s
1465 0.918799 0.55424 0.0191849 5.84407s
1466 0.918799 0.549334 0.0186787 5.82196s
1467 0.918799 0.555761 0.0174181 5.84652s
1468 0.918799 0.549858 0.0192023 5.83705s
1469 0.918799 0.555278 0.0189426 5.86208s
1470 0.918799 0.560904 0.0188612 5.83944s
1471 0.918799 0.549634 0.0186206 5.87222s
1472 0.918799 0.551313 0.0188256 5.81828s
1473 0.918799 0.558849 0.0186704 6.1464s
1474 0.918799 0.548995 0.0186625 5.8275s
1475 0.918799 0.551555 0.0193187 5.8091s
1476 0.918799 0.545677 0.0193418 5.78318s
1477 0.918799 0.54862 0.0186305 5.83079s
1478 0.918799 0.543862 0.0199727 5.85139s
1479 0.918799 0.551064 0.0197807 5.81776s
1480 0.918799 0.554392 0.019306 5.8655s
1481 0.918799 0.555932 0.0198678 5.82863s
1482 0.918799 0.554716 0.0217378 5.79404s
1483 0.918799 0.551111 0.0213295 5.81802s
1484 0.918799 0.560282 0.0199847 5.79176s
1485 0.918799 0.546707 0.0198686 5.80906s
1486 0.918799 0.549568 0.0186651 5.85744s
1487 0.918799 0.556924 0.0202073 5.82905s
1488 0.918799 0.545257 0.0201327 5.84728s
1489 0.918799 0.55375 0.0183361 5.82153s
1490 0.918799 0.553145 0.0192113 5.76088s
1491 0.918799 0.547963 0.018608 5.86127s
1492 0.918799 0.546707 0.018111 5.86013s
1493 0.918799 0.549938 0.0198183 5.93335s
1494 0.918799 0.545554 0.0194817 6.12885s
1495 0.918799 0.54867 0.0193267 5.85465s
1496 0.918799 0.5486 0.0191009 5.86495s
1497 0.918799 0.54956 0.0188941 5.80991s
1498 0.918799 0.551864 0.0203676 5.82039s
1499 0.918799 0.549897 0.0201545 5.86364s
1500 0.918799 0.552625 0.0196933 5.83438s
1501 0.918799 0.545175 0.0187377 5.86116s
1502 0.918799 0.551891 0.01982 5.82117s
1503 0.918799 0.554128 0.0189023 5.87866s
1504 0.918799 0.544419 0.018784 5.77482s
1505 0.918799 0.553261 0.0187138 5.85724s
1506 0.918799 0.553082 0.0197939 5.85838s
1507 0.918799 0.550795 0.0193139 5.84146s
1508 0.918799 0.554138 0.0199607 5.85289s
1509 0.918799 0.548264 0.0182919 5.89936s
1510 0.918799 0.548139 0.0187763 5.8651s
1511 0.918799 0.544582 0.0189481 5.84466s
1512 0.918799 0.547441 0.0180399 5.82109s
1513 0.918799 0.550905 0.0190085 5.83859s
1514 0.918799 0.552706 0.0203875 5.80723s
1515 0.918799 0.552218 0.0193456 5.85001s
1516 0.918799 0.559277 0.0194274 6.13235s
1517 0.918799 0.554286 0.0194688 5.86041s
1518 0.918799 0.550015 0.0208232 5.84289s
1519 0.918799 0.558373 0.0197843 5.84144s
1520 0.918799 0.550858 0.0198202 5.93413s
1521 0.918799 0.556014 0.019304 5.83717s
1522 0.918799 0.552073 0.0202122 5.78795s
1523 0.918799 0.552737 0.0190257 5.78663s
1524 0.918799 0.5503 0.0202573 5.79955s
1525 0.918799 0.552779 0.0198115 5.88177s
1526 0.918799 0.554501 0.0185146 5.85117s
1527 0.918799 0.555377 0.0217397 5.80719s
1528 0.918799 0.558765 0.0203185 5.83461s
1529 0.918799 0.560108 0.0191674 5.83643s
1530 0.918799 0.550891 0.018727 5.83915s
1531 0.918799 0.562257 0.0213197 5.83552s
1532 0.918799 0.556552 0.0208939 5.84494s
1533 0.918799 0.552227 0.0183444 5.79847s
1534 0.918799 0.554843 0.0191395 5.87842s
1535 0.918799 0.554277 0.0199613 6.03341s
1536 0.918799 0.559702 0.0201228 5.83377s
1537 0.918799 0.557765 0.0182988 5.82744s
1538 0.918799 0.556504 0.0197427 5.77753s
1539 0.918799 0.554898 0.0182272 5.81774s
1540 0.918799 0.550744 0.0192005 5.82197s
1541 0.918799 0.550568 0.0181779 6.02988s
1542 0.918799 0.545172 0.0182227 5.8158s
1543 0.918799 0.546937 0.0193776 5.75916s
1544 0.918799 0.55008 0.0186253 5.80544s
1545 0.918799 0.552079 0.0186926 5.83612s
1546 0.918799 0.551531 0.0178854 5.79623s
1547 0.918799 0.546997 0.0185041 5.80572s
1548 0.918799 0.555515 0.0204535 5.82942s
1549 0.918799 0.554437 0.0195332 5.86861s
1550 0.918799 0.558358 0.0189718 5.827s
1551 0.918799 0.549205 0.0195391 5.80566s
1552 0.918799 0.552337 0.0193349 5.82745s
1553 0.918799 0.552691 0.0194456 5.78712s
1554 0.918799 0.561931 0.0194229 5.80004s
1555 0.918799 0.557735 0.0198206 5.7647s
1556 0.918799 0.553496 0.0202162 5.87289s
1557 0.918799 0.555535 0.0178114 5.79931s
1558 0.918799 0.551146 0.0191664 5.91042s
1559 0.918799 0.555494 0.0193606 5.82964s
1560 0.918799 0.558381 0.0205063 5.80107s
1561 0.918799 0.544207 0.0193946 5.82693s
1562 0.918799 0.557607 0.0201411 5.98141s
1563 0.918799 0.550491 0.0187722 6.12038s
1564 0.918799 0.560246 0.0196461 5.77764s
1565 0.918799 0.552619 0.0190771 5.90638s
1566 0.918799 0.553081 0.0205107 5.76662s
1567 0.918799 0.544429 0.0184381 5.86092s
1568 0.918799 0.553868 0.0207123 5.82086s
1569 0.918799 0.548615 0.0189406 5.73675s
1570 0.918799 0.555117 0.0207473 5.81591s
1571 0.918799 0.555815 0.0194451 5.80748s
1572 0.918799 0.55132 0.0190419 5.8357s
1573 0.918799 0.55439 0.0186801 5.82739s
1574 0.918799 0.549325 0.0189347 5.81064s
1575 0.918799 0.552055 0.0203727 5.83787s
1576 0.918799 0.557596 0.0188344 5.86013s
1577 0.918799 0.559547 0.0205225 5.84229s
1578 0.918799 0.546969 0.0185008 5.85564s
1579 0.918799 0.546539 0.0196036 5.81752s
1580 0.918799 0.548384 0.0187394 5.84054s
1581 0.918799 0.553171 0.0192657 5.85505s
1582 0.918799 0.545615 0.0192088 5.88008s
1583 0.918799 0.545116 0.0184366 5.77706s
1584 0.918799 0.548361 0.0182018 5.82238s
1585 0.918799 0.552602 0.0192292 5.91685s
1586 0.918799 0.551394 0.0197837 5.78951s
1587 0.918799 0.551893 0.0194613 5.81855s
1588 0.918799 0.557806 0.0196067 5.80233s
1589 0.918799 0.552305 0.0184499 5.84937s
1590 0.918799 0.553827 0.0179071 5.79444s
1591 0.918799 0.556297 0.0197704 5.83711s
1592 0.918799 0.561147 0.0202458 5.90471s
1593 0.918799 0.560323 0.0201099 5.7921s
1594 0.918799 0.550426 0.0192974 5.83211s
1595 0.918799 0.553672 0.0192612 5.88552s
1596 0.918799 0.555281 0.0209661 5.86349s
1597 0.918799 0.549102 0.0193286 5.83034s
1598 0.918799 0.558877 0.0196858 5.83486s
1599 0.918799 0.551402 0.0194366 5.8146s
1600 0.918799 0.552012 0.0187799 5.92197s
1601 0.918799 0.551366 0.0187411 5.87816s
1602 0.918799 0.551231 0.0185976 5.80342s
1603 0.918799 0.551395 0.0192688 5.84568s
1604 0.918799 0.554877 0.0193607 5.86803s
1605 0.918799 0.549488 0.0195955 5.80893s
1606 0.918799 0.557484 0.0180975 5.83914s
1607 0.918799 0.556263 0.0186182 5.82989s
1608 0.918799 0.559377 0.0201285 6.01555s
1609 0.918799 0.544222 0.0188063 5.77447s
1610 0.918799 0.554125 0.0193713 5.83129s
1611 0.918799 0.556048 0.0189888 6.01791s
1612 0.918799 0.547587 0.019565 5.82206s
1613 0.918799 0.548432 0.0190683 5.84089s
1614 0.918799 0.553535 0.0184901 5.79874s
1615 0.918799 0.551281 0.0194953 5.82066s
1616 0.918799 0.558264 0.0188928 5.85696s
1617 0.918799 0.55168 0.0201027 5.87931s
1618 0.918799 0.559367 0.0188389 5.85454s
1619 0.918799 0.550189 0.0194603 5.79785s
1620 0.918799 0.551084 0.0196666 5.81653s
1621 0.918799 0.548751 0.0194555 6.08711s
1622 0.918799 0.548775 0.0195179 5.84897s
1623 0.918799 0.557898 0.0193465 5.85064s
1624 0.918799 0.555161 0.0202756 5.80864s
1625 0.918799 0.559469 0.0195351 6.06614s
1626 0.918799 0.551399 0.0224854 5.83467s
1627 0.918799 0.553758 0.0195981 5.77203s
1628 0.918799 0.559345 0.0192895 5.85317s
1629 0.918799 0.55717 0.0184024 5.84604s
1630 0.918799 0.556867 0.01922 5.79414s
1631 0.918799 0.551964 0.0204681 5.82584s
1632 0.918799 0.555409 0.0192662 5.80951s
1633 0.918799 0.558182 0.0192987 5.85983s
1634 0.918799 0.55039 0.0184762 5.77936s
1635 0.918799 0.548533 0.0208062 5.83052s
1636 0.918799 0.549933 0.0196775 5.86709s
1637 0.918799 0.544829 0.0192739 5.81399s
1638 0.918799 0.548888 0.0195066 5.80986s
1639 0.918799 0.550591 0.0194238 5.84569s
1640 0.918799 0.549911 0.0188154 5.83892s
1641 0.918799 0.549948 0.0196285 5.87712s
1642 0.918799 0.542672 0.0181963 5.89609s
1643 0.918799 0.543309 0.0187609 5.87523s
1644 0.918799 0.54818 0.0186169 5.8355s
1645 0.918799 0.555643 0.0184172 5.79374s
1646 0.918799 0.5522 0.0187735 6.05618s
1647 0.918799 0.550139 0.0200601 5.83215s
1648 0.918799 0.555505 0.0194722 5.78741s
1649 0.918799 0.551365 0.0211176 5.89131s
1650 0.918799 0.551061 0.021595 5.80533s
1651 0.918799 0.553843 0.0203938 5.82925s
1652 0.918799 0.561956 0.0187932 5.84645s
1653 0.918799 0.558122 0.0184924 5.82762s
1654 0.918799 0.554856 0.019583 5.82584s
1655 0.918799 0.553458 0.0186186 5.81782s
1656 0.918799 0.556856 0.0199775 5.80263s
1657 0.918799 0.562444 0.0198782 5.8162s
1658 0.918799 0.555742 0.0191274 5.80807s
1659 0.918799 0.555344 0.0194406 5.80022s
1660 0.918799 0.558812 0.0190606 5.82627s
1661 0.918799 0.549048 0.018656 6.03204s
1662 0.918799 0.552541 0.0186821 5.86591s
1663 0.918799 0.548838 0.0190017 5.83162s
1664 0.918799 0.554304 0.018555 5.85996s
1665 0.918799 0.549956 0.0190602 5.77287s
1666 0.918799 0.557566 0.018635 5.83165s
1667 0.918799 0.555941 0.0196207 6.5964s
1668 0.918799 0.547049 0.0193113 5.82431s
1669 0.918799 0.550928 0.0197273 5.85123s
1670 0.918799 0.551847 0.0191596 5.86608s
1671 0.918799 0.548968 0.0199783 5.84828s
1672 0.918799 0.56017 0.0198164 5.8481s
1673 0.918799 0.550813 0.0187393 5.8342s
1674 0.918799 0.555432 0.0192177 5.81625s
1675 0.918799 0.558146 0.0205175 5.73639s
1676 0.918799 0.550862 0.0193954 5.81728s
1677 0.918799 0.551472 0.019809 5.81165s
1678 0.918799 0.551945 0.0187947 5.88472s
1679 0.918799 0.558804 0.0195594 5.83398s
1680 0.918799 0.551795 0.0182858 5.84598s
1681 0.918799 0.553173 0.0194154 5.8751s
1682 0.918799 0.556343 0.0196059 5.8359s
1683 0.918799 0.542761 0.0190165 5.80683s
1684 0.918799 0.548837 0.0191825 5.83698s
1685 0.918799 0.550622 0.0197199 5.83472s
1686 0.918799 0.559702 0.0221459 5.8714s
1687 0.918799 0.549208 0.0207267 5.89622s
1688 0.918799 0.552198 0.0205503 5.8516s
1689 0.918799 0.549738 0.0186934 5.76192s
1690 0.918799 0.558272 0.0203248 5.8022s
1691 0.918799 0.551039 0.0191428 5.84859s
1692 0.918799 0.552618 0.0192299 5.85678s
1693 0.918799 0.554729 0.0192905 5.83785s
1694 0.918799 0.54907 0.0189382 5.83219s
1695 0.918799 0.546411 0.0200739 5.83793s
1696 0.918799 0.554377 0.0198409 5.83569s
1697 0.918799 0.553948 0.0197201 5.7526s
1698 0.918799 0.560339 0.0208615 5.78492s
1699 0.918799 0.552451 0.020073 5.80589s
1700 0.918799 0.552512 0.0187767 5.81221s
1701 0.918799 0.556808 0.0196655 6.06993s
1702 0.918799 0.553009 0.0193995 5.8374s
1703 0.918799 0.55001 0.0197909 5.84104s
1704 0.918799 0.548832 0.0195189 5.7937s
1705 0.918799 0.550403 0.0200316 5.86045s
1706 0.918799 0.545231 0.0200008 5.92791s
1707 0.918799 0.549836 0.0185884 5.89654s
1708 0.918799 0.548918 0.0188648 5.83147s
1709 0.918799 0.550602 0.0186317 5.83241s
1710 0.918799 0.552068 0.0176967 5.85831s
1711 0.918799 0.551595 0.0202431 5.84849s
1712 0.918799 0.54525 0.0183107 5.87742s
1713 0.918799 0.554449 0.0184939 5.81114s
1714 0.918799 0.558707 0.020563 5.83292s
1715 0.918799 0.551843 0.0187159 5.84128s
1716 0.918799 0.548188 0.0205865 5.88642s
1717 0.918799 0.555587 0.0189002 5.81939s
1718 0.918799 0.552991 0.0205021 5.85777s
1719 0.918799 0.559121 0.0208645 5.74766s
1720 0.918799 0.558155 0.0199831 5.78989s
1721 0.918799 0.550008 0.0203479 5.80454s
1722 0.918799 0.555654 0.0177341 5.8033s
1723 0.918799 0.555748 0.0184853 5.80696s
1724 0.918799 0.559954 0.0205537 5.80686s
1725 0.918799 0.55536 0.0189772 5.83842s
1726 0.918799 0.556345 0.0201425 5.85625s
1727 0.918799 0.54753 0.0182483 5.894s
1728 0.918799 0.553093 0.0185483 5.84084s
1729 0.918799 0.549141 0.0186091 5.77179s
1730 0.918799 0.552289 0.0191441 5.83479s
1731 0.918799 0.556314 0.0183955 5.76018s
1732 0.918799 0.555919 0.0199723 5.76021s
1733 0.918799 0.560089 0.0192033 5.79595s
1734 0.918799 0.546892 0.0188148 5.87627s
1735 0.918799 0.552221 0.019623 5.79293s
1736 0.918799 0.557919 0.019637 5.80866s
1737 0.918799 0.556501 0.0190101 5.78892s
1738 0.918799 0.546437 0.0190618 5.82774s
1739 0.918799 0.554568 0.0188332 5.80327s
1740 0.918799 0.552999 0.0179586 5.84492s
1741 0.918799 0.552614 0.0181472 5.84089s
1742 0.918799 0.551502 0.0179645 6.05754s
1743 0.918799 0.550795 0.0192356 5.86102s
1744 0.918799 0.55754 0.0192184 5.79177s
1745 0.918799 0.550717 0.0184744 5.84552s
1746 0.918799 0.549238 0.0178436 5.8597s
1747 0.918799 0.550858 0.0189252 5.83465s
1748 0.918799 0.551984 0.0195882 5.81857s
1749 0.918799 0.549196 0.0190518 5.83095s
1750 0.918799 0.547709 0.0188284 5.79539s
1751 0.918799 0.547554 0.0197215 5.85733s
1752 0.918799 0.556491 0.021345 5.81335s
1753 0.918799 0.555808 0.0214715 5.7777s
1754 0.918799 0.552554 0.0183873 5.85136s
1755 0.918799 0.552075 0.0185949 5.80748s
1756 0.918799 0.550149 0.0217581 5.83273s
1757 0.918799 0.546334 0.019291 5.87581s
1758 0.918799 0.555227 0.0210814 5.8604s
1759 0.918799 0.551499 0.0192259 5.84602s
1760 0.918799 0.555472 0.0196277 5.84528s
1761 0.918799 0.557443 0.0188815 5.83859s
1762 0.918799 0.555403 0.0179222 5.83959s
1763 0.918799 0.55855 0.0179772 5.83566s
1764 0.918799 0.557006 0.0196784 5.86197s
1765 0.918799 0.549273 0.0194652 5.86482s
1766 0.918799 0.552364 0.0179251 5.84766s
1767 0.918799 0.549523 0.0189203 5.86265s
1768 0.918799 0.544765 0.0196854 6.06479s
1769 0.918799 0.5534 0.018972 5.85412s
1770 0.918799 0.546333 0.0182343 5.91639s
1771 0.918799 0.555329 0.0201233 6.14876s
1772 0.918799 0.555306 0.0194651 5.77994s
1773 0.918799 0.548401 0.0186713 5.83464s
1774 0.918799 0.553196 0.0186622 5.85448s
1775 0.918799 0.553729 0.0193675 5.84614s
1776 0.918799 0.550959 0.0194327 5.80784s
1777 0.918799 0.555355 0.0192629 5.80872s
1778 0.918799 0.546601 0.0184069 5.84611s
1779 0.918799 0.554066 0.0193275 5.82884s
1780 0.918799 0.559429 0.0199668 5.7834s
1781 0.918799 0.558335 0.0189257 5.87564s
1782 0.918799 0.55827 0.0184541 5.87442s
1783 0.918799 0.554777 0.0202928 5.84365s
1784 0.918799 0.552054 0.0200146 5.8473s
1785 0.918799 0.559633 0.0209838 5.92843s
1786 0.918799 0.562381 0.019686 5.81887s
1787 0.918799 0.551768 0.0192227 5.76784s
1788 0.918799 0.550255 0.0201749 5.90073s
1789 0.918799 0.558172 0.0188043 5.81482s
1790 0.918799 0.555939 0.0204415 5.84108s
1791 0.918799 0.558494 0.0207774 5.8069s
1792 0.918799 0.553062 0.020048 5.83685s
1793 0.918799 0.554478 0.0213074 5.85248s
1794 0.918799 0.55842 0.0204295 5.818s
1795 0.918799 0.557525 0.0186982 5.76047s
1796 0.918799 0.550644 0.0181049 5.88892s
1797 0.918799 0.552453 0.0195478 5.88442s
1798 0.918799 0.550585 0.0195389 5.87279s
1799 0.918799 0.549147 0.0187542 5.79886s
1800 0.918799 0.54938 0.0218277 5.87896s
1801 0.918799 0.557176 0.0192844 5.97038s
1802 0.918799 0.568312 0.022158 5.84189s
1803 0.918799 0.561181 0.0180102 5.91353s
1804 0.918799 0.551535 0.0193548 5.94507s
1805 0.918799 0.557262 0.0195387 5.934s
1806 0.918799 0.557318 0.0195714 5.82816s
1807 0.918799 0.553785 0.0194025 5.81299s
1808 0.918799 0.555246 0.0188959 5.84343s
1809 0.918799 0.547908 0.0192136 5.82362s
1810 0.918799 0.549544 0.0200199 5.80731s
1811 0.918799 0.548611 0.0193217 5.83694s
1812 0.918799 0.555027 0.018836 5.85671s
1813 0.918799 0.555651 0.0195055 5.85384s
1814 0.918799 0.54717 0.0195973 5.85816s
1815 0.918799 0.554655 0.018938 5.81054s
1816 0.918799 0.548795 0.0201225 5.85733s
1817 0.918799 0.551236 0.0199909 5.83902s
1818 0.918799 0.546501 0.0187287 5.94999s
1819 0.918799 0.551417 0.0190485 5.92241s
1820 0.918799 0.556334 0.0188846 5.77374s
1821 0.918799 0.558022 0.019834 5.80406s
1822 0.918799 0.555105 0.0196945 5.8339s
1823 0.918799 0.550275 0.0185117 5.83148s
1824 0.918799 0.547218 0.0187742 5.78718s
1825 0.918799 0.551765 0.0190341 5.86202s
1826 0.918799 0.5481 0.0200282 5.7952s
1827 0.918799 0.550118 0.0193061 5.81872s
1828 0.918799 0.543714 0.0194078 5.83068s
1829 0.918799 0.551736 0.0193701 5.82503s
1830 0.918799 0.553651 0.018765 5.80377s
1831 0.918799 0.563722 0.0220275 5.82725s
1832 0.918799 0.557515 0.0192585 5.78638s
1833 0.918799 0.553163 0.0207851 5.91205s
1834 0.918799 0.552612 0.0181216 5.92878s
1835 0.918799 0.557516 0.0197084 5.78834s
1836 0.918799 0.552383 0.020411 5.79766s
1837 0.918799 0.555801 0.019112 5.80473s
1838 0.918799 0.554768 0.0195253 5.8352s
1839 0.918799 0.552092 0.0191351 5.81368s
1840 0.918799 0.546159 0.0182711 5.7859s
1841 0.918799 0.551032 0.0182235 5.83556s
1842 0.918799 0.547777 0.0195484 5.82373s
1843 0.918799 0.553846 0.0205449 5.82551s
1844 0.918799 0.550478 0.0183819 5.85564s
1845 0.918799 0.554725 0.019887 5.8544s
1846 0.918799 0.557151 0.0204189 5.83126s
1847 0.918799 0.545876 0.018907 5.75889s
1848 0.918799 0.553101 0.018852 5.84151s
1849 0.918799 0.552157 0.0191948 5.85182s
1850 0.918799 0.550241 0.0187794 5.83303s
1851 0.918799 0.554426 0.0196004 5.76989s
1852 0.918799 0.550004 0.019011 5.82741s
1853 0.918799 0.550461 0.0207252 6.11303s
1854 0.918799 0.553184 0.0192328 5.95143s
1855 0.918799 0.554698 0.0184265 5.98047s
1856 0.918799 0.548155 0.0191704 5.91867s
1857 0.918799 0.549098 0.0180005 5.83985s
1858 0.918799 0.545631 0.018889 5.83582s
1859 0.918799 0.546009 0.018792 5.92942s
1860 0.918799 0.549984 0.0194153 5.82654s
1861 0.918799 0.546608 0.0203839 5.86521s
1862 0.918799 0.550877 0.0194139 5.86016s
1863 0.918799 0.555131 0.0199463 5.86299s
1864 0.918799 0.552428 0.0197731 5.83273s
1865 0.918799 0.551936 0.0201013 5.89683s
1866 0.918799 0.549326 0.0194089 5.80834s
1867 0.918799 0.547373 0.0189489 5.76356s
1868 0.918799 0.551093 0.0179107 5.9227s
1869 0.918799 0.551456 0.0189645 5.79195s
1870 0.918799 0.561924 0.0194116 5.84663s
1871 0.918799 0.551976 0.02008 5.86619s
1872 0.918799 0.558211 0.0209987 5.83873s
1873 0.918799 0.552943 0.020237 5.74603s
1874 0.918799 0.544704 0.0187826 6.70222s
1875 0.918799 0.551931 0.0180729 5.81393s
1876 0.918799 0.556399 0.0185231 5.81411s
1877 0.918799 0.555327 0.0179288 5.85013s
1878 0.918799 0.54637 0.0184654 5.93314s
1879 0.918799 0.551594 0.01812 5.85772s
1880 0.918799 0.55229 0.0194574 5.82079s
1881 0.918799 0.548994 0.0185793 5.97187s
1882 0.918799 0.553287 0.0184755 5.90343s
1883 0.918799 0.554015 0.0186071 5.93818s
1884 0.918799 0.554525 0.0192429 5.93823s
1885 0.918799 0.548447 0.0180082 5.95319s
1886 0.918799 0.547247 0.019435 5.90608s
1887 0.918799 0.547528 0.0188725 5.82632s
1888 0.918799 0.558738 0.0206763 5.8856s
1889 0.918799 0.55595 0.0196397 5.88484s
1890 0.918799 0.555593 0.0207906 5.8192s
1891 0.918799 0.557244 0.0180193 5.86318s
1892 0.918799 0.54519 0.0191436 5.90423s
1893 0.918799 0.549651 0.0176761 5.90448s
1894 0.918799 0.547971 0.0188701 5.82215s
1895 0.918799 0.550731 0.0194327 5.87535s
1896 0.918799 0.544902 0.0188607 5.79897s
1897 0.918799 0.550354 0.0189534 5.86517s
1898 0.918799 0.553752 0.0180047 5.85026s
1899 0.918799 0.548809 0.0182983 5.81863s
1900 0.918799 0.553724 0.0186721 5.85004s
1901 0.918799 0.550642 0.0195849 5.80932s
1902 0.918799 0.548439 0.0200576 5.8271s
1903 0.918799 0.554821 0.0199455 5.82977s
1904 0.918799 0.551649 0.0193169 5.87177s
1905 0.918799 0.551562 0.0180997 5.79327s
1906 0.918799 0.549286 0.0195486 5.77244s
1907 0.918799 0.561525 0.0211905 5.79471s
1908 0.918799 0.556845 0.0207161 5.81987s
1909 0.918799 0.561251 0.0188938 5.81793s
1910 0.918799 0.55211 0.0183646 5.85213s
1911 0.918799 0.550092 0.0195155 5.91565s
1912 0.918799 0.555198 0.0209671 5.83728s
1913 0.918799 0.553569 0.0195973 5.85399s
1914 0.918799 0.549094 0.0195797 5.82473s
1915 0.918799 0.553413 0.0195254 5.83709s
1916 0.918799 0.552424 0.0191411 5.839s
1917 0.918799 0.549554 0.0189466 5.88578s
1918 0.918799 0.563138 0.0193059 5.84598s
1919 0.918799 0.55424 0.0188516 5.76076s
1920 0.918799 0.559151 0.0201502 5.8667s
1921 0.918799 0.55297 0.0187007 5.79709s
1922 0.918799 0.550146 0.0184953 5.87s
1923 0.918799 0.553929 0.0210048 5.83946s
1924 0.918799 0.558278 0.0195881 5.85324s
1925 0.918799 0.550839 0.0208071 6.12003s
1926 0.918799 0.557577 0.0197886 5.86547s
1927 0.918799 0.547697 0.0186808 5.85048s
1928 0.918799 0.550812 0.0187312 5.74937s
1929 0.918799 0.555943 0.0187797 5.84581s
1930 0.918799 0.546485 0.0187513 5.80301s
1931 0.918799 0.554801 0.0200948 5.82147s
1932 0.918799 0.55256 0.0185669 5.88294s
1933 0.918799 0.547954 0.0186276 5.86131s
1934 0.918799 0.548826 0.0180032 5.84099s
1935 0.918799 0.552473 0.0187587 5.8557s
1936 0.918799 0.549334 0.0175706 5.82136s
1937 0.918799 0.550927 0.0187017 5.7986s
1938 0.918799 0.549494 0.0191863 5.87455s
1939 0.918799 0.553134 0.0193028 5.95605s
1940 0.918799 0.551391 0.0179111 5.81505s
1941 0.918799 0.550034 0.0181113 6.03905s
1942 0.918799 0.548832 0.0185498 5.84599s
1943 0.918799 0.549424 0.0191516 5.82715s
1944 0.918799 0.562232 0.0194398 5.78043s
1945 0.918799 0.549534 0.0183436 5.89021s
1946 0.918799 0.557009 0.0192051 5.86935s
1947 0.918799 0.546544 0.0200805 5.76697s
1948 0.918799 0.555262 0.0194499 5.85322s
1949 0.918799 0.551537 0.0195375 5.87541s
1950 0.918799 0.553151 0.019822 5.9524s
1951 0.918799 0.554121 0.020359 5.93028s
1952 0.918799 0.553815 0.0184243 6.0746s
1953 0.918799 0.546887 0.0187008 5.85034s
1954 0.918799 0.554214 0.0188566 5.83653s
1955 0.918799 0.558396 0.019013 5.91617s
1956 0.918799 0.557351 0.019591 5.8686s
1957 0.918799 0.5566 0.0211893 5.98695s
1958 0.918799 0.555276 0.0189978 5.98103s
1959 0.918799 0.556017 0.0191481 6.03904s
1960 0.918799 0.557429 0.0205619 5.89392s
1961 0.918799 0.549517 0.0204613 5.89948s
1962 0.918799 0.554791 0.0189093 5.98752s
1963 0.918799 0.55211 0.0190157 5.8323s
1964 0.918799 0.554621 0.0190346 5.97718s
1965 0.918799 0.560488 0.0194134 5.76839s
1966 0.918799 0.557424 0.0197709 5.8878s
1967 0.918799 0.562587 0.0222183 5.89771s
1968 0.918799 0.559684 0.0186575 5.84759s
1969 0.918799 0.557098 0.0187045 5.83668s
1970 0.918799 0.551489 0.0194744 5.76723s
1971 0.918799 0.55719 0.0190701 5.78027s
1972 0.918799 0.554443 0.0195149 5.89778s
1973 0.918799 0.556264 0.0186699 5.80542s
1974 0.918799 0.553403 0.0191826 5.86293s
1975 0.918799 0.551883 0.0180829 5.75243s
1976 0.918799 0.555102 0.0185802 5.97669s
1977 0.918799 0.551069 0.0202204 6.13892s
1978 0.918799 0.55087 0.0197468 5.8736s
1979 0.918799 0.556478 0.0193659 5.88349s
1980 0.918799 0.55129 0.0186575 5.81903s
1981 0.918799 0.555783 0.0208404 5.77767s
1982 0.918799 0.548953 0.019425 6.02875s
1983 0.918799 0.557955 0.020404 5.90011s
1984 0.918799 0.555943 0.0203052 5.83292s
1985 0.918799 0.554686 0.0182402 5.83577s
1986 0.918799 0.547863 0.0182538 5.8264s
1987 0.918799 0.54587 0.0186413 5.82777s
1988 0.918799 0.554084 0.0191795 5.87284s
1989 0.918799 0.554202 0.0194215 5.92956s
1990 0.918799 0.553619 0.0206166 5.96638s
1991 0.918799 0.553563 0.0200009 5.79755s
1992 0.918799 0.551745 0.0207177 5.8385s
1993 0.918799 0.551155 0.0180756 5.82368s
1994 0.918799 0.549281 0.0188405 5.79689s
1995 0.918799 0.546716 0.0188633 5.82899s
1996 0.918799 0.550266 0.018996 5.83144s
1997 0.918799 0.548922 0.018225 5.92567s
1998 0.918799 0.547267 0.0200248 5.84368s
1999 0.918799 0.555218 0.0203619 5.85011s
2000 0.918799 0.552533 0.0198089 5.82464s
