251  73
252  6
276  12
276  67
285  91
291  1
299  77
319  57
329  18
331  91
340  49
360  73
365  88
368  84
368  95
369  78
372  6
373  2
378  60
383  22
387  19
388  61
393  30
394  88
407  92
410  85
426  12
427  67
427  88
429  22
431  17
431  78
434  92
436  35
438  5
440  85
452  2
453  69
454  10
459  88
460  6
480  84
482  91
483  95
486  73
498  1
503  87
505  77
506  94
507  91
509  57
522  62
526  44
526  87
527  74
531  94
535  91
540  29
544  98
545  26
546  43
548  75
552  87
553  65
554  51
554  93
560  94
565  91
566  18
577  57
583  95
585  49
585  84
588  88
591  28
593  67
597  92
600  85
605  50
607  53
607  81
612  4
612  36
613  86
614  87
614  88
620  92
626  85
632  81
642  53
646  3
648  86
666  14
