post
8
6
9
4
8
7
6
5
1
2
9
0
8
3
9
1
2
5
5
2
3
2
5
0
4
0
0
7
3
7
2
7
4
5
2
3
5
4
delay_length
1
1
1
1
1
1
1
1
1
1
1
1
1
1
1
1
2
0
2
0
-12851
-12851
-12851
-12851
-12851
-12851
-12851
-12851
-12851
-12851
-12851
-12851
-12851
-12851
-12851
-12851
-12851
-12851
delays
[0][0][0]0
[0][0][1]-12851
[0][1][0]1
[0][1][1]-12851
[1][0][0]0
[1][0][1]-12851
[1][1][0]1
[1][1][1]-12851
[2][0][0]0
[2][0][1]-12851
[2][1][0]1
[2][1][1]-12851
[3][0][0]0
[3][0][1]-12851
[3][1][0]1
[3][1][1]-12851
[4][0][0]0
[4][0][1]-12851
[4][1][0]1
[4][1][1]-12851
[5][0][0]0
[5][0][1]-12851
[5][1][0]1
[5][1][1]-12851
[6][0][0]0
[6][0][1]-12851
[6][1][0]1
[6][1][1]-12851
[7][0][0]0
[7][0][1]-12851
[7][1][0]1
[7][1][1]-12851
[8][0][0]0
[8][0][1]1
[8][1][0]-12851
[8][1][1]-12851
[9][0][0]0
[9][0][1]1
[9][1][0]-12851
[9][1][1]-12851
[10][0][0]-12851
[10][0][1]-12851
[10][1][0]-12851
[10][1][1]-12851
[11][0][0]-12851
[11][0][1]-12851
[11][1][0]-12851
[11][1][1]-12851
[12][0][0]-12851
[12][0][1]-12851
[12][1][0]-12851
[12][1][1]-12851
[13][0][0]-12851
[13][0][1]-12851
[13][1][0]-12851
[13][1][1]-12851
[14][0][0]-12851
[14][0][1]-12851
[14][1][0]-12851
[14][1][1]-12851
[15][0][0]-12851
[15][0][1]-12851
[15][1][0]-12851
[15][1][1]-12851
[16][0][0]-12851
[16][0][1]-12851
[16][1][0]-12851
[16][1][1]-12851
[17][0][0]-12851
[17][0][1]-12851
[17][1][0]-12851
[17][1][1]-12851
[18][0][0]-12851
[18][0][1]-12851
[18][1][0]-12851
[18][1][1]-12851
N_pre
1
2
1
1
1
1
2
1
3
3
0
0
0
0
0
0
0
2
2
I_pre
5
-842150451
-842150451
-842150451
-842150451
-842150451
4
7
-842150451
-842150451
-842150451
-842150451
4
-842150451
-842150451
-842150451
-842150451
-842150451
6
-842150451
-842150451
-842150451
-842150451
-842150451
1
-842150451
-842150451
-842150451
-842150451
-842150451
3
-842150451
-842150451
-842150451
-842150451
-842150451
0
3
-842150451
-842150451
-842150451
-842150451
2
-842150451
-842150451
-842150451
-842150451
-842150451
0
2
6
-842150451
-842150451
-842150451
1
5
7
-842150451
-842150451
-842150451
-842150451
-842150451
-842150451
-842150451
-842150451
-842150451
-842150451
-842150451
-842150451
-842150451
-842150451
-842150451
-842150451
-842150451
-842150451
-842150451
-842150451
-842150451
-842150451
-842150451
-842150451
-842150451
-842150451
-842150451
-842150451
-842150451
-842150451
-842150451
-842150451
-842150451
-842150451
-842150451
-842150451
-842150451
-842150451
-842150451
-842150451
-842150451
-842150451
-842150451
-842150451
-842150451
2
3
-842150451
-842150451
-842150451
-842150451
5
4
-842150451
-842150451
-842150451
-842150451
D_pre
1
-842150451
-842150451
-842150451
-842150451
-842150451
0
1
-842150451
-842150451
-842150451
-842150451
1
-842150451
-842150451
-842150451
-842150451
-842150451
1
-842150451
-842150451
-842150451
-842150451
-842150451
1
-842150451
-842150451
-842150451
-842150451
-842150451
1
-842150451
-842150451
-842150451
-842150451
-842150451
1
0
-842150451
-842150451
-842150451
-842150451
1
-842150451
-842150451
-842150451
-842150451
-842150451
0
0
0
-842150451
-842150451
-842150451
0
0
0
-842150451
-842150451
-842150451
-842150451
-842150451
-842150451
-842150451
-842150451
-842150451
-842150451
-842150451
-842150451
-842150451
-842150451
-842150451
-842150451
-842150451
-842150451
-842150451
-842150451
-842150451
-842150451
-842150451
-842150451
-842150451
-842150451
-842150451
-842150451
-842150451
-842150451
-842150451
-842150451
-842150451
-842150451
-842150451
-842150451
-842150451
-842150451
-842150451
-842150451
-842150451
-842150451
-842150451
-842150451
-842150451
0
0
-842150451
-842150451
-842150451
-842150451
0
0
-842150451
-842150451
-842150451
-842150451
a
0.02
0.02
0.02
0.02
0.02
0.02
0.02
0.02
0.1
0.1
0.1
0.1
0.1
0.1
0.1
0.1
0.1
0.1
0.1
d
8
8
8
8
8
8
8
8
2
2
2
2
2
2
2
2
2
2
2
