56
35
63
44
42
69
46
91
18
66
0
21
16
1
56
20
27
81
96
46
78
60
53
85
89
28
8
77
41
74
51
55
32
76
94
57
42
37
14
9
19
5
49
84
70
75
1
7
27
24
54
95
49
9
12
90
56
76
22
27
92
97
50
56
63
59
67
33
90
22
95
65
5
43
8
61
50
82
14
35
14
92
69
68
83
9
88
3
33
95
75
53
36
11
92
26
71
35
47
73
2
72
27
95
81
86
71
85
87
42
1
55
13
82
83
38
48
77
75
91
39
98
45
29
37
31
6
61
17
97
2
88
82
41
65
86
21
17
8
18
70
74
47
52
9
3
54
68
45
41
4
99
16
65
47
24
76
86
94
44
81
15
33
32
4
83
12
50
28
98
95
71
94
88
43
19
55
85
18
86
68
39
54
48
79
84
99
19
47
31
65
68
77
91
62
20
94
82
71
59
89
50
57
74
23
44
32
43
79
98
63
73
58
85
51
84
33
94
61
59
36
96
39
23
69
28
1
66
43
92
5
6
41
14
44
46
48
4
66
78
34
94
3
17
61
75
70
60
95
27
44
45
99
92
74
93
39
67
60
37
15
44
2
96
92
79
17
39
33
35
7
78
50
49
12
62
16
81
11
37
13
29
66
71
59
48
16
53
95
9
48
19
18
3
78
4
76
25
63
80
55
91
22
54
44
11
60
76
53
82
9
89
40
59
67
22
74
58
8
11
21
76
79
27
63
95
10
52
61
47
39
16
95
91
41
19
60
37
81
83
25
85
23
20
82
54
5
92
48
15
23
63
5
55
36
20
52
10
9
81
40
61
69
14
72
26
81
56
1
98
24
80
36
77
25
66
20
17
92
83
50
61
54
22
7
20
98
39
78
89
55
31
6
74
42
67
49
16
52
30
60
41
27
29
8
11
63
34
61
10
50
77
70
67
38
75
12
30
57
21
2
22
36
49
13
28
55
70
43
10
64
6
49
11
4
30
42
43
46
28
13
2
58
10
3
45
47
11
36
71
32
53
23
7
37
73
26
3
57
58
2
5
50
24
22
53
37
75
56
66
70
4
49
40
66
73
2
21
13
65
6
47
10
15
2
60
23
14
61
71
9
27
52
12
24
8
63
59
39
3
70
90
15
39
61
51
21
19
87
47
90
28
9
45
32
40
18
99
43
20
61
2
55
56
5
8
36
97
93
45
42
32
5
48
89
78
7
52
30
27
19
14
2
77
70
0
54
20
65
40
2.97273
12.1222
11.5941
11.1759
8.91277
19.5732
0.60054
10.6426
18.9426
7.32157
8.05054
1.34285
18.9799
19.7951
0.326854
4.74672
2.87671
15.8366
6.22877
8.5988
16.7524
4.42775
11.8297
16.387
12.3546
5.79479
4.07751
15.1894
5.36857
14.4251
2.99169
6.18879
7.33263
18.3808
3.54015
19.6096
6.71892
12.8975
11.0509
6.16683
2.91872
5.32252
6.5693
8.18577
13.286
4.48876
13.6745
2.13662
3.74922
19.6466
19.0987
19.3588
3.34288
8.10901
15.5057
9.86397
1.52372
13.2443
12.79
2.54437
10.1426
3.52104
15.6414
3.35675
3.41249
18.151
3.02431
16.1483
13.9245
1.23985
19.1561
14.9618
3.35256
10.6153
15.077
9.88665
19.3091
20
18.5471
19.7901
4.20101
8.65945
8.37941
7.44712
13.866
0.779965
14.5431
12.299
16.8468
16.4044
5.2187
10.5671
11.1995
2.212
4.69373
3.09179
17.1267
7.37679
10.3318
19.4636
8.94951
3.14738
17.0966
12.9144
1.87208
5.64559
2.41094
19.5338
1.87602
15.8028
7.23733
10.288
0.3974
17.2998
9.54787
5.96436
11.6733
7.6791
4.02971
5.50774
10.7557
13.6834
19.2908
18.6745
11.4968
11.1486
7.69893
17.6471
1.4813
16.324
17.844
3.52435
5.45551
6.43323
9.99402
16.3584
19.0913
19.6257
15.7392
18.2497
14.7383
20
20
9.22765
20
10.2598
17.8812
0.683774
18.3922
10.7814
4.99281
15.4845
20
6.74503
12.3554
2.07757
8.22142
3.33551
10.8994
0.259166
10.9096
3.22155
2.47115
2.52906
10.8266
18.9731
17.9352
1.55647
12.6126
11.3956
2.51123
8.71043
1.41513
19.5025
13.194
18.3288
7.10473
3.88038
7.27746
4.2543
2.32514
18.4629
4.70223
14.8104
9.86775
0.135701
1.10249
3.56313
9.43515
19.5082
8.48413
6.48687
3.30433
8.2102
2.98721
13.6347
17.8506
9.1268
13.5498
13.4532
17.523
13.0846
14.6955
5.26659
9.49067
3.47217
17.9932
12.9929
9.09208
7.34027
2.66105
14.343
0
14.3564
14.0662
15.6939
18.2242
11.216
19.8134
3.87643
5.48897
8.34011
19.7905
6.17671
14.6946
7.96877
6.16077
4.28833
3.0957
11.0058
4.71032
9.37084
3.81942
9.72697
12.3535
16.9961
12.2433
6.07892
19.1964
18.667
6.37891
1.38792
17.6893
14.1795
9.42902
1.7868
7.39015
14.0266
17.945
12.7231
11.9423
14.5662
13.3799
4.95003
11.7715
11.387
18.4511
19.0349
12.2564
17.7148
11.6063
11.1936
8.09236
13.4807
0.309
16.2238
3.06754
4.42531
15.7084
5.08402
12.4558
19.3248
15.3556
18.5977
11.0031
0.034998
9.34676
3.25811
5.82005
12.5795
0.95334
10.4037
6.83943
8.06341
7.26758
6.03265
15.7357
18.9408
10.986
4.36486
17.1301
2.53221
14.0341
2.88926
11.8974
0.0733097
14.2692
19.9171
2.2767
14.367
7.33042
0.307247
3.53097
18.3933
14.5731
8.36702
5.78042
2.4121
20
17.83
16.2
0.00979121
7.55333
17.0034
11.0772
0
4.42155
1.84339
18.4164
11.7573
5.79132
17.9546
4.37381
0
9.01863
16.4546
16.188
13.9393
6.18289
2.64133
18.687
9.4423
12.1767
18.0035
15.6416
15.9206
8.02165
3.38222
8.95397
1.76198
13.5039
0.279376
12.6896
17.6791
19.2244
13.9937
5.00807
14.2649
8.99377
11.3688
4.79766
19.0951
5.68716
8.29902
12.2427
13.941
7.72561
19.3998
2.94805
0.315027
9.2994
10.1731
1.9027
17.4939
17.1646
4.14952
13.533
13.9206
10.6065
7.15293
6.59731
1.22971
7.28894
13.9733
16.7521
11.867
11.224
5.81264
8.4757
15.2738
4.68391
6.34627
3.85459
14.9366
6.11501
13.83
7.24243
7.75526
0.824229
1.94171
12.349
2.57136
14.8447
17.8851
12.6447
1.5109
3.45648
6.35501
15.5241
2.11102
1.98175
4.6735
16.4688
17.878
6.1209
5.02928
4.87893
15.5564
9.58043
9.13243
14.6775
17.7142
7.28876
16.3935
14.2361
15.9152
9.7073
20
19.9219
6.17213
12.5599
17.617
3.55094
10.0589
3.90303
15.4128
9.2973
4.60177
6.71229
10.0442
14.3398
13.4685
5.5937
11.9761
9.46973
6.32148
17.6903
5.90642
16.8152
4.68832
20
16.6548
13.3243
5.47376
18.5444
10.8699
14.1466
19.6257
19.5095
15.0406
0.0500943
0.408894
-0.59548
0.828617
5.00943
-2.59111
402.26
230
