2.62108
5.07771
5.96596
5.78808
0
6.46775
1.25798
4.37504
7.77253
6.82141
6.48546
8.42781
9.09641
6.79761
6.63417
5.38181
2.78049
5.13237
0.0611246
5.60546
4.96326
0.984641
4.2793
4.6786
5.92777
7.31366
9.21655
3.96804
4.43717
8.18716
7.81224
6.71085
3.79616
7.69854
2.61155
6.76971
0
7.20954
7.82069
1.77875
6.67941
0.552131
0.68773
5.82545
4.15951
3.32467
1.43986
8.838
3.18007
8.25179
1.93531
0.779623
7.17151
9.26513
1.69608
0
0.287092
5.2825
4.80886
0.644598
7.96055
8.7361
6.68547
7.09367
7.99178
9.68647
6.66558
4.98449
8.54868
5.52508
1.63357
4.88645
9.90446
9.96304
1.53982
7.02203
7.36725
0.395134
0
0.53684
6.2932
1.75879
6.88595
4.35922
0
4.00771
9.12018
3.58569
3.51367
3.60763
0.576214
10
6.26069
2.35963
7.22657
7.15088
2.91195
1.68654
8.26763
6.49451
5.37828
9.86217
0.960342
0.993119
3.09341
0.00578271
1.66742
1.46261
1.04765
5.87257
3.82345
6.99671
2.37898
0.126996
7.89645
5.17901
1.88236
6.89737
7.02219
6.0061
9.75656
6.83058
0.735242
6.12157
4.91314
9.03362
7.61182
1.23034
5.17888
8.72209
6.6073
6.61834
3.44799
9.62046
8.74955
9.78159
7.87597
7.61217
0.235588
2.18532
9.20515
1.49354
6.21581
5.61596
10
6.16733
8.36619
9.27117
7.04114
9.20227
0.459657
3.89873
3.58235
7.54898
5.51023
8.48691
5.425
9.81879
1.05614
0
8.43079
0
7.44201
0.14397
5.10989
8.27826
5.73749
5.66625
3.03136
1.19245
0.747886
3.6127
0.138179
7.62523
7.74606
0.185468
0.536256
6.80721
3.1325
1.8562
6.11474
4.91887
9.79806
0.0819753
9.61575
1.12892
8.03338
9.93485
3.5747
8.64362
0.920706
3.03721
7.75832
1.47323
0.583546
5.69105
1.46916
8.83161
6.34616
9.19403
10
4.67151
3.17938
0.0423309
8.8963
0.289494
0.0484449
8.43365
5.13833
9.1556
4.9812
9.62451
2.12669
1.9084
3.40591
5.19191
9.2368
9.94438
4.01735
5.34023
7.17928
8.39863
10
2.73173
5.21626
2.84859
2.80234
10
6.13401
1.92119
6.87266
1.25812
0.31394
9.09091
1.15578
8.15198
3.29428
2.2555
2.17313
2.23832
0.0271158
2.11191
2.35397
2.46772
1.32899
5.99681
7.97211
8.96776
2.97462
8.58292
3.08138
6.28764
0
0.590111
8.92874
8.27902
4.613
3.47024
10
0.503855
5.9721
8.18279
4.91209
1.84948
2.2252
0.0755331
0.722496
9.27407
5.28636
6.03349
9.83016
8.21723
9.46636
5.74725
3.3553
0.487632
5.33135
4.67555
1.72483
3.41284
10
6.25207
3.86398
0.46261
10
5.01179
5.23409
4.15829
7.29099
6.58648
2.91559
5.31076
8.04768
7.41891
2.85941
7.73568
1.78791
8.93962
2.94292
5.67255
3.04909
5.45094
0.829918
2.443
7.19232
7.52128
7.97835
1.67712
8.82477
0.574613
6.94716
0
5.79241
5.88839
1.45304
9.41571
2.38033
4.37075
9.33541
3.04166
9.80369
6.65857
9.80572
9.27189
4.44971
1.65504
9.21173
7.84012
0.81116
5.30127
7.34077
4.69636
0.803967
1.23138
8.42311
9.3481
1.92084
3.14592
4.21355
6.05732
10
2.20219
7.73489
0.633214
9.96087
6.54494
6.58528
10
4.99408
2.17977
6.37633
1.58178
2.28226
4.79948
9.41052
8.89094
9.4894
0.91205
6.53115
2.79613
9.99819
0.685388
7.85525
4.50588
0.447818
6.53069
3.01705
1.80644
2.34342
2.05939
3.76389
8.62718
3.87289
0.848325
9.64344
8.62955
6.54115
0.589316
4.24135
8.08461
7.50727
0.795906
9.97403
5.85326
3.94522
2.15951
1.33461
5.44683
6.9888
9.01562
0.263134
7.80852
0
5.30418
2.14657
8.19622
9.98873
9.3787
5.57614
2.32712
9.67773
8.44979
5.04726
2.78827
0.391979
1.68706
4.76672
9.99905
6.05491
6.08913
2.25208
5.89341
6.64439
5.34216
4.88329
0.784711
7.58277
0.752314
0.843884
6.01184
8.70249
3.64288
3.61344
4.25574
10
2.66917
0
0.338196
4.01309
1.21826
7.77777
8.57705
4.74656
7.8567
8.47675
4.7176
2.21036
4.53919
7.56623
1.4082
10
8.958
3.38714
6.53697
3.78083
6.81772
0
4.10686
4.28779
6.8709
0.675412
-0.252364
-0.38258
0.944943
2.63013
-3.52089
567.671
180
