0 0.512984 0.500646 1.52687e-05 0s
1 0.512984 0.501219 1.43412e-05 39.9834s
2 0.524716 0.501445 1.79801e-05 40.5459s
3 0.524716 0.501457 2.08672e-05 40.0479s
4 0.524716 0.501546 2.62531e-05 39.9907s
5 0.524716 0.502316 3.56231e-05 40.0953s
6 0.524716 0.50211 3.74038e-05 40.3528s
7 0.524716 0.501779 3.22983e-05 40.106s
8 0.524716 0.50231 3.60161e-05 39.5229s
9 0.524716 0.502383 3.66513e-05 40.2845s
10 0.524716 0.502778 3.57581e-05 40.3802s
11 0.524716 0.502431 3.38624e-05 40.1844s
12 0.524937 0.503034 3.77735e-05 40.2561s
13 0.524937 0.502107 3.34051e-05 39.9662s
14 0.524937 0.501921 3.50717e-05 40.0154s
15 0.524937 0.502088 3.26602e-05 40.2443s
16 0.524937 0.501688 3.23441e-05 39.9406s
17 0.524937 0.502259 3.96414e-05 39.8692s
18 0.524937 0.502186 3.56356e-05 40.0987s
19 0.524937 0.502655 3.60386e-05 40.214s
20 0.524937 0.502595 3.962e-05 40.1423s
21 0.524937 0.502853 3.82031e-05 39.8423s
22 0.524937 0.503399 4.47662e-05 40.1611s
23 0.524982 0.502408 4.81657e-05 39.8428s
24 0.524982 0.502499 4.29222e-05 40.2374s
25 0.525314 0.50315 5.35093e-05 39.9105s
26 0.525314 0.503577 4.84545e-05 40.0856s
27 0.525436 0.502393 4.61771e-05 40.2994s
28 0.525436 0.502642 5.01548e-05 39.8417s
29 0.525436 0.502669 5.03267e-05 43.6721s
30 0.525436 0.503616 4.27622e-05 40.3704s
31 0.525501 0.503221 5.08338e-05 40.3519s
32 0.525501 0.502921 4.93616e-05 39.8439s
33 0.525501 0.503534 5.27424e-05 43.4838s
34 0.525501 0.503655 5.04827e-05 40.2401s
35 0.525501 0.502124 3.56838e-05 40.619s
36 0.525501 0.502459 4.25364e-05 43.3385s
37 0.525501 0.502839 5.55136e-05 43.5245s
38 0.525501 0.502087 4.55757e-05 40.2856s
39 0.525501 0.502758 5.51784e-05 40.4902s
40 0.527202 0.503255 5.02464e-05 43.2363s
41 0.527202 0.502719 4.36846e-05 40.3716s
42 0.527492 0.502726 5.3315e-05 40.9025s
43 0.527492 0.503829 5.39893e-05 40.6125s
44 0.527492 0.503579 5.19738e-05 40.2318s
45 0.527492 0.50437 7.16175e-05 40.579s
46 0.527492 0.504704 6.48186e-05 40.3788s
47 0.52956 0.504112 6.57505e-05 40.7032s
48 0.529964 0.504606 7.37666e-05 40.0747s
49 0.530255 0.504411 8.44493e-05 40.6806s
50 0.531046 0.50324 8.0381e-05 40.713s
51 0.533094 0.504288 7.98757e-05 40.0129s
52 0.533094 0.504211 8.64151e-05 40.5312s
53 0.533234 0.505182 8.83374e-05 40.6672s
54 0.533234 0.504632 7.92045e-05 40.7409s
55 0.533234 0.503854 7.90347e-05 40.5707s
56 0.533234 0.503685 9.14331e-05 40.7182s
57 0.533234 0.503746 7.0025e-05 40.5491s
58 0.533234 0.504427 8.35632e-05 40.2904s
59 0.533234 0.505523 0.000102724 40.6048s
60 0.533234 0.50368 8.10461e-05 40.4761s
61 0.534461 0.504425 9.16685e-05 40.186s
62 0.534488 0.503311 8.56716e-05 41.1285s
63 0.534488 0.503442 7.06074e-05 40.427s
64 0.534572 0.50329 7.90593e-05 40.7699s
65 0.534572 0.504836 9.89875e-05 40.3947s
66 0.534572 0.503928 8.91405e-05 43.8447s
67 0.534572 0.503294 8.84836e-05 40.8377s
68 0.534572 0.504788 0.000102223 40.277s
69 0.534667 0.504985 0.000106534 40.2704s
70 0.534667 0.504721 9.43278e-05 40.5438s
71 0.534667 0.504149 8.77919e-05 40.6337s
72 0.534667 0.504316 9.56518e-05 40.5804s
73 0.534667 0.503724 7.77762e-05 40.715s
74 0.534667 0.504343 8.64228e-05 40.7549s
75 0.534667 0.504112 8.21862e-05 40.2519s
76 0.534667 0.503931 8.75753e-05 40.7512s
77 0.534667 0.504323 8.31514e-05 40.863s
78 0.534667 0.503406 8.95648e-05 41.1035s
79 0.535528 0.503602 9.01063e-05 41.4094s
80 0.535528 0.50429 8.47728e-05 40.8388s
81 0.535528 0.504161 8.03681e-05 40.9256s
82 0.535528 0.503977 8.64341e-05 40.7214s
83 0.535528 0.504273 9.6054e-05 40.3199s
84 0.535528 0.503593 7.31181e-05 40.6065s
85 0.535528 0.505607 9.68585e-05 40.578s
86 0.535528 0.504197 9.10166e-05 40.6777s
87 0.535528 0.504913 8.43966e-05 40.9318s
88 0.535528 0.504324 8.14259e-05 40.6044s
89 0.535528 0.504444 7.72251e-05 40.5267s
90 0.535594 0.504764 8.96355e-05 40.6456s
91 0.535594 0.504674 8.73092e-05 40.715s
92 0.535594 0.502952 7.80869e-05 40.706s
93 0.535594 0.50346 8.29872e-05 40.6966s
94 0.535594 0.50402 8.12001e-05 40.5071s
95 0.535594 0.50309 7.30627e-05 40.7736s
96 0.535594 0.502934 6.10179e-05 41.2622s
97 0.535594 0.503993 8.22981e-05 39.9592s
98 0.535594 0.503186 7.7821e-05 40.4268s
99 0.535594 0.502611 7.10107e-05 41.3976s
100 0.535594 0.503636 8.30181e-05 40.6439s
101 0.535594 0.503339 7.19277e-05 40.6821s
102 0.535594 0.502984 7.98155e-05 40.3827s
103 0.535594 0.502193 6.95728e-05 41.2742s
104 0.535594 0.502574 7.89735e-05 40.4584s
105 0.535594 0.503307 8.26874e-05 40.645s
106 0.535594 0.504273 8.10977e-05 43.7415s
107 0.535594 0.503063 7.8454e-05 40.4037s
108 0.535594 0.503415 7.65564e-05 40.6538s
109 0.535594 0.503523 9.14713e-05 40.8297s
110 0.536857 0.504292 9.14041e-05 40.7529s
111 0.536857 0.504006 9.01763e-05 40.8008s
112 0.536857 0.503511 7.82825e-05 39.8068s
113 0.538221 0.504511 9.32203e-05 40.5137s
114 0.538221 0.504582 9.24336e-05 40.6976s
115 0.538221 0.503065 7.55436e-05 40.4756s
116 0.538221 0.502977 7.77792e-05 40.52s
117 0.538221 0.50372 8.84483e-05 40.8058s
118 0.538221 0.503701 8.99766e-05 40.5422s
119 0.538221 0.5044 9.46634e-05 40.7992s
120 0.538221 0.504255 0.000104461 41.0211s
121 0.541217 0.504408 9.4932e-05 40.8086s
122 0.541217 0.503702 8.13112e-05 40.695s
123 0.541217 0.504457 0.000107401 40.4833s
124 0.541217 0.503953 0.00011329 43.8919s
125 0.541217 0.504163 0.000102585 40.844s
126 0.541217 0.503895 9.58331e-05 41.484s
127 0.541217 0.504773 9.59539e-05 39.9775s
128 0.541217 0.503621 9.80933e-05 43.8271s
129 0.542976 0.505126 0.000112753 40.6861s
130 0.542976 0.504189 0.000103738 40.9218s
131 0.542976 0.504182 0.000110536 40.5666s
132 0.542981 0.504488 0.000119425 41.1112s
133 0.542981 0.505085 0.000134719 43.9295s
134 0.542981 0.504342 0.000108316 41.0515s
135 0.542981 0.504057 0.000103167 40.853s
136 0.543091 0.504149 0.000123579 40.6519s
137 0.543091 0.502364 9.07599e-05 40.7641s
138 0.543327 0.504792 0.000141459 40.5867s
139 0.543327 0.504334 0.000110145 40.6762s
140 0.543327 0.504667 0.000132482 40.9915s
141 0.543327 0.504333 0.000128182 40.833s
142 0.543327 0.504815 0.000127595 40.0995s
143 0.543327 0.503313 9.39391e-05 40.7556s
144 0.543327 0.504566 0.000133691 41.1907s
145 0.543327 0.50374 0.000110144 40.6572s
146 0.543327 0.504699 0.000139467 41.4894s
147 0.543327 0.504788 0.000118894 40.4696s
148 0.543327 0.503852 0.000112416 40.5704s
149 0.543327 0.503004 8.93269e-05 40.5381s
150 0.543327 0.502886 8.51847e-05 40.6579s
151 0.543327 0.50408 0.000115554 40.5446s
152 0.543327 0.502404 9.51381e-05 40.6089s
153 0.543327 0.504031 0.00011318 40.7846s
154 0.543327 0.50435 0.000131502 40.7024s
155 0.543327 0.502975 0.000103332 40.6805s
156 0.543327 0.502932 8.81763e-05 40.4941s
157 0.543327 0.503013 0.000103835 40.7296s
158 0.543327 0.504416 0.000117088 40.9005s
159 0.543327 0.504189 0.000133139 40.707s
160 0.543327 0.503003 0.000109717 41.0398s
161 0.543327 0.503333 0.000110448 40.8528s
162 0.543327 0.503637 0.000109252 40.7921s
163 0.543442 0.503367 0.000121925 40.4545s
164 0.543442 0.504218 0.000113238 40.4565s
165 0.543442 0.504574 0.000143495 39.8736s
166 0.543442 0.504046 0.000126862 40.7286s
167 0.543442 0.503114 9.04908e-05 40.7118s
168 0.543442 0.503762 0.000108354 40.4893s
169 0.543442 0.503636 0.000104635 40.8907s
170 0.543442 0.50409 0.000123784 40.8768s
171 0.543442 0.503344 0.000103519 40.0757s
172 0.543442 0.503789 9.57887e-05 40.7649s
173 0.543442 0.503588 9.87518e-05 40.9461s
174 0.543442 0.503799 0.000119527 40.7849s
175 0.543442 0.503452 0.000103574 40.8155s
176 0.543442 0.503898 0.000120467 40.5123s
177 0.543442 0.503781 0.00012552 41.5403s
178 0.543442 0.503419 0.000102137 40.7516s
179 0.543442 0.50355 0.000120516 40.6431s
180 0.543442 0.50481 0.000133338 40.8162s
181 0.543442 0.504029 9.85884e-05 40.5503s
182 0.543442 0.503765 9.82857e-05 40.7143s
183 0.543442 0.502945 0.000115757 40.5214s
184 0.543442 0.504139 0.000125995 40.4436s
185 0.543442 0.503625 0.000120257 40.7231s
186 0.543442 0.503498 0.000110134 40.1251s
187 0.543442 0.502244 9.62719e-05 40.6302s
188 0.543442 0.502615 9.56067e-05 40.4835s
189 0.543442 0.502344 9.5162e-05 40.5771s
190 0.543442 0.504031 0.000104734 40.7371s
191 0.543442 0.502643 9.2785e-05 40.8346s
192 0.543442 0.504758 0.000118355 40.7952s
193 0.543442 0.504097 0.000101201 40.5844s
194 0.543442 0.504063 0.000102547 40.9044s
195 0.543442 0.502889 0.000107637 44.0534s
196 0.543442 0.501734 8.95383e-05 40.9193s
197 0.543442 0.502188 8.03321e-05 40.4726s
198 0.543442 0.503735 0.000117878 40.7932s
199 0.543442 0.503401 0.000114026 41.2367s
200 0.543442 0.504408 0.000119207 40.7329s
201 0.543442 0.503276 0.000111456 40.9405s
202 0.543442 0.503435 0.000109571 40.7055s
203 0.543442 0.503611 0.000129062 40.6939s
204 0.543442 0.504335 0.000110914 40.1042s
205 0.543442 0.504053 0.000110318 40.6017s
206 0.543442 0.502789 9.95808e-05 40.5755s
207 0.543442 0.503617 0.000116078 40.7868s
208 0.543442 0.503411 0.000117559 40.7945s
209 0.543442 0.502321 9.38603e-05 40.4208s
210 0.543442 0.502731 0.000114096 40.6478s
211 0.543442 0.503205 9.83121e-05 40.732s
212 0.543442 0.5035 9.79584e-05 40.5742s
213 0.543442 0.503784 0.000106322 41.1671s
214 0.543442 0.503667 0.000105491 40.7193s
215 0.543442 0.504277 0.000126955 40.6924s
216 0.543442 0.503892 0.000134261 40.4606s
217 0.543442 0.503557 9.91707e-05 43.8714s
218 0.543442 0.505008 0.000133949 40.5992s
219 0.543442 0.503385 0.000103801 41.6951s
220 0.543442 0.503491 0.000103042 40.5995s
221 0.543442 0.50352 0.000115047 40.4339s
222 0.543442 0.503447 0.000104967 40.5051s
223 0.543442 0.502641 0.00010757 40.9553s
224 0.543442 0.503057 0.000106335 40.3124s
225 0.543442 0.503034 0.00010065 40.4434s
226 0.543442 0.50243 9.40596e-05 40.5281s
227 0.543442 0.501524 8.61298e-05 40.6695s
228 0.543442 0.502909 9.7834e-05 40.7424s
229 0.543442 0.504557 0.000127035 41.6715s
230 0.543442 0.503839 0.000108929 40.8958s
231 0.543442 0.503923 0.000125049 40.2013s
232 0.543442 0.503368 0.000113515 40.7593s
233 0.543442 0.50371 0.000124154 40.8055s
234 0.543442 0.502951 9.31058e-05 40.7268s
235 0.543442 0.502999 0.000118374 40.6573s
236 0.543442 0.50324 0.000127025 40.8535s
237 0.543442 0.503672 0.000114658 40.6875s
238 0.543442 0.502262 9.42952e-05 40.6817s
239 0.543442 0.502721 0.00010165 40.7311s
240 0.543442 0.503306 0.000111097 40.6384s
241 0.543442 0.503701 0.00011495 40.5023s
242 0.543442 0.503445 0.000113604 40.8465s
243 0.543442 0.503755 0.000119703 40.6317s
244 0.543442 0.503725 0.000128103 41.2836s
245 0.543442 0.50325 0.00010771 40.3307s
246 0.543442 0.50352 0.000111262 43.8059s
247 0.543442 0.504351 0.000131336 40.9973s
248 0.543442 0.503534 0.000115458 40.3936s
249 0.543442 0.50461 0.000133217 40.9273s
250 0.543442 0.503674 0.000122511 40.5721s
251 0.543442 0.504365 0.000134164 43.8755s
252 0.543442 0.504647 0.000143459 41.1399s
253 0.543442 0.504205 0.000126336 40.3532s
254 0.543442 0.503237 0.000101848 41.2354s
255 0.543442 0.503754 0.00010637 41.0212s
256 0.543442 0.503472 0.000120297 40.6748s
257 0.543442 0.504308 0.000122456 40.7773s
258 0.543442 0.504481 0.000140133 40.5202s
259 0.543442 0.50355 0.000112183 40.621s
260 0.543442 0.504013 0.000128724 40.5149s
261 0.543442 0.505703 0.000140583 41.0187s
262 0.543442 0.503377 0.000117128 40.6811s
263 0.543442 0.50395 0.000117821 40.725s
264 0.543442 0.504588 0.000109445 40.5711s
265 0.543442 0.50291 9.02384e-05 40.6433s
266 0.543442 0.503359 0.000101436 40.6218s
267 0.543442 0.503541 0.000125635 40.8095s
268 0.543442 0.50247 9.45736e-05 40.5025s
269 0.543442 0.502532 9.52125e-05 40.4179s
270 0.543442 0.503116 0.000102637 41.012s
271 0.543442 0.502825 9.12943e-05 40.322s
272 0.543442 0.503088 9.99965e-05 40.4452s
273 0.543442 0.503934 0.00011778 40.0791s
274 0.543442 0.50306 9.2637e-05 40.571s
275 0.543442 0.503403 0.000108559 40.1283s
276 0.543442 0.504481 0.000118543 40.572s
277 0.543442 0.504675 0.00012057 40.5796s
278 0.543442 0.503382 9.93305e-05 40.5962s
279 0.543442 0.505228 0.000143261 40.3731s
280 0.543442 0.50366 0.00010217 41.3585s
281 0.543442 0.50362 0.000116786 41.0336s
282 0.543442 0.503698 0.000118158 40.5792s
283 0.543442 0.502848 9.95452e-05 40.7466s
284 0.543442 0.503349 9.73108e-05 40.5924s
285 0.543442 0.503849 0.000113025 43.7449s
286 0.543442 0.503496 0.000116676 40.1965s
287 0.543442 0.50399 0.000107625 40.4098s
288 0.543442 0.505791 0.000144947 40.0809s
289 0.543442 0.503924 0.000109842 40.632s
290 0.543442 0.504272 0.000131671 40.0399s
291 0.543442 0.503978 0.000113509 40.5344s
292 0.543442 0.50345 9.33009e-05 40.039s
293 0.543442 0.504063 0.000100876 40.4384s
294 0.543442 0.503844 0.000121835 40.805s
295 0.543442 0.503877 0.000116438 41.1431s
296 0.543442 0.504185 0.000139616 40.6071s
297 0.543442 0.503612 0.000110662 40.5197s
298 0.543442 0.503675 0.000101152 40.6029s
299 0.543442 0.504666 0.000120084 40.1811s
300 0.543442 0.503509 0.000110325 40.878s
301 0.543442 0.503205 9.63568e-05 43.6422s
302 0.543442 0.503158 9.37266e-05 40.4756s
303 0.543442 0.50343 0.000120422 41.0844s
304 0.543442 0.504166 0.000123122 41.0038s
305 0.543442 0.504334 0.000131565 40.2908s
306 0.543442 0.503016 0.000104642 40.6193s
307 0.543442 0.503766 0.000107958 40.6816s
308 0.543442 0.503559 0.000105897 40.4972s
309 0.543442 0.503495 0.000114024 40.4123s
310 0.543442 0.503032 0.000112558 40.946s
311 0.543442 0.502816 0.000104586 40.6051s
312 0.543442 0.502949 0.000133925 40.5513s
313 0.543442 0.503675 0.000135512 40.1769s
314 0.543442 0.503131 0.000108468 40.7443s
315 0.543442 0.502476 9.03133e-05 40.9945s
316 0.543442 0.50283 9.50772e-05 40.5823s
317 0.543442 0.504002 0.000100761 41.4078s
318 0.543442 0.503366 0.000115292 41.0028s
319 0.543442 0.503182 0.00011031 43.2809s
320 0.543442 0.504128 0.000111835 40.7466s
321 0.543442 0.502828 8.8433e-05 40.6158s
322 0.543442 0.504736 0.000129632 40.665s
323 0.543442 0.503174 9.15919e-05 43.8179s
324 0.543442 0.503125 0.000104492 40.5871s
325 0.543442 0.504606 0.000136746 40.3883s
326 0.543442 0.503963 9.78491e-05 40.5332s
327 0.543442 0.50402 0.000107245 40.5839s
328 0.543442 0.50513 0.0001544 41.2727s
329 0.543442 0.504762 0.000139147 40.5781s
330 0.543442 0.504554 0.000132699 40.3842s
331 0.543442 0.50447 0.000134157 40.791s
332 0.543442 0.504089 0.000131839 40.8332s
333 0.543442 0.503237 0.000101825 40.5828s
334 0.543442 0.502364 9.2008e-05 40.25s
335 0.543442 0.502908 9.22785e-05 40.662s
336 0.543442 0.504299 0.000107688 40.4902s
337 0.543442 0.50323 0.000102342 40.485s
338 0.543442 0.504625 0.000131352 40.878s
339 0.543442 0.504491 0.00011747 40.6064s
340 0.543442 0.503701 0.000106196 40.5131s
341 0.543442 0.503224 0.000110296 40.7064s
342 0.543442 0.503316 0.000111619 40.999s
343 0.543442 0.504549 0.000123799 40.6991s
344 0.543442 0.503531 0.000105904 40.676s
345 0.543442 0.504109 0.000137197 40.9037s
346 0.543442 0.503272 0.000135996 40.7247s
347 0.543442 0.502836 0.000114229 40.7019s
348 0.543442 0.504587 0.000128497 40.5235s
349 0.543442 0.503245 0.000112059 40.2528s
350 0.543442 0.504892 0.000125243 40.9534s
351 0.543442 0.503534 0.000104944 40.4592s
352 0.543467 0.50356 0.000119474 40.5774s
353 0.543467 0.505329 0.000137261 40.8555s
354 0.543467 0.50493 0.000136635 40.657s
355 0.543467 0.503669 0.000106001 40.6018s
356 0.543467 0.503907 0.000105145 40.6801s
357 0.543467 0.503654 0.000108925 40.2278s
358 0.543467 0.503025 0.000103418 41.0616s
359 0.543467 0.504493 0.00011559 40.5114s
360 0.543467 0.504015 0.000115832 40.5968s
361 0.543467 0.503744 0.000117094 40.6829s
362 0.543467 0.504027 0.000106117 41.1561s
363 0.543467 0.503678 0.000118763 40.6189s
364 0.543467 0.50349 0.000114 40.2921s
365 0.543467 0.503526 0.000107152 40.8883s
366 0.543467 0.503301 9.36191e-05 41.6207s
367 0.543467 0.503381 9.98352e-05 40.6903s
368 0.543467 0.503198 9.41783e-05 41.318s
369 0.543467 0.504347 0.00012171 40.7432s
370 0.543467 0.504115 0.000111625 40.7075s
371 0.543467 0.503972 0.000126746 40.7731s
372 0.543467 0.504108 0.000100468 40.8869s
373 0.543467 0.502991 0.000114119 40.7076s
374 0.543467 0.503609 0.000101958 40.7768s
375 0.543467 0.504176 0.000113335 40.3906s
376 0.543467 0.504245 0.000122877 40.9021s
377 0.543467 0.5041 0.000121585 40.6658s
378 0.543467 0.502849 9.32345e-05 40.6743s
379 0.543467 0.503557 0.000103653 41.1059s
380 0.543467 0.505484 0.000158951 40.8366s
381 0.543467 0.503473 0.000102378 40.796s
382 0.543467 0.504058 0.000126212 40.7139s
383 0.543467 0.503477 0.000100706 40.5761s
384 0.543467 0.503384 9.99986e-05 40.7225s
385 0.543467 0.50343 0.000131947 40.8355s
386 0.543467 0.503382 0.000112654 40.5524s
387 0.543467 0.503736 0.000113651 40.8326s
388 0.543467 0.503207 9.97938e-05 40.8802s
389 0.543467 0.505078 0.000110352 40.9279s
390 0.543467 0.504024 0.000123955 40.4377s
391 0.543467 0.50372 0.000106108 40.6308s
392 0.543467 0.503408 0.000111161 40.8055s
393 0.543467 0.503563 9.93609e-05 41.1705s
394 0.543467 0.503016 9.66969e-05 40.3052s
395 0.543467 0.503421 0.000112026 40.6438s
396 0.543467 0.502751 9.77267e-05 40.7663s
397 0.543467 0.502694 9.93949e-05 41.0058s
398 0.543467 0.503955 0.000116843 40.7407s
399 0.543467 0.50495 0.000136992 40.8083s
400 0.543467 0.504004 0.000104429 40.7175s
401 0.543467 0.503895 0.000107363 40.5398s
402 0.543467 0.503881 0.000100318 40.5093s
403 0.543467 0.503437 0.000106122 40.5708s
404 0.543467 0.503655 0.00010881 40.7735s
405 0.543467 0.504081 0.000112547 44.0315s
406 0.543467 0.504638 0.000118073 40.6605s
407 0.543467 0.50485 0.00014212 40.7778s
408 0.543467 0.504314 0.000109927 40.1003s
409 0.543467 0.503074 8.61755e-05 40.1774s
410 0.543467 0.503736 0.000102464 40.5795s
411 0.543467 0.505328 0.00013824 40.4304s
412 0.543467 0.504225 0.000120338 40.5425s
413 0.543467 0.504593 0.000138011 41.1691s
414 0.543467 0.503901 0.000103627 40.7847s
415 0.543467 0.502936 8.96187e-05 40.8744s
416 0.543467 0.503332 0.00010897 40.5219s
417 0.543467 0.503904 0.000110266 40.6464s
418 0.543467 0.504232 0.000126975 41.2511s
419 0.543467 0.503959 0.000122534 40.847s
420 0.543467 0.504114 0.000118126 40.4429s
421 0.543467 0.503699 0.000111062 40.6364s
422 0.543467 0.504647 0.000159626 40.7627s
423 0.543467 0.504412 0.000120169 40.5362s
424 0.543467 0.50298 0.000113546 40.8197s
425 0.543467 0.503196 0.000120295 44.6654s
426 0.543467 0.502501 9.44097e-05 40.7038s
427 0.543467 0.50351 0.000108723 40.5729s
428 0.543467 0.504098 0.00010777 40.8785s
429 0.543467 0.504083 0.000130257 41.1011s
430 0.543467 0.504431 0.000125947 40.7189s
431 0.543467 0.504502 0.000117549 40.615s
432 0.543467 0.503871 8.95329e-05 40.8816s
433 0.543467 0.504111 0.000131013 41.1038s
434 0.543467 0.5043 0.000106847 40.5907s
435 0.543467 0.503832 0.000121201 40.7587s
436 0.543467 0.503608 0.000111037 40.5976s
437 0.543467 0.50337 9.82613e-05 41.1241s
438 0.543467 0.503731 0.000126214 40.2609s
439 0.543467 0.504048 9.52566e-05 40.8117s
440 0.543467 0.50449 0.000130335 40.7784s
441 0.543467 0.504706 0.000130911 40.6627s
442 0.543467 0.503269 0.000104223 40.621s
443 0.543467 0.503496 9.53512e-05 40.6591s
444 0.543467 0.504109 0.00011377 40.7263s
445 0.543467 0.503764 0.00010034 40.537s
446 0.543467 0.502514 9.11574e-05 40.3161s
447 0.543467 0.504643 0.000144252 40.619s
448 0.543467 0.503163 9.78133e-05 40.7429s
449 0.543467 0.502925 9.15388e-05 40.5596s
450 0.543467 0.503477 9.63064e-05 40.7398s
451 0.543467 0.504501 0.00010539 40.6263s
452 0.543467 0.50319 9.22604e-05 40.7012s
453 0.543467 0.503141 9.36931e-05 40.501s
454 0.543467 0.503965 0.000125278 40.5822s
455 0.543467 0.504026 0.000125409 40.6799s
456 0.543467 0.503361 0.000117958 40.5232s
457 0.543467 0.502821 0.000109015 40.5808s
458 0.543467 0.504038 0.000117811 40.5125s
459 0.543467 0.502707 9.32391e-05 40.9279s
460 0.543467 0.503841 0.000104978 40.6591s
461 0.543467 0.502106 9.98014e-05 40.7359s
462 0.543467 0.502395 9.86528e-05 40.605s
463 0.543467 0.503199 9.09688e-05 40.4551s
464 0.543467 0.502949 8.98524e-05 43.8705s
465 0.543467 0.50392 0.000116436 41.1539s
466 0.543467 0.503561 0.000108992 40.6281s
467 0.543467 0.5039 0.000111345 40.2602s
468 0.543467 0.503353 0.000115175 40.1908s
469 0.543467 0.503259 8.77238e-05 41.2005s
470 0.543467 0.503809 0.00011181 40.6056s
471 0.543467 0.505125 0.000119768 40.6579s
472 0.543467 0.503953 0.00010155 40.6898s
473 0.543467 0.503873 0.000110274 40.6721s
474 0.543467 0.50452 0.000107927 40.7339s
475 0.543467 0.503537 9.85442e-05 40.6402s
476 0.543467 0.503741 0.000108373 40.6869s
477 0.543467 0.503996 0.000126873 40.5451s
478 0.543467 0.504229 0.000110093 43.7586s
479 0.543467 0.503077 9.58924e-05 40.3648s
480 0.543467 0.50325 0.000104191 41.256s
481 0.543467 0.503126 0.000103887 40.8523s
482 0.543467 0.504024 0.000112392 40.0826s
483 0.543467 0.504162 0.000120581 40.551s
484 0.543467 0.504201 0.000125667 40.4871s
485 0.543467 0.503727 0.000139577 39.9767s
486 0.543467 0.504833 0.000113982 40.8516s
487 0.543467 0.504369 0.000127839 40.4375s
488 0.543467 0.504351 0.000118593 40.4937s
489 0.543467 0.503374 9.90462e-05 40.3457s
490 0.543467 0.50291 0.000101687 41.0823s
491 0.543467 0.503244 0.00011184 40.5763s
492 0.543467 0.50349 0.000105588 40.3467s
493 0.543467 0.503473 0.000107791 40.3578s
494 0.543467 0.503555 9.62067e-05 40.5514s
495 0.543467 0.50376 0.000107664 40.3778s
496 0.543467 0.5038 0.000114042 40.1748s
497 0.543467 0.502712 0.000101723 40.1227s
498 0.543467 0.502649 0.000110646 40.3146s
499 0.543467 0.503661 0.000123881 40.5396s
500 0.543467 0.504704 0.000132232 40.6005s
501 0.543467 0.503063 0.000107835 41.2233s
502 0.543467 0.504203 0.000120404 41.0221s
503 0.543467 0.50259 0.000104854 40.6151s
504 0.543467 0.503586 9.38262e-05 41.048s
505 0.543467 0.50293 0.000102513 40.7785s
506 0.543467 0.503624 0.000123243 40.5631s
507 0.543467 0.502861 0.000105496 41.2062s
508 0.543467 0.504178 0.000118593 40.825s
509 0.543467 0.502492 9.55791e-05 40.4396s
510 0.543467 0.503013 0.000110814 40.7258s
511 0.543467 0.50217 0.000115699 40.4518s
512 0.543467 0.503172 0.000107087 39.9098s
513 0.543467 0.502389 8.90924e-05 40.8667s
514 0.543467 0.503735 0.000131625 40.712s
515 0.543467 0.503136 0.00010548 40.6777s
516 0.543467 0.503321 9.23924e-05 40.7014s
517 0.543467 0.503735 0.000113272 40.7257s
518 0.543467 0.502895 0.000109552 40.8678s
519 0.543467 0.503257 0.000105365 40.9533s
520 0.543467 0.503973 0.000108617 40.9443s
521 0.543467 0.504004 0.000119451 41.0835s
522 0.543467 0.504561 0.000119172 41.0332s
523 0.543467 0.503797 0.000103037 40.2882s
524 0.543467 0.504233 0.000135889 40.8613s
525 0.543467 0.504082 0.000116872 40.5862s
526 0.543467 0.50402 9.57645e-05 40.7667s
527 0.543467 0.503742 0.000130154 39.9253s
528 0.543467 0.50314 0.000107457 40.6444s
529 0.543467 0.503299 9.95088e-05 39.9312s
530 0.543467 0.503025 9.16953e-05 40.6483s
531 0.543467 0.504169 0.000119996 40.6911s
532 0.543467 0.503323 0.000111856 40.866s
533 0.543467 0.503943 0.000115747 40.6665s
534 0.543467 0.503625 0.000116158 40.5895s
535 0.543467 0.504118 0.000119435 40.8248s
536 0.543467 0.504098 0.000130391 41.0515s
537 0.543467 0.504654 0.000128256 43.9595s
538 0.543467 0.503895 0.000114405 40.8678s
539 0.543467 0.502834 0.000100973 40.8717s
540 0.543467 0.503255 0.000113496 40.702s
541 0.543467 0.50353 0.000117029 40.5262s
542 0.543467 0.502257 0.000104267 40.4021s
543 0.543467 0.502732 0.000103235 41.099s
544 0.543467 0.504026 0.000135445 40.736s
545 0.543467 0.503175 0.000107985 41.4074s
546 0.543467 0.502191 9.36857e-05 40.7092s
547 0.543467 0.503018 0.000106654 43.8314s
548 0.543467 0.505498 0.000138998 40.6063s
549 0.543467 0.503317 0.000102841 40.6716s
550 0.543467 0.503605 0.000121178 40.8749s
551 0.543467 0.503535 0.000114557 40.7275s
552 0.543467 0.503468 9.83099e-05 40.7105s
553 0.543467 0.504023 0.00010083 40.7395s
554 0.543467 0.503574 9.99496e-05 43.9693s
555 0.543467 0.503098 8.85136e-05 40.5967s
556 0.543467 0.503646 9.4734e-05 40.2507s
557 0.543467 0.502914 8.8879e-05 41.3001s
558 0.543467 0.503833 9.58028e-05 43.9584s
559 0.543467 0.504332 0.000126038 40.8898s
560 0.543467 0.503843 0.000127407 40.6035s
561 0.543467 0.504573 0.000133241 40.682s
562 0.543467 0.50368 0.000109646 44.1493s
563 0.543467 0.503878 0.000110546 40.8248s
564 0.543467 0.504008 0.000135716 40.8781s
565 0.543467 0.504595 0.000123376 40.4837s
566 0.543467 0.503783 0.000124762 40.7554s
567 0.543467 0.50348 0.000109787 40.9384s
568 0.543467 0.504242 0.000134041 40.715s
569 0.543467 0.50369 0.000105685 40.5356s
570 0.543467 0.504483 0.000160547 41.0288s
571 0.543467 0.505171 0.000128438 40.9068s
572 0.543467 0.50466 0.000123217 40.7928s
573 0.543467 0.504174 0.000109704 40.6057s
574 0.543467 0.503129 0.000104711 40.4488s
575 0.543467 0.503237 0.000106508 41.0325s
576 0.543467 0.503476 0.00010802 40.6616s
577 0.543467 0.503855 0.000121301 40.3598s
578 0.543467 0.504392 0.000131443 40.7362s
579 0.543467 0.503232 0.000119557 40.9167s
580 0.543467 0.502756 0.000104928 40.7112s
581 0.543467 0.503098 0.000112764 40.6257s
582 0.543467 0.503379 0.000127558 40.9495s
583 0.543467 0.504302 0.000110461 44.169s
584 0.543467 0.502674 8.95483e-05 40.6037s
585 0.543467 0.503377 0.000123595 40.8922s
586 0.543467 0.503 0.000102122 40.2766s
587 0.543467 0.502739 9.81005e-05 40.436s
588 0.543467 0.502901 9.66071e-05 40.6896s
589 0.543467 0.503718 0.000110737 40.671s
590 0.543467 0.503696 0.000117553 40.2097s
591 0.543467 0.50481 0.000131323 40.8916s
592 0.543467 0.504918 0.000124344 40.6082s
593 0.543467 0.503597 0.000113953 40.4786s
594 0.543467 0.502924 9.53115e-05 40.778s
595 0.543467 0.502191 9.47931e-05 40.4988s
596 0.543467 0.502974 0.000104175 40.8822s
597 0.543467 0.50413 9.70783e-05 40.7468s
598 0.543467 0.50416 0.000105191 40.527s
599 0.543467 0.503161 0.000115756 40.9506s
600 0.543467 0.502952 0.000122285 40.846s
601 0.543467 0.502791 9.82167e-05 40.3707s
602 0.543467 0.504111 9.88803e-05 40.441s
603 0.543467 0.502614 8.92713e-05 40.6971s
604 0.543467 0.503851 0.000104261 40.7533s
605 0.543467 0.504569 0.000125746 40.8142s
606 0.543467 0.503242 0.00010515 40.2266s
607 0.543467 0.503105 8.46971e-05 40.4778s
608 0.543467 0.502467 0.000100528 40.68s
609 0.543467 0.503361 0.000122558 40.6525s
610 0.543467 0.503787 0.000127503 40.5831s
611 0.543467 0.503536 0.000122026 40.9858s
612 0.543467 0.504141 0.000120135 41.0802s
613 0.543467 0.503815 0.000111024 41.2437s
614 0.543467 0.503495 0.000102616 40.6255s
615 0.543467 0.504522 0.0001107 40.2839s
616 0.543467 0.502647 9.88447e-05 40.607s
617 0.543467 0.504185 0.000113327 40.3856s
618 0.543467 0.503332 0.000121769 40.44s
619 0.543467 0.50368 0.00011151 40.6811s
620 0.543467 0.503465 0.000105664 40.4015s
621 0.543467 0.503071 0.000109103 40.4809s
622 0.543467 0.503153 9.72487e-05 40.6463s
623 0.543467 0.504277 0.000127159 40.7189s
624 0.543467 0.503816 0.000109416 40.9832s
625 0.543467 0.504641 0.000146761 40.834s
626 0.543467 0.503878 0.000103092 40.3424s
627 0.543467 0.503174 0.000106667 40.2012s
628 0.543467 0.503354 0.000101462 40.5319s
629 0.543467 0.503063 0.000108053 43.7192s
630 0.543467 0.504879 0.000138747 39.9198s
631 0.543467 0.504374 0.000134557 40.3914s
632 0.543467 0.504723 0.0001326 40.5871s
633 0.543467 0.504504 0.000124388 40.8474s
634 0.543467 0.503314 9.38611e-05 40.5316s
635 0.543467 0.504159 0.000132396 40.7431s
636 0.543467 0.503268 9.3811e-05 40.671s
637 0.543467 0.504749 0.000118333 40.3428s
638 0.543467 0.503186 0.000108564 40.9056s
639 0.543467 0.502903 9.97822e-05 40.5845s
640 0.543467 0.503184 0.00012172 40.6646s
641 0.543467 0.503935 0.000115495 40.7728s
642 0.543467 0.503511 0.000114364 40.8486s
643 0.543467 0.503107 0.000108632 40.398s
644 0.543467 0.503176 0.000101604 40.7246s
645 0.543467 0.5037 0.000108085 40.2062s
646 0.543467 0.503219 0.000107587 40.5253s
647 0.543467 0.501741 8.72656e-05 40.7474s
648 0.543467 0.502791 0.00010532 40.4162s
649 0.543467 0.503012 9.96346e-05 40.4002s
650 0.543467 0.50358 0.000112243 43.8742s
651 0.543467 0.503779 0.000121612 40.6341s
652 0.543467 0.50327 9.63744e-05 40.6013s
653 0.543467 0.503205 9.34115e-05 41.0574s
654 0.543467 0.502898 0.000107342 40.7196s
655 0.543467 0.503247 0.000115778 44.1293s
656 0.543467 0.503045 0.000106847 41.0554s
657 0.543467 0.503593 0.00010434 40.942s
658 0.543467 0.504312 0.000114773 40.816s
659 0.543467 0.502913 9.91788e-05 40.8498s
660 0.543467 0.50283 0.000113138 40.397s
661 0.543467 0.502699 9.98791e-05 43.824s
662 0.543467 0.504028 0.000109223 41.2047s
663 0.543467 0.503676 0.000116791 40.7601s
664 0.543467 0.502949 8.50617e-05 40.5579s
665 0.543467 0.503112 8.81723e-05 40.3806s
666 0.543467 0.503815 0.000119082 40.8886s
667 0.543467 0.503243 9.9789e-05 40.5032s
668 0.543467 0.502395 9.3647e-05 40.7929s
669 0.543467 0.502881 9.63567e-05 40.7277s
670 0.543467 0.503162 0.000102459 40.6755s
671 0.543467 0.503641 0.000124581 40.9726s
672 0.543467 0.503465 0.000109549 40.936s
673 0.543467 0.504313 0.000137619 44.0476s
674 0.543467 0.503843 0.000106751 40.1213s
675 0.543467 0.502902 9.70183e-05 40.9179s
676 0.543467 0.503193 9.19264e-05 40.9283s
677 0.543467 0.503402 0.00011523 40.8158s
678 0.543467 0.503235 0.00011033 40.7477s
679 0.543467 0.503186 0.000112158 40.7427s
680 0.543467 0.503282 0.000105839 41.0507s
681 0.543467 0.502828 9.74194e-05 40.7197s
682 0.543467 0.506373 0.000167544 40.8239s
683 0.543467 0.504232 0.000119696 41.0884s
684 0.543467 0.503908 0.000123798 40.9199s
685 0.543467 0.504426 0.000125566 40.1065s
686 0.543467 0.504541 0.000121908 41.1087s
687 0.543467 0.503768 0.000101692 40.8004s
688 0.543467 0.504063 0.00013164 40.9031s
689 0.543467 0.503083 9.29301e-05 43.4604s
690 0.543467 0.503266 0.000111947 40.673s
691 0.543467 0.503744 0.000122095 41.2662s
692 0.543467 0.504352 0.000130252 43.876s
693 0.543467 0.504327 0.000119931 40.8529s
694 0.543467 0.504249 0.000123705 40.6969s
695 0.543467 0.504214 0.000111792 40.6187s
696 0.543467 0.502805 9.92451e-05 40.8166s
697 0.543467 0.504541 0.000118259 41.174s
698 0.543467 0.503057 0.000120107 41.2182s
699 0.543467 0.504566 0.000116447 40.569s
700 0.543467 0.503762 9.91469e-05 40.8909s
701 0.543467 0.504036 0.000125665 40.9732s
702 0.543467 0.504646 0.000115705 40.8101s
703 0.543467 0.504062 0.000129176 41.1702s
704 0.543467 0.504039 0.000117543 40.3751s
705 0.543467 0.503185 0.000118233 40.6297s
706 0.543467 0.503135 0.000125757 40.6314s
707 0.543467 0.503766 0.00011278 40.8417s
708 0.543467 0.502649 0.000104393 41.1273s
709 0.543467 0.504207 0.00011642 40.6647s
710 0.543467 0.504102 0.000108178 40.8426s
711 0.543467 0.503299 9.5626e-05 40.8064s
712 0.543467 0.503242 0.000111059 40.9306s
713 0.543467 0.503083 0.000107975 40.5541s
714 0.543467 0.502509 9.41256e-05 40.5188s
715 0.543467 0.502907 9.9431e-05 40.453s
716 0.543467 0.503475 0.000100894 40.7348s
717 0.543467 0.503998 0.000118257 40.8006s
718 0.543467 0.50432 0.000117077 40.8923s
719 0.543467 0.503128 8.75954e-05 40.3479s
720 0.543467 0.504077 0.000109435 40.6707s
721 0.543467 0.502946 9.99101e-05 40.5315s
722 0.543467 0.503422 9.82918e-05 41.6157s
723 0.543467 0.503165 0.000103264 41.0383s
724 0.543467 0.503086 9.72253e-05 40.6333s
725 0.543467 0.5034 0.000129789 40.8709s
726 0.543467 0.502477 0.000100043 40.3302s
727 0.543467 0.503034 0.000105018 40.5203s
728 0.543467 0.503605 0.000106762 40.9019s
729 0.543467 0.502341 0.000107227 40.7701s
730 0.543467 0.503419 0.000117322 41.0267s
731 0.543467 0.50503 0.000138439 43.9738s
732 0.543467 0.504737 0.000134455 40.7348s
733 0.543467 0.505074 0.000145451 40.1964s
734 0.543467 0.504016 0.000131269 40.3572s
735 0.543467 0.503295 0.00010894 40.8522s
736 0.543467 0.503512 0.000132498 40.7921s
737 0.543467 0.504185 0.000128002 40.6376s
738 0.543467 0.503913 0.000131861 40.4763s
739 0.543467 0.503188 9.97651e-05 40.3197s
740 0.543467 0.503182 9.71961e-05 40.5257s
741 0.543467 0.502555 8.73731e-05 43.9042s
742 0.543467 0.504118 0.000106467 41.4384s
743 0.543467 0.503641 0.000110075 40.6417s
744 0.543467 0.504248 0.000131959 40.78s
745 0.543467 0.503238 0.000128644 40.7064s
746 0.543467 0.504499 0.000133258 40.6569s
747 0.543467 0.502841 9.30218e-05 43.8975s
748 0.543467 0.503424 0.00012273 39.9541s
749 0.543467 0.502915 9.87561e-05 41.077s
750 0.543467 0.504244 0.000134894 40.585s
751 0.543467 0.503201 0.000100403 40.5685s
752 0.543467 0.504522 0.000128218 43.8305s
753 0.543467 0.503123 0.000111838 39.9946s
754 0.543467 0.503691 0.000120003 40.6233s
755 0.543467 0.503302 0.000116835 40.4415s
756 0.543467 0.503883 0.000106733 40.487s
757 0.543467 0.503919 0.000100295 41.2249s
758 0.543467 0.503395 0.000111491 40.9486s
759 0.543467 0.504536 0.000113605 40.7324s
760 0.543467 0.503231 0.00011563 43.7894s
761 0.543467 0.504173 0.000132911 40.4658s
762 0.543467 0.503821 0.000108404 40.9524s
763 0.543467 0.503511 0.000100312 40.1741s
764 0.543467 0.502479 8.44098e-05 40.6781s
765 0.543467 0.503482 0.000114948 40.5334s
766 0.543467 0.50269 8.995e-05 40.4641s
767 0.543467 0.504208 0.000120461 40.761s
768 0.543467 0.503826 0.000117513 40.8571s
769 0.543467 0.503635 0.000111395 40.3837s
770 0.543467 0.504202 0.00013683 40.4135s
771 0.543467 0.503602 0.000103059 40.2751s
772 0.543467 0.503548 9.88568e-05 40.6306s
773 0.543467 0.50347 0.000106848 40.5943s
774 0.543467 0.503166 0.000103617 41.0683s
775 0.543467 0.50318 0.000117702 40.7799s
776 0.543467 0.503422 9.94578e-05 40.426s
777 0.543467 0.503777 0.000119222 40.7196s
778 0.543467 0.503331 0.00010462 40.0561s
779 0.543467 0.503655 0.000115346 40.7608s
780 0.543467 0.502806 0.000103725 40.728s
781 0.543467 0.50266 9.1296e-05 40.7588s
782 0.543467 0.503161 0.000109517 40.6677s
783 0.543467 0.503445 0.000112648 40.7817s
784 0.543467 0.503337 0.00011023 40.6536s
785 0.543467 0.503807 0.000119131 40.8889s
786 0.543467 0.504072 0.00010101 40.5694s
787 0.543467 0.50276 8.88887e-05 40.522s
788 0.543467 0.503594 0.000109811 40.8499s
789 0.543467 0.503831 0.000121798 40.6335s
790 0.543467 0.502995 9.99298e-05 41.2489s
791 0.543467 0.504119 0.000125722 40.7394s
792 0.543467 0.502895 0.000111148 41.5305s
793 0.543467 0.505131 0.000142736 40.0935s
794 0.543467 0.503043 0.000114921 40.0516s
795 0.543467 0.503364 9.40495e-05 41.3971s
796 0.543467 0.502574 9.24413e-05 40.9161s
797 0.543467 0.502991 9.53554e-05 40.8815s
798 0.543467 0.503305 0.000112659 40.4833s
799 0.543467 0.503437 0.000105513 40.9299s
800 0.543467 0.502681 0.000105126 40.5681s
801 0.543467 0.504088 0.000105646 40.5176s
802 0.543467 0.503615 9.89049e-05 40.5122s
803 0.543467 0.502624 0.000100553 40.8015s
804 0.543467 0.502675 9.61943e-05 40.7254s
805 0.543467 0.503087 0.000102629 40.6858s
806 0.543467 0.503365 0.000109823 40.5871s
807 0.543467 0.503926 0.000110494 39.9493s
808 0.543467 0.502589 9.5064e-05 40.7208s
809 0.543467 0.502645 9.0599e-05 40.8471s
810 0.543467 0.502356 8.54403e-05 40.7821s
811 0.543467 0.503376 0.000106068 40.5037s
812 0.543467 0.503404 0.00010353 40.49s
813 0.543467 0.503728 0.000123515 40.69s
814 0.543467 0.503546 0.000113361 40.4795s
815 0.543467 0.503941 0.00010933 40.8231s
816 0.543467 0.504067 0.000114149 40.5509s
817 0.543467 0.503861 9.5055e-05 40.6447s
818 0.543467 0.504985 0.000133018 40.7136s
819 0.543467 0.505045 0.000148386 40.8238s
820 0.543467 0.503832 0.000110678 40.6667s
821 0.543467 0.50441 0.000122273 40.6508s
822 0.543467 0.504939 0.000129922 40.3677s
823 0.543467 0.502286 9.30432e-05 40.8468s
824 0.543467 0.503444 8.96036e-05 40.6186s
825 0.543467 0.502762 9.45284e-05 40.8305s
826 0.543467 0.502783 0.000106087 40.6443s
827 0.543467 0.502567 9.54565e-05 40.69s
828 0.543467 0.502771 0.00010137 40.8175s
829 0.543467 0.503502 0.000103557 41.1619s
830 0.543467 0.504104 0.000120682 40.6501s
831 0.543467 0.503978 0.000117797 41.047s
832 0.543467 0.504552 0.000103028 40.6641s
833 0.543467 0.504433 0.000111391 40.9456s
834 0.543467 0.504194 0.000142556 40.7161s
835 0.543467 0.504321 0.000120383 40.5237s
836 0.543467 0.503691 0.000109671 40.9805s
837 0.543467 0.502889 8.98063e-05 40.385s
838 0.543467 0.503882 0.0001269 40.6241s
839 0.543467 0.504301 0.000134558 40.6344s
840 0.543467 0.504042 0.000136709 41.0012s
841 0.543467 0.502616 0.000115055 40.8783s
842 0.543467 0.503469 0.000112091 40.663s
843 0.543467 0.503638 0.000112452 40.6796s
844 0.543467 0.503301 0.000120952 40.5354s
845 0.543467 0.503492 0.000124481 40.844s
846 0.543467 0.5032 0.000100489 41.0725s
847 0.543467 0.503486 0.000112387 41.1917s
848 0.543467 0.5029 9.85573e-05 40.9089s
849 0.543467 0.502814 0.000109808 40.874s
850 0.543467 0.502811 9.17415e-05 40.843s
851 0.543467 0.503917 0.000118815 40.7474s
852 0.543467 0.504123 0.000117086 40.6623s
853 0.543467 0.504317 0.0001259 41.0367s
854 0.543467 0.503338 0.000107562 40.6272s
855 0.543467 0.503477 0.000124834 41.0002s
856 0.543467 0.503392 0.000113266 40.6169s
857 0.543467 0.50454 0.000128919 40.9334s
858 0.543467 0.5032 0.000108015 40.9854s
859 0.543467 0.503516 0.000111508 40.8755s
860 0.543467 0.504556 0.000111801 40.2852s
861 0.543467 0.504097 0.000120579 40.5701s
862 0.543467 0.503596 0.000107172 40.7133s
863 0.543467 0.503108 0.000113024 40.8274s
864 0.543467 0.503172 0.000101295 41.1448s
865 0.543467 0.503051 0.000111882 40.4781s
866 0.543467 0.502872 9.87842e-05 40.975s
867 0.543467 0.503227 0.000113077 40.2908s
868 0.543467 0.504051 0.000124268 43.9003s
869 0.543467 0.50326 0.000110215 40.7557s
870 0.543467 0.502919 0.000106753 40.544s
871 0.543467 0.503422 0.000107682 40.5576s
872 0.543467 0.50338 0.000109615 40.9733s
873 0.543467 0.502951 0.000108134 41.2246s
874 0.543467 0.503446 0.000117485 40.6592s
875 0.543467 0.50465 0.000125132 40.9512s
876 0.543467 0.504495 0.000127209 44.1685s
877 0.543467 0.503937 9.61757e-05 40.4512s
878 0.543467 0.503962 0.000110128 40.7684s
879 0.543467 0.504413 0.000135181 40.7093s
880 0.543467 0.503948 0.000118682 43.9155s
881 0.543467 0.503919 0.00012316 40.7947s
882 0.543467 0.50312 9.26724e-05 40.8328s
883 0.543467 0.504268 0.000128029 40.7758s
884 0.543467 0.504867 0.000131951 40.8379s
885 0.543467 0.503442 0.0001065 41.0185s
886 0.543467 0.503185 0.000111322 41.2018s
887 0.543467 0.501675 8.369e-05 41.231s
888 0.543467 0.502666 9.27307e-05 40.8359s
889 0.543467 0.503016 0.000101504 40.8838s
890 0.543467 0.504493 0.000120507 44.0834s
891 0.543467 0.503276 8.87046e-05 40.8291s
892 0.543467 0.503664 0.000103218 41.1455s
893 0.543467 0.504289 0.00012646 40.9034s
894 0.543467 0.503253 9.91088e-05 40.4283s
895 0.543467 0.503983 0.000134051 40.8668s
896 0.543467 0.50315 0.000100474 40.2061s
897 0.543467 0.502728 0.000112129 40.8649s
898 0.543467 0.502263 9.12939e-05 40.7981s
899 0.543467 0.502949 0.000121829 41.0416s
900 0.543467 0.504238 0.00012795 40.7002s
901 0.543467 0.505007 0.000144279 40.8485s
902 0.543467 0.504728 0.000148005 41.2937s
903 0.543467 0.503618 0.000103074 40.9419s
904 0.543467 0.503983 0.000108074 41.0348s
905 0.543467 0.504036 0.000133943 40.8921s
906 0.543467 0.504477 0.000136611 40.7008s
907 0.543467 0.503081 0.000103983 40.9982s
908 0.543467 0.503526 0.000107462 40.605s
909 0.543467 0.503583 0.000128238 40.772s
910 0.543467 0.50391 0.000133058 40.9522s
911 0.543467 0.50334 0.000119179 40.562s
912 0.543467 0.503619 0.000110805 40.7051s
913 0.543467 0.50427 0.000119347 41.3401s
914 0.543467 0.504866 0.000144284 44.2334s
915 0.543467 0.503279 0.00011367 40.6218s
916 0.543467 0.504067 0.000112225 40.9616s
917 0.543467 0.503252 0.000112915 40.673s
918 0.543467 0.5025 0.000118336 38.6443s
919 0.543467 0.503057 0.000121345 40.835s
920 0.543467 0.502282 0.000100877 40.9084s
921 0.543467 0.502786 0.000118559 40.8654s
922 0.543467 0.503181 0.000119246 40.5254s
923 0.543467 0.503963 0.000113062 40.4556s
924 0.543467 0.503487 0.000129549 40.7921s
925 0.543467 0.50347 0.000114541 40.679s
926 0.543467 0.503489 0.000100851 40.6733s
927 0.543467 0.503114 0.000127881 40.546s
928 0.543467 0.502618 0.000104785 40.6261s
929 0.543467 0.502942 9.94091e-05 40.6881s
930 0.543467 0.504372 0.000120685 40.2914s
931 0.543467 0.502876 9.93558e-05 40.6518s
932 0.543467 0.503945 0.00012221 40.706s
933 0.543467 0.504378 0.000128944 39.4773s
934 0.543467 0.5028 0.00010391 40.9034s
935 0.543467 0.502964 9.98992e-05 40.6585s
936 0.543467 0.503844 0.000103355 40.9898s
937 0.543467 0.503912 0.000124749 40.6149s
938 0.543467 0.503278 0.000110896 40.9472s
939 0.543467 0.50267 9.52196e-05 40.7698s
940 0.543467 0.504601 0.00012139 40.1448s
941 0.543467 0.503567 0.000108634 40.9486s
942 0.543467 0.503508 0.000119069 40.6713s
943 0.543467 0.502248 0.000105613 40.7607s
944 0.543467 0.50228 0.000119316 40.9665s
945 0.543467 0.503192 0.000117886 40.7584s
946 0.543467 0.504334 0.000128691 40.8459s
947 0.543467 0.503679 0.000107518 39.9147s
948 0.543467 0.504543 0.000139738 41.0322s
949 0.543467 0.503583 0.00011767 40.9199s
950 0.543467 0.505307 0.000128301 40.6403s
951 0.543467 0.504328 0.000111807 40.6124s
952 0.543467 0.502606 9.30703e-05 40.655s
953 0.543467 0.504004 0.000127846 40.8155s
954 0.543467 0.504662 0.000140052 40.9402s
955 0.543467 0.504062 0.000104676 39.9037s
956 0.543467 0.504177 0.000125235 40.621s
957 0.543467 0.504478 0.00013142 40.5853s
958 0.543467 0.506134 0.000145309 44.178s
959 0.543467 0.505345 0.000135206 40.6996s
960 0.543467 0.503526 0.000109498 40.7625s
961 0.543467 0.504321 0.000123851 40.8465s
962 0.543467 0.504693 0.000126578 40.9379s
963 0.543467 0.503802 0.000110365 40.6569s
964 0.543467 0.502316 9.5589e-05 40.774s
965 0.543468 0.503158 0.000106472 40.8085s
966 0.543468 0.503904 0.000117083 40.4823s
967 0.543468 0.503985 0.000118616 44.0916s
968 0.543468 0.503642 0.000133771 40.8058s
969 0.543468 0.502647 0.000100933 40.3706s
970 0.543468 0.503717 0.000102474 39.8282s
971 0.543468 0.502948 0.000102314 43.8692s
972 0.543468 0.504237 0.000129959 40.5912s
973 0.543468 0.504386 0.000106187 40.7914s
974 0.543468 0.502875 9.58319e-05 40.3282s
975 0.543468 0.503911 0.000106694 40.751s
976 0.543468 0.504052 0.00012981 40.9684s
977 0.543468 0.503402 0.000118798 40.9369s
978 0.543468 0.503957 0.000135144 40.6205s
979 0.543468 0.502938 0.000106376 40.9731s
980 0.543468 0.502357 0.000106322 41.0124s
981 0.543468 0.50325 0.000109332 40.8191s
982 0.543468 0.503735 0.000109099 40.7448s
983 0.543468 0.503505 0.000114575 40.8134s
984 0.543468 0.503747 0.000126064 40.5988s
985 0.543468 0.504119 0.000142363 40.4233s
986 0.543468 0.503389 0.000110589 41.163s
987 0.543468 0.503945 0.000123175 40.7332s
988 0.543468 0.502268 0.000105685 40.4949s
989 0.543468 0.503552 0.000107696 40.4891s
990 0.543468 0.503586 0.000109378 41.056s
991 0.543468 0.503656 0.000100137 40.5271s
992 0.543468 0.503748 0.000114218 40.8416s
993 0.543468 0.504624 0.000131844 40.3974s
994 0.543468 0.504388 0.000107053 40.5093s
995 0.543468 0.504241 0.000112114 40.8756s
996 0.543468 0.503701 0.000102956 41.1776s
997 0.543468 0.502327 8.84714e-05 40.6104s
998 0.543468 0.50364 0.000107035 41.0778s
999 0.543468 0.502516 9.32292e-05 40.2291s
1000 0.543468 0.502904 9.71999e-05 40.8573s
1001 0.543468 0.503265 0.000128545 40.4816s
1002 0.543468 0.503776 0.000135086 40.8376s
1003 0.543468 0.503644 0.00012221 40.6984s
1004 0.543468 0.505223 0.000137784 40.7863s
1005 0.543468 0.503611 0.000141765 40.1658s
1006 0.543468 0.502879 0.000107945 40.588s
1007 0.543468 0.503809 0.000106609 41.057s
1008 0.543468 0.503149 0.000114722 40.579s
1009 0.543468 0.503057 0.000108077 40.6016s
1010 0.543468 0.503709 0.000126636 40.7921s
1011 0.543468 0.503748 0.000124463 40.9702s
1012 0.543468 0.503396 9.70903e-05 40.5239s
1013 0.543468 0.50387 0.000131528 40.7764s
1014 0.543468 0.503198 0.000117542 40.2197s
1015 0.543468 0.503172 0.00012805 40.7464s
1016 0.543468 0.502923 0.000116529 40.914s
1017 0.543468 0.503513 0.000122991 40.7074s
1018 0.543468 0.503118 0.000100407 40.0482s
1019 0.543468 0.503414 0.000108879 40.7321s
1020 0.543468 0.502716 0.000112231 40.9423s
1021 0.543468 0.503559 0.000118509 40.8588s
1022 0.543468 0.504315 0.00011255 40.7758s
1023 0.543468 0.503473 0.000110177 40.7574s
1024 0.543468 0.503685 0.000112729 40.8661s
1025 0.543468 0.503804 0.000108527 40.964s
1026 0.543468 0.503975 0.000115893 40.9978s
1027 0.543468 0.502867 0.000109307 40.3769s
1028 0.543468 0.502876 0.000108838 40.6737s
1029 0.543468 0.503869 0.000142936 39.9146s
1030 0.543468 0.503771 0.000120649 40.9435s
1031 0.543468 0.502873 0.000116109 40.6952s
1032 0.543468 0.504102 0.000113453 40.5172s
1033 0.543468 0.503629 0.000111488 40.8268s
1034 0.543468 0.503867 0.000130655 41.1597s
1035 0.543468 0.503577 0.000102026 40.5918s
1036 0.543468 0.503932 0.000123766 40.617s
1037 0.543468 0.503758 0.000116602 40.5286s
1038 0.543468 0.503827 0.000124371 40.9363s
1039 0.543468 0.505263 0.000141517 40.9618s
1040 0.543468 0.503288 0.00012034 40.8513s
1041 0.543468 0.503358 0.000105614 40.8078s
1042 0.543477 0.504172 0.000130144 40.5828s
1043 0.543477 0.5037 0.000112841 40.4909s
1044 0.543477 0.504367 0.000136011 40.0968s
1045 0.543477 0.504486 0.000147719 40.6857s
1046 0.543477 0.503825 0.00012365 40.7285s
1047 0.543477 0.504029 0.000144975 40.5908s
1048 0.543477 0.50271 0.000105517 40.783s
1049 0.543477 0.504048 0.000129529 40.9283s
1050 0.543477 0.503403 0.000104691 40.7142s
1051 0.543477 0.50315 0.000114193 41.0183s
1052 0.543477 0.503538 9.9805e-05 40.8346s
1053 0.543477 0.503509 0.000103581 40.5411s
1054 0.543477 0.503028 9.49747e-05 40.1196s
1055 0.543477 0.502604 9.23411e-05 40.7252s
1056 0.543477 0.503324 0.000111463 40.616s
1057 0.543477 0.503725 0.000123848 40.4733s
1058 0.543477 0.504339 0.000131454 40.2655s
1059 0.543477 0.504404 0.000126218 39.3894s
1060 0.543477 0.503837 0.000123169 40.9409s
1061 0.543477 0.504028 0.000144721 44.0585s
1062 0.543477 0.504994 0.000167618 40.6139s
1063 0.543477 0.503821 0.000119572 40.9545s
1064 0.543477 0.505087 0.00013113 41.0512s
1065 0.543477 0.504589 0.000114369 40.7067s
1066 0.543477 0.503966 0.000123224 40.5567s
1067 0.543477 0.504732 0.000136945 40.8062s
1068 0.543477 0.50363 0.000115614 40.7105s
1069 0.543477 0.504615 0.000108235 40.8536s
1070 0.543477 0.504677 0.000118983 40.7052s
1071 0.543477 0.504148 0.000109463 40.7644s
1072 0.543477 0.503397 0.000109602 41.3286s
1073 0.543477 0.504055 9.88669e-05 40.759s
1074 0.543477 0.502625 9.97414e-05 39.9963s
1075 0.543477 0.503157 9.76568e-05 40.8481s
1076 0.543477 0.50362 0.000100514 40.956s
1077 0.543477 0.502763 0.000112227 40.6388s
1078 0.543477 0.50272 8.767e-05 40.6262s
1079 0.543477 0.502904 9.17531e-05 40.5879s
1080 0.543477 0.503785 0.000103525 40.7906s
1081 0.543477 0.503524 0.000108894 41.0537s
1082 0.543477 0.503971 0.000127735 40.9075s
1083 0.543477 0.503514 0.000106728 40.3938s
1084 0.543477 0.503641 0.000112266 40.8851s
1085 0.543477 0.503919 0.0001245 44.1007s
1086 0.543477 0.503007 0.000109431 40.786s
1087 0.543477 0.503634 0.000111548 40.5059s
1088 0.543477 0.502998 9.82194e-05 40.851s
1089 0.543477 0.502522 9.2844e-05 40.8929s
1090 0.543477 0.502985 9.94428e-05 40.733s
1091 0.543477 0.504017 9.76561e-05 40.9493s
1092 0.543477 0.504411 0.000143146 40.7304s
1093 0.543477 0.504008 0.000135125 40.8672s
1094 0.543477 0.5028 0.00011152 41.1922s
1095 0.543477 0.503209 0.000111782 40.751s
1096 0.543477 0.504427 0.000158852 40.7566s
1097 0.543477 0.503886 0.000143073 40.7745s
1098 0.543477 0.502805 0.000129242 40.9712s
1099 0.543477 0.503226 0.000121724 40.9841s
1100 0.543477 0.502185 0.000109467 40.9973s
