post
15
4
91
77
5
92
52
47
31
61
10
79
7
57
22
46
23
73
49
91
17
36
80
14
35
15
41
64
66
60
95
46
87
42
27
64
72
20
36
35
70
32
59
96
49
31
66
94
69
22
96
58
25
66
10
13
53
14
40
82
52
14
0
84
38
25
89
40
15
93
70
26
31
79
95
39
52
45
11
58
73
75
69
18
1
15
60
83
6
23
7
30
38
11
37
92
42
65
90
33
57
83
1
82
35
78
77
29
69
88
95
38
74
30
44
18
8
81
92
5
15
3
92
28
34
36
16
17
57
61
76
62
58
82
87
10
25
20
24
19
89
82
52
27
97
48
10
17
18
38
64
55
13
73
76
90
11
68
61
32
61
17
77
89
66
23
40
9
37
24
14
73
96
27
8
13
43
57
65
78
66
75
82
53
59
38
78
29
31
5
87
83
21
18
75
13
55
96
8
85
74
99
44
17
4
75
57
61
11
72
79
57
5
84
19
41
49
3
9
99
72
25
64
53
7
47
0
65
56
27
65
44
48
3
51
85
26
64
29
81
66
60
43
19
34
39
29
33
54
85
99
75
29
15
77
35
58
64
39
27
35
16
45
21
22
27
51
28
14
1
26
92
5
0
80
87
83
34
71
37
95
76
11
89
61
69
43
46
33
8
56
87
19
10
74
62
81
5
21
60
63
77
85
96
76
10
27
68
39
52
83
81
20
35
0
85
80
14
68
47
80
94
73
11
44
23
63
22
40
74
77
9
36
72
95
27
31
85
28
73
16
35
12
99
22
21
58
80
6
42
15
72
82
56
10
92
62
94
29
74
95
68
60
82
62
22
72
93
35
46
50
53
72
97
48
25
7
88
3
47
12
51
81
82
90
9
21
89
4
44
46
13
86
30
44
38
17
49
60
67
33
66
93
49
35
41
62
30
19
12
67
28
98
97
89
70
58
90
75
35
29
26
7
82
31
54
72
91
76
32
84
11
19
97
17
57
7
86
44
33
64
7
97
23
69
87
17
85
50
5
63
44
67
80
57
58
21
99
73
37
2
70
43
7
84
52
48
94
51
6
99
85
6
68
35
56
16
57
39
5
96
98
59
44
79
94
99
65
11
32
16
2
94
83
3
69
52
11
40
27
23
92
60
69
5
17
98
74
58
19
84
3
68
90
18
10
36
33
46
71
53
87
74
79
99
92
96
45
8
42
44
63
34
58
57
52
28
51
65
78
80
4
50
64
2
44
21
15
40
52
13
19
36
60
45
40
50
46
25
94
14
35
31
76
28
94
53
15
50
98
7
54
15
26
72
32
79
14
23
52
0
22
74
95
60
38
30
76
70
80
5
80
35
62
75
4
22
18
68
7
92
96
58
61
4
66
24
83
71
94
13
4
97
26
20
41
1
50
48
74
65
6
83
52
71
66
36
22
14
1
18
62
2
90
13
56
39
70
42
55
15
24
66
6
3
89
68
11
18
47
90
97
27
52
82
31
69
62
61
41
3
17
21
97
92
69
54
59
55
60
64
76
87
51
45
43
63
62
22
18
84
41
5
49
35
61
71
98
87
74
22
96
78
97
44
1
2
50
10
91
72
49
41
68
42
87
37
14
89
46
6
4
10
61
78
64
19
96
73
56
9
53
48
0
84
40
27
34
68
21
27
65
79
95
41
54
90
39
64
86
83
21
54
13
69
66
26
65
39
97
9
47
20
83
30
48
13
85
10
57
84
33
92
37
52
15
7
59
43
44
62
43
99
65
44
64
38
15
13
19
69
0
72
22
57
33
56
6
30
88
64
75
88
2
74
87
27
32
48
18
61
31
13
2
36
32
49
78
50
59
7
46
52
27
13
36
67
18
1
25
51
72
7
41
16
30
66
33
1
62
5
72
6
60
8
22
11
1
38
46
59
17
75
72
74
58
19
23
53
66
33
8
79
73
5
51
17
55
47
32
24
68
8
12
59
16
38
63
1
20
17
62
26
6
23
0
4
66
33
45
16
43
6
46
23
9
26
79
36
3
6
75
21
32
16
61
31
7
56
20
73
4
58
47
63
18
48
72
23
59
63
36
73
33
56
70
53
0
43
76
62
17
53
73
56
79
75
13
46
34
55
11
71
67
20
63
41
16
78
59
46
71
0
6
74
28
62
24
32
47
20
62
4
7
5
21
60
56
26
13
74
7
73
19
71
57
68
78
41
33
28
7
72
38
63
49
13
46
78
17
72
33
27
52
66
43
12
61
78
54
18
48
66
77
43
47
30
1
29
20
52
20
72
25
19
26
17
27
70
69
52
41
67
0
53
35
6
55
61
45
43
48
42
76
45
17
6
9
14
57
15
64
2
77
6
73
65
14
50
29
36
31
37
3
34
62
73
70
65
22
27
38
12
79
26
44
73
24
18
34
27
59
7
54
60
53
62
52
9
10
72
40
68
48
11
12
19
73
60
14
7
39
11
31
68
67
60
6
19
65
delay_length
2
2
2
2
2
2
2
2
2
2
2
2
2
2
2
2
2
2
2
2
2
2
2
2
2
2
2
2
2
2
2
2
2
2
2
2
2
2
2
2
2
2
2
2
2
2
2
2
2
2
2
2
2
2
2
2
2
2
2
2
2
2
2
2
2
2
2
2
2
2
2
2
2
2
2
2
2
2
2
2
2
2
2
2
2
2
2
2
2
2
2
2
2
2
2
2
2
2
2
2
2
2
2
2
2
2
2
2
2
2
2
2
2
2
2
2
2
2
2
2
2
2
2
2
2
2
2
2
2
2
2
2
2
2
2
2
2
2
2
2
2
2
2
2
2
2
2
2
2
2
2
2
2
2
2
2
2
2
2
2
2
2
2
2
2
2
2
2
2
2
2
2
2
2
2
2
2
2
2
2
2
2
2
2
2
2
2
2
2
2
2
2
2
2
2
2
2
2
2
2
2
2
2
2
2
2
2
2
2
2
2
2
2
2
2
2
2
2
2
2
2
2
2
2
2
2
2
2
2
2
2
2
2
2
2
2
2
2
2
2
2
2
2
2
2
2
2
2
2
2
2
2
2
2
2
2
2
2
2
2
2
2
2
2
2
2
2
2
2
2
2
2
2
2
2
2
2
2
2
2
2
2
2
2
2
2
2
2
2
2
2
2
2
2
2
2
2
2
2
2
2
2
2
2
2
2
2
2
2
2
2
2
2
2
2
2
2
2
2
2
2
2
2
2
2
2
2
2
2
2
2
2
2
2
2
2
2
2
2
2
2
2
2
2
2
2
2
2
2
2
2
2
2
2
2
2
2
2
2
2
2
2
2
2
2
2
2
2
2
2
2
2
2
2
2
2
2
2
2
2
2
2
2
2
2
2
2
2
2
2
2
2
2
2
2
2
2
2
2
2
10
0
0
0
0
10
0
0
0
0
10
0
0
0
0
10
0
0
0
0
10
0
0
0
0
10
0
0
0
0
10
0
0
0
0
10
0
0
0
0
10
0
0
0
0
10
0
0
0
0
10
0
0
0
0
10
0
0
0
0
10
0
0
0
0
10
0
0
0
0
10
0
0
0
0
10
0
0
0
0
10
0
0
0
0
10
0
0
0
0
10
0
0
0
0
10
0
0
0
0
0
0
0
0
0
0
0
0
0
0
0
0
0
0
0
0
0
0
0
0
0
0
0
0
0
0
0
0
0
0
0
0
0
0
0
0
0
0
0
0
0
0
0
0
0
delays
[0][0][0]0
[0][0][1]1
[0][0][2]0
[0][0][3]0
[0][0][4]0
[0][0][5]0
[0][0][6]0
[0][0][7]0
[0][0][8]0
[0][0][9]0
[0][1][0]2
[0][1][1]3
[0][1][2]0
[0][1][3]0
[0][1][4]0
[0][1][5]0
[0][1][6]0
[0][1][7]0
[0][1][8]0
[0][1][9]0
[0][2][0]4
[0][2][1]5
[0][2][2]0
[0][2][3]0
[0][2][4]0
[0][2][5]0
[0][2][6]0
[0][2][7]0
[0][2][8]0
[0][2][9]0
[0][3][0]6
[0][3][1]7
[0][3][2]0
[0][3][3]0
[0][3][4]0
[0][3][5]0
[0][3][6]0
[0][3][7]0
[0][3][8]0
[0][3][9]0
[0][4][0]8
[0][4][1]9
[0][4][2]0
[0][4][3]0
[0][4][4]0
[0][4][5]0
[0][4][6]0
[0][4][7]0
[0][4][8]0
[0][4][9]0
[1][0][0]0
[1][0][1]1
[1][0][2]0
[1][0][3]0
[1][0][4]0
[1][0][5]0
[1][0][6]0
[1][0][7]0
[1][0][8]0
[1][0][9]0
[1][1][0]2
[1][1][1]3
[1][1][2]0
[1][1][3]0
[1][1][4]0
[1][1][5]0
[1][1][6]0
[1][1][7]0
[1][1][8]0
[1][1][9]0
[1][2][0]4
[1][2][1]5
[1][2][2]0
[1][2][3]0
[1][2][4]0
[1][2][5]0
[1][2][6]0
[1][2][7]0
[1][2][8]0
[1][2][9]0
[1][3][0]6
[1][3][1]7
[1][3][2]0
[1][3][3]0
[1][3][4]0
[1][3][5]0
[1][3][6]0
[1][3][7]0
[1][3][8]0
[1][3][9]0
[1][4][0]8
[1][4][1]9
[1][4][2]0
[1][4][3]0
[1][4][4]0
[1][4][5]0
[1][4][6]0
[1][4][7]0
[1][4][8]0
[1][4][9]0
[2][0][0]0
[2][0][1]1
[2][0][2]0
[2][0][3]0
[2][0][4]0
[2][0][5]0
[2][0][6]0
[2][0][7]0
[2][0][8]0
[2][0][9]0
[2][1][0]2
[2][1][1]3
[2][1][2]0
[2][1][3]0
[2][1][4]0
[2][1][5]0
[2][1][6]0
[2][1][7]0
[2][1][8]0
[2][1][9]0
[2][2][0]4
[2][2][1]5
[2][2][2]0
[2][2][3]0
[2][2][4]0
[2][2][5]0
[2][2][6]0
[2][2][7]0
[2][2][8]0
[2][2][9]0
[2][3][0]6
[2][3][1]7
[2][3][2]0
[2][3][3]0
[2][3][4]0
[2][3][5]0
[2][3][6]0
[2][3][7]0
[2][3][8]0
[2][3][9]0
[2][4][0]8
[2][4][1]9
[2][4][2]0
[2][4][3]0
[2][4][4]0
[2][4][5]0
[2][4][6]0
[2][4][7]0
[2][4][8]0
[2][4][9]0
[3][0][0]0
[3][0][1]1
[3][0][2]0
[3][0][3]0
[3][0][4]0
[3][0][5]0
[3][0][6]0
[3][0][7]0
[3][0][8]0
[3][0][9]0
[3][1][0]2
[3][1][1]3
[3][1][2]0
[3][1][3]0
[3][1][4]0
[3][1][5]0
[3][1][6]0
[3][1][7]0
[3][1][8]0
[3][1][9]0
[3][2][0]4
[3][2][1]5
[3][2][2]0
[3][2][3]0
[3][2][4]0
[3][2][5]0
[3][2][6]0
[3][2][7]0
[3][2][8]0
[3][2][9]0
[3][3][0]6
[3][3][1]7
[3][3][2]0
[3][3][3]0
[3][3][4]0
[3][3][5]0
[3][3][6]0
[3][3][7]0
[3][3][8]0
[3][3][9]0
[3][4][0]8
[3][4][1]9
[3][4][2]0
[3][4][3]0
[3][4][4]0
[3][4][5]0
[3][4][6]0
[3][4][7]0
[3][4][8]0
[3][4][9]0
[4][0][0]0
[4][0][1]1
[4][0][2]0
[4][0][3]0
[4][0][4]0
[4][0][5]0
[4][0][6]0
[4][0][7]0
[4][0][8]0
[4][0][9]0
[4][1][0]2
[4][1][1]3
[4][1][2]0
[4][1][3]0
[4][1][4]0
[4][1][5]0
[4][1][6]0
[4][1][7]0
[4][1][8]0
[4][1][9]0
[4][2][0]4
[4][2][1]5
[4][2][2]0
[4][2][3]0
[4][2][4]0
[4][2][5]0
[4][2][6]0
[4][2][7]0
[4][2][8]0
[4][2][9]0
[4][3][0]6
[4][3][1]7
[4][3][2]0
[4][3][3]0
[4][3][4]0
[4][3][5]0
[4][3][6]0
[4][3][7]0
[4][3][8]0
[4][3][9]0
[4][4][0]8
[4][4][1]9
[4][4][2]0
[4][4][3]0
[4][4][4]0
[4][4][5]0
[4][4][6]0
[4][4][7]0
[4][4][8]0
[4][4][9]0
[5][0][0]0
[5][0][1]1
[5][0][2]0
[5][0][3]0
[5][0][4]0
[5][0][5]0
[5][0][6]0
[5][0][7]0
[5][0][8]0
[5][0][9]0
[5][1][0]2
[5][1][1]3
[5][1][2]0
[5][1][3]0
[5][1][4]0
[5][1][5]0
[5][1][6]0
[5][1][7]0
[5][1][8]0
[5][1][9]0
[5][2][0]4
[5][2][1]5
[5][2][2]0
[5][2][3]0
[5][2][4]0
[5][2][5]0
[5][2][6]0
[5][2][7]0
[5][2][8]0
[5][2][9]0
[5][3][0]6
[5][3][1]7
[5][3][2]0
[5][3][3]0
[5][3][4]0
[5][3][5]0
[5][3][6]0
[5][3][7]0
[5][3][8]0
[5][3][9]0
[5][4][0]8
[5][4][1]9
[5][4][2]0
[5][4][3]0
[5][4][4]0
[5][4][5]0
[5][4][6]0
[5][4][7]0
[5][4][8]0
[5][4][9]0
[6][0][0]0
[6][0][1]1
[6][0][2]0
[6][0][3]0
[6][0][4]0
[6][0][5]0
[6][0][6]0
[6][0][7]0
[6][0][8]0
[6][0][9]0
[6][1][0]2
[6][1][1]3
[6][1][2]0
[6][1][3]0
[6][1][4]0
[6][1][5]0
[6][1][6]0
[6][1][7]0
[6][1][8]0
[6][1][9]0
[6][2][0]4
[6][2][1]5
[6][2][2]0
[6][2][3]0
[6][2][4]0
[6][2][5]0
[6][2][6]0
[6][2][7]0
[6][2][8]0
[6][2][9]0
[6][3][0]6
[6][3][1]7
[6][3][2]0
[6][3][3]0
[6][3][4]0
[6][3][5]0
[6][3][6]0
[6][3][7]0
[6][3][8]0
[6][3][9]0
[6][4][0]8
[6][4][1]9
[6][4][2]0
[6][4][3]0
[6][4][4]0
[6][4][5]0
[6][4][6]0
[6][4][7]0
[6][4][8]0
[6][4][9]0
[7][0][0]0
[7][0][1]1
[7][0][2]0
[7][0][3]0
[7][0][4]0
[7][0][5]0
[7][0][6]0
[7][0][7]0
[7][0][8]0
[7][0][9]0
[7][1][0]2
[7][1][1]3
[7][1][2]0
[7][1][3]0
[7][1][4]0
[7][1][5]0
[7][1][6]0
[7][1][7]0
[7][1][8]0
[7][1][9]0
[7][2][0]4
[7][2][1]5
[7][2][2]0
[7][2][3]0
[7][2][4]0
[7][2][5]0
[7][2][6]0
[7][2][7]0
[7][2][8]0
[7][2][9]0
[7][3][0]6
[7][3][1]7
[7][3][2]0
[7][3][3]0
[7][3][4]0
[7][3][5]0
[7][3][6]0
[7][3][7]0
[7][3][8]0
[7][3][9]0
[7][4][0]8
[7][4][1]9
[7][4][2]0
[7][4][3]0
[7][4][4]0
[7][4][5]0
[7][4][6]0
[7][4][7]0
[7][4][8]0
[7][4][9]0
[8][0][0]0
[8][0][1]1
[8][0][2]0
[8][0][3]0
[8][0][4]0
[8][0][5]0
[8][0][6]0
[8][0][7]0
[8][0][8]0
[8][0][9]0
[8][1][0]2
[8][1][1]3
[8][1][2]0
[8][1][3]0
[8][1][4]0
[8][1][5]0
[8][1][6]0
[8][1][7]0
[8][1][8]0
[8][1][9]0
[8][2][0]4
[8][2][1]5
[8][2][2]0
[8][2][3]0
[8][2][4]0
[8][2][5]0
[8][2][6]0
[8][2][7]0
[8][2][8]0
[8][2][9]0
[8][3][0]6
[8][3][1]7
[8][3][2]0
[8][3][3]0
[8][3][4]0
[8][3][5]0
[8][3][6]0
[8][3][7]0
[8][3][8]0
[8][3][9]0
[8][4][0]8
[8][4][1]9
[8][4][2]0
[8][4][3]0
[8][4][4]0
[8][4][5]0
[8][4][6]0
[8][4][7]0
[8][4][8]0
[8][4][9]0
[9][0][0]0
[9][0][1]1
[9][0][2]0
[9][0][3]0
[9][0][4]0
[9][0][5]0
[9][0][6]0
[9][0][7]0
[9][0][8]0
[9][0][9]0
[9][1][0]2
[9][1][1]3
[9][1][2]0
[9][1][3]0
[9][1][4]0
[9][1][5]0
[9][1][6]0
[9][1][7]0
[9][1][8]0
[9][1][9]0
[9][2][0]4
[9][2][1]5
[9][2][2]0
[9][2][3]0
[9][2][4]0
[9][2][5]0
[9][2][6]0
[9][2][7]0
[9][2][8]0
[9][2][9]0
[9][3][0]6
[9][3][1]7
[9][3][2]0
[9][3][3]0
[9][3][4]0
[9][3][5]0
[9][3][6]0
[9][3][7]0
[9][3][8]0
[9][3][9]0
[9][4][0]8
[9][4][1]9
[9][4][2]0
[9][4][3]0
[9][4][4]0
[9][4][5]0
[9][4][6]0
[9][4][7]0
[9][4][8]0
[9][4][9]0
[10][0][0]0
[10][0][1]1
[10][0][2]0
[10][0][3]0
[10][0][4]0
[10][0][5]0
[10][0][6]0
[10][0][7]0
[10][0][8]0
[10][0][9]0
[10][1][0]2
[10][1][1]3
[10][1][2]0
[10][1][3]0
[10][1][4]0
[10][1][5]0
[10][1][6]0
[10][1][7]0
[10][1][8]0
[10][1][9]0
[10][2][0]4
[10][2][1]5
[10][2][2]0
[10][2][3]0
[10][2][4]0
[10][2][5]0
[10][2][6]0
[10][2][7]0
[10][2][8]0
[10][2][9]0
[10][3][0]6
[10][3][1]7
[10][3][2]0
[10][3][3]0
[10][3][4]0
[10][3][5]0
[10][3][6]0
[10][3][7]0
[10][3][8]0
[10][3][9]0
[10][4][0]8
[10][4][1]9
[10][4][2]0
[10][4][3]0
[10][4][4]0
[10][4][5]0
[10][4][6]0
[10][4][7]0
[10][4][8]0
[10][4][9]0
[11][0][0]0
[11][0][1]1
[11][0][2]0
[11][0][3]0
[11][0][4]0
[11][0][5]0
[11][0][6]0
[11][0][7]0
[11][0][8]0
[11][0][9]0
[11][1][0]2
[11][1][1]3
[11][1][2]0
[11][1][3]0
[11][1][4]0
[11][1][5]0
[11][1][6]0
[11][1][7]0
[11][1][8]0
[11][1][9]0
[11][2][0]4
[11][2][1]5
[11][2][2]0
[11][2][3]0
[11][2][4]0
[11][2][5]0
[11][2][6]0
[11][2][7]0
[11][2][8]0
[11][2][9]0
[11][3][0]6
[11][3][1]7
[11][3][2]0
[11][3][3]0
[11][3][4]0
[11][3][5]0
[11][3][6]0
[11][3][7]0
[11][3][8]0
[11][3][9]0
[11][4][0]8
[11][4][1]9
[11][4][2]0
[11][4][3]0
[11][4][4]0
[11][4][5]0
[11][4][6]0
[11][4][7]0
[11][4][8]0
[11][4][9]0
[12][0][0]0
[12][0][1]1
[12][0][2]0
[12][0][3]0
[12][0][4]0
[12][0][5]0
[12][0][6]0
[12][0][7]0
[12][0][8]0
[12][0][9]0
[12][1][0]2
[12][1][1]3
[12][1][2]0
[12][1][3]0
[12][1][4]0
[12][1][5]0
[12][1][6]0
[12][1][7]0
[12][1][8]0
[12][1][9]0
[12][2][0]4
[12][2][1]5
[12][2][2]0
[12][2][3]0
[12][2][4]0
[12][2][5]0
[12][2][6]0
[12][2][7]0
[12][2][8]0
[12][2][9]0
[12][3][0]6
[12][3][1]7
[12][3][2]0
[12][3][3]0
[12][3][4]0
[12][3][5]0
[12][3][6]0
[12][3][7]0
[12][3][8]0
[12][3][9]0
[12][4][0]8
[12][4][1]9
[12][4][2]0
[12][4][3]0
[12][4][4]0
[12][4][5]0
[12][4][6]0
[12][4][7]0
[12][4][8]0
[12][4][9]0
[13][0][0]0
[13][0][1]1
[13][0][2]0
[13][0][3]0
[13][0][4]0
[13][0][5]0
[13][0][6]0
[13][0][7]0
[13][0][8]0
[13][0][9]0
[13][1][0]2
[13][1][1]3
[13][1][2]0
[13][1][3]0
[13][1][4]0
[13][1][5]0
[13][1][6]0
[13][1][7]0
[13][1][8]0
[13][1][9]0
[13][2][0]4
[13][2][1]5
[13][2][2]0
[13][2][3]0
[13][2][4]0
[13][2][5]0
[13][2][6]0
[13][2][7]0
[13][2][8]0
[13][2][9]0
[13][3][0]6
[13][3][1]7
[13][3][2]0
[13][3][3]0
[13][3][4]0
[13][3][5]0
[13][3][6]0
[13][3][7]0
[13][3][8]0
[13][3][9]0
[13][4][0]8
[13][4][1]9
[13][4][2]0
[13][4][3]0
[13][4][4]0
[13][4][5]0
[13][4][6]0
[13][4][7]0
[13][4][8]0
[13][4][9]0
[14][0][0]0
[14][0][1]1
[14][0][2]0
[14][0][3]0
[14][0][4]0
[14][0][5]0
[14][0][6]0
[14][0][7]0
[14][0][8]0
[14][0][9]0
[14][1][0]2
[14][1][1]3
[14][1][2]0
[14][1][3]0
[14][1][4]0
[14][1][5]0
[14][1][6]0
[14][1][7]0
[14][1][8]0
[14][1][9]0
[14][2][0]4
[14][2][1]5
[14][2][2]0
[14][2][3]0
[14][2][4]0
[14][2][5]0
[14][2][6]0
[14][2][7]0
[14][2][8]0
[14][2][9]0
[14][3][0]6
[14][3][1]7
[14][3][2]0
[14][3][3]0
[14][3][4]0
[14][3][5]0
[14][3][6]0
[14][3][7]0
[14][3][8]0
[14][3][9]0
[14][4][0]8
[14][4][1]9
[14][4][2]0
[14][4][3]0
[14][4][4]0
[14][4][5]0
[14][4][6]0
[14][4][7]0
[14][4][8]0
[14][4][9]0
[15][0][0]0
[15][0][1]1
[15][0][2]0
[15][0][3]0
[15][0][4]0
[15][0][5]0
[15][0][6]0
[15][0][7]0
[15][0][8]0
[15][0][9]0
[15][1][0]2
[15][1][1]3
[15][1][2]0
[15][1][3]0
[15][1][4]0
[15][1][5]0
[15][1][6]0
[15][1][7]0
[15][1][8]0
[15][1][9]0
[15][2][0]4
[15][2][1]5
[15][2][2]0
[15][2][3]0
[15][2][4]0
[15][2][5]0
[15][2][6]0
[15][2][7]0
[15][2][8]0
[15][2][9]0
[15][3][0]6
[15][3][1]7
[15][3][2]0
[15][3][3]0
[15][3][4]0
[15][3][5]0
[15][3][6]0
[15][3][7]0
[15][3][8]0
[15][3][9]0
[15][4][0]8
[15][4][1]9
[15][4][2]0
[15][4][3]0
[15][4][4]0
[15][4][5]0
[15][4][6]0
[15][4][7]0
[15][4][8]0
[15][4][9]0
[16][0][0]0
[16][0][1]1
[16][0][2]0
[16][0][3]0
[16][0][4]0
[16][0][5]0
[16][0][6]0
[16][0][7]0
[16][0][8]0
[16][0][9]0
[16][1][0]2
[16][1][1]3
[16][1][2]0
[16][1][3]0
[16][1][4]0
[16][1][5]0
[16][1][6]0
[16][1][7]0
[16][1][8]0
[16][1][9]0
[16][2][0]4
[16][2][1]5
[16][2][2]0
[16][2][3]0
[16][2][4]0
[16][2][5]0
[16][2][6]0
[16][2][7]0
[16][2][8]0
[16][2][9]0
[16][3][0]6
[16][3][1]7
[16][3][2]0
[16][3][3]0
[16][3][4]0
[16][3][5]0
[16][3][6]0
[16][3][7]0
[16][3][8]0
[16][3][9]0
[16][4][0]8
[16][4][1]9
[16][4][2]0
[16][4][3]0
[16][4][4]0
[16][4][5]0
[16][4][6]0
[16][4][7]0
[16][4][8]0
[16][4][9]0
[17][0][0]0
[17][0][1]1
[17][0][2]0
[17][0][3]0
[17][0][4]0
[17][0][5]0
[17][0][6]0
[17][0][7]0
[17][0][8]0
[17][0][9]0
[17][1][0]2
[17][1][1]3
[17][1][2]0
[17][1][3]0
[17][1][4]0
[17][1][5]0
[17][1][6]0
[17][1][7]0
[17][1][8]0
[17][1][9]0
[17][2][0]4
[17][2][1]5
[17][2][2]0
[17][2][3]0
[17][2][4]0
[17][2][5]0
[17][2][6]0
[17][2][7]0
[17][2][8]0
[17][2][9]0
[17][3][0]6
[17][3][1]7
[17][3][2]0
[17][3][3]0
[17][3][4]0
[17][3][5]0
[17][3][6]0
[17][3][7]0
[17][3][8]0
[17][3][9]0
[17][4][0]8
[17][4][1]9
[17][4][2]0
[17][4][3]0
[17][4][4]0
[17][4][5]0
[17][4][6]0
[17][4][7]0
[17][4][8]0
[17][4][9]0
[18][0][0]0
[18][0][1]1
[18][0][2]0
[18][0][3]0
[18][0][4]0
[18][0][5]0
[18][0][6]0
[18][0][7]0
[18][0][8]0
[18][0][9]0
[18][1][0]2
[18][1][1]3
[18][1][2]0
[18][1][3]0
[18][1][4]0
[18][1][5]0
[18][1][6]0
[18][1][7]0
[18][1][8]0
[18][1][9]0
[18][2][0]4
[18][2][1]5
[18][2][2]0
[18][2][3]0
[18][2][4]0
[18][2][5]0
[18][2][6]0
[18][2][7]0
[18][2][8]0
[18][2][9]0
[18][3][0]6
[18][3][1]7
[18][3][2]0
[18][3][3]0
[18][3][4]0
[18][3][5]0
[18][3][6]0
[18][3][7]0
[18][3][8]0
[18][3][9]0
[18][4][0]8
[18][4][1]9
[18][4][2]0
[18][4][3]0
[18][4][4]0
[18][4][5]0
[18][4][6]0
[18][4][7]0
[18][4][8]0
[18][4][9]0
[19][0][0]0
[19][0][1]1
[19][0][2]0
[19][0][3]0
[19][0][4]0
[19][0][5]0
[19][0][6]0
[19][0][7]0
[19][0][8]0
[19][0][9]0
[19][1][0]2
[19][1][1]3
[19][1][2]0
[19][1][3]0
[19][1][4]0
[19][1][5]0
[19][1][6]0
[19][1][7]0
[19][1][8]0
[19][1][9]0
[19][2][0]4
[19][2][1]5
[19][2][2]0
[19][2][3]0
[19][2][4]0
[19][2][5]0
[19][2][6]0
[19][2][7]0
[19][2][8]0
[19][2][9]0
[19][3][0]6
[19][3][1]7
[19][3][2]0
[19][3][3]0
[19][3][4]0
[19][3][5]0
[19][3][6]0
[19][3][7]0
[19][3][8]0
[19][3][9]0
[19][4][0]8
[19][4][1]9
[19][4][2]0
[19][4][3]0
[19][4][4]0
[19][4][5]0
[19][4][6]0
[19][4][7]0
[19][4][8]0
[19][4][9]0
[20][0][0]0
[20][0][1]1
[20][0][2]0
[20][0][3]0
[20][0][4]0
[20][0][5]0
[20][0][6]0
[20][0][7]0
[20][0][8]0
[20][0][9]0
[20][1][0]2
[20][1][1]3
[20][1][2]0
[20][1][3]0
[20][1][4]0
[20][1][5]0
[20][1][6]0
[20][1][7]0
[20][1][8]0
[20][1][9]0
[20][2][0]4
[20][2][1]5
[20][2][2]0
[20][2][3]0
[20][2][4]0
[20][2][5]0
[20][2][6]0
[20][2][7]0
[20][2][8]0
[20][2][9]0
[20][3][0]6
[20][3][1]7
[20][3][2]0
[20][3][3]0
[20][3][4]0
[20][3][5]0
[20][3][6]0
[20][3][7]0
[20][3][8]0
[20][3][9]0
[20][4][0]8
[20][4][1]9
[20][4][2]0
[20][4][3]0
[20][4][4]0
[20][4][5]0
[20][4][6]0
[20][4][7]0
[20][4][8]0
[20][4][9]0
[21][0][0]0
[21][0][1]1
[21][0][2]0
[21][0][3]0
[21][0][4]0
[21][0][5]0
[21][0][6]0
[21][0][7]0
[21][0][8]0
[21][0][9]0
[21][1][0]2
[21][1][1]3
[21][1][2]0
[21][1][3]0
[21][1][4]0
[21][1][5]0
[21][1][6]0
[21][1][7]0
[21][1][8]0
[21][1][9]0
[21][2][0]4
[21][2][1]5
[21][2][2]0
[21][2][3]0
[21][2][4]0
[21][2][5]0
[21][2][6]0
[21][2][7]0
[21][2][8]0
[21][2][9]0
[21][3][0]6
[21][3][1]7
[21][3][2]0
[21][3][3]0
[21][3][4]0
[21][3][5]0
[21][3][6]0
[21][3][7]0
[21][3][8]0
[21][3][9]0
[21][4][0]8
[21][4][1]9
[21][4][2]0
[21][4][3]0
[21][4][4]0
[21][4][5]0
[21][4][6]0
[21][4][7]0
[21][4][8]0
[21][4][9]0
[22][0][0]0
[22][0][1]1
[22][0][2]0
[22][0][3]0
[22][0][4]0
[22][0][5]0
[22][0][6]0
[22][0][7]0
[22][0][8]0
[22][0][9]0
[22][1][0]2
[22][1][1]3
[22][1][2]0
[22][1][3]0
[22][1][4]0
[22][1][5]0
[22][1][6]0
[22][1][7]0
[22][1][8]0
[22][1][9]0
[22][2][0]4
[22][2][1]5
[22][2][2]0
[22][2][3]0
[22][2][4]0
[22][2][5]0
[22][2][6]0
[22][2][7]0
[22][2][8]0
[22][2][9]0
[22][3][0]6
[22][3][1]7
[22][3][2]0
[22][3][3]0
[22][3][4]0
[22][3][5]0
[22][3][6]0
[22][3][7]0
[22][3][8]0
[22][3][9]0
[22][4][0]8
[22][4][1]9
[22][4][2]0
[22][4][3]0
[22][4][4]0
[22][4][5]0
[22][4][6]0
[22][4][7]0
[22][4][8]0
[22][4][9]0
[23][0][0]0
[23][0][1]1
[23][0][2]0
[23][0][3]0
[23][0][4]0
[23][0][5]0
[23][0][6]0
[23][0][7]0
[23][0][8]0
[23][0][9]0
[23][1][0]2
[23][1][1]3
[23][1][2]0
[23][1][3]0
[23][1][4]0
[23][1][5]0
[23][1][6]0
[23][1][7]0
[23][1][8]0
[23][1][9]0
[23][2][0]4
[23][2][1]5
[23][2][2]0
[23][2][3]0
[23][2][4]0
[23][2][5]0
[23][2][6]0
[23][2][7]0
[23][2][8]0
[23][2][9]0
[23][3][0]6
[23][3][1]7
[23][3][2]0
[23][3][3]0
[23][3][4]0
[23][3][5]0
[23][3][6]0
[23][3][7]0
[23][3][8]0
[23][3][9]0
[23][4][0]8
[23][4][1]9
[23][4][2]0
[23][4][3]0
[23][4][4]0
[23][4][5]0
[23][4][6]0
[23][4][7]0
[23][4][8]0
[23][4][9]0
[24][0][0]0
[24][0][1]1
[24][0][2]0
[24][0][3]0
[24][0][4]0
[24][0][5]0
[24][0][6]0
[24][0][7]0
[24][0][8]0
[24][0][9]0
[24][1][0]2
[24][1][1]3
[24][1][2]0
[24][1][3]0
[24][1][4]0
[24][1][5]0
[24][1][6]0
[24][1][7]0
[24][1][8]0
[24][1][9]0
[24][2][0]4
[24][2][1]5
[24][2][2]0
[24][2][3]0
[24][2][4]0
[24][2][5]0
[24][2][6]0
[24][2][7]0
[24][2][8]0
[24][2][9]0
[24][3][0]6
[24][3][1]7
[24][3][2]0
[24][3][3]0
[24][3][4]0
[24][3][5]0
[24][3][6]0
[24][3][7]0
[24][3][8]0
[24][3][9]0
[24][4][0]8
[24][4][1]9
[24][4][2]0
[24][4][3]0
[24][4][4]0
[24][4][5]0
[24][4][6]0
[24][4][7]0
[24][4][8]0
[24][4][9]0
[25][0][0]0
[25][0][1]1
[25][0][2]0
[25][0][3]0
[25][0][4]0
[25][0][5]0
[25][0][6]0
[25][0][7]0
[25][0][8]0
[25][0][9]0
[25][1][0]2
[25][1][1]3
[25][1][2]0
[25][1][3]0
[25][1][4]0
[25][1][5]0
[25][1][6]0
[25][1][7]0
[25][1][8]0
[25][1][9]0
[25][2][0]4
[25][2][1]5
[25][2][2]0
[25][2][3]0
[25][2][4]0
[25][2][5]0
[25][2][6]0
[25][2][7]0
[25][2][8]0
[25][2][9]0
[25][3][0]6
[25][3][1]7
[25][3][2]0
[25][3][3]0
[25][3][4]0
[25][3][5]0
[25][3][6]0
[25][3][7]0
[25][3][8]0
[25][3][9]0
[25][4][0]8
[25][4][1]9
[25][4][2]0
[25][4][3]0
[25][4][4]0
[25][4][5]0
[25][4][6]0
[25][4][7]0
[25][4][8]0
[25][4][9]0
[26][0][0]0
[26][0][1]1
[26][0][2]0
[26][0][3]0
[26][0][4]0
[26][0][5]0
[26][0][6]0
[26][0][7]0
[26][0][8]0
[26][0][9]0
[26][1][0]2
[26][1][1]3
[26][1][2]0
[26][1][3]0
[26][1][4]0
[26][1][5]0
[26][1][6]0
[26][1][7]0
[26][1][8]0
[26][1][9]0
[26][2][0]4
[26][2][1]5
[26][2][2]0
[26][2][3]0
[26][2][4]0
[26][2][5]0
[26][2][6]0
[26][2][7]0
[26][2][8]0
[26][2][9]0
[26][3][0]6
[26][3][1]7
[26][3][2]0
[26][3][3]0
[26][3][4]0
[26][3][5]0
[26][3][6]0
[26][3][7]0
[26][3][8]0
[26][3][9]0
[26][4][0]8
[26][4][1]9
[26][4][2]0
[26][4][3]0
[26][4][4]0
[26][4][5]0
[26][4][6]0
[26][4][7]0
[26][4][8]0
[26][4][9]0
[27][0][0]0
[27][0][1]1
[27][0][2]0
[27][0][3]0
[27][0][4]0
[27][0][5]0
[27][0][6]0
[27][0][7]0
[27][0][8]0
[27][0][9]0
[27][1][0]2
[27][1][1]3
[27][1][2]0
[27][1][3]0
[27][1][4]0
[27][1][5]0
[27][1][6]0
[27][1][7]0
[27][1][8]0
[27][1][9]0
[27][2][0]4
[27][2][1]5
[27][2][2]0
[27][2][3]0
[27][2][4]0
[27][2][5]0
[27][2][6]0
[27][2][7]0
[27][2][8]0
[27][2][9]0
[27][3][0]6
[27][3][1]7
[27][3][2]0
[27][3][3]0
[27][3][4]0
[27][3][5]0
[27][3][6]0
[27][3][7]0
[27][3][8]0
[27][3][9]0
[27][4][0]8
[27][4][1]9
[27][4][2]0
[27][4][3]0
[27][4][4]0
[27][4][5]0
[27][4][6]0
[27][4][7]0
[27][4][8]0
[27][4][9]0
[28][0][0]0
[28][0][1]1
[28][0][2]0
[28][0][3]0
[28][0][4]0
[28][0][5]0
[28][0][6]0
[28][0][7]0
[28][0][8]0
[28][0][9]0
[28][1][0]2
[28][1][1]3
[28][1][2]0
[28][1][3]0
[28][1][4]0
[28][1][5]0
[28][1][6]0
[28][1][7]0
[28][1][8]0
[28][1][9]0
[28][2][0]4
[28][2][1]5
[28][2][2]0
[28][2][3]0
[28][2][4]0
[28][2][5]0
[28][2][6]0
[28][2][7]0
[28][2][8]0
[28][2][9]0
[28][3][0]6
[28][3][1]7
[28][3][2]0
[28][3][3]0
[28][3][4]0
[28][3][5]0
[28][3][6]0
[28][3][7]0
[28][3][8]0
[28][3][9]0
[28][4][0]8
[28][4][1]9
[28][4][2]0
[28][4][3]0
[28][4][4]0
[28][4][5]0
[28][4][6]0
[28][4][7]0
[28][4][8]0
[28][4][9]0
[29][0][0]0
[29][0][1]1
[29][0][2]0
[29][0][3]0
[29][0][4]0
[29][0][5]0
[29][0][6]0
[29][0][7]0
[29][0][8]0
[29][0][9]0
[29][1][0]2
[29][1][1]3
[29][1][2]0
[29][1][3]0
[29][1][4]0
[29][1][5]0
[29][1][6]0
[29][1][7]0
[29][1][8]0
[29][1][9]0
[29][2][0]4
[29][2][1]5
[29][2][2]0
[29][2][3]0
[29][2][4]0
[29][2][5]0
[29][2][6]0
[29][2][7]0
[29][2][8]0
[29][2][9]0
[29][3][0]6
[29][3][1]7
[29][3][2]0
[29][3][3]0
[29][3][4]0
[29][3][5]0
[29][3][6]0
[29][3][7]0
[29][3][8]0
[29][3][9]0
[29][4][0]8
[29][4][1]9
[29][4][2]0
[29][4][3]0
[29][4][4]0
[29][4][5]0
[29][4][6]0
[29][4][7]0
[29][4][8]0
[29][4][9]0
[30][0][0]0
[30][0][1]1
[30][0][2]0
[30][0][3]0
[30][0][4]0
[30][0][5]0
[30][0][6]0
[30][0][7]0
[30][0][8]0
[30][0][9]0
[30][1][0]2
[30][1][1]3
[30][1][2]0
[30][1][3]0
[30][1][4]0
[30][1][5]0
[30][1][6]0
[30][1][7]0
[30][1][8]0
[30][1][9]0
[30][2][0]4
[30][2][1]5
[30][2][2]0
[30][2][3]0
[30][2][4]0
[30][2][5]0
[30][2][6]0
[30][2][7]0
[30][2][8]0
[30][2][9]0
[30][3][0]6
[30][3][1]7
[30][3][2]0
[30][3][3]0
[30][3][4]0
[30][3][5]0
[30][3][6]0
[30][3][7]0
[30][3][8]0
[30][3][9]0
[30][4][0]8
[30][4][1]9
[30][4][2]0
[30][4][3]0
[30][4][4]0
[30][4][5]0
[30][4][6]0
[30][4][7]0
[30][4][8]0
[30][4][9]0
[31][0][0]0
[31][0][1]1
[31][0][2]0
[31][0][3]0
[31][0][4]0
[31][0][5]0
[31][0][6]0
[31][0][7]0
[31][0][8]0
[31][0][9]0
[31][1][0]2
[31][1][1]3
[31][1][2]0
[31][1][3]0
[31][1][4]0
[31][1][5]0
[31][1][6]0
[31][1][7]0
[31][1][8]0
[31][1][9]0
[31][2][0]4
[31][2][1]5
[31][2][2]0
[31][2][3]0
[31][2][4]0
[31][2][5]0
[31][2][6]0
[31][2][7]0
[31][2][8]0
[31][2][9]0
[31][3][0]6
[31][3][1]7
[31][3][2]0
[31][3][3]0
[31][3][4]0
[31][3][5]0
[31][3][6]0
[31][3][7]0
[31][3][8]0
[31][3][9]0
[31][4][0]8
[31][4][1]9
[31][4][2]0
[31][4][3]0
[31][4][4]0
[31][4][5]0
[31][4][6]0
[31][4][7]0
[31][4][8]0
[31][4][9]0
[32][0][0]0
[32][0][1]1
[32][0][2]0
[32][0][3]0
[32][0][4]0
[32][0][5]0
[32][0][6]0
[32][0][7]0
[32][0][8]0
[32][0][9]0
[32][1][0]2
[32][1][1]3
[32][1][2]0
[32][1][3]0
[32][1][4]0
[32][1][5]0
[32][1][6]0
[32][1][7]0
[32][1][8]0
[32][1][9]0
[32][2][0]4
[32][2][1]5
[32][2][2]0
[32][2][3]0
[32][2][4]0
[32][2][5]0
[32][2][6]0
[32][2][7]0
[32][2][8]0
[32][2][9]0
[32][3][0]6
[32][3][1]7
[32][3][2]0
[32][3][3]0
[32][3][4]0
[32][3][5]0
[32][3][6]0
[32][3][7]0
[32][3][8]0
[32][3][9]0
[32][4][0]8
[32][4][1]9
[32][4][2]0
[32][4][3]0
[32][4][4]0
[32][4][5]0
[32][4][6]0
[32][4][7]0
[32][4][8]0
[32][4][9]0
[33][0][0]0
[33][0][1]1
[33][0][2]0
[33][0][3]0
[33][0][4]0
[33][0][5]0
[33][0][6]0
[33][0][7]0
[33][0][8]0
[33][0][9]0
[33][1][0]2
[33][1][1]3
[33][1][2]0
[33][1][3]0
[33][1][4]0
[33][1][5]0
[33][1][6]0
[33][1][7]0
[33][1][8]0
[33][1][9]0
[33][2][0]4
[33][2][1]5
[33][2][2]0
[33][2][3]0
[33][2][4]0
[33][2][5]0
[33][2][6]0
[33][2][7]0
[33][2][8]0
[33][2][9]0
[33][3][0]6
[33][3][1]7
[33][3][2]0
[33][3][3]0
[33][3][4]0
[33][3][5]0
[33][3][6]0
[33][3][7]0
[33][3][8]0
[33][3][9]0
[33][4][0]8
[33][4][1]9
[33][4][2]0
[33][4][3]0
[33][4][4]0
[33][4][5]0
[33][4][6]0
[33][4][7]0
[33][4][8]0
[33][4][9]0
[34][0][0]0
[34][0][1]1
[34][0][2]0
[34][0][3]0
[34][0][4]0
[34][0][5]0
[34][0][6]0
[34][0][7]0
[34][0][8]0
[34][0][9]0
[34][1][0]2
[34][1][1]3
[34][1][2]0
[34][1][3]0
[34][1][4]0
[34][1][5]0
[34][1][6]0
[34][1][7]0
[34][1][8]0
[34][1][9]0
[34][2][0]4
[34][2][1]5
[34][2][2]0
[34][2][3]0
[34][2][4]0
[34][2][5]0
[34][2][6]0
[34][2][7]0
[34][2][8]0
[34][2][9]0
[34][3][0]6
[34][3][1]7
[34][3][2]0
[34][3][3]0
[34][3][4]0
[34][3][5]0
[34][3][6]0
[34][3][7]0
[34][3][8]0
[34][3][9]0
[34][4][0]8
[34][4][1]9
[34][4][2]0
[34][4][3]0
[34][4][4]0
[34][4][5]0
[34][4][6]0
[34][4][7]0
[34][4][8]0
[34][4][9]0
[35][0][0]0
[35][0][1]1
[35][0][2]0
[35][0][3]0
[35][0][4]0
[35][0][5]0
[35][0][6]0
[35][0][7]0
[35][0][8]0
[35][0][9]0
[35][1][0]2
[35][1][1]3
[35][1][2]0
[35][1][3]0
[35][1][4]0
[35][1][5]0
[35][1][6]0
[35][1][7]0
[35][1][8]0
[35][1][9]0
[35][2][0]4
[35][2][1]5
[35][2][2]0
[35][2][3]0
[35][2][4]0
[35][2][5]0
[35][2][6]0
[35][2][7]0
[35][2][8]0
[35][2][9]0
[35][3][0]6
[35][3][1]7
[35][3][2]0
[35][3][3]0
[35][3][4]0
[35][3][5]0
[35][3][6]0
[35][3][7]0
[35][3][8]0
[35][3][9]0
[35][4][0]8
[35][4][1]9
[35][4][2]0
[35][4][3]0
[35][4][4]0
[35][4][5]0
[35][4][6]0
[35][4][7]0
[35][4][8]0
[35][4][9]0
[36][0][0]0
[36][0][1]1
[36][0][2]0
[36][0][3]0
[36][0][4]0
[36][0][5]0
[36][0][6]0
[36][0][7]0
[36][0][8]0
[36][0][9]0
[36][1][0]2
[36][1][1]3
[36][1][2]0
[36][1][3]0
[36][1][4]0
[36][1][5]0
[36][1][6]0
[36][1][7]0
[36][1][8]0
[36][1][9]0
[36][2][0]4
[36][2][1]5
[36][2][2]0
[36][2][3]0
[36][2][4]0
[36][2][5]0
[36][2][6]0
[36][2][7]0
[36][2][8]0
[36][2][9]0
[36][3][0]6
[36][3][1]7
[36][3][2]0
[36][3][3]0
[36][3][4]0
[36][3][5]0
[36][3][6]0
[36][3][7]0
[36][3][8]0
[36][3][9]0
[36][4][0]8
[36][4][1]9
[36][4][2]0
[36][4][3]0
[36][4][4]0
[36][4][5]0
[36][4][6]0
[36][4][7]0
[36][4][8]0
[36][4][9]0
[37][0][0]0
[37][0][1]1
[37][0][2]0
[37][0][3]0
[37][0][4]0
[37][0][5]0
[37][0][6]0
[37][0][7]0
[37][0][8]0
[37][0][9]0
[37][1][0]2
[37][1][1]3
[37][1][2]0
[37][1][3]0
[37][1][4]0
[37][1][5]0
[37][1][6]0
[37][1][7]0
[37][1][8]0
[37][1][9]0
[37][2][0]4
[37][2][1]5
[37][2][2]0
[37][2][3]0
[37][2][4]0
[37][2][5]0
[37][2][6]0
[37][2][7]0
[37][2][8]0
[37][2][9]0
[37][3][0]6
[37][3][1]7
[37][3][2]0
[37][3][3]0
[37][3][4]0
[37][3][5]0
[37][3][6]0
[37][3][7]0
[37][3][8]0
[37][3][9]0
[37][4][0]8
[37][4][1]9
[37][4][2]0
[37][4][3]0
[37][4][4]0
[37][4][5]0
[37][4][6]0
[37][4][7]0
[37][4][8]0
[37][4][9]0
[38][0][0]0
[38][0][1]1
[38][0][2]0
[38][0][3]0
[38][0][4]0
[38][0][5]0
[38][0][6]0
[38][0][7]0
[38][0][8]0
[38][0][9]0
[38][1][0]2
[38][1][1]3
[38][1][2]0
[38][1][3]0
[38][1][4]0
[38][1][5]0
[38][1][6]0
[38][1][7]0
[38][1][8]0
[38][1][9]0
[38][2][0]4
[38][2][1]5
[38][2][2]0
[38][2][3]0
[38][2][4]0
[38][2][5]0
[38][2][6]0
[38][2][7]0
[38][2][8]0
[38][2][9]0
[38][3][0]6
[38][3][1]7
[38][3][2]0
[38][3][3]0
[38][3][4]0
[38][3][5]0
[38][3][6]0
[38][3][7]0
[38][3][8]0
[38][3][9]0
[38][4][0]8
[38][4][1]9
[38][4][2]0
[38][4][3]0
[38][4][4]0
[38][4][5]0
[38][4][6]0
[38][4][7]0
[38][4][8]0
[38][4][9]0
[39][0][0]0
[39][0][1]1
[39][0][2]0
[39][0][3]0
[39][0][4]0
[39][0][5]0
[39][0][6]0
[39][0][7]0
[39][0][8]0
[39][0][9]0
[39][1][0]2
[39][1][1]3
[39][1][2]0
[39][1][3]0
[39][1][4]0
[39][1][5]0
[39][1][6]0
[39][1][7]0
[39][1][8]0
[39][1][9]0
[39][2][0]4
[39][2][1]5
[39][2][2]0
[39][2][3]0
[39][2][4]0
[39][2][5]0
[39][2][6]0
[39][2][7]0
[39][2][8]0
[39][2][9]0
[39][3][0]6
[39][3][1]7
[39][3][2]0
[39][3][3]0
[39][3][4]0
[39][3][5]0
[39][3][6]0
[39][3][7]0
[39][3][8]0
[39][3][9]0
[39][4][0]8
[39][4][1]9
[39][4][2]0
[39][4][3]0
[39][4][4]0
[39][4][5]0
[39][4][6]0
[39][4][7]0
[39][4][8]0
[39][4][9]0
[40][0][0]0
[40][0][1]1
[40][0][2]0
[40][0][3]0
[40][0][4]0
[40][0][5]0
[40][0][6]0
[40][0][7]0
[40][0][8]0
[40][0][9]0
[40][1][0]2
[40][1][1]3
[40][1][2]0
[40][1][3]0
[40][1][4]0
[40][1][5]0
[40][1][6]0
[40][1][7]0
[40][1][8]0
[40][1][9]0
[40][2][0]4
[40][2][1]5
[40][2][2]0
[40][2][3]0
[40][2][4]0
[40][2][5]0
[40][2][6]0
[40][2][7]0
[40][2][8]0
[40][2][9]0
[40][3][0]6
[40][3][1]7
[40][3][2]0
[40][3][3]0
[40][3][4]0
[40][3][5]0
[40][3][6]0
[40][3][7]0
[40][3][8]0
[40][3][9]0
[40][4][0]8
[40][4][1]9
[40][4][2]0
[40][4][3]0
[40][4][4]0
[40][4][5]0
[40][4][6]0
[40][4][7]0
[40][4][8]0
[40][4][9]0
[41][0][0]0
[41][0][1]1
[41][0][2]0
[41][0][3]0
[41][0][4]0
[41][0][5]0
[41][0][6]0
[41][0][7]0
[41][0][8]0
[41][0][9]0
[41][1][0]2
[41][1][1]3
[41][1][2]0
[41][1][3]0
[41][1][4]0
[41][1][5]0
[41][1][6]0
[41][1][7]0
[41][1][8]0
[41][1][9]0
[41][2][0]4
[41][2][1]5
[41][2][2]0
[41][2][3]0
[41][2][4]0
[41][2][5]0
[41][2][6]0
[41][2][7]0
[41][2][8]0
[41][2][9]0
[41][3][0]6
[41][3][1]7
[41][3][2]0
[41][3][3]0
[41][3][4]0
[41][3][5]0
[41][3][6]0
[41][3][7]0
[41][3][8]0
[41][3][9]0
[41][4][0]8
[41][4][1]9
[41][4][2]0
[41][4][3]0
[41][4][4]0
[41][4][5]0
[41][4][6]0
[41][4][7]0
[41][4][8]0
[41][4][9]0
[42][0][0]0
[42][0][1]1
[42][0][2]0
[42][0][3]0
[42][0][4]0
[42][0][5]0
[42][0][6]0
[42][0][7]0
[42][0][8]0
[42][0][9]0
[42][1][0]2
[42][1][1]3
[42][1][2]0
[42][1][3]0
[42][1][4]0
[42][1][5]0
[42][1][6]0
[42][1][7]0
[42][1][8]0
[42][1][9]0
[42][2][0]4
[42][2][1]5
[42][2][2]0
[42][2][3]0
[42][2][4]0
[42][2][5]0
[42][2][6]0
[42][2][7]0
[42][2][8]0
[42][2][9]0
[42][3][0]6
[42][3][1]7
[42][3][2]0
[42][3][3]0
[42][3][4]0
[42][3][5]0
[42][3][6]0
[42][3][7]0
[42][3][8]0
[42][3][9]0
[42][4][0]8
[42][4][1]9
[42][4][2]0
[42][4][3]0
[42][4][4]0
[42][4][5]0
[42][4][6]0
[42][4][7]0
[42][4][8]0
[42][4][9]0
[43][0][0]0
[43][0][1]1
[43][0][2]0
[43][0][3]0
[43][0][4]0
[43][0][5]0
[43][0][6]0
[43][0][7]0
[43][0][8]0
[43][0][9]0
[43][1][0]2
[43][1][1]3
[43][1][2]0
[43][1][3]0
[43][1][4]0
[43][1][5]0
[43][1][6]0
[43][1][7]0
[43][1][8]0
[43][1][9]0
[43][2][0]4
[43][2][1]5
[43][2][2]0
[43][2][3]0
[43][2][4]0
[43][2][5]0
[43][2][6]0
[43][2][7]0
[43][2][8]0
[43][2][9]0
[43][3][0]6
[43][3][1]7
[43][3][2]0
[43][3][3]0
[43][3][4]0
[43][3][5]0
[43][3][6]0
[43][3][7]0
[43][3][8]0
[43][3][9]0
[43][4][0]8
[43][4][1]9
[43][4][2]0
[43][4][3]0
[43][4][4]0
[43][4][5]0
[43][4][6]0
[43][4][7]0
[43][4][8]0
[43][4][9]0
[44][0][0]0
[44][0][1]1
[44][0][2]0
[44][0][3]0
[44][0][4]0
[44][0][5]0
[44][0][6]0
[44][0][7]0
[44][0][8]0
[44][0][9]0
[44][1][0]2
[44][1][1]3
[44][1][2]0
[44][1][3]0
[44][1][4]0
[44][1][5]0
[44][1][6]0
[44][1][7]0
[44][1][8]0
[44][1][9]0
[44][2][0]4
[44][2][1]5
[44][2][2]0
[44][2][3]0
[44][2][4]0
[44][2][5]0
[44][2][6]0
[44][2][7]0
[44][2][8]0
[44][2][9]0
[44][3][0]6
[44][3][1]7
[44][3][2]0
[44][3][3]0
[44][3][4]0
[44][3][5]0
[44][3][6]0
[44][3][7]0
[44][3][8]0
[44][3][9]0
[44][4][0]8
[44][4][1]9
[44][4][2]0
[44][4][3]0
[44][4][4]0
[44][4][5]0
[44][4][6]0
[44][4][7]0
[44][4][8]0
[44][4][9]0
[45][0][0]0
[45][0][1]1
[45][0][2]0
[45][0][3]0
[45][0][4]0
[45][0][5]0
[45][0][6]0
[45][0][7]0
[45][0][8]0
[45][0][9]0
[45][1][0]2
[45][1][1]3
[45][1][2]0
[45][1][3]0
[45][1][4]0
[45][1][5]0
[45][1][6]0
[45][1][7]0
[45][1][8]0
[45][1][9]0
[45][2][0]4
[45][2][1]5
[45][2][2]0
[45][2][3]0
[45][2][4]0
[45][2][5]0
[45][2][6]0
[45][2][7]0
[45][2][8]0
[45][2][9]0
[45][3][0]6
[45][3][1]7
[45][3][2]0
[45][3][3]0
[45][3][4]0
[45][3][5]0
[45][3][6]0
[45][3][7]0
[45][3][8]0
[45][3][9]0
[45][4][0]8
[45][4][1]9
[45][4][2]0
[45][4][3]0
[45][4][4]0
[45][4][5]0
[45][4][6]0
[45][4][7]0
[45][4][8]0
[45][4][9]0
[46][0][0]0
[46][0][1]1
[46][0][2]0
[46][0][3]0
[46][0][4]0
[46][0][5]0
[46][0][6]0
[46][0][7]0
[46][0][8]0
[46][0][9]0
[46][1][0]2
[46][1][1]3
[46][1][2]0
[46][1][3]0
[46][1][4]0
[46][1][5]0
[46][1][6]0
[46][1][7]0
[46][1][8]0
[46][1][9]0
[46][2][0]4
[46][2][1]5
[46][2][2]0
[46][2][3]0
[46][2][4]0
[46][2][5]0
[46][2][6]0
[46][2][7]0
[46][2][8]0
[46][2][9]0
[46][3][0]6
[46][3][1]7
[46][3][2]0
[46][3][3]0
[46][3][4]0
[46][3][5]0
[46][3][6]0
[46][3][7]0
[46][3][8]0
[46][3][9]0
[46][4][0]8
[46][4][1]9
[46][4][2]0
[46][4][3]0
[46][4][4]0
[46][4][5]0
[46][4][6]0
[46][4][7]0
[46][4][8]0
[46][4][9]0
[47][0][0]0
[47][0][1]1
[47][0][2]0
[47][0][3]0
[47][0][4]0
[47][0][5]0
[47][0][6]0
[47][0][7]0
[47][0][8]0
[47][0][9]0
[47][1][0]2
[47][1][1]3
[47][1][2]0
[47][1][3]0
[47][1][4]0
[47][1][5]0
[47][1][6]0
[47][1][7]0
[47][1][8]0
[47][1][9]0
[47][2][0]4
[47][2][1]5
[47][2][2]0
[47][2][3]0
[47][2][4]0
[47][2][5]0
[47][2][6]0
[47][2][7]0
[47][2][8]0
[47][2][9]0
[47][3][0]6
[47][3][1]7
[47][3][2]0
[47][3][3]0
[47][3][4]0
[47][3][5]0
[47][3][6]0
[47][3][7]0
[47][3][8]0
[47][3][9]0
[47][4][0]8
[47][4][1]9
[47][4][2]0
[47][4][3]0
[47][4][4]0
[47][4][5]0
[47][4][6]0
[47][4][7]0
[47][4][8]0
[47][4][9]0
[48][0][0]0
[48][0][1]1
[48][0][2]0
[48][0][3]0
[48][0][4]0
[48][0][5]0
[48][0][6]0
[48][0][7]0
[48][0][8]0
[48][0][9]0
[48][1][0]2
[48][1][1]3
[48][1][2]0
[48][1][3]0
[48][1][4]0
[48][1][5]0
[48][1][6]0
[48][1][7]0
[48][1][8]0
[48][1][9]0
[48][2][0]4
[48][2][1]5
[48][2][2]0
[48][2][3]0
[48][2][4]0
[48][2][5]0
[48][2][6]0
[48][2][7]0
[48][2][8]0
[48][2][9]0
[48][3][0]6
[48][3][1]7
[48][3][2]0
[48][3][3]0
[48][3][4]0
[48][3][5]0
[48][3][6]0
[48][3][7]0
[48][3][8]0
[48][3][9]0
[48][4][0]8
[48][4][1]9
[48][4][2]0
[48][4][3]0
[48][4][4]0
[48][4][5]0
[48][4][6]0
[48][4][7]0
[48][4][8]0
[48][4][9]0
[49][0][0]0
[49][0][1]1
[49][0][2]0
[49][0][3]0
[49][0][4]0
[49][0][5]0
[49][0][6]0
[49][0][7]0
[49][0][8]0
[49][0][9]0
[49][1][0]2
[49][1][1]3
[49][1][2]0
[49][1][3]0
[49][1][4]0
[49][1][5]0
[49][1][6]0
[49][1][7]0
[49][1][8]0
[49][1][9]0
[49][2][0]4
[49][2][1]5
[49][2][2]0
[49][2][3]0
[49][2][4]0
[49][2][5]0
[49][2][6]0
[49][2][7]0
[49][2][8]0
[49][2][9]0
[49][3][0]6
[49][3][1]7
[49][3][2]0
[49][3][3]0
[49][3][4]0
[49][3][5]0
[49][3][6]0
[49][3][7]0
[49][3][8]0
[49][3][9]0
[49][4][0]8
[49][4][1]9
[49][4][2]0
[49][4][3]0
[49][4][4]0
[49][4][5]0
[49][4][6]0
[49][4][7]0
[49][4][8]0
[49][4][9]0
[50][0][0]0
[50][0][1]1
[50][0][2]0
[50][0][3]0
[50][0][4]0
[50][0][5]0
[50][0][6]0
[50][0][7]0
[50][0][8]0
[50][0][9]0
[50][1][0]2
[50][1][1]3
[50][1][2]0
[50][1][3]0
[50][1][4]0
[50][1][5]0
[50][1][6]0
[50][1][7]0
[50][1][8]0
[50][1][9]0
[50][2][0]4
[50][2][1]5
[50][2][2]0
[50][2][3]0
[50][2][4]0
[50][2][5]0
[50][2][6]0
[50][2][7]0
[50][2][8]0
[50][2][9]0
[50][3][0]6
[50][3][1]7
[50][3][2]0
[50][3][3]0
[50][3][4]0
[50][3][5]0
[50][3][6]0
[50][3][7]0
[50][3][8]0
[50][3][9]0
[50][4][0]8
[50][4][1]9
[50][4][2]0
[50][4][3]0
[50][4][4]0
[50][4][5]0
[50][4][6]0
[50][4][7]0
[50][4][8]0
[50][4][9]0
[51][0][0]0
[51][0][1]1
[51][0][2]0
[51][0][3]0
[51][0][4]0
[51][0][5]0
[51][0][6]0
[51][0][7]0
[51][0][8]0
[51][0][9]0
[51][1][0]2
[51][1][1]3
[51][1][2]0
[51][1][3]0
[51][1][4]0
[51][1][5]0
[51][1][6]0
[51][1][7]0
[51][1][8]0
[51][1][9]0
[51][2][0]4
[51][2][1]5
[51][2][2]0
[51][2][3]0
[51][2][4]0
[51][2][5]0
[51][2][6]0
[51][2][7]0
[51][2][8]0
[51][2][9]0
[51][3][0]6
[51][3][1]7
[51][3][2]0
[51][3][3]0
[51][3][4]0
[51][3][5]0
[51][3][6]0
[51][3][7]0
[51][3][8]0
[51][3][9]0
[51][4][0]8
[51][4][1]9
[51][4][2]0
[51][4][3]0
[51][4][4]0
[51][4][5]0
[51][4][6]0
[51][4][7]0
[51][4][8]0
[51][4][9]0
[52][0][0]0
[52][0][1]1
[52][0][2]0
[52][0][3]0
[52][0][4]0
[52][0][5]0
[52][0][6]0
[52][0][7]0
[52][0][8]0
[52][0][9]0
[52][1][0]2
[52][1][1]3
[52][1][2]0
[52][1][3]0
[52][1][4]0
[52][1][5]0
[52][1][6]0
[52][1][7]0
[52][1][8]0
[52][1][9]0
[52][2][0]4
[52][2][1]5
[52][2][2]0
[52][2][3]0
[52][2][4]0
[52][2][5]0
[52][2][6]0
[52][2][7]0
[52][2][8]0
[52][2][9]0
[52][3][0]6
[52][3][1]7
[52][3][2]0
[52][3][3]0
[52][3][4]0
[52][3][5]0
[52][3][6]0
[52][3][7]0
[52][3][8]0
[52][3][9]0
[52][4][0]8
[52][4][1]9
[52][4][2]0
[52][4][3]0
[52][4][4]0
[52][4][5]0
[52][4][6]0
[52][4][7]0
[52][4][8]0
[52][4][9]0
[53][0][0]0
[53][0][1]1
[53][0][2]0
[53][0][3]0
[53][0][4]0
[53][0][5]0
[53][0][6]0
[53][0][7]0
[53][0][8]0
[53][0][9]0
[53][1][0]2
[53][1][1]3
[53][1][2]0
[53][1][3]0
[53][1][4]0
[53][1][5]0
[53][1][6]0
[53][1][7]0
[53][1][8]0
[53][1][9]0
[53][2][0]4
[53][2][1]5
[53][2][2]0
[53][2][3]0
[53][2][4]0
[53][2][5]0
[53][2][6]0
[53][2][7]0
[53][2][8]0
[53][2][9]0
[53][3][0]6
[53][3][1]7
[53][3][2]0
[53][3][3]0
[53][3][4]0
[53][3][5]0
[53][3][6]0
[53][3][7]0
[53][3][8]0
[53][3][9]0
[53][4][0]8
[53][4][1]9
[53][4][2]0
[53][4][3]0
[53][4][4]0
[53][4][5]0
[53][4][6]0
[53][4][7]0
[53][4][8]0
[53][4][9]0
[54][0][0]0
[54][0][1]1
[54][0][2]0
[54][0][3]0
[54][0][4]0
[54][0][5]0
[54][0][6]0
[54][0][7]0
[54][0][8]0
[54][0][9]0
[54][1][0]2
[54][1][1]3
[54][1][2]0
[54][1][3]0
[54][1][4]0
[54][1][5]0
[54][1][6]0
[54][1][7]0
[54][1][8]0
[54][1][9]0
[54][2][0]4
[54][2][1]5
[54][2][2]0
[54][2][3]0
[54][2][4]0
[54][2][5]0
[54][2][6]0
[54][2][7]0
[54][2][8]0
[54][2][9]0
[54][3][0]6
[54][3][1]7
[54][3][2]0
[54][3][3]0
[54][3][4]0
[54][3][5]0
[54][3][6]0
[54][3][7]0
[54][3][8]0
[54][3][9]0
[54][4][0]8
[54][4][1]9
[54][4][2]0
[54][4][3]0
[54][4][4]0
[54][4][5]0
[54][4][6]0
[54][4][7]0
[54][4][8]0
[54][4][9]0
[55][0][0]0
[55][0][1]1
[55][0][2]0
[55][0][3]0
[55][0][4]0
[55][0][5]0
[55][0][6]0
[55][0][7]0
[55][0][8]0
[55][0][9]0
[55][1][0]2
[55][1][1]3
[55][1][2]0
[55][1][3]0
[55][1][4]0
[55][1][5]0
[55][1][6]0
[55][1][7]0
[55][1][8]0
[55][1][9]0
[55][2][0]4
[55][2][1]5
[55][2][2]0
[55][2][3]0
[55][2][4]0
[55][2][5]0
[55][2][6]0
[55][2][7]0
[55][2][8]0
[55][2][9]0
[55][3][0]6
[55][3][1]7
[55][3][2]0
[55][3][3]0
[55][3][4]0
[55][3][5]0
[55][3][6]0
[55][3][7]0
[55][3][8]0
[55][3][9]0
[55][4][0]8
[55][4][1]9
[55][4][2]0
[55][4][3]0
[55][4][4]0
[55][4][5]0
[55][4][6]0
[55][4][7]0
[55][4][8]0
[55][4][9]0
[56][0][0]0
[56][0][1]1
[56][0][2]0
[56][0][3]0
[56][0][4]0
[56][0][5]0
[56][0][6]0
[56][0][7]0
[56][0][8]0
[56][0][9]0
[56][1][0]2
[56][1][1]3
[56][1][2]0
[56][1][3]0
[56][1][4]0
[56][1][5]0
[56][1][6]0
[56][1][7]0
[56][1][8]0
[56][1][9]0
[56][2][0]4
[56][2][1]5
[56][2][2]0
[56][2][3]0
[56][2][4]0
[56][2][5]0
[56][2][6]0
[56][2][7]0
[56][2][8]0
[56][2][9]0
[56][3][0]6
[56][3][1]7
[56][3][2]0
[56][3][3]0
[56][3][4]0
[56][3][5]0
[56][3][6]0
[56][3][7]0
[56][3][8]0
[56][3][9]0
[56][4][0]8
[56][4][1]9
[56][4][2]0
[56][4][3]0
[56][4][4]0
[56][4][5]0
[56][4][6]0
[56][4][7]0
[56][4][8]0
[56][4][9]0
[57][0][0]0
[57][0][1]1
[57][0][2]0
[57][0][3]0
[57][0][4]0
[57][0][5]0
[57][0][6]0
[57][0][7]0
[57][0][8]0
[57][0][9]0
[57][1][0]2
[57][1][1]3
[57][1][2]0
[57][1][3]0
[57][1][4]0
[57][1][5]0
[57][1][6]0
[57][1][7]0
[57][1][8]0
[57][1][9]0
[57][2][0]4
[57][2][1]5
[57][2][2]0
[57][2][3]0
[57][2][4]0
[57][2][5]0
[57][2][6]0
[57][2][7]0
[57][2][8]0
[57][2][9]0
[57][3][0]6
[57][3][1]7
[57][3][2]0
[57][3][3]0
[57][3][4]0
[57][3][5]0
[57][3][6]0
[57][3][7]0
[57][3][8]0
[57][3][9]0
[57][4][0]8
[57][4][1]9
[57][4][2]0
[57][4][3]0
[57][4][4]0
[57][4][5]0
[57][4][6]0
[57][4][7]0
[57][4][8]0
[57][4][9]0
[58][0][0]0
[58][0][1]1
[58][0][2]0
[58][0][3]0
[58][0][4]0
[58][0][5]0
[58][0][6]0
[58][0][7]0
[58][0][8]0
[58][0][9]0
[58][1][0]2
[58][1][1]3
[58][1][2]0
[58][1][3]0
[58][1][4]0
[58][1][5]0
[58][1][6]0
[58][1][7]0
[58][1][8]0
[58][1][9]0
[58][2][0]4
[58][2][1]5
[58][2][2]0
[58][2][3]0
[58][2][4]0
[58][2][5]0
[58][2][6]0
[58][2][7]0
[58][2][8]0
[58][2][9]0
[58][3][0]6
[58][3][1]7
[58][3][2]0
[58][3][3]0
[58][3][4]0
[58][3][5]0
[58][3][6]0
[58][3][7]0
[58][3][8]0
[58][3][9]0
[58][4][0]8
[58][4][1]9
[58][4][2]0
[58][4][3]0
[58][4][4]0
[58][4][5]0
[58][4][6]0
[58][4][7]0
[58][4][8]0
[58][4][9]0
[59][0][0]0
[59][0][1]1
[59][0][2]0
[59][0][3]0
[59][0][4]0
[59][0][5]0
[59][0][6]0
[59][0][7]0
[59][0][8]0
[59][0][9]0
[59][1][0]2
[59][1][1]3
[59][1][2]0
[59][1][3]0
[59][1][4]0
[59][1][5]0
[59][1][6]0
[59][1][7]0
[59][1][8]0
[59][1][9]0
[59][2][0]4
[59][2][1]5
[59][2][2]0
[59][2][3]0
[59][2][4]0
[59][2][5]0
[59][2][6]0
[59][2][7]0
[59][2][8]0
[59][2][9]0
[59][3][0]6
[59][3][1]7
[59][3][2]0
[59][3][3]0
[59][3][4]0
[59][3][5]0
[59][3][6]0
[59][3][7]0
[59][3][8]0
[59][3][9]0
[59][4][0]8
[59][4][1]9
[59][4][2]0
[59][4][3]0
[59][4][4]0
[59][4][5]0
[59][4][6]0
[59][4][7]0
[59][4][8]0
[59][4][9]0
[60][0][0]0
[60][0][1]1
[60][0][2]0
[60][0][3]0
[60][0][4]0
[60][0][5]0
[60][0][6]0
[60][0][7]0
[60][0][8]0
[60][0][9]0
[60][1][0]2
[60][1][1]3
[60][1][2]0
[60][1][3]0
[60][1][4]0
[60][1][5]0
[60][1][6]0
[60][1][7]0
[60][1][8]0
[60][1][9]0
[60][2][0]4
[60][2][1]5
[60][2][2]0
[60][2][3]0
[60][2][4]0
[60][2][5]0
[60][2][6]0
[60][2][7]0
[60][2][8]0
[60][2][9]0
[60][3][0]6
[60][3][1]7
[60][3][2]0
[60][3][3]0
[60][3][4]0
[60][3][5]0
[60][3][6]0
[60][3][7]0
[60][3][8]0
[60][3][9]0
[60][4][0]8
[60][4][1]9
[60][4][2]0
[60][4][3]0
[60][4][4]0
[60][4][5]0
[60][4][6]0
[60][4][7]0
[60][4][8]0
[60][4][9]0
[61][0][0]0
[61][0][1]1
[61][0][2]0
[61][0][3]0
[61][0][4]0
[61][0][5]0
[61][0][6]0
[61][0][7]0
[61][0][8]0
[61][0][9]0
[61][1][0]2
[61][1][1]3
[61][1][2]0
[61][1][3]0
[61][1][4]0
[61][1][5]0
[61][1][6]0
[61][1][7]0
[61][1][8]0
[61][1][9]0
[61][2][0]4
[61][2][1]5
[61][2][2]0
[61][2][3]0
[61][2][4]0
[61][2][5]0
[61][2][6]0
[61][2][7]0
[61][2][8]0
[61][2][9]0
[61][3][0]6
[61][3][1]7
[61][3][2]0
[61][3][3]0
[61][3][4]0
[61][3][5]0
[61][3][6]0
[61][3][7]0
[61][3][8]0
[61][3][9]0
[61][4][0]8
[61][4][1]9
[61][4][2]0
[61][4][3]0
[61][4][4]0
[61][4][5]0
[61][4][6]0
[61][4][7]0
[61][4][8]0
[61][4][9]0
[62][0][0]0
[62][0][1]1
[62][0][2]0
[62][0][3]0
[62][0][4]0
[62][0][5]0
[62][0][6]0
[62][0][7]0
[62][0][8]0
[62][0][9]0
[62][1][0]2
[62][1][1]3
[62][1][2]0
[62][1][3]0
[62][1][4]0
[62][1][5]0
[62][1][6]0
[62][1][7]0
[62][1][8]0
[62][1][9]0
[62][2][0]4
[62][2][1]5
[62][2][2]0
[62][2][3]0
[62][2][4]0
[62][2][5]0
[62][2][6]0
[62][2][7]0
[62][2][8]0
[62][2][9]0
[62][3][0]6
[62][3][1]7
[62][3][2]0
[62][3][3]0
[62][3][4]0
[62][3][5]0
[62][3][6]0
[62][3][7]0
[62][3][8]0
[62][3][9]0
[62][4][0]8
[62][4][1]9
[62][4][2]0
[62][4][3]0
[62][4][4]0
[62][4][5]0
[62][4][6]0
[62][4][7]0
[62][4][8]0
[62][4][9]0
[63][0][0]0
[63][0][1]1
[63][0][2]0
[63][0][3]0
[63][0][4]0
[63][0][5]0
[63][0][6]0
[63][0][7]0
[63][0][8]0
[63][0][9]0
[63][1][0]2
[63][1][1]3
[63][1][2]0
[63][1][3]0
[63][1][4]0
[63][1][5]0
[63][1][6]0
[63][1][7]0
[63][1][8]0
[63][1][9]0
[63][2][0]4
[63][2][1]5
[63][2][2]0
[63][2][3]0
[63][2][4]0
[63][2][5]0
[63][2][6]0
[63][2][7]0
[63][2][8]0
[63][2][9]0
[63][3][0]6
[63][3][1]7
[63][3][2]0
[63][3][3]0
[63][3][4]0
[63][3][5]0
[63][3][6]0
[63][3][7]0
[63][3][8]0
[63][3][9]0
[63][4][0]8
[63][4][1]9
[63][4][2]0
[63][4][3]0
[63][4][4]0
[63][4][5]0
[63][4][6]0
[63][4][7]0
[63][4][8]0
[63][4][9]0
[64][0][0]0
[64][0][1]1
[64][0][2]0
[64][0][3]0
[64][0][4]0
[64][0][5]0
[64][0][6]0
[64][0][7]0
[64][0][8]0
[64][0][9]0
[64][1][0]2
[64][1][1]3
[64][1][2]0
[64][1][3]0
[64][1][4]0
[64][1][5]0
[64][1][6]0
[64][1][7]0
[64][1][8]0
[64][1][9]0
[64][2][0]4
[64][2][1]5
[64][2][2]0
[64][2][3]0
[64][2][4]0
[64][2][5]0
[64][2][6]0
[64][2][7]0
[64][2][8]0
[64][2][9]0
[64][3][0]6
[64][3][1]7
[64][3][2]0
[64][3][3]0
[64][3][4]0
[64][3][5]0
[64][3][6]0
[64][3][7]0
[64][3][8]0
[64][3][9]0
[64][4][0]8
[64][4][1]9
[64][4][2]0
[64][4][3]0
[64][4][4]0
[64][4][5]0
[64][4][6]0
[64][4][7]0
[64][4][8]0
[64][4][9]0
[65][0][0]0
[65][0][1]1
[65][0][2]0
[65][0][3]0
[65][0][4]0
[65][0][5]0
[65][0][6]0
[65][0][7]0
[65][0][8]0
[65][0][9]0
[65][1][0]2
[65][1][1]3
[65][1][2]0
[65][1][3]0
[65][1][4]0
[65][1][5]0
[65][1][6]0
[65][1][7]0
[65][1][8]0
[65][1][9]0
[65][2][0]4
[65][2][1]5
[65][2][2]0
[65][2][3]0
[65][2][4]0
[65][2][5]0
[65][2][6]0
[65][2][7]0
[65][2][8]0
[65][2][9]0
[65][3][0]6
[65][3][1]7
[65][3][2]0
[65][3][3]0
[65][3][4]0
[65][3][5]0
[65][3][6]0
[65][3][7]0
[65][3][8]0
[65][3][9]0
[65][4][0]8
[65][4][1]9
[65][4][2]0
[65][4][3]0
[65][4][4]0
[65][4][5]0
[65][4][6]0
[65][4][7]0
[65][4][8]0
[65][4][9]0
[66][0][0]0
[66][0][1]1
[66][0][2]0
[66][0][3]0
[66][0][4]0
[66][0][5]0
[66][0][6]0
[66][0][7]0
[66][0][8]0
[66][0][9]0
[66][1][0]2
[66][1][1]3
[66][1][2]0
[66][1][3]0
[66][1][4]0
[66][1][5]0
[66][1][6]0
[66][1][7]0
[66][1][8]0
[66][1][9]0
[66][2][0]4
[66][2][1]5
[66][2][2]0
[66][2][3]0
[66][2][4]0
[66][2][5]0
[66][2][6]0
[66][2][7]0
[66][2][8]0
[66][2][9]0
[66][3][0]6
[66][3][1]7
[66][3][2]0
[66][3][3]0
[66][3][4]0
[66][3][5]0
[66][3][6]0
[66][3][7]0
[66][3][8]0
[66][3][9]0
[66][4][0]8
[66][4][1]9
[66][4][2]0
[66][4][3]0
[66][4][4]0
[66][4][5]0
[66][4][6]0
[66][4][7]0
[66][4][8]0
[66][4][9]0
[67][0][0]0
[67][0][1]1
[67][0][2]0
[67][0][3]0
[67][0][4]0
[67][0][5]0
[67][0][6]0
[67][0][7]0
[67][0][8]0
[67][0][9]0
[67][1][0]2
[67][1][1]3
[67][1][2]0
[67][1][3]0
[67][1][4]0
[67][1][5]0
[67][1][6]0
[67][1][7]0
[67][1][8]0
[67][1][9]0
[67][2][0]4
[67][2][1]5
[67][2][2]0
[67][2][3]0
[67][2][4]0
[67][2][5]0
[67][2][6]0
[67][2][7]0
[67][2][8]0
[67][2][9]0
[67][3][0]6
[67][3][1]7
[67][3][2]0
[67][3][3]0
[67][3][4]0
[67][3][5]0
[67][3][6]0
[67][3][7]0
[67][3][8]0
[67][3][9]0
[67][4][0]8
[67][4][1]9
[67][4][2]0
[67][4][3]0
[67][4][4]0
[67][4][5]0
[67][4][6]0
[67][4][7]0
[67][4][8]0
[67][4][9]0
[68][0][0]0
[68][0][1]1
[68][0][2]0
[68][0][3]0
[68][0][4]0
[68][0][5]0
[68][0][6]0
[68][0][7]0
[68][0][8]0
[68][0][9]0
[68][1][0]2
[68][1][1]3
[68][1][2]0
[68][1][3]0
[68][1][4]0
[68][1][5]0
[68][1][6]0
[68][1][7]0
[68][1][8]0
[68][1][9]0
[68][2][0]4
[68][2][1]5
[68][2][2]0
[68][2][3]0
[68][2][4]0
[68][2][5]0
[68][2][6]0
[68][2][7]0
[68][2][8]0
[68][2][9]0
[68][3][0]6
[68][3][1]7
[68][3][2]0
[68][3][3]0
[68][3][4]0
[68][3][5]0
[68][3][6]0
[68][3][7]0
[68][3][8]0
[68][3][9]0
[68][4][0]8
[68][4][1]9
[68][4][2]0
[68][4][3]0
[68][4][4]0
[68][4][5]0
[68][4][6]0
[68][4][7]0
[68][4][8]0
[68][4][9]0
[69][0][0]0
[69][0][1]1
[69][0][2]0
[69][0][3]0
[69][0][4]0
[69][0][5]0
[69][0][6]0
[69][0][7]0
[69][0][8]0
[69][0][9]0
[69][1][0]2
[69][1][1]3
[69][1][2]0
[69][1][3]0
[69][1][4]0
[69][1][5]0
[69][1][6]0
[69][1][7]0
[69][1][8]0
[69][1][9]0
[69][2][0]4
[69][2][1]5
[69][2][2]0
[69][2][3]0
[69][2][4]0
[69][2][5]0
[69][2][6]0
[69][2][7]0
[69][2][8]0
[69][2][9]0
[69][3][0]6
[69][3][1]7
[69][3][2]0
[69][3][3]0
[69][3][4]0
[69][3][5]0
[69][3][6]0
[69][3][7]0
[69][3][8]0
[69][3][9]0
[69][4][0]8
[69][4][1]9
[69][4][2]0
[69][4][3]0
[69][4][4]0
[69][4][5]0
[69][4][6]0
[69][4][7]0
[69][4][8]0
[69][4][9]0
[70][0][0]0
[70][0][1]1
[70][0][2]0
[70][0][3]0
[70][0][4]0
[70][0][5]0
[70][0][6]0
[70][0][7]0
[70][0][8]0
[70][0][9]0
[70][1][0]2
[70][1][1]3
[70][1][2]0
[70][1][3]0
[70][1][4]0
[70][1][5]0
[70][1][6]0
[70][1][7]0
[70][1][8]0
[70][1][9]0
[70][2][0]4
[70][2][1]5
[70][2][2]0
[70][2][3]0
[70][2][4]0
[70][2][5]0
[70][2][6]0
[70][2][7]0
[70][2][8]0
[70][2][9]0
[70][3][0]6
[70][3][1]7
[70][3][2]0
[70][3][3]0
[70][3][4]0
[70][3][5]0
[70][3][6]0
[70][3][7]0
[70][3][8]0
[70][3][9]0
[70][4][0]8
[70][4][1]9
[70][4][2]0
[70][4][3]0
[70][4][4]0
[70][4][5]0
[70][4][6]0
[70][4][7]0
[70][4][8]0
[70][4][9]0
[71][0][0]0
[71][0][1]1
[71][0][2]0
[71][0][3]0
[71][0][4]0
[71][0][5]0
[71][0][6]0
[71][0][7]0
[71][0][8]0
[71][0][9]0
[71][1][0]2
[71][1][1]3
[71][1][2]0
[71][1][3]0
[71][1][4]0
[71][1][5]0
[71][1][6]0
[71][1][7]0
[71][1][8]0
[71][1][9]0
[71][2][0]4
[71][2][1]5
[71][2][2]0
[71][2][3]0
[71][2][4]0
[71][2][5]0
[71][2][6]0
[71][2][7]0
[71][2][8]0
[71][2][9]0
[71][3][0]6
[71][3][1]7
[71][3][2]0
[71][3][3]0
[71][3][4]0
[71][3][5]0
[71][3][6]0
[71][3][7]0
[71][3][8]0
[71][3][9]0
[71][4][0]8
[71][4][1]9
[71][4][2]0
[71][4][3]0
[71][4][4]0
[71][4][5]0
[71][4][6]0
[71][4][7]0
[71][4][8]0
[71][4][9]0
[72][0][0]0
[72][0][1]1
[72][0][2]0
[72][0][3]0
[72][0][4]0
[72][0][5]0
[72][0][6]0
[72][0][7]0
[72][0][8]0
[72][0][9]0
[72][1][0]2
[72][1][1]3
[72][1][2]0
[72][1][3]0
[72][1][4]0
[72][1][5]0
[72][1][6]0
[72][1][7]0
[72][1][8]0
[72][1][9]0
[72][2][0]4
[72][2][1]5
[72][2][2]0
[72][2][3]0
[72][2][4]0
[72][2][5]0
[72][2][6]0
[72][2][7]0
[72][2][8]0
[72][2][9]0
[72][3][0]6
[72][3][1]7
[72][3][2]0
[72][3][3]0
[72][3][4]0
[72][3][5]0
[72][3][6]0
[72][3][7]0
[72][3][8]0
[72][3][9]0
[72][4][0]8
[72][4][1]9
[72][4][2]0
[72][4][3]0
[72][4][4]0
[72][4][5]0
[72][4][6]0
[72][4][7]0
[72][4][8]0
[72][4][9]0
[73][0][0]0
[73][0][1]1
[73][0][2]0
[73][0][3]0
[73][0][4]0
[73][0][5]0
[73][0][6]0
[73][0][7]0
[73][0][8]0
[73][0][9]0
[73][1][0]2
[73][1][1]3
[73][1][2]0
[73][1][3]0
[73][1][4]0
[73][1][5]0
[73][1][6]0
[73][1][7]0
[73][1][8]0
[73][1][9]0
[73][2][0]4
[73][2][1]5
[73][2][2]0
[73][2][3]0
[73][2][4]0
[73][2][5]0
[73][2][6]0
[73][2][7]0
[73][2][8]0
[73][2][9]0
[73][3][0]6
[73][3][1]7
[73][3][2]0
[73][3][3]0
[73][3][4]0
[73][3][5]0
[73][3][6]0
[73][3][7]0
[73][3][8]0
[73][3][9]0
[73][4][0]8
[73][4][1]9
[73][4][2]0
[73][4][3]0
[73][4][4]0
[73][4][5]0
[73][4][6]0
[73][4][7]0
[73][4][8]0
[73][4][9]0
[74][0][0]0
[74][0][1]1
[74][0][2]0
[74][0][3]0
[74][0][4]0
[74][0][5]0
[74][0][6]0
[74][0][7]0
[74][0][8]0
[74][0][9]0
[74][1][0]2
[74][1][1]3
[74][1][2]0
[74][1][3]0
[74][1][4]0
[74][1][5]0
[74][1][6]0
[74][1][7]0
[74][1][8]0
[74][1][9]0
[74][2][0]4
[74][2][1]5
[74][2][2]0
[74][2][3]0
[74][2][4]0
[74][2][5]0
[74][2][6]0
[74][2][7]0
[74][2][8]0
[74][2][9]0
[74][3][0]6
[74][3][1]7
[74][3][2]0
[74][3][3]0
[74][3][4]0
[74][3][5]0
[74][3][6]0
[74][3][7]0
[74][3][8]0
[74][3][9]0
[74][4][0]8
[74][4][1]9
[74][4][2]0
[74][4][3]0
[74][4][4]0
[74][4][5]0
[74][4][6]0
[74][4][7]0
[74][4][8]0
[74][4][9]0
[75][0][0]0
[75][0][1]1
[75][0][2]0
[75][0][3]0
[75][0][4]0
[75][0][5]0
[75][0][6]0
[75][0][7]0
[75][0][8]0
[75][0][9]0
[75][1][0]2
[75][1][1]3
[75][1][2]0
[75][1][3]0
[75][1][4]0
[75][1][5]0
[75][1][6]0
[75][1][7]0
[75][1][8]0
[75][1][9]0
[75][2][0]4
[75][2][1]5
[75][2][2]0
[75][2][3]0
[75][2][4]0
[75][2][5]0
[75][2][6]0
[75][2][7]0
[75][2][8]0
[75][2][9]0
[75][3][0]6
[75][3][1]7
[75][3][2]0
[75][3][3]0
[75][3][4]0
[75][3][5]0
[75][3][6]0
[75][3][7]0
[75][3][8]0
[75][3][9]0
[75][4][0]8
[75][4][1]9
[75][4][2]0
[75][4][3]0
[75][4][4]0
[75][4][5]0
[75][4][6]0
[75][4][7]0
[75][4][8]0
[75][4][9]0
[76][0][0]0
[76][0][1]1
[76][0][2]0
[76][0][3]0
[76][0][4]0
[76][0][5]0
[76][0][6]0
[76][0][7]0
[76][0][8]0
[76][0][9]0
[76][1][0]2
[76][1][1]3
[76][1][2]0
[76][1][3]0
[76][1][4]0
[76][1][5]0
[76][1][6]0
[76][1][7]0
[76][1][8]0
[76][1][9]0
[76][2][0]4
[76][2][1]5
[76][2][2]0
[76][2][3]0
[76][2][4]0
[76][2][5]0
[76][2][6]0
[76][2][7]0
[76][2][8]0
[76][2][9]0
[76][3][0]6
[76][3][1]7
[76][3][2]0
[76][3][3]0
[76][3][4]0
[76][3][5]0
[76][3][6]0
[76][3][7]0
[76][3][8]0
[76][3][9]0
[76][4][0]8
[76][4][1]9
[76][4][2]0
[76][4][3]0
[76][4][4]0
[76][4][5]0
[76][4][6]0
[76][4][7]0
[76][4][8]0
[76][4][9]0
[77][0][0]0
[77][0][1]1
[77][0][2]0
[77][0][3]0
[77][0][4]0
[77][0][5]0
[77][0][6]0
[77][0][7]0
[77][0][8]0
[77][0][9]0
[77][1][0]2
[77][1][1]3
[77][1][2]0
[77][1][3]0
[77][1][4]0
[77][1][5]0
[77][1][6]0
[77][1][7]0
[77][1][8]0
[77][1][9]0
[77][2][0]4
[77][2][1]5
[77][2][2]0
[77][2][3]0
[77][2][4]0
[77][2][5]0
[77][2][6]0
[77][2][7]0
[77][2][8]0
[77][2][9]0
[77][3][0]6
[77][3][1]7
[77][3][2]0
[77][3][3]0
[77][3][4]0
[77][3][5]0
[77][3][6]0
[77][3][7]0
[77][3][8]0
[77][3][9]0
[77][4][0]8
[77][4][1]9
[77][4][2]0
[77][4][3]0
[77][4][4]0
[77][4][5]0
[77][4][6]0
[77][4][7]0
[77][4][8]0
[77][4][9]0
[78][0][0]0
[78][0][1]1
[78][0][2]0
[78][0][3]0
[78][0][4]0
[78][0][5]0
[78][0][6]0
[78][0][7]0
[78][0][8]0
[78][0][9]0
[78][1][0]2
[78][1][1]3
[78][1][2]0
[78][1][3]0
[78][1][4]0
[78][1][5]0
[78][1][6]0
[78][1][7]0
[78][1][8]0
[78][1][9]0
[78][2][0]4
[78][2][1]5
[78][2][2]0
[78][2][3]0
[78][2][4]0
[78][2][5]0
[78][2][6]0
[78][2][7]0
[78][2][8]0
[78][2][9]0
[78][3][0]6
[78][3][1]7
[78][3][2]0
[78][3][3]0
[78][3][4]0
[78][3][5]0
[78][3][6]0
[78][3][7]0
[78][3][8]0
[78][3][9]0
[78][4][0]8
[78][4][1]9
[78][4][2]0
[78][4][3]0
[78][4][4]0
[78][4][5]0
[78][4][6]0
[78][4][7]0
[78][4][8]0
[78][4][9]0
[79][0][0]0
[79][0][1]1
[79][0][2]0
[79][0][3]0
[79][0][4]0
[79][0][5]0
[79][0][6]0
[79][0][7]0
[79][0][8]0
[79][0][9]0
[79][1][0]2
[79][1][1]3
[79][1][2]0
[79][1][3]0
[79][1][4]0
[79][1][5]0
[79][1][6]0
[79][1][7]0
[79][1][8]0
[79][1][9]0
[79][2][0]4
[79][2][1]5
[79][2][2]0
[79][2][3]0
[79][2][4]0
[79][2][5]0
[79][2][6]0
[79][2][7]0
[79][2][8]0
[79][2][9]0
[79][3][0]6
[79][3][1]7
[79][3][2]0
[79][3][3]0
[79][3][4]0
[79][3][5]0
[79][3][6]0
[79][3][7]0
[79][3][8]0
[79][3][9]0
[79][4][0]8
[79][4][1]9
[79][4][2]0
[79][4][3]0
[79][4][4]0
[79][4][5]0
[79][4][6]0
[79][4][7]0
[79][4][8]0
[79][4][9]0
[80][0][0]0
[80][0][1]1
[80][0][2]2
[80][0][3]3
[80][0][4]4
[80][0][5]5
[80][0][6]6
[80][0][7]7
[80][0][8]8
[80][0][9]9
[80][1][0]0
[80][1][1]0
[80][1][2]0
[80][1][3]0
[80][1][4]0
[80][1][5]0
[80][1][6]0
[80][1][7]0
[80][1][8]0
[80][1][9]0
[80][2][0]0
[80][2][1]0
[80][2][2]0
[80][2][3]0
[80][2][4]0
[80][2][5]0
[80][2][6]0
[80][2][7]0
[80][2][8]0
[80][2][9]0
[80][3][0]0
[80][3][1]0
[80][3][2]0
[80][3][3]0
[80][3][4]0
[80][3][5]0
[80][3][6]0
[80][3][7]0
[80][3][8]0
[80][3][9]0
[80][4][0]0
[80][4][1]0
[80][4][2]0
[80][4][3]0
[80][4][4]0
[80][4][5]0
[80][4][6]0
[80][4][7]0
[80][4][8]0
[80][4][9]0
[81][0][0]0
[81][0][1]1
[81][0][2]2
[81][0][3]3
[81][0][4]4
[81][0][5]5
[81][0][6]6
[81][0][7]7
[81][0][8]8
[81][0][9]9
[81][1][0]0
[81][1][1]0
[81][1][2]0
[81][1][3]0
[81][1][4]0
[81][1][5]0
[81][1][6]0
[81][1][7]0
[81][1][8]0
[81][1][9]0
[81][2][0]0
[81][2][1]0
[81][2][2]0
[81][2][3]0
[81][2][4]0
[81][2][5]0
[81][2][6]0
[81][2][7]0
[81][2][8]0
[81][2][9]0
[81][3][0]0
[81][3][1]0
[81][3][2]0
[81][3][3]0
[81][3][4]0
[81][3][5]0
[81][3][6]0
[81][3][7]0
[81][3][8]0
[81][3][9]0
[81][4][0]0
[81][4][1]0
[81][4][2]0
[81][4][3]0
[81][4][4]0
[81][4][5]0
[81][4][6]0
[81][4][7]0
[81][4][8]0
[81][4][9]0
[82][0][0]0
[82][0][1]1
[82][0][2]2
[82][0][3]3
[82][0][4]4
[82][0][5]5
[82][0][6]6
[82][0][7]7
[82][0][8]8
[82][0][9]9
[82][1][0]0
[82][1][1]0
[82][1][2]0
[82][1][3]0
[82][1][4]0
[82][1][5]0
[82][1][6]0
[82][1][7]0
[82][1][8]0
[82][1][9]0
[82][2][0]0
[82][2][1]0
[82][2][2]0
[82][2][3]0
[82][2][4]0
[82][2][5]0
[82][2][6]0
[82][2][7]0
[82][2][8]0
[82][2][9]0
[82][3][0]0
[82][3][1]0
[82][3][2]0
[82][3][3]0
[82][3][4]0
[82][3][5]0
[82][3][6]0
[82][3][7]0
[82][3][8]0
[82][3][9]0
[82][4][0]0
[82][4][1]0
[82][4][2]0
[82][4][3]0
[82][4][4]0
[82][4][5]0
[82][4][6]0
[82][4][7]0
[82][4][8]0
[82][4][9]0
[83][0][0]0
[83][0][1]1
[83][0][2]2
[83][0][3]3
[83][0][4]4
[83][0][5]5
[83][0][6]6
[83][0][7]7
[83][0][8]8
[83][0][9]9
[83][1][0]0
[83][1][1]0
[83][1][2]0
[83][1][3]0
[83][1][4]0
[83][1][5]0
[83][1][6]0
[83][1][7]0
[83][1][8]0
[83][1][9]0
[83][2][0]0
[83][2][1]0
[83][2][2]0
[83][2][3]0
[83][2][4]0
[83][2][5]0
[83][2][6]0
[83][2][7]0
[83][2][8]0
[83][2][9]0
[83][3][0]0
[83][3][1]0
[83][3][2]0
[83][3][3]0
[83][3][4]0
[83][3][5]0
[83][3][6]0
[83][3][7]0
[83][3][8]0
[83][3][9]0
[83][4][0]0
[83][4][1]0
[83][4][2]0
[83][4][3]0
[83][4][4]0
[83][4][5]0
[83][4][6]0
[83][4][7]0
[83][4][8]0
[83][4][9]0
[84][0][0]0
[84][0][1]1
[84][0][2]2
[84][0][3]3
[84][0][4]4
[84][0][5]5
[84][0][6]6
[84][0][7]7
[84][0][8]8
[84][0][9]9
[84][1][0]0
[84][1][1]0
[84][1][2]0
[84][1][3]0
[84][1][4]0
[84][1][5]0
[84][1][6]0
[84][1][7]0
[84][1][8]0
[84][1][9]0
[84][2][0]0
[84][2][1]0
[84][2][2]0
[84][2][3]0
[84][2][4]0
[84][2][5]0
[84][2][6]0
[84][2][7]0
[84][2][8]0
[84][2][9]0
[84][3][0]0
[84][3][1]0
[84][3][2]0
[84][3][3]0
[84][3][4]0
[84][3][5]0
[84][3][6]0
[84][3][7]0
[84][3][8]0
[84][3][9]0
[84][4][0]0
[84][4][1]0
[84][4][2]0
[84][4][3]0
[84][4][4]0
[84][4][5]0
[84][4][6]0
[84][4][7]0
[84][4][8]0
[84][4][9]0
[85][0][0]0
[85][0][1]1
[85][0][2]2
[85][0][3]3
[85][0][4]4
[85][0][5]5
[85][0][6]6
[85][0][7]7
[85][0][8]8
[85][0][9]9
[85][1][0]0
[85][1][1]0
[85][1][2]0
[85][1][3]0
[85][1][4]0
[85][1][5]0
[85][1][6]0
[85][1][7]0
[85][1][8]0
[85][1][9]0
[85][2][0]0
[85][2][1]0
[85][2][2]0
[85][2][3]0
[85][2][4]0
[85][2][5]0
[85][2][6]0
[85][2][7]0
[85][2][8]0
[85][2][9]0
[85][3][0]0
[85][3][1]0
[85][3][2]0
[85][3][3]0
[85][3][4]0
[85][3][5]0
[85][3][6]0
[85][3][7]0
[85][3][8]0
[85][3][9]0
[85][4][0]0
[85][4][1]0
[85][4][2]0
[85][4][3]0
[85][4][4]0
[85][4][5]0
[85][4][6]0
[85][4][7]0
[85][4][8]0
[85][4][9]0
[86][0][0]0
[86][0][1]1
[86][0][2]2
[86][0][3]3
[86][0][4]4
[86][0][5]5
[86][0][6]6
[86][0][7]7
[86][0][8]8
[86][0][9]9
[86][1][0]0
[86][1][1]0
[86][1][2]0
[86][1][3]0
[86][1][4]0
[86][1][5]0
[86][1][6]0
[86][1][7]0
[86][1][8]0
[86][1][9]0
[86][2][0]0
[86][2][1]0
[86][2][2]0
[86][2][3]0
[86][2][4]0
[86][2][5]0
[86][2][6]0
[86][2][7]0
[86][2][8]0
[86][2][9]0
[86][3][0]0
[86][3][1]0
[86][3][2]0
[86][3][3]0
[86][3][4]0
[86][3][5]0
[86][3][6]0
[86][3][7]0
[86][3][8]0
[86][3][9]0
[86][4][0]0
[86][4][1]0
[86][4][2]0
[86][4][3]0
[86][4][4]0
[86][4][5]0
[86][4][6]0
[86][4][7]0
[86][4][8]0
[86][4][9]0
[87][0][0]0
[87][0][1]1
[87][0][2]2
[87][0][3]3
[87][0][4]4
[87][0][5]5
[87][0][6]6
[87][0][7]7
[87][0][8]8
[87][0][9]9
[87][1][0]0
[87][1][1]0
[87][1][2]0
[87][1][3]0
[87][1][4]0
[87][1][5]0
[87][1][6]0
[87][1][7]0
[87][1][8]0
[87][1][9]0
[87][2][0]0
[87][2][1]0
[87][2][2]0
[87][2][3]0
[87][2][4]0
[87][2][5]0
[87][2][6]0
[87][2][7]0
[87][2][8]0
[87][2][9]0
[87][3][0]0
[87][3][1]0
[87][3][2]0
[87][3][3]0
[87][3][4]0
[87][3][5]0
[87][3][6]0
[87][3][7]0
[87][3][8]0
[87][3][9]0
[87][4][0]0
[87][4][1]0
[87][4][2]0
[87][4][3]0
[87][4][4]0
[87][4][5]0
[87][4][6]0
[87][4][7]0
[87][4][8]0
[87][4][9]0
[88][0][0]0
[88][0][1]1
[88][0][2]2
[88][0][3]3
[88][0][4]4
[88][0][5]5
[88][0][6]6
[88][0][7]7
[88][0][8]8
[88][0][9]9
[88][1][0]0
[88][1][1]0
[88][1][2]0
[88][1][3]0
[88][1][4]0
[88][1][5]0
[88][1][6]0
[88][1][7]0
[88][1][8]0
[88][1][9]0
[88][2][0]0
[88][2][1]0
[88][2][2]0
[88][2][3]0
[88][2][4]0
[88][2][5]0
[88][2][6]0
[88][2][7]0
[88][2][8]0
[88][2][9]0
[88][3][0]0
[88][3][1]0
[88][3][2]0
[88][3][3]0
[88][3][4]0
[88][3][5]0
[88][3][6]0
[88][3][7]0
[88][3][8]0
[88][3][9]0
[88][4][0]0
[88][4][1]0
[88][4][2]0
[88][4][3]0
[88][4][4]0
[88][4][5]0
[88][4][6]0
[88][4][7]0
[88][4][8]0
[88][4][9]0
[89][0][0]0
[89][0][1]1
[89][0][2]2
[89][0][3]3
[89][0][4]4
[89][0][5]5
[89][0][6]6
[89][0][7]7
[89][0][8]8
[89][0][9]9
[89][1][0]0
[89][1][1]0
[89][1][2]0
[89][1][3]0
[89][1][4]0
[89][1][5]0
[89][1][6]0
[89][1][7]0
[89][1][8]0
[89][1][9]0
[89][2][0]0
[89][2][1]0
[89][2][2]0
[89][2][3]0
[89][2][4]0
[89][2][5]0
[89][2][6]0
[89][2][7]0
[89][2][8]0
[89][2][9]0
[89][3][0]0
[89][3][1]0
[89][3][2]0
[89][3][3]0
[89][3][4]0
[89][3][5]0
[89][3][6]0
[89][3][7]0
[89][3][8]0
[89][3][9]0
[89][4][0]0
[89][4][1]0
[89][4][2]0
[89][4][3]0
[89][4][4]0
[89][4][5]0
[89][4][6]0
[89][4][7]0
[89][4][8]0
[89][4][9]0
[90][0][0]0
[90][0][1]1
[90][0][2]2
[90][0][3]3
[90][0][4]4
[90][0][5]5
[90][0][6]6
[90][0][7]7
[90][0][8]8
[90][0][9]9
[90][1][0]0
[90][1][1]0
[90][1][2]0
[90][1][3]0
[90][1][4]0
[90][1][5]0
[90][1][6]0
[90][1][7]0
[90][1][8]0
[90][1][9]0
[90][2][0]0
[90][2][1]0
[90][2][2]0
[90][2][3]0
[90][2][4]0
[90][2][5]0
[90][2][6]0
[90][2][7]0
[90][2][8]0
[90][2][9]0
[90][3][0]0
[90][3][1]0
[90][3][2]0
[90][3][3]0
[90][3][4]0
[90][3][5]0
[90][3][6]0
[90][3][7]0
[90][3][8]0
[90][3][9]0
[90][4][0]0
[90][4][1]0
[90][4][2]0
[90][4][3]0
[90][4][4]0
[90][4][5]0
[90][4][6]0
[90][4][7]0
[90][4][8]0
[90][4][9]0
[91][0][0]0
[91][0][1]1
[91][0][2]2
[91][0][3]3
[91][0][4]4
[91][0][5]5
[91][0][6]6
[91][0][7]7
[91][0][8]8
[91][0][9]9
[91][1][0]0
[91][1][1]0
[91][1][2]0
[91][1][3]0
[91][1][4]0
[91][1][5]0
[91][1][6]0
[91][1][7]0
[91][1][8]0
[91][1][9]0
[91][2][0]0
[91][2][1]0
[91][2][2]0
[91][2][3]0
[91][2][4]0
[91][2][5]0
[91][2][6]0
[91][2][7]0
[91][2][8]0
[91][2][9]0
[91][3][0]0
[91][3][1]0
[91][3][2]0
[91][3][3]0
[91][3][4]0
[91][3][5]0
[91][3][6]0
[91][3][7]0
[91][3][8]0
[91][3][9]0
[91][4][0]0
[91][4][1]0
[91][4][2]0
[91][4][3]0
[91][4][4]0
[91][4][5]0
[91][4][6]0
[91][4][7]0
[91][4][8]0
[91][4][9]0
[92][0][0]0
[92][0][1]1
[92][0][2]2
[92][0][3]3
[92][0][4]4
[92][0][5]5
[92][0][6]6
[92][0][7]7
[92][0][8]8
[92][0][9]9
[92][1][0]0
[92][1][1]0
[92][1][2]0
[92][1][3]0
[92][1][4]0
[92][1][5]0
[92][1][6]0
[92][1][7]0
[92][1][8]0
[92][1][9]0
[92][2][0]0
[92][2][1]0
[92][2][2]0
[92][2][3]0
[92][2][4]0
[92][2][5]0
[92][2][6]0
[92][2][7]0
[92][2][8]0
[92][2][9]0
[92][3][0]0
[92][3][1]0
[92][3][2]0
[92][3][3]0
[92][3][4]0
[92][3][5]0
[92][3][6]0
[92][3][7]0
[92][3][8]0
[92][3][9]0
[92][4][0]0
[92][4][1]0
[92][4][2]0
[92][4][3]0
[92][4][4]0
[92][4][5]0
[92][4][6]0
[92][4][7]0
[92][4][8]0
[92][4][9]0
[93][0][0]0
[93][0][1]1
[93][0][2]2
[93][0][3]3
[93][0][4]4
[93][0][5]5
[93][0][6]6
[93][0][7]7
[93][0][8]8
[93][0][9]9
[93][1][0]0
[93][1][1]0
[93][1][2]0
[93][1][3]0
[93][1][4]0
[93][1][5]0
[93][1][6]0
[93][1][7]0
[93][1][8]0
[93][1][9]0
[93][2][0]0
[93][2][1]0
[93][2][2]0
[93][2][3]0
[93][2][4]0
[93][2][5]0
[93][2][6]0
[93][2][7]0
[93][2][8]0
[93][2][9]0
[93][3][0]0
[93][3][1]0
[93][3][2]0
[93][3][3]0
[93][3][4]0
[93][3][5]0
[93][3][6]0
[93][3][7]0
[93][3][8]0
[93][3][9]0
[93][4][0]0
[93][4][1]0
[93][4][2]0
[93][4][3]0
[93][4][4]0
[93][4][5]0
[93][4][6]0
[93][4][7]0
[93][4][8]0
[93][4][9]0
[94][0][0]0
[94][0][1]1
[94][0][2]2
[94][0][3]3
[94][0][4]4
[94][0][5]5
[94][0][6]6
[94][0][7]7
[94][0][8]8
[94][0][9]9
[94][1][0]0
[94][1][1]0
[94][1][2]0
[94][1][3]0
[94][1][4]0
[94][1][5]0
[94][1][6]0
[94][1][7]0
[94][1][8]0
[94][1][9]0
[94][2][0]0
[94][2][1]0
[94][2][2]0
[94][2][3]0
[94][2][4]0
[94][2][5]0
[94][2][6]0
[94][2][7]0
[94][2][8]0
[94][2][9]0
[94][3][0]0
[94][3][1]0
[94][3][2]0
[94][3][3]0
[94][3][4]0
[94][3][5]0
[94][3][6]0
[94][3][7]0
[94][3][8]0
[94][3][9]0
[94][4][0]0
[94][4][1]0
[94][4][2]0
[94][4][3]0
[94][4][4]0
[94][4][5]0
[94][4][6]0
[94][4][7]0
[94][4][8]0
[94][4][9]0
[95][0][0]0
[95][0][1]1
[95][0][2]2
[95][0][3]3
[95][0][4]4
[95][0][5]5
[95][0][6]6
[95][0][7]7
[95][0][8]8
[95][0][9]9
[95][1][0]0
[95][1][1]0
[95][1][2]0
[95][1][3]0
[95][1][4]0
[95][1][5]0
[95][1][6]0
[95][1][7]0
[95][1][8]0
[95][1][9]0
[95][2][0]0
[95][2][1]0
[95][2][2]0
[95][2][3]0
[95][2][4]0
[95][2][5]0
[95][2][6]0
[95][2][7]0
[95][2][8]0
[95][2][9]0
[95][3][0]0
[95][3][1]0
[95][3][2]0
[95][3][3]0
[95][3][4]0
[95][3][5]0
[95][3][6]0
[95][3][7]0
[95][3][8]0
[95][3][9]0
[95][4][0]0
[95][4][1]0
[95][4][2]0
[95][4][3]0
[95][4][4]0
[95][4][5]0
[95][4][6]0
[95][4][7]0
[95][4][8]0
[95][4][9]0
[96][0][0]0
[96][0][1]1
[96][0][2]2
[96][0][3]3
[96][0][4]4
[96][0][5]5
[96][0][6]6
[96][0][7]7
[96][0][8]8
[96][0][9]9
[96][1][0]0
[96][1][1]0
[96][1][2]0
[96][1][3]0
[96][1][4]0
[96][1][5]0
[96][1][6]0
[96][1][7]0
[96][1][8]0
[96][1][9]0
[96][2][0]0
[96][2][1]0
[96][2][2]0
[96][2][3]0
[96][2][4]0
[96][2][5]0
[96][2][6]0
[96][2][7]0
[96][2][8]0
[96][2][9]0
[96][3][0]0
[96][3][1]0
[96][3][2]0
[96][3][3]0
[96][3][4]0
[96][3][5]0
[96][3][6]0
[96][3][7]0
[96][3][8]0
[96][3][9]0
[96][4][0]0
[96][4][1]0
[96][4][2]0
[96][4][3]0
[96][4][4]0
[96][4][5]0
[96][4][6]0
[96][4][7]0
[96][4][8]0
[96][4][9]0
[97][0][0]0
[97][0][1]1
[97][0][2]2
[97][0][3]3
[97][0][4]4
[97][0][5]5
[97][0][6]6
[97][0][7]7
[97][0][8]8
[97][0][9]9
[97][1][0]0
[97][1][1]0
[97][1][2]0
[97][1][3]0
[97][1][4]0
[97][1][5]0
[97][1][6]0
[97][1][7]0
[97][1][8]0
[97][1][9]0
[97][2][0]0
[97][2][1]0
[97][2][2]0
[97][2][3]0
[97][2][4]0
[97][2][5]0
[97][2][6]0
[97][2][7]0
[97][2][8]0
[97][2][9]0
[97][3][0]0
[97][3][1]0
[97][3][2]0
[97][3][3]0
[97][3][4]0
[97][3][5]0
[97][3][6]0
[97][3][7]0
[97][3][8]0
[97][3][9]0
[97][4][0]0
[97][4][1]0
[97][4][2]0
[97][4][3]0
[97][4][4]0
[97][4][5]0
[97][4][6]0
[97][4][7]0
[97][4][8]0
[97][4][9]0
[98][0][0]0
[98][0][1]1
[98][0][2]2
[98][0][3]3
[98][0][4]4
[98][0][5]5
[98][0][6]6
[98][0][7]7
[98][0][8]8
[98][0][9]9
[98][1][0]0
[98][1][1]0
[98][1][2]0
[98][1][3]0
[98][1][4]0
[98][1][5]0
[98][1][6]0
[98][1][7]0
[98][1][8]0
[98][1][9]0
[98][2][0]0
[98][2][1]0
[98][2][2]0
[98][2][3]0
[98][2][4]0
[98][2][5]0
[98][2][6]0
[98][2][7]0
[98][2][8]0
[98][2][9]0
[98][3][0]0
[98][3][1]0
[98][3][2]0
[98][3][3]0
[98][3][4]0
[98][3][5]0
[98][3][6]0
[98][3][7]0
[98][3][8]0
[98][3][9]0
[98][4][0]0
[98][4][1]0
[98][4][2]0
[98][4][3]0
[98][4][4]0
[98][4][5]0
[98][4][6]0
[98][4][7]0
[98][4][8]0
[98][4][9]0
[99][0][0]0
[99][0][1]1
[99][0][2]2
[99][0][3]3
[99][0][4]4
[99][0][5]5
[99][0][6]6
[99][0][7]7
[99][0][8]8
[99][0][9]9
[99][1][0]0
[99][1][1]0
[99][1][2]0
[99][1][3]0
[99][1][4]0
[99][1][5]0
[99][1][6]0
[99][1][7]0
[99][1][8]0
[99][1][9]0
[99][2][0]0
[99][2][1]0
[99][2][2]0
[99][2][3]0
[99][2][4]0
[99][2][5]0
[99][2][6]0
[99][2][7]0
[99][2][8]0
[99][2][9]0
[99][3][0]0
[99][3][1]0
[99][3][2]0
[99][3][3]0
[99][3][4]0
[99][3][5]0
[99][3][6]0
[99][3][7]0
[99][3][8]0
[99][3][9]0
[99][4][0]0
[99][4][1]0
[99][4][2]0
[99][4][3]0
[99][4][4]0
[99][4][5]0
[99][4][6]0
[99][4][7]0
[99][4][8]0
[99][4][9]0
[100][0][0]0
[100][0][1]0
[100][0][2]0
[100][0][3]0
[100][0][4]0
[100][0][5]0
[100][0][6]0
[100][0][7]0
[100][0][8]0
[100][0][9]0
[100][1][0]0
[100][1][1]0
[100][1][2]0
[100][1][3]0
[100][1][4]0
[100][1][5]0
[100][1][6]0
[100][1][7]0
[100][1][8]0
[100][1][9]0
[100][2][0]0
[100][2][1]0
[100][2][2]0
[100][2][3]0
[100][2][4]0
[100][2][5]0
[100][2][6]0
[100][2][7]0
[100][2][8]0
[100][2][9]0
[100][3][0]0
[100][3][1]0
[100][3][2]0
[100][3][3]0
[100][3][4]0
[100][3][5]0
[100][3][6]0
[100][3][7]0
[100][3][8]0
[100][3][9]0
[100][4][0]0
[100][4][1]0
[100][4][2]0
[100][4][3]0
[100][4][4]0
[100][4][5]0
[100][4][6]0
[100][4][7]0
[100][4][8]0
[100][4][9]0
[101][0][0]0
[101][0][1]0
[101][0][2]0
[101][0][3]0
[101][0][4]0
[101][0][5]0
[101][0][6]0
[101][0][7]0
[101][0][8]0
[101][0][9]0
[101][1][0]0
[101][1][1]0
[101][1][2]0
[101][1][3]0
[101][1][4]0
[101][1][5]0
[101][1][6]0
[101][1][7]0
[101][1][8]0
[101][1][9]0
[101][2][0]0
[101][2][1]0
[101][2][2]0
[101][2][3]0
[101][2][4]0
[101][2][5]0
[101][2][6]0
[101][2][7]0
[101][2][8]0
[101][2][9]0
[101][3][0]0
[101][3][1]0
[101][3][2]0
[101][3][3]0
[101][3][4]0
[101][3][5]0
[101][3][6]0
[101][3][7]0
[101][3][8]0
[101][3][9]0
[101][4][0]0
[101][4][1]0
[101][4][2]0
[101][4][3]0
[101][4][4]0
[101][4][5]0
[101][4][6]0
[101][4][7]0
[101][4][8]0
[101][4][9]0
[102][0][0]0
[102][0][1]0
[102][0][2]0
[102][0][3]0
[102][0][4]0
[102][0][5]0
[102][0][6]0
[102][0][7]0
[102][0][8]0
[102][0][9]0
[102][1][0]0
[102][1][1]0
[102][1][2]0
[102][1][3]0
[102][1][4]0
[102][1][5]0
[102][1][6]0
[102][1][7]0
[102][1][8]0
[102][1][9]0
[102][2][0]0
[102][2][1]0
[102][2][2]0
[102][2][3]0
[102][2][4]0
[102][2][5]0
[102][2][6]0
[102][2][7]0
[102][2][8]0
[102][2][9]0
[102][3][0]0
[102][3][1]0
[102][3][2]0
[102][3][3]0
[102][3][4]0
[102][3][5]0
[102][3][6]0
[102][3][7]0
[102][3][8]0
[102][3][9]0
[102][4][0]0
[102][4][1]0
[102][4][2]0
[102][4][3]0
[102][4][4]0
[102][4][5]0
[102][4][6]0
[102][4][7]0
[102][4][8]0
[102][4][9]0
[103][0][0]0
[103][0][1]0
[103][0][2]0
[103][0][3]0
[103][0][4]0
[103][0][5]0
[103][0][6]0
[103][0][7]0
[103][0][8]0
[103][0][9]0
[103][1][0]0
[103][1][1]0
[103][1][2]0
[103][1][3]0
[103][1][4]0
[103][1][5]0
[103][1][6]0
[103][1][7]0
[103][1][8]0
[103][1][9]0
[103][2][0]0
[103][2][1]0
[103][2][2]0
[103][2][3]0
[103][2][4]0
[103][2][5]0
[103][2][6]0
[103][2][7]0
[103][2][8]0
[103][2][9]0
[103][3][0]0
[103][3][1]0
[103][3][2]0
[103][3][3]0
[103][3][4]0
[103][3][5]0
[103][3][6]0
[103][3][7]0
[103][3][8]0
[103][3][9]0
[103][4][0]0
[103][4][1]0
[103][4][2]0
[103][4][3]0
[103][4][4]0
[103][4][5]0
[103][4][6]0
[103][4][7]0
[103][4][8]0
[103][4][9]0
[104][0][0]0
[104][0][1]0
[104][0][2]0
[104][0][3]0
[104][0][4]0
[104][0][5]0
[104][0][6]0
[104][0][7]0
[104][0][8]0
[104][0][9]0
[104][1][0]0
[104][1][1]0
[104][1][2]0
[104][1][3]0
[104][1][4]0
[104][1][5]0
[104][1][6]0
[104][1][7]0
[104][1][8]0
[104][1][9]0
[104][2][0]0
[104][2][1]0
[104][2][2]0
[104][2][3]0
[104][2][4]0
[104][2][5]0
[104][2][6]0
[104][2][7]0
[104][2][8]0
[104][2][9]0
[104][3][0]0
[104][3][1]0
[104][3][2]0
[104][3][3]0
[104][3][4]0
[104][3][5]0
[104][3][6]0
[104][3][7]0
[104][3][8]0
[104][3][9]0
[104][4][0]0
[104][4][1]0
[104][4][2]0
[104][4][3]0
[104][4][4]0
[104][4][5]0
[104][4][6]0
[104][4][7]0
[104][4][8]0
[104][4][9]0
[105][0][0]0
[105][0][1]0
[105][0][2]0
[105][0][3]0
[105][0][4]0
[105][0][5]0
[105][0][6]0
[105][0][7]0
[105][0][8]0
[105][0][9]0
[105][1][0]0
[105][1][1]0
[105][1][2]0
[105][1][3]0
[105][1][4]0
[105][1][5]0
[105][1][6]0
[105][1][7]0
[105][1][8]0
[105][1][9]0
[105][2][0]0
[105][2][1]0
[105][2][2]0
[105][2][3]0
[105][2][4]0
[105][2][5]0
[105][2][6]0
[105][2][7]0
[105][2][8]0
[105][2][9]0
[105][3][0]0
[105][3][1]0
[105][3][2]0
[105][3][3]0
[105][3][4]0
[105][3][5]0
[105][3][6]0
[105][3][7]0
[105][3][8]0
[105][3][9]0
[105][4][0]0
[105][4][1]0
[105][4][2]0
[105][4][3]0
[105][4][4]0
[105][4][5]0
[105][4][6]0
[105][4][7]0
[105][4][8]0
[105][4][9]0
[106][0][0]0
[106][0][1]0
[106][0][2]0
[106][0][3]0
[106][0][4]0
[106][0][5]0
[106][0][6]0
[106][0][7]0
[106][0][8]0
[106][0][9]0
[106][1][0]0
[106][1][1]0
[106][1][2]0
[106][1][3]0
[106][1][4]0
[106][1][5]0
[106][1][6]0
[106][1][7]0
[106][1][8]0
[106][1][9]0
[106][2][0]0
[106][2][1]0
[106][2][2]0
[106][2][3]0
[106][2][4]0
[106][2][5]0
[106][2][6]0
[106][2][7]0
[106][2][8]0
[106][2][9]0
[106][3][0]0
[106][3][1]0
[106][3][2]0
[106][3][3]0
[106][3][4]0
[106][3][5]0
[106][3][6]0
[106][3][7]0
[106][3][8]0
[106][3][9]0
[106][4][0]0
[106][4][1]0
[106][4][2]0
[106][4][3]0
[106][4][4]0
[106][4][5]0
[106][4][6]0
[106][4][7]0
[106][4][8]0
[106][4][9]0
[107][0][0]0
[107][0][1]0
[107][0][2]0
[107][0][3]0
[107][0][4]0
[107][0][5]0
[107][0][6]0
[107][0][7]0
[107][0][8]0
[107][0][9]0
[107][1][0]0
[107][1][1]0
[107][1][2]0
[107][1][3]0
[107][1][4]0
[107][1][5]0
[107][1][6]0
[107][1][7]0
[107][1][8]0
[107][1][9]0
[107][2][0]0
[107][2][1]0
[107][2][2]0
[107][2][3]0
[107][2][4]0
[107][2][5]0
[107][2][6]0
[107][2][7]0
[107][2][8]0
[107][2][9]0
[107][3][0]0
[107][3][1]0
[107][3][2]0
[107][3][3]0
[107][3][4]0
[107][3][5]0
[107][3][6]0
[107][3][7]0
[107][3][8]0
[107][3][9]0
[107][4][0]0
[107][4][1]0
[107][4][2]0
[107][4][3]0
[107][4][4]0
[107][4][5]0
[107][4][6]0
[107][4][7]0
[107][4][8]0
[107][4][9]0
[108][0][0]0
[108][0][1]0
[108][0][2]0
[108][0][3]0
[108][0][4]0
[108][0][5]0
[108][0][6]0
[108][0][7]0
[108][0][8]0
[108][0][9]0
[108][1][0]0
[108][1][1]0
[108][1][2]0
[108][1][3]0
[108][1][4]0
[108][1][5]0
[108][1][6]0
[108][1][7]0
[108][1][8]0
[108][1][9]0
[108][2][0]0
[108][2][1]0
[108][2][2]0
[108][2][3]0
[108][2][4]0
[108][2][5]0
[108][2][6]0
[108][2][7]0
[108][2][8]0
[108][2][9]0
[108][3][0]0
[108][3][1]0
[108][3][2]0
[108][3][3]0
[108][3][4]0
[108][3][5]0
[108][3][6]0
[108][3][7]0
[108][3][8]0
[108][3][9]0
[108][4][0]0
[108][4][1]0
[108][4][2]0
[108][4][3]0
[108][4][4]0
[108][4][5]0
[108][4][6]0
[108][4][7]0
[108][4][8]0
[108][4][9]0
N_pre
7
6
6
8
8
11
8
11
5
6
11
10
3
11
10
13
5
10
10
10
5
10
12
7
4
6
7
13
6
7
7
8
6
8
5
14
7
6
8
8
8
8
6
7
14
5
8
6
8
7
7
6
13
7
6
4
7
12
10
5
10
10
10
5
13
10
11
3
10
11
6
5
11
8
11
8
8
6
6
7
9
5
10
10
8
9
3
11
4
8
8
4
11
3
9
8
10
10
5
9
0
0
0
0
0
0
0
10
10
I_pre
6
22
27
31
58
72
78
0
0
0
0
0
0
0
0
0
0
0
0
0
0
0
0
0
0
0
0
0
0
0
8
10
26
61
62
69
0
0
0
0
0
0
0
0
0
0
0
0
0
0
0
0
0
0
0
0
0
0
0
0
46
49
54
63
69
79
0
0
0
0
0
0
0
0
0
0
0
0
0
0
0
0
0
0
0
0
0
0
0
0
12
21
23
37
49
51
64
66
0
0
0
0
0
0
0
0
0
0
0
0
0
0
0
0
0
0
0
0
0
0
0
20
38
54
59
60
61
71
0
0
0
0
0
0
0
0
0
0
0
0
0
0
0
0
0
0
0
0
0
0
0
11
18
21
27
29
44
47
50
59
68
0
0
0
0
0
0
0
0
0
0
0
0
0
0
0
0
0
0
0
8
34
46
47
62
64
71
78
0
0
0
0
0
0
0
0
0
0
0
0
0
0
0
0
0
0
0
0
0
0
1
9
22
37
42
43
44
46
57
59
76
0
0
0
0
0
0
0
0
0
0
0
0
0
0
0
0
0
0
0
11
17
19
28
52
0
0
0
0
0
0
0
0
0
0
0
0
0
0
0
0
0
0
0
0
0
0
0
0
0
16
21
33
38
72
75
0
0
0
0
0
0
0
0
0
0
0
0
0
0
0
0
0
0
0
0
0
0
0
0
1
5
13
14
29
30
35
51
69
71
75
0
0
0
0
0
0
0
0
0
0
0
0
0
0
0
0
0
0
0
7
9
15
20
28
32
43
48
49
64
0
0
0
0
0
0
0
0
0
0
0
0
0
0
0
0
0
0
0
0
34
38
40
0
0
0
0
0
0
0
0
0
0
0
0
0
0
0
0
0
0
0
0
0
0
0
0
0
0
0
5
15
17
19
39
55
61
63
74
75
77
0
0
0
0
0
0
0
0
0
0
0
0
0
0
0
0
0
0
0
2
5
6
17
26
31
56
57
62
70
0
0
0
0
0
0
0
0
0
0
0
0
0
0
0
0
0
0
0
0
0
2
6
8
12
25
35
54
56
57
64
76
77
0
0
0
0
0
0
0
0
0
0
0
0
0
0
0
0
0
12
26
34
47
49
0
0
0
0
0
0
0
0
0
0
0
0
0
0
0
0
0
0
0
0
0
0
0
0
0
2
12
14
16
20
39
43
44
50
66
0
0
0
0
0
0
0
0
0
0
0
0
0
0
0
0
0
0
0
0
8
11
14
19
51
59
63
64
67
79
0
0
0
0
0
0
0
0
0
0
0
0
0
0
0
0
0
0
0
0
13
21
24
29
40
43
50
55
71
77
0
0
0
0
0
0
0
0
0
0
0
0
0
0
0
0
0
0
0
0
3
13
31
61
75
0
0
0
0
0
0
0
0
0
0
0
0
0
0
0
0
0
0
0
0
0
0
0
0
0
19
26
29
34
38
45
54
66
72
74
0
0
0
0
0
0
0
0
0
0
0
0
0
0
0
0
0
0
0
0
1
4
26
32
34
36
58
59
62
67
69
78
0
0
0
0
0
0
0
0
0
0
0
0
0
0
0
0
0
0
1
8
16
32
44
50
57
0
0
0
0
0
0
0
0
0
0
0
0
0
0
0
0
0
0
0
0
0
0
0
13
16
60
64
0
0
0
0
0
0
0
0
0
0
0
0
0
0
0
0
0
0
0
0
0
0
0
0
0
0
5
6
13
22
37
55
0
0
0
0
0
0
0
0
0
0
0
0
0
0
0
0
0
0
0
0
0
0
0
0
7
23
27
42
57
61
74
0
0
0
0
0
0
0
0
0
0
0
0
0
0
0
0
0
0
0
0
0
0
0
3
14
17
22
25
26
30
33
49
65
72
73
79
0
0
0
0
0
0
0
0
0
0
0
0
0
0
0
0
0
12
26
33
41
53
56
0
0
0
0
0
0
0
0
0
0
0
0
0
0
0
0
0
0
0
0
0
0
0
0
10
18
23
24
25
35
42
0
0
0
0
0
0
0
0
0
0
0
0
0
0
0
0
0
0
0
0
0
0
0
9
11
39
40
58
75
78
0
0
0
0
0
0
0
0
0
0
0
0
0
0
0
0
0
0
0
0
0
0
0
0
4
7
18
33
42
56
65
0
0
0
0
0
0
0
0
0
0
0
0
0
0
0
0
0
0
0
0
0
0
4
15
42
48
57
79
0
0
0
0
0
0
0
0
0
0
0
0
0
0
0
0
0
0
0
0
0
0
0
0
9
24
28
40
43
51
76
78
0
0
0
0
0
0
0
0
0
0
0
0
0
0
0
0
0
0
0
0
0
0
12
24
27
53
72
0
0
0
0
0
0
0
0
0
0
0
0
0
0
0
0
0
0
0
0
0
0
0
0
0
2
3
10
25
26
31
34
36
40
41
47
56
59
68
0
0
0
0
0
0
0
0
0
0
0
0
0
0
0
0
2
3
12
33
51
55
62
0
0
0
0
0
0
0
0
0
0
0
0
0
0
0
0
0
0
0
0
0
0
0
9
16
27
45
70
76
0
0
0
0
0
0
0
0
0
0
0
0
0
0
0
0
0
0
0
0
0
0
0
0
6
9
11
14
18
39
58
77
0
0
0
0
0
0
0
0
0
0
0
0
0
0
0
0
0
0
0
0
0
0
7
24
25
30
47
63
73
74
0
0
0
0
0
0
0
0
0
0
0
0
0
0
0
0
0
0
0
0
0
0
5
6
16
32
49
54
55
72
0
0
0
0
0
0
0
0
0
0
0
0
0
0
0
0
0
0
0
0
0
0
2
21
40
61
65
68
70
73
0
0
0
0
0
0
0
0
0
0
0
0
0
0
0
0
0
0
0
0
0
0
3
9
34
52
63
70
0
0
0
0
0
0
0
0
0
0
0
0
0
0
0
0
0
0
0
0
0
0
0
0
17
24
28
46
67
76
77
0
0
0
0
0
0
0
0
0
0
0
0
0
0
0
0
0
0
0
0
0
0
0
11
20
23
32
38
39
43
45
48
53
54
69
76
77
0
0
0
0
0
0
0
0
0
0
0
0
0
0
0
0
7
26
52
55
67
0
0
0
0
0
0
0
0
0
0
0
0
0
0
0
0
0
0
0
0
0
0
0
0
0
1
3
28
36
39
51
55
70
0
0
0
0
0
0
0
0
0
0
0
0
0
0
0
0
0
0
0
0
0
0
0
22
31
37
64
75
0
0
0
0
0
0
0
0
0
0
0
0
0
0
0
0
0
0
0
0
0
0
0
0
14
23
37
46
61
72
75
79
0
0
0
0
0
0
0
0
0
0
0
0
0
0
0
0
0
0
0
0
0
0
1
4
21
39
40
68
70
0
0
0
0
0
0
0
0
0
0
0
0
0
0
0
0
0
0
0
0
0
0
0
37
44
54
55
56
61
69
0
0
0
0
0
0
0
0
0
0
0
0
0
0
0
0
0
0
0
0
0
0
0
23
26
38
46
53
67
0
0
0
0
0
0
0
0
0
0
0
0
0
0
0
0
0
0
0
0
0
0
0
0
0
6
7
14
30
46
49
53
54
57
62
65
76
0
0
0
0
0
0
0
0
0
0
0
0
0
0
0
0
0
5
18
22
37
52
56
72
0
0
0
0
0
0
0
0
0
0
0
0
0
0
0
0
0
0
0
0
0
0
0
24
42
57
66
73
74
0
0
0
0
0
0
0
0
0
0
0
0
0
0
0
0
0
0
0
0
0
0
0
0
15
19
63
66
0
0
0
0
0
0
0
0
0
0
0
0
0
0
0
0
0
0
0
0
0
0
0
0
0
0
22
29
35
47
63
71
78
0
0
0
0
0
0
0
0
0
0
0
0
0
0
0
0
0
0
0
0
0
0
0
1
10
12
17
20
21
43
45
47
53
75
78
0
0
0
0
0
0
0
0
0
0
0
0
0
0
0
0
0
0
5
7
13
25
34
41
45
50
53
60
0
0
0
0
0
0
0
0
0
0
0
0
0
0
0
0
0
0
0
0
4
18
48
66
76
0
0
0
0
0
0
0
0
0
0
0
0
0
0
0
0
0
0
0
0
0
0
0
0
0
2
8
24
29
36
39
50
55
58
66
0
0
0
0
0
0
0
0
0
0
0
0
0
0
0
0
0
0
0
0
0
12
15
16
20
28
60
65
68
71
0
0
0
0
0
0
0
0
0
0
0
0
0
0
0
0
0
0
0
0
13
29
35
36
40
59
63
65
67
77
0
0
0
0
0
0
0
0
0
0
0
0
0
0
0
0
0
0
0
0
30
32
45
53
67
0
0
0
0
0
0
0
0
0
0
0
0
0
0
0
0
0
0
0
0
0
0
0
0
0
2
3
15
22
23
25
44
54
67
71
73
77
79
0
0
0
0
0
0
0
0
0
0
0
0
0
0
0
0
0
9
17
22
23
48
53
62
73
74
77
0
0
0
0
0
0
0
0
0
0
0
0
0
0
0
0
0
0
0
0
2
4
5
16
18
24
40
60
62
64
74
0
0
0
0
0
0
0
0
0
0
0
0
0
0
0
0
0
0
0
39
41
45
0
0
0
0
0
0
0
0
0
0
0
0
0
0
0
0
0
0
0
0
0
0
0
0
0
0
0
15
30
31
36
47
51
59
64
70
72
0
0
0
0
0
0
0
0
0
0
0
0
0
0
0
0
0
0
0
0
4
8
10
28
44
49
50
65
66
74
78
0
0
0
0
0
0
0
0
0
0
0
0
0
0
0
0
0
0
0
4
7
41
46
58
63
0
0
0
0
0
0
0
0
0
0
0
0
0
0
0
0
0
0
0
0
0
0
0
0
27
51
60
62
68
0
0
0
0
0
0
0
0
0
0
0
0
0
0
0
0
0
0
0
0
0
0
0
0
0
3
20
22
33
35
36
37
42
57
70
78
0
0
0
0
0
0
0
0
0
0
0
0
0
0
0
0
0
0
0
1
8
15
17
32
33
45
71
0
0
0
0
0
0
0
0
0
0
0
0
0
0
0
0
0
0
0
0
0
0
11
20
29
32
35
50
52
58
61
68
79
0
0
0
0
0
0
0
0
0
0
0
0
0
0
0
0
0
0
0
8
18
19
20
25
41
59
79
0
0
0
0
0
0
0
0
0
0
0
0
0
0
0
0
0
0
0
0
0
0
13
15
28
30
42
56
58
67
0
0
0
0
0
0
0
0
0
0
0
0
0
0
0
0
0
0
0
0
0
0
0
10
16
25
30
33
0
0
0
0
0
0
0
0
0
0
0
0
0
0
0
0
0
0
0
0
0
0
0
0
10
17
18
53
69
71
0
0
0
0
0
0
0
0
0
0
0
0
0
0
0
0
0
0
0
0
0
0
0
0
1
7
21
48
52
57
73
0
0
0
0
0
0
0
0
0
0
0
0
0
0
0
0
0
0
0
0
0
0
0
2
27
31
32
34
45
54
58
59
0
0
0
0
0
0
0
0
0
0
0
0
0
0
0
0
0
0
0
0
0
11
23
29
31
38
0
0
0
0
0
0
0
0
0
0
0
0
0
0
0
0
0
0
0
0
0
0
0
0
0
5
10
13
14
18
35
36
38
42
65
0
0
0
0
0
0
0
0
0
0
0
0
0
0
0
0
0
0
0
0
8
10
19
27
31
49
60
62
74
75
0
0
0
0
0
0
0
0
0
0
0
0
0
0
0
0
0
0
0
0
6
21
43
46
51
68
72
76
0
0
0
0
0
0
0
0
0
0
0
0
0
0
0
0
0
0
0
0
0
0
19
23
24
30
31
33
44
47
75
0
0
0
0
0
0
0
0
0
0
0
0
0
0
0
0
0
0
0
0
0
39
43
73
0
0
0
0
0
0
0
0
0
0
0
0
0
0
0
0
0
0
0
0
0
0
0
0
0
0
0
3
13
19
27
29
44
52
67
68
70
79
0
0
0
0
0
0
0
0
0
0
0
0
0
0
0
0
0
0
0
10
37
78
79
0
0
0
0
0
0
0
0
0
0
0
0
0
0
0
0
0
0
0
0
0
0
0
0
0
0
6
14
16
28
38
41
64
70
0
0
0
0
0
0
0
0
0
0
0
0
0
0
0
0
0
0
0
0
0
0
9
15
38
41
51
63
65
73
0
0
0
0
0
0
0
0
0
0
0
0
0
0
0
0
0
0
0
0
0
0
0
1
42
69
0
0
0
0
0
0
0
0
0
0
0
0
0
0
0
0
0
0
0
0
0
0
0
0
0
0
0
9
11
12
27
35
50
52
60
66
76
0
0
0
0
0
0
0
0
0
0
0
0
0
0
0
0
0
0
0
6
36
40
0
0
0
0
0
0
0
0
0
0
0
0
0
0
0
0
0
0
0
0
0
0
0
0
0
0
0
4
32
35
46
48
49
55
56
60
0
0
0
0
0
0
0
0
0
0
0
0
0
0
0
0
0
0
0
0
0
3
7
11
28
33
36
58
73
0
0
0
0
0
0
0
0
0
0
0
0
0
0
0
0
0
0
0
0
0
0
4
5
17
19
30
48
52
60
69
71
0
0
0
0
0
0
0
0
0
0
0
0
0
0
0
0
0
0
0
0
14
37
41
43
44
61
65
66
69
74
0
0
0
0
0
0
0
0
0
0
0
0
0
0
0
0
0
0
0
0
41
48
50
56
68
0
0
0
0
0
0
0
0
0
0
0
0
0
0
0
0
0
0
0
0
0
0
0
0
0
20
21
25
34
45
47
48
52
77
0
0
0
0
0
0
0
0
0
0
0
0
0
0
0
0
0
0
0
0
0
0
0
0
0
0
0
0
0
0
0
0
0
0
0
0
0
0
0
0
0
0
0
0
0
0
0
0
0
0
0
0
0
0
0
0
0
0
0
0
0
0
0
0
0
0
0
0
0
0
0
0
0
0
0
0
0
0
0
0
0
0
0
0
0
0
0
0
0
0
0
0
0
0
0
0
0
0
0
0
0
0
0
0
0
0
0
0
0
0
0
0
0
0
0
0
0
0
0
0
0
0
0
0
0
0
0
0
0
0
0
0
0
0
0
0
0
0
0
0
0
0
0
0
0
0
0
0
0
0
0
0
0
0
0
0
0
0
0
0
0
0
0
0
0
0
0
0
0
0
0
0
0
0
0
0
0
0
0
0
0
0
0
0
0
0
0
0
0
0
0
0
0
0
0
0
0
0
0
0
0
0
0
0
0
0
0
0
0
0
0
0
0
0
0
0
0
0
0
0
0
0
0
0
0
0
0
0
0
0
0
72
40
68
48
11
12
19
73
60
14
0
0
0
0
0
0
0
0
0
0
0
0
0
0
0
0
0
0
0
0
7
39
11
31
68
67
60
6
19
65
0
0
0
0
0
0
0
0
0
0
0
0
0
0
0
0
0
0
0
0
D_pre
1
3
1
2
0
1
0
0
0
0
0
0
0
0
0
0
0
0
0
0
0
0
0
0
0
0
0
0
0
0
2
1
4
3
4
2
0
0
0
0
0
0
0
0
0
0
0
0
0
0
0
0
0
0
0
0
0
0
0
0
0
0
2
1
3
1
0
0
0
0
0
0
0
0
0
0
0
0
0
0
0
0
0
0
0
0
0
0
0
0
0
3
1
4
2
0
2
0
0
0
0
0
0
0
0
0
0
0
0
0
0
0
0
0
0
0
0
0
0
0
0
2
4
0
2
2
0
0
0
0
0
0
0
0
0
0
0
0
0
0
0
0
0
0
0
0
0
0
0
0
2
4
4
1
1
3
4
4
2
0
1
0
0
0
0
0
0
0
0
0
0
0
0
0
0
0
0
0
0
0
4
4
4
1
0
1
0
3
0
0
0
0
0
0
0
0
0
0
0
0
0
0
0
0
0
0
0
0
0
0
1
0
2
3
1
3
0
1
0
4
3
0
0
0
0
0
0
0
0
0
0
0
0
0
0
0
0
0
0
0
3
2
4
4
4
0
0
0
0
0
0
0
0
0
0
0
0
0
0
0
0
0
0
0
0
0
0
0
0
0
3
4
0
2
0
0
0
0
0
0
0
0
0
0
0
0
0
0
0
0
0
0
0
0
0
0
0
0
0
0
0
2
2
3
1
2
2
2
4
1
4
0
0
0
0
0
0
0
0
0
0
0
0
0
0
0
0
0
0
0
4
1
3
4
1
1
0
4
3
3
0
0
0
0
0
0
0
0
0
0
0
0
0
0
0
0
0
0
0
0
1
0
4
0
0
0
0
0
0
0
0
0
0
0
0
0
0
0
0
0
0
0
0
0
0
0
0
0
0
0
2
1
2
2
0
0
0
2
1
3
4
0
0
0
0
0
0
0
0
0
0
0
0
0
0
0
0
0
0
0
1
3
0
0
4
3
0
3
4
3
0
0
0
0
0
0
0
0
0
0
0
0
0
0
0
0
0
0
0
0
0
2
4
2
0
1
0
3
3
1
0
2
3
0
0
0
0
0
0
0
0
0
0
0
0
0
0
0
0
0
3
0
0
3
0
0
0
0
0
0
0
0
0
0
0
0
0
0
0
0
0
0
0
0
0
0
0
0
0
0
0
3
3
0
1
3
2
3
2
0
0
0
0
0
0
0
0
0
0
0
0
0
0
0
0
0
0
0
0
0
1
2
4
1
2
3
0
4
4
4
0
0
0
0
0
0
0
0
0
0
0
0
0
0
0
0
0
0
0
0
4
2
1
1
4
1
4
0
3
4
0
0
0
0
0
0
0
0
0
0
0
0
0
0
0
0
0
0
0
0
3
3
1
2
1
0
0
0
0
0
0
0
0
0
0
0
0
0
0
0
0
0
0
0
0
0
0
0
0
0
1
1
4
2
3
3
3
1
4
0
0
0
0
0
0
0
0
0
0
0
0
0
0
0
0
0
0
0
0
0
2
4
2
3
2
2
0
3
3
4
0
1
0
0
0
0
0
0
0
0
0
0
0
0
0
0
0
0
0
0
3
4
2
2
1
0
4
0
0
0
0
0
0
0
0
0
0
0
0
0
0
0
0
0
0
0
0
0
0
0
4
4
3
0
0
0
0
0
0
0
0
0
0
0
0
0
0
0
0
0
0
0
0
0
0
0
0
0
0
0
1
2
3
0
2
4
0
0
0
0
0
0
0
0
0
0
0
0
0
0
0
0
0
0
0
0
0
0
0
0
0
3
0
0
1
1
3
0
0
0
0
0
0
0
0
0
0
0
0
0
0
0
0
0
0
0
0
0
0
0
2
1
1
4
4
2
3
2
4
1
3
0
3
0
0
0
0
0
0
0
0
0
0
0
0
0
0
0
0
0
1
3
4
0
3
2
0
0
0
0
0
0
0
0
0
0
0
0
0
0
0
0
0
0
0
0
0
0
0
0
3
3
4
3
1
4
0
0
0
0
0
0
0
0
0
0
0
0
0
0
0
0
0
0
0
0
0
0
0
0
0
1
1
3
3
2
4
0
0
0
0
0
0
0
0
0
0
0
0
0
0
0
0
0
0
0
0
0
0
0
4
2
1
4
3
2
1
2
0
0
0
0
0
0
0
0
0
0
0
0
0
0
0
0
0
0
0
0
0
0
0
4
4
4
2
3
0
0
0
0
0
0
0
0
0
0
0
0
0
0
0
0
0
0
0
0
0
0
0
0
4
3
4
0
4
3
0
2
0
0
0
0
0
0
0
0
0
0
0
0
0
0
0
0
0
0
0
0
0
0
2
2
3
1
3
0
0
0
0
0
0
0
0
0
0
0
0
0
0
0
0
0
0
0
0
0
0
0
0
0
2
4
2
2
0
1
0
4
2
4
2
0
1
2
0
0
0
0
0
0
0
0
0
0
0
0
0
0
0
0
0
4
2
1
3
1
3
0
0
0
0
0
0
0
0
0
0
0
0
0
0
0
0
0
0
0
0
0
0
0
2
4
4
4
3
1
0
0
0
0
0
0
0
0
0
0
0
0
0
0
0
0
0
0
0
0
0
0
0
0
2
1
0
4
2
2
2
3
0
0
0
0
0
0
0
0
0
0
0
0
0
0
0
0
0
0
0
0
0
0
2
2
4
4
4
3
3
4
0
0
0
0
0
0
0
0
0
0
0
0
0
0
0
0
0
0
0
0
0
0
4
3
3
4
4
4
2
2
0
0
0
0
0
0
0
0
0
0
0
0
0
0
0
0
0
0
0
0
0
0
3
2
2
2
4
0
1
2
0
0
0
0
0
0
0
0
0
0
0
0
0
0
0
0
0
0
0
0
0
0
1
3
4
4
4
2
0
0
0
0
0
0
0
0
0
0
0
0
0
0
0
0
0
0
0
0
0
0
0
0
3
1
3
1
2
4
0
0
0
0
0
0
0
0
0
0
0
0
0
0
0
0
0
0
0
0
0
0
0
0
2
1
0
2
4
2
4
0
1
0
2
2
4
2
0
0
0
0
0
0
0
0
0
0
0
0
0
0
0
0
3
1
3
2
2
0
0
0
0
0
0
0
0
0
0
0
0
0
0
0
0
0
0
0
0
0
0
0
0
0
2
0
3
4
0
4
3
4
0
0
0
0
0
0
0
0
0
0
0
0
0
0
0
0
0
0
0
0
0
0
3
2
4
4
4
0
0
0
0
0
0
0
0
0
0
0
0
0
0
0
0
0
0
0
0
0
0
0
0
0
2
1
2
3
4
1
2
4
0
0
0
0
0
0
0
0
0
0
0
0
0
0
0
0
0
0
0
0
0
0
4
2
3
3
1
1
0
0
0
0
0
0
0
0
0
0
0
0
0
0
0
0
0
0
0
0
0
0
0
0
0
4
1
3
4
3
3
0
0
0
0
0
0
0
0
0
0
0
0
0
0
0
0
0
0
0
0
0
0
0
2
3
0
4
3
1
0
0
0
0
0
0
0
0
0
0
0
0
0
0
0
0
0
0
0
0
0
0
0
0
3
0
3
1
4
2
3
2
4
4
1
1
2
0
0
0
0
0
0
0
0
0
0
0
0
0
0
0
0
0
3
1
1
0
0
3
0
0
0
0
0
0
0
0
0
0
0
0
0
0
0
0
0
0
0
0
0
0
0
0
4
2
0
3
2
1
0
0
0
0
0
0
0
0
0
0
0
0
0
0
0
0
0
0
0
0
0
0
0
0
0
3
4
4
0
0
0
0
0
0
0
0
0
0
0
0
0
0
0
0
0
0
0
0
0
0
0
0
0
0
4
0
1
2
2
4
3
0
0
0
0
0
0
0
0
0
0
0
0
0
0
0
0
0
0
0
0
0
0
0
1
0
4
3
3
0
2
2
3
2
4
2
0
0
0
0
0
0
0
0
0
0
0
0
0
0
0
0
0
0
0
4
1
3
3
3
2
4
1
1
0
0
0
0
0
0
0
0
0
0
0
0
0
0
0
0
0
0
0
0
1
2
1
3
3
0
0
0
0
0
0
0
0
0
0
0
0
0
0
0
0
0
0
0
0
0
0
0
0
0
4
3
0
4
1
4
1
1
2
4
0
0
0
0
0
0
0
0
0
0
0
0
0
0
0
0
0
0
0
0
4
4
4
0
3
2
1
4
2
1
0
0
0
0
0
0
0
0
0
0
0
0
0
0
0
0
0
0
0
0
0
2
3
2
3
1
0
3
3
0
0
0
0
0
0
0
0
0
0
0
0
0
0
0
0
0
0
0
0
0
0
3
0
0
3
0
0
0
0
0
0
0
0
0
0
0
0
0
0
0
0
0
0
0
0
0
0
0
0
0
3
2
0
1
3
3
0
1
0
2
4
2
0
0
0
0
0
0
0
0
0
0
0
0
0
0
0
0
0
0
3
4
3
0
3
4
0
0
3
1
0
0
0
0
0
0
0
0
0
0
0
0
0
0
0
0
0
0
0
0
4
3
1
2
0
0
0
2
2
1
2
0
0
0
0
0
0
0
0
0
0
0
0
0
0
0
0
0
0
0
4
0
1
0
0
0
0
0
0
0
0
0
0
0
0
0
0
0
0
0
0
0
0
0
0
0
0
0
0
0
3
3
4
0
1
1
4
3
1
4
0
0
0
0
0
0
0
0
0
0
0
0
0
0
0
0
0
0
0
0
4
1
4
2
2
2
1
3
2
2
0
0
0
0
0
0
0
0
0
0
0
0
0
0
0
0
0
0
0
0
0
0
2
0
4
3
0
0
0
0
0
0
0
0
0
0
0
0
0
0
0
0
0
0
0
0
0
0
0
0
4
4
4
2
3
0
0
0
0
0
0
0
0
0
0
0
0
0
0
0
0
0
0
0
0
0
0
0
0
0
3
4
0
1
0
3
1
3
2
0
1
0
0
0
0
0
0
0
0
0
0
0
0
0
0
0
0
0
0
0
3
0
1
0
1
4
4
4
0
0
0
0
0
0
0
0
0
0
0
0
0
0
0
0
0
0
0
0
0
0
1
0
2
4
4
3
1
1
4
4
2
0
0
0
0
0
0
0
0
0
0
0
0
0
0
0
0
0
0
0
0
0
2
2
0
4
2
0
0
0
0
0
0
0
0
0
0
0
0
0
0
0
0
0
0
0
0
0
0
0
0
2
0
2
4
1
3
0
0
0
0
0
0
0
0
0
0
0
0
0
0
0
0
0
0
0
0
0
0
0
1
3
1
2
0
0
0
0
0
0
0
0
0
0
0
0
0
0
0
0
0
0
0
0
0
0
0
0
0
0
2
4
3
4
1
2
0
0
0
0
0
0
0
0
0
0
0
0
0
0
0
0
0
0
0
0
0
0
0
0
0
1
0
2
1
3
1
0
0
0
0
0
0
0
0
0
0
0
0
0
0
0
0
0
0
0
0
0
0
0
1
2
3
0
3
1
0
4
0
0
0
0
0
0
0
0
0
0
0
0
0
0
0
0
0
0
0
0
0
0
3
4
3
0
1
0
0
0
0
0
0
0
0
0
0
0
0
0
0
0
0
0
0
0
0
0
0
0
0
0
4
1
1
0
1
1
1
1
1
2
0
0
0
0
0
0
0
0
0
0
0
0
0
0
0
0
0
0
0
0
3
0
0
3
0
1
3
1
0
1
0
0
0
0
0
0
0
0
0
0
0
0
0
0
0
0
0
0
0
0
1
1
0
2
0
0
2
0
0
0
0
0
0
0
0
0
0
0
0
0
0
0
0
0
0
0
0
0
0
0
4
2
4
1
2
3
3
0
3
0
0
0
0
0
0
0
0
0
0
0
0
0
0
0
0
0
0
0
0
0
1
3
4
0
0
0
0
0
0
0
0
0
0
0
0
0
0
0
0
0
0
0
0
0
0
0
0
0
0
0
1
2
0
2
0
2
0
1
4
2
2
0
0
0
0
0
0
0
0
0
0
0
0
0
0
0
0
0
0
0
4
3
4
1
0
0
0
0
0
0
0
0
0
0
0
0
0
0
0
0
0
0
0
0
0
0
0
0
0
0
3
0
1
1
3
2
2
4
0
0
0
0
0
0
0
0
0
0
0
0
0
0
0
0
0
0
0
0
0
0
4
2
2
3
1
1
0
3
0
0
0
0
0
0
0
0
0
0
0
0
0
0
0
0
0
0
0
0
0
0
1
4
3
4
0
0
0
0
0
0
0
0
0
0
0
0
0
0
0
0
0
0
0
0
0
0
0
0
0
0
2
2
4
1
0
2
0
2
0
2
1
0
0
0
0
0
0
0
0
0
0
0
0
0
0
0
0
0
0
0
4
3
1
0
0
0
0
0
0
0
0
0
0
0
0
0
0
0
0
0
0
0
0
0
0
0
0
0
0
0
3
0
3
3
2
1
4
2
4
0
0
0
0
0
0
0
0
0
0
0
0
0
0
0
0
0
0
0
0
0
0
2
0
0
2
0
1
1
0
0
0
0
0
0
0
0
0
0
0
0
0
0
0
0
0
0
0
0
0
0
1
0
1
3
1
0
3
0
0
3
0
0
0
0
0
0
0
0
0
0
0
0
0
0
0
0
0
0
0
0
2
1
1
1
1
1
0
1
1
4
0
0
0
0
0
0
0
0
0
0
0
0
0
0
0
0
0
0
0
0
1
0
3
4
3
0
0
0
0
0
0
0
0
0
0
0
0
0
0
0
0
0
0
0
0
0
0
0
0
0
0
4
0
1
3
0
3
2
1
0
0
0
0
0
0
0
0
0
0
0
0
0
0
0
0
0
0
0
0
0
0
0
0
0
0
0
0
0
0
0
0
0
0
0
0
0
0
0
0
0
0
0
0
0
0
0
0
0
0
0
0
0
0
0
0
0
0
0
0
0
0
0
0
0
0
0
0
0
0
0
0
0
0
0
0
0
0
0
0
0
0
0
0
0
0
0
0
0
0
0
0
0
0
0
0
0
0
0
0
0
0
0
0
0
0
0
0
0
0
0
0
0
0
0
0
0
0
0
0
0
0
0
0
0
0
0
0
0
0
0
0
0
0
0
0
0
0
0
0
0
0
0
0
0
0
0
0
0
0
0
0
0
0
0
0
0
0
0
0
0
0
0
0
0
0
0
0
0
0
0
0
0
0
0
0
0
0
0
0
0
0
0
0
0
0
0
0
0
0
0
0
0
0
0
0
0
0
0
0
0
0
0
0
0
0
0
0
0
0
0
0
0
0
0
0
0
0
0
0
0
0
0
0
0
0
0
0
0
0
0
0
0
0
0
0
0
0
0
0
0
0
0
0
0
0
0
0
0
0
0
0
0
0
0
0
0
0
0
0
0
0
0
0
0
0
0
0
0
0
0
0
0
0
0
0
0
0
0
0
0
0
0
0
0
0
0
0
0
0
0
a
0.02
0.02
0.02
0.02
0.02
0.02
0.02
0.02
0.02
0.02
0.02
0.02
0.02
0.02
0.02
0.02
0.02
0.02
0.02
0.02
0.02
0.02
0.02
0.02
0.02
0.02
0.02
0.02
0.02
0.02
0.02
0.02
0.02
0.02
0.02
0.02
0.02
0.02
0.02
0.02
0.02
0.02
0.02
0.02
0.02
0.02
0.02
0.02
0.02
0.02
0.02
0.02
0.02
0.02
0.02
0.02
0.02
0.02
0.02
0.02
0.02
0.02
0.02
0.02
0.02
0.02
0.02
0.02
0.02
0.02
0.02
0.02
0.02
0.02
0.02
0.02
0.02
0.02
0.02
0.02
0.1
0.1
0.1
0.1
0.1
0.1
0.1
0.1
0.1
0.1
0.1
0.1
0.1
0.1
0.1
0.1
0.1
0.1
0.1
0.1
0.1
0.1
0.1
0.1
0.1
0.1
0.1
0.1
0.1
d
8
8
8
8
8
8
8
8
8
8
8
8
8
8
8
8
8
8
8
8
8
8
8
8
8
8
8
8
8
8
8
8
8
8
8
8
8
8
8
8
8
8
8
8
8
8
8
8
8
8
8
8
8
8
8
8
8
8
8
8
8
8
8
8
8
8
8
8
8
8
8
8
8
8
8
8
8
8
8
8
2
2
2
2
2
2
2
2
2
2
2
2
2
2
2
2
2
2
2
2
2
2
2
2
2
2
2
2
2
