0 0.63633 0.501354 0.000672525 0s
1 0.63633 0.503419 0.000952836 5.86543s
2 0.662438 0.507448 0.00120824 5.91809s
3 0.662438 0.513652 0.00135339 5.93923s
4 0.662438 0.518842 0.00157278 6.06098s
5 0.662438 0.514145 0.00192431 5.94827s
6 0.671431 0.515683 0.00193677 5.97621s
7 0.671431 0.51611 0.00184381 5.97619s
8 0.719188 0.519813 0.00183748 5.99221s
9 0.719188 0.519295 0.0025899 6.02257s
10 0.719188 0.522297 0.00286072 5.97283s
11 0.719188 0.520009 0.00297634 5.97081s
12 0.719188 0.527976 0.00291229 6.04119s
13 0.719188 0.524644 0.00321469 6.32369s
14 0.719188 0.52408 0.00323048 5.99401s
15 0.719188 0.521047 0.00365096 6.00905s
16 0.719188 0.527976 0.00340804 5.9715s
17 0.719188 0.527097 0.0039854 5.96399s
18 0.719188 0.525753 0.00391825 6.02043s
19 0.726759 0.532279 0.00438716 6.14929s
20 0.726759 0.522199 0.00438317 5.99949s
21 0.726759 0.530524 0.00480072 6.25465s
22 0.726759 0.534708 0.00560172 6.12983s
23 0.726759 0.533537 0.00509075 5.81798s
24 0.726759 0.528003 0.00536121 5.89161s
25 0.726759 0.533667 0.00522589 5.8529s
26 0.726759 0.529377 0.00553336 5.73507s
27 0.727704 0.537036 0.00541459 5.77713s
28 0.727704 0.531438 0.00519854 5.8146s
29 0.741623 0.531828 0.00571369 5.76834s
30 0.741623 0.52918 0.00547532 5.78146s
31 0.741623 0.526939 0.00552934 5.75614s
32 0.755968 0.533612 0.00610298 5.78023s
33 0.755968 0.529245 0.00594287 5.81059s
34 0.755968 0.532068 0.00680064 5.79794s
35 0.758668 0.542058 0.00648294 5.79253s
36 0.758668 0.534675 0.00623774 5.75783s
37 0.758668 0.527427 0.00614096 5.7686s
38 0.758668 0.527662 0.00697188 5.79915s
39 0.758668 0.532139 0.00641065 5.82021s
40 0.758668 0.532781 0.00638682 5.73035s
41 0.758668 0.538353 0.00690975 5.80826s
42 0.758668 0.532075 0.00669815 5.76444s
43 0.758668 0.541501 0.00716039 5.79023s
44 0.758668 0.534083 0.00674176 5.76539s
45 0.758668 0.534629 0.00692455 5.73763s
46 0.758668 0.534218 0.00673863 5.83118s
47 0.758668 0.536487 0.00734246 5.79787s
48 0.758668 0.52975 0.006704 5.71843s
49 0.758668 0.53525 0.00731065 5.78097s
50 0.758668 0.530575 0.0066427 5.77977s
51 0.758668 0.531734 0.00669442 5.7463s
52 0.775346 0.53213 0.00658579 5.84085s
53 0.775346 0.529197 0.00731601 5.88481s
54 0.775346 0.533716 0.00739429 5.81866s
55 0.775346 0.528859 0.00763952 5.76664s
56 0.775346 0.530098 0.00741727 5.789s
57 0.797073 0.529302 0.0081753 5.79296s
58 0.797073 0.52939 0.00786447 5.75673s
59 0.797073 0.536309 0.00761594 5.74545s
60 0.797073 0.527823 0.00801393 5.76029s
61 0.797073 0.528659 0.00823496 5.78248s
62 0.797073 0.525011 0.00791876 5.74504s
63 0.797073 0.528286 0.00764887 5.77144s
64 0.797073 0.530168 0.00816842 5.76821s
65 0.797073 0.524703 0.00853864 5.74626s
66 0.797073 0.528812 0.00845334 5.75982s
67 0.797073 0.528342 0.00821856 5.74344s
68 0.797073 0.53335 0.00817453 5.93695s
69 0.797073 0.52698 0.00866223 5.75532s
70 0.797073 0.534962 0.00809128 5.75498s
71 0.797073 0.532024 0.00859916 5.75715s
72 0.797073 0.532587 0.00884118 5.78051s
73 0.797073 0.540063 0.00978864 5.7271s
74 0.797073 0.537676 0.00866295 5.74411s
75 0.797073 0.538333 0.00981363 5.76221s
76 0.797073 0.542293 0.00952395 5.82571s
77 0.797073 0.542019 0.00979607 5.81003s
78 0.797073 0.537555 0.0108329 5.79376s
79 0.809993 0.548413 0.0109838 5.8135s
80 0.809993 0.545649 0.00998076 5.7862s
81 0.809993 0.548545 0.0106969 5.75432s
82 0.809993 0.552725 0.0109602 5.75598s
83 0.809993 0.550755 0.0109133 5.77238s
84 0.809993 0.546229 0.0109997 5.75595s
85 0.809993 0.545243 0.0101996 5.81635s
86 0.809993 0.543268 0.0100036 5.70582s
87 0.809993 0.550111 0.011343 5.78375s
88 0.809993 0.552895 0.0112761 6.73033s
89 0.823211 0.5447 0.0115801 5.77415s
90 0.823211 0.551203 0.0104301 5.75624s
91 0.823211 0.543938 0.010884 5.76633s
92 0.823211 0.545373 0.0118026 5.8545s
93 0.823211 0.555523 0.0108745 5.82605s
94 0.823211 0.550697 0.0111145 5.70156s
95 0.823211 0.549979 0.0113392 5.73995s
96 0.823211 0.557334 0.0127305 6.03739s
97 0.823211 0.55458 0.0119821 5.8383s
98 0.823211 0.554024 0.0122583 5.73144s
99 0.823211 0.559487 0.0127585 5.75666s
100 0.823211 0.556997 0.012964 5.76771s
101 0.823211 0.550291 0.0115379 5.77175s
102 0.823211 0.549225 0.0110973 5.7566s
103 0.823211 0.551801 0.011677 5.79961s
104 0.823211 0.552961 0.0132987 5.77271s
105 0.837197 0.553325 0.0135598 5.73712s
106 0.837197 0.560514 0.0132237 5.80267s
107 0.837197 0.56105 0.0139351 5.76883s
108 0.837197 0.565468 0.0137094 5.86557s
109 0.837197 0.557005 0.0135723 5.72153s
110 0.837197 0.563991 0.0130111 5.79497s
111 0.837197 0.553578 0.0131163 5.80297s
112 0.837197 0.554185 0.0134306 5.75113s
113 0.837197 0.556811 0.0131231 5.7507s
114 0.837197 0.558723 0.0142121 5.76148s
115 0.837197 0.562431 0.0146822 5.79386s
116 0.837197 0.556987 0.0141207 5.74144s
117 0.837197 0.555335 0.0133285 5.75353s
118 0.837197 0.550447 0.0142223 5.83158s
119 0.837197 0.553011 0.0128461 5.76317s
120 0.837197 0.546847 0.0126179 5.79486s
121 0.837197 0.55805 0.0133635 5.76229s
122 0.837197 0.558051 0.0126203 5.74441s
123 0.837197 0.561895 0.0135044 5.76833s
124 0.837197 0.550574 0.0140721 5.87156s
125 0.837197 0.552686 0.0136425 5.97774s
126 0.837197 0.551114 0.0143515 5.78439s
127 0.837197 0.553604 0.0140708 5.78169s
128 0.837197 0.556866 0.0147405 5.73094s
129 0.839925 0.552304 0.0141011 5.93234s
130 0.839925 0.546679 0.0142783 5.70715s
131 0.839925 0.550573 0.0154032 6.08499s
132 0.839925 0.556313 0.0144205 5.7772s
133 0.839925 0.549838 0.0136422 5.72043s
134 0.839925 0.567835 0.0147798 5.80987s
135 0.839925 0.563742 0.0146958 5.77505s
136 0.839925 0.558619 0.0145585 5.81846s
137 0.85279 0.572754 0.0154757 5.93948s
138 0.85279 0.57696 0.0158375 5.72609s
139 0.85279 0.571495 0.016063 5.75464s
140 0.85279 0.569007 0.0161174 5.73417s
141 0.85279 0.56516 0.0150959 6.02029s
142 0.85279 0.558104 0.0157495 5.78782s
143 0.85279 0.560233 0.0156916 5.77295s
144 0.85279 0.556677 0.015364 5.748s
145 0.85279 0.56919 0.0150876 5.7274s
146 0.85279 0.570238 0.0144545 5.76258s
147 0.85279 0.568846 0.0162106 5.7613s
148 0.85279 0.563185 0.0161512 5.78633s
149 0.85279 0.560157 0.015061 5.76472s
150 0.853331 0.558647 0.0140802 5.78225s
151 0.853331 0.561973 0.0152186 5.76359s
152 0.853331 0.561151 0.0158328 5.87936s
153 0.853331 0.56672 0.0162271 5.77044s
154 0.853331 0.560864 0.0151447 5.7642s
155 0.85884 0.566357 0.0163616 5.74456s
156 0.85884 0.571357 0.0151168 5.76826s
157 0.85884 0.561082 0.0157473 5.76994s
158 0.85884 0.572923 0.015904 5.78674s
159 0.858843 0.570582 0.0173798 5.85384s
160 0.858843 0.5744 0.0173508 5.78381s
161 0.858843 0.570221 0.0172111 5.79428s
162 0.887088 0.567374 0.0177503 5.99198s
163 0.887088 0.558693 0.0164623 5.77808s
164 0.887088 0.570485 0.0174922 5.74624s
165 0.887088 0.565719 0.0167088 5.7665s
166 0.887088 0.566027 0.0167066 5.74931s
167 0.887088 0.573676 0.0172859 5.78223s
168 0.887088 0.580894 0.0174781 5.79284s
169 0.887088 0.573434 0.0160414 5.7921s
170 0.887088 0.568812 0.0161165 5.79633s
171 0.887088 0.578086 0.0180923 5.79828s
172 0.887088 0.571369 0.0175265 5.7938s
173 0.887088 0.576973 0.0175538 5.73083s
174 0.887088 0.576347 0.018043 5.79216s
175 0.887088 0.57751 0.01723 5.81976s
176 0.887088 0.579649 0.0180144 5.75818s
177 0.887088 0.570777 0.0170179 5.81613s
178 0.887088 0.562848 0.0157251 5.7793s
179 0.887088 0.573422 0.0183642 5.7233s
180 0.887088 0.558256 0.0178681 5.76955s
181 0.887088 0.569655 0.0186136 5.76684s
182 0.887088 0.570363 0.0200178 5.79169s
183 0.887088 0.568453 0.0187356 5.87655s
184 0.887088 0.563871 0.0178497 6.04115s
185 0.887088 0.561684 0.0174041 5.7981s
186 0.887088 0.566453 0.0165061 5.73948s
187 0.887088 0.573226 0.0169094 5.79801s
188 0.887088 0.573179 0.0171908 5.75318s
189 0.889826 0.575002 0.0193037 5.77372s
190 0.889826 0.574618 0.0178204 5.79936s
191 0.889826 0.577057 0.0173785 5.82887s
192 0.889826 0.576405 0.0184044 6.43469s
193 0.889826 0.561969 0.0168029 5.82471s
194 0.889826 0.548921 0.0175219 5.94999s
195 0.889826 0.560103 0.0177774 5.80394s
196 0.889826 0.563625 0.0189783 5.77176s
197 0.889826 0.565171 0.019437 5.98997s
198 0.889826 0.564148 0.0186369 5.77151s
199 0.889826 0.559549 0.0170748 5.7908s
200 0.889826 0.566823 0.0187997 5.73491s
201 0.889826 0.576422 0.0200018 5.77619s
202 0.889826 0.572917 0.0210949 6.05412s
203 0.889826 0.569418 0.0191094 5.78775s
204 0.889826 0.569936 0.0191466 5.72207s
205 0.889826 0.569236 0.0200259 5.78527s
206 0.889826 0.561662 0.0216006 5.80602s
207 0.889826 0.549495 0.0189893 5.77159s
208 0.889826 0.559417 0.0195544 5.77033s
209 0.889826 0.558126 0.0195295 5.77571s
210 0.889826 0.562952 0.0172679 5.74599s
211 0.889826 0.564638 0.0188362 5.77002s
212 0.889826 0.567281 0.0204489 5.72756s
213 0.889826 0.560708 0.0180256 5.80458s
214 0.889826 0.551153 0.0173861 5.75496s
215 0.889826 0.561867 0.0192161 5.77832s
216 0.889826 0.565275 0.0196142 5.74363s
217 0.889826 0.570444 0.0195943 5.77855s
218 0.889826 0.565695 0.0202316 5.78044s
219 0.889826 0.558397 0.019658 5.83703s
220 0.889826 0.557283 0.018823 5.71045s
221 0.889826 0.563361 0.0193151 5.80262s
222 0.889826 0.569569 0.0208724 5.75363s
223 0.889826 0.567605 0.0211295 5.76875s
224 0.889826 0.565355 0.020301 5.81727s
225 0.889826 0.567145 0.0211077 5.78128s
226 0.889826 0.564793 0.020149 5.77783s
227 0.889826 0.560893 0.0201618 5.76246s
228 0.889826 0.56928 0.0207845 5.7761s
229 0.889826 0.57282 0.0199984 5.78696s
230 0.889826 0.561562 0.0174901 5.77556s
231 0.889826 0.568354 0.0184085 5.76263s
232 0.889826 0.567497 0.0181781 6.02725s
233 0.889826 0.569757 0.0180861 5.79772s
234 0.889826 0.577999 0.0196712 5.75351s
235 0.889826 0.576191 0.0206317 5.72679s
236 0.889826 0.56682 0.019978 5.77717s
237 0.889826 0.577125 0.0205263 6.00375s
238 0.889826 0.564726 0.0188816 5.84678s
239 0.889826 0.579465 0.0201966 5.80724s
240 0.889826 0.582544 0.0221455 5.88255s
241 0.889826 0.564554 0.0199415 5.78823s
242 0.889826 0.565481 0.0191845 5.77842s
243 0.889826 0.573448 0.0196038 5.74783s
244 0.889826 0.571369 0.020076 5.73241s
245 0.889826 0.556954 0.0187841 5.75529s
246 0.889826 0.565141 0.0201791 5.85317s
247 0.889826 0.572636 0.0186917 5.80101s
248 0.889826 0.564845 0.0194073 5.769s
249 0.889826 0.567117 0.0189706 5.71945s
250 0.889826 0.572803 0.0196481 5.70954s
251 0.889826 0.572836 0.0203012 5.77553s
252 0.889826 0.568671 0.0206954 5.74428s
253 0.889827 0.57136 0.0207386 6.05774s
254 0.889827 0.571855 0.0219764 5.73998s
255 0.889827 0.567467 0.0187989 6.07063s
256 0.889827 0.574006 0.0205861 5.7456s
257 0.889827 0.580761 0.0214506 5.7859s
258 0.889827 0.577482 0.018636 5.75891s
259 0.889827 0.583203 0.0205372 5.97323s
260 0.889827 0.575941 0.0186578 5.74181s
261 0.889827 0.579856 0.0196267 5.73153s
262 0.889827 0.587545 0.0197999 5.77936s
263 0.889827 0.598399 0.0212462 5.73989s
264 0.889827 0.580397 0.0219063 5.76674s
265 0.889827 0.576085 0.0211915 5.74721s
266 0.889827 0.572192 0.0207162 5.72429s
267 0.889827 0.565988 0.0200115 5.73107s
268 0.889827 0.564694 0.0186343 5.71392s
269 0.889827 0.577366 0.0194646 5.80243s
270 0.889827 0.569037 0.0190318 5.85869s
271 0.889827 0.570016 0.0181662 6.09795s
272 0.889827 0.575038 0.0207183 5.74486s
273 0.889827 0.56284 0.01868 5.78933s
274 0.889827 0.563293 0.0180688 5.71517s
275 0.889827 0.564759 0.0175077 5.77801s
276 0.889827 0.578278 0.0208718 5.91613s
277 0.889827 0.567503 0.0185049 6.01646s
278 0.889827 0.565468 0.0183801 6.02816s
279 0.889827 0.562318 0.0184964 5.77653s
280 0.889827 0.574093 0.0194234 5.76258s
281 0.889827 0.564701 0.0182995 5.86879s
282 0.889827 0.569913 0.0203063 5.79306s
283 0.889827 0.566355 0.0188123 5.73918s
284 0.889827 0.570643 0.0208204 5.78357s
285 0.889827 0.561039 0.0196284 5.79138s
286 0.889827 0.57105 0.0201227 5.78615s
287 0.889827 0.569554 0.0190132 5.79124s
288 0.889827 0.576518 0.0211221 5.81397s
289 0.889827 0.576213 0.0200852 5.79176s
290 0.889827 0.570165 0.0189222 5.80459s
291 0.889827 0.566314 0.0193281 5.77579s
292 0.889827 0.571333 0.0214057 5.75789s
293 0.889827 0.572943 0.0205964 6.01021s
294 0.889827 0.577399 0.0195372 5.79333s
295 0.889827 0.581355 0.0205459 5.83493s
296 0.889827 0.576335 0.0193833 6.68641s
297 0.889827 0.571336 0.0189885 5.79541s
298 0.889827 0.571212 0.0195289 5.74916s
299 0.889827 0.57596 0.020013 5.78091s
300 0.889827 0.575794 0.0192267 5.76147s
301 0.889827 0.583046 0.0202116 5.77973s
302 0.889827 0.575392 0.0203574 5.75084s
303 0.889827 0.569646 0.0196954 5.71738s
304 0.889827 0.573243 0.0195848 5.74288s
305 0.889827 0.568258 0.0190767 5.81666s
306 0.889827 0.577624 0.0192469 5.74722s
307 0.889827 0.575021 0.0202112 5.74548s
308 0.889827 0.568116 0.0183944 5.77522s
309 0.889827 0.566727 0.0191191 5.78243s
310 0.889827 0.573881 0.019625 5.76207s
311 0.889827 0.574285 0.0189699 5.80553s
312 0.889827 0.580928 0.0188767 5.75496s
313 0.889827 0.577275 0.0198803 5.85452s
314 0.889827 0.573219 0.0207904 5.72689s
315 0.889827 0.585577 0.022586 5.78305s
316 0.889827 0.578773 0.0206318 5.77015s
317 0.889827 0.590575 0.0226626 5.76128s
318 0.889827 0.584261 0.0222806 5.82149s
319 0.889827 0.577413 0.020947 5.76041s
320 0.889827 0.573279 0.0202045 5.98402s
321 0.889827 0.568696 0.0206272 5.75586s
322 0.889827 0.576379 0.0192241 5.72535s
323 0.889827 0.57761 0.0198348 5.78143s
324 0.889827 0.574364 0.0197639 5.77286s
325 0.889827 0.574252 0.0200413 5.7431s
326 0.889827 0.562708 0.0173608 5.77123s
327 0.889827 0.57655 0.0205722 5.74677s
328 0.889827 0.574549 0.0191077 5.79615s
329 0.889827 0.5766 0.0190723 5.78701s
330 0.889827 0.577899 0.0195724 5.75375s
331 0.889827 0.570273 0.0188245 5.74328s
332 0.889827 0.567997 0.0180832 5.79929s
333 0.889827 0.576543 0.0198286 5.83516s
334 0.889827 0.571575 0.0190824 5.82712s
335 0.889827 0.570648 0.0180717 5.79461s
336 0.889827 0.574746 0.0176758 5.76162s
337 0.889827 0.563946 0.0178 5.77576s
338 0.889827 0.570434 0.0191327 5.76054s
339 0.889827 0.562552 0.0183963 5.76037s
340 0.889827 0.568445 0.0192254 5.80347s
341 0.889827 0.565524 0.017965 5.85289s
342 0.889827 0.574019 0.0186022 5.75493s
343 0.889827 0.573005 0.0198489 5.76414s
344 0.889827 0.566238 0.0194232 5.72103s
345 0.889827 0.560352 0.0184894 5.98381s
346 0.889827 0.565655 0.0183518 5.7554s
347 0.889827 0.567844 0.0178399 5.77958s
348 0.889827 0.575515 0.0201944 6.01877s
349 0.889827 0.576766 0.0187926 5.72049s
350 0.889827 0.578349 0.0192832 5.77121s
351 0.889827 0.579668 0.0191426 5.76704s
352 0.889827 0.580813 0.0204866 5.78569s
353 0.889827 0.578876 0.0200151 5.76199s
354 0.889827 0.58726 0.0202492 5.75526s
355 0.889827 0.578323 0.0209027 5.80456s
356 0.889827 0.561137 0.0185241 5.76956s
357 0.889827 0.568062 0.0186804 5.76549s
358 0.889827 0.564404 0.0190408 5.78056s
359 0.889827 0.567595 0.0205238 5.79131s
360 0.889827 0.561891 0.0202467 5.78275s
361 0.889827 0.571667 0.0183579 5.75786s
362 0.889827 0.58026 0.0212029 5.74682s
363 0.889827 0.577726 0.0195657 6.02274s
364 0.889827 0.576039 0.0204452 5.83056s
365 0.889827 0.576991 0.0197447 5.71769s
366 0.889827 0.560945 0.0189713 5.75697s
367 0.889827 0.570523 0.0201735 5.78109s
368 0.889827 0.563824 0.0183872 5.73094s
369 0.889827 0.562492 0.0198558 5.90683s
370 0.889827 0.559012 0.0178355 5.76129s
371 0.889827 0.561975 0.0200472 5.78132s
372 0.889827 0.571532 0.0204942 5.80154s
373 0.889827 0.573758 0.0209833 5.82148s
374 0.889827 0.566678 0.019591 5.82011s
375 0.889827 0.570695 0.0208981 5.79257s
376 0.889827 0.566972 0.0212118 5.78808s
377 0.889827 0.565352 0.0187303 5.83107s
378 0.889827 0.56455 0.0186338 5.78844s
379 0.889827 0.563146 0.0183631 5.91396s
380 0.889827 0.563461 0.0185475 5.85769s
381 0.889827 0.568669 0.019164 5.81728s
382 0.889827 0.57544 0.0199096 5.81954s
383 0.889827 0.572761 0.0206467 5.73901s
384 0.889827 0.577949 0.0210108 5.74789s
385 0.889827 0.581706 0.0207288 5.79552s
386 0.889827 0.590466 0.0222327 5.76464s
387 0.889827 0.57802 0.0194993 5.76578s
388 0.889827 0.569941 0.0204211 5.77763s
389 0.889827 0.583095 0.0220787 5.78317s
390 0.889827 0.584163 0.0208711 5.8041s
391 0.890092 0.584424 0.0209396 5.78374s
392 0.890092 0.587221 0.0218752 5.74623s
393 0.890092 0.579258 0.020417 5.80514s
394 0.890092 0.574966 0.0196468 5.75606s
395 0.890092 0.578645 0.0201584 5.71992s
396 0.890092 0.573966 0.0200614 5.81685s
397 0.890092 0.579651 0.0202064 5.7766s
398 0.890092 0.567746 0.0185367 5.78799s
399 0.890092 0.560247 0.0175578 5.78972s
400 0.890092 0.571684 0.018668 5.86481s
401 0.890092 0.563787 0.0196601 6.08443s
402 0.890092 0.558167 0.0190112 5.75437s
403 0.890092 0.562279 0.0191824 5.78997s
404 0.890092 0.567935 0.0196297 5.7453s
405 0.890092 0.568537 0.0196299 6.0104s
406 0.890092 0.574332 0.0203112 5.94157s
407 0.890092 0.572205 0.0195846 5.79065s
408 0.890092 0.575633 0.020015 5.77873s
409 0.890092 0.569944 0.0197375 5.77619s
410 0.890092 0.570246 0.0211489 5.73577s
411 0.890092 0.577812 0.0215687 5.74556s
412 0.890092 0.561994 0.0206153 5.74182s
413 0.890092 0.561739 0.0196139 5.79106s
414 0.890092 0.566585 0.0202593 5.75582s
415 0.890092 0.564586 0.0186974 5.76074s
416 0.890092 0.570912 0.0194473 5.74443s
417 0.890092 0.569496 0.0203904 5.78949s
418 0.890092 0.577292 0.0207177 5.73554s
419 0.890092 0.566035 0.0195231 5.7718s
420 0.890092 0.570405 0.0200326 5.77861s
421 0.890092 0.573006 0.0200502 5.99775s
422 0.890092 0.569488 0.0200275 5.81279s
423 0.890092 0.573406 0.0201372 5.76864s
424 0.890092 0.584686 0.0203946 5.7963s
425 0.890092 0.574687 0.0215712 5.75209s
426 0.890092 0.576398 0.0205457 6.04049s
427 0.890092 0.582104 0.0209688 6.06015s
428 0.890092 0.582918 0.0198781 5.7668s
429 0.890092 0.572047 0.0195006 5.74119s
430 0.890092 0.565396 0.0189991 5.80432s
431 0.890092 0.563183 0.0196537 5.79186s
432 0.890092 0.550686 0.0178562 5.71645s
433 0.890092 0.556609 0.0188833 5.81133s
434 0.890092 0.560769 0.0201045 5.72939s
435 0.890092 0.564085 0.0196946 5.76114s
436 0.890092 0.569662 0.0191185 5.75932s
437 0.890092 0.571569 0.0194728 5.77244s
438 0.890092 0.560618 0.0180961 5.75249s
439 0.890092 0.567184 0.0187223 5.7484s
440 0.890092 0.576371 0.0205111 5.79293s
441 0.890092 0.577243 0.0200686 5.79267s
442 0.890092 0.581508 0.0198249 5.74573s
443 0.890092 0.573487 0.0189555 5.75057s
444 0.890092 0.573696 0.0181173 5.80677s
445 0.890092 0.566557 0.019065 5.74262s
446 0.890092 0.555898 0.0180529 5.80249s
447 0.900432 0.568902 0.018403 5.78451s
448 0.900432 0.575425 0.020239 5.76436s
449 0.900432 0.57139 0.0208189 5.71899s
450 0.900432 0.57167 0.0201305 5.77484s
451 0.902931 0.579376 0.0197703 5.73974s
452 0.902931 0.57446 0.0186451 5.97489s
453 0.902931 0.566321 0.0177089 5.80872s
454 0.902931 0.566327 0.0194307 5.81622s
455 0.902931 0.553361 0.0188279 5.80307s
456 0.902931 0.558593 0.0199422 5.70168s
457 0.902931 0.557177 0.0191883 5.77179s
458 0.902931 0.561192 0.0181619 5.77238s
459 0.902931 0.554303 0.0187719 5.76502s
460 0.902931 0.563023 0.0193823 5.78911s
461 0.902931 0.562868 0.019099 5.77332s
462 0.902931 0.569567 0.0196695 5.94156s
463 0.902931 0.569897 0.0210487 5.82261s
464 0.902931 0.576922 0.0198667 5.77939s
465 0.902931 0.58038 0.0201076 5.76335s
466 0.902931 0.577089 0.0197765 5.80469s
467 0.902931 0.567461 0.0187893 5.72918s
468 0.902931 0.570303 0.0186047 5.76398s
469 0.902931 0.570279 0.0198158 5.74382s
470 0.902931 0.564696 0.0186416 6.12932s
471 0.902931 0.557508 0.0179135 5.77338s
472 0.902931 0.567406 0.0196503 5.7699s
473 0.902931 0.567242 0.0206983 5.75361s
474 0.902931 0.571357 0.0194931 5.7809s
475 0.902931 0.56708 0.0200408 5.73436s
476 0.902931 0.578021 0.0189139 5.70831s
477 0.902931 0.579013 0.0207475 5.76062s
478 0.902931 0.575611 0.0196508 5.82538s
479 0.902931 0.57835 0.0205187 5.7312s
480 0.902931 0.592583 0.0220473 5.79753s
481 0.902931 0.589854 0.0225223 5.73512s
482 0.902931 0.592423 0.0215272 5.7355s
483 0.902931 0.571594 0.0200043 5.71894s
484 0.902931 0.569749 0.0194689 5.77023s
485 0.902931 0.57196 0.0197775 5.77294s
486 0.902931 0.57255 0.0206285 5.76287s
487 0.902931 0.572817 0.0190875 5.80485s
488 0.902931 0.577442 0.0208192 5.73016s
489 0.902931 0.570369 0.0190441 5.75599s
490 0.902931 0.565812 0.0203188 5.72791s
491 0.902931 0.570696 0.0209663 5.75047s
492 0.902931 0.563847 0.021265 5.7657s
493 0.902931 0.567298 0.0211535 5.77516s
494 0.902931 0.56961 0.0191262 5.79825s
495 0.902931 0.568567 0.0204658 5.79001s
496 0.902931 0.558227 0.0206207 5.77809s
497 0.902931 0.574909 0.0209372 5.75028s
498 0.902931 0.574224 0.0210415 5.75815s
499 0.902931 0.566505 0.0193601 5.73344s
500 0.902931 0.578672 0.020078 5.79482s
501 0.902931 0.574498 0.0201588 5.79565s
502 0.902931 0.573951 0.020667 5.78393s
503 0.902931 0.570235 0.0216132 5.71802s
504 0.902931 0.564587 0.0201132 5.80301s
505 0.902931 0.577688 0.0203909 5.7426s
506 0.902931 0.576161 0.0193923 6.22802s
507 0.902931 0.57894 0.0214925 6.03366s
508 0.902931 0.570452 0.0213194 5.76441s
509 0.902931 0.55991 0.0209705 5.81686s
510 0.902931 0.569375 0.0205023 5.7839s
511 0.902931 0.574373 0.0224349 5.80046s
512 0.902931 0.569657 0.0222765 5.751s
513 0.902931 0.578102 0.0226385 5.77752s
514 0.902931 0.5576 0.0206778 5.75807s
515 0.902931 0.565665 0.0209786 5.78152s
516 0.902931 0.566885 0.0204647 5.78304s
517 0.902931 0.571872 0.0215723 5.82868s
518 0.902931 0.563263 0.0210239 5.87849s
519 0.902931 0.571674 0.0205216 5.80975s
520 0.902931 0.564089 0.0217765 5.77944s
521 0.902931 0.579371 0.0243268 5.74632s
522 0.902931 0.575428 0.0213435 5.7856s
523 0.902931 0.574715 0.0229994 5.78322s
524 0.902931 0.565562 0.0197855 5.78748s
525 0.902931 0.560145 0.019055 5.79945s
526 0.902931 0.56934 0.0197841 5.77438s
527 0.902931 0.563811 0.02076 5.74894s
528 0.902931 0.561946 0.020065 5.78986s
529 0.902931 0.568076 0.0224422 5.75033s
530 0.902931 0.573093 0.0222332 5.74446s
531 0.902931 0.567379 0.0208925 5.78003s
532 0.902931 0.575533 0.021002 5.75902s
533 0.902931 0.568913 0.0204444 5.76511s
534 0.902931 0.565392 0.0181177 5.79491s
535 0.902931 0.576631 0.0193054 5.76013s
536 0.902931 0.580497 0.0202494 5.80116s
537 0.902931 0.57352 0.0192733 5.77672s
538 0.902931 0.56296 0.0198051 5.72893s
539 0.902931 0.569773 0.0186152 5.78363s
540 0.902931 0.559146 0.0196452 5.79183s
541 0.902931 0.561755 0.0186164 5.78607s
542 0.902931 0.570315 0.0200122 5.77478s
543 0.902931 0.567753 0.0201355 5.77431s
544 0.902931 0.575858 0.0196168 5.7569s
545 0.902931 0.575648 0.0202441 5.75888s
546 0.902931 0.579163 0.020281 5.75346s
547 0.902931 0.578938 0.0214026 5.75401s
548 0.902931 0.562806 0.0203426 5.77828s
549 0.902931 0.573362 0.0213762 5.78567s
550 0.902931 0.572229 0.0194282 5.79757s
551 0.902931 0.569858 0.0190109 5.7347s
552 0.902931 0.576672 0.0205589 5.79479s
553 0.902931 0.573749 0.0197925 5.72995s
554 0.902931 0.57168 0.0191305 5.74363s
555 0.902931 0.575972 0.0208397 5.80215s
556 0.902931 0.582746 0.0218865 5.76966s
557 0.902931 0.581947 0.0205043 5.76766s
558 0.902931 0.576179 0.0208833 5.80097s
559 0.902931 0.566235 0.0198067 5.80538s
560 0.902931 0.570429 0.0204031 5.7439s
561 0.902931 0.564745 0.0191969 5.78964s
562 0.902931 0.570589 0.020102 5.76135s
563 0.902931 0.568644 0.019532 5.75338s
564 0.902931 0.569196 0.0203705 5.81455s
565 0.902931 0.573237 0.0212236 5.75639s
566 0.902931 0.578217 0.021498 5.78638s
567 0.902931 0.566258 0.0186434 5.84858s
568 0.902931 0.58197 0.0233385 5.77796s
569 0.902931 0.578761 0.0221408 5.76574s
570 0.902931 0.569078 0.0193185 5.77472s
571 0.902931 0.579412 0.0200823 5.79027s
572 0.902931 0.585552 0.0220495 5.83175s
573 0.902931 0.591275 0.0222297 6.14244s
574 0.902931 0.587007 0.0220415 5.79864s
575 0.902931 0.575302 0.0219258 5.72931s
576 0.902931 0.56566 0.0209093 5.73475s
577 0.902931 0.573653 0.0200333 5.77765s
578 0.902931 0.561269 0.0194702 5.73996s
579 0.902931 0.569658 0.0214555 5.73878s
580 0.902931 0.561341 0.020131 5.74244s
581 0.902931 0.564381 0.018473 5.74049s
582 0.902931 0.568452 0.0184635 5.80816s
583 0.902931 0.571351 0.020391 5.77224s
584 0.902931 0.570025 0.0196795 5.79685s
585 0.902931 0.573685 0.0207846 5.75861s
586 0.902931 0.570446 0.0202283 5.80779s
587 0.902931 0.572166 0.0204353 5.75935s
588 0.902931 0.568263 0.0205728 5.78558s
589 0.902931 0.566944 0.0208954 5.75774s
590 0.902931 0.570154 0.0202433 6.01263s
591 0.902931 0.579962 0.0233932 5.83512s
592 0.902931 0.575968 0.0216622 5.79299s
593 0.902931 0.568828 0.0204026 5.74964s
594 0.902931 0.568891 0.0208355 5.73051s
595 0.902931 0.573443 0.0208846 5.95278s
596 0.902931 0.568111 0.0205933 6.04824s
597 0.902931 0.573101 0.0210662 5.74882s
598 0.902931 0.571973 0.0207892 5.81898s
599 0.902931 0.577749 0.0219344 5.92437s
600 0.902931 0.58038 0.0203284 5.73774s
601 0.902931 0.576711 0.0211002 5.72153s
602 0.902931 0.583846 0.0219232 5.72798s
603 0.902931 0.584372 0.0218061 5.73684s
604 0.902931 0.577194 0.018959 5.78714s
605 0.902931 0.579444 0.0205671 5.75272s
606 0.902931 0.571264 0.0188041 5.76922s
607 0.902931 0.571623 0.0192675 5.77378s
608 0.902931 0.565406 0.0196361 5.78303s
609 0.902931 0.561771 0.0186115 5.74668s
610 0.902931 0.555425 0.0187656 5.79759s
611 0.902931 0.560289 0.0184167 5.84981s
612 0.902931 0.562378 0.0197333 5.7858s
613 0.902931 0.560903 0.0191734 5.79578s
614 0.902931 0.567415 0.0202305 5.734s
615 0.902931 0.571675 0.0199298 5.79847s
616 0.902931 0.56737 0.0204364 5.737s
617 0.902931 0.5752 0.0218816 5.73621s
618 0.902931 0.582708 0.0213779 5.79354s
619 0.902931 0.581027 0.0219978 5.7665s
620 0.902931 0.578435 0.0238031 5.7485s
621 0.902931 0.587965 0.0224793 5.79656s
622 0.902931 0.588527 0.0227956 5.77009s
623 0.902931 0.58038 0.0211656 5.88746s
624 0.902931 0.588573 0.0220797 5.77617s
625 0.902931 0.590101 0.0227598 5.78763s
626 0.902931 0.573862 0.0214463 5.7265s
627 0.902931 0.575083 0.0211324 5.79563s
628 0.902931 0.576617 0.0219074 5.78279s
629 0.902931 0.576991 0.0202066 5.7283s
630 0.902931 0.571665 0.0212794 5.80038s
631 0.902931 0.568179 0.0203646 5.80014s
632 0.902931 0.570581 0.021677 5.74208s
633 0.902931 0.564233 0.0193787 5.69924s
634 0.902931 0.555068 0.0185689 5.71966s
635 0.902931 0.57427 0.0198586 5.7369s
636 0.902931 0.566047 0.0191508 5.80271s
637 0.902931 0.571031 0.0205548 5.78652s
638 0.902931 0.576582 0.0208512 5.78562s
639 0.902931 0.573085 0.018905 5.78088s
640 0.902931 0.580882 0.022043 6.02452s
641 0.902931 0.575051 0.0208889 5.74347s
642 0.902931 0.561737 0.0202524 5.7862s
643 0.902931 0.572246 0.0210521 5.70644s
644 0.902931 0.564026 0.0193227 5.78435s
645 0.902931 0.563171 0.0191685 5.73044s
646 0.902931 0.567074 0.0194078 5.79068s
647 0.902931 0.558847 0.0187907 5.78883s
648 0.902931 0.561313 0.0204225 5.7713s
649 0.902931 0.571914 0.0197156 5.74519s
650 0.902931 0.569957 0.0202019 5.7066s
651 0.902931 0.572781 0.0188072 5.7684s
652 0.902931 0.579187 0.0215383 5.6902s
653 0.902931 0.569491 0.019755 5.77034s
654 0.902931 0.568748 0.0203195 5.8035s
655 0.902931 0.566986 0.020235 5.72255s
656 0.902931 0.569345 0.0203553 5.78914s
657 0.902931 0.566549 0.0185019 5.76647s
658 0.902931 0.57465 0.0194614 5.75006s
659 0.902931 0.573516 0.0194381 5.72192s
660 0.902931 0.576084 0.0200615 5.78707s
661 0.902931 0.579743 0.0214565 5.7572s
662 0.902931 0.579507 0.0214006 5.79116s
663 0.902931 0.574098 0.0219614 5.81179s
664 0.902931 0.5667 0.0195805 5.72187s
665 0.902931 0.568898 0.0194337 5.76841s
666 0.902931 0.572681 0.0197841 5.81326s
667 0.902931 0.572813 0.0193752 5.81372s
668 0.902931 0.568141 0.0187927 5.78444s
669 0.902931 0.565191 0.0189159 5.76568s
670 0.902931 0.564926 0.0190275 5.73249s
671 0.902931 0.579278 0.020311 5.71836s
672 0.902931 0.575669 0.0211172 5.81392s
673 0.902931 0.573778 0.0199649 5.7546s
674 0.902931 0.579897 0.0219888 5.75331s
675 0.902931 0.584264 0.0208967 5.72863s
676 0.902931 0.575655 0.0204809 5.84306s
677 0.902931 0.580052 0.0209297 5.77431s
678 0.902931 0.578021 0.0210617 5.71273s
679 0.902931 0.576082 0.0199193 5.76419s
680 0.902931 0.570303 0.0206169 5.80152s
681 0.902931 0.570587 0.0204521 5.73125s
682 0.902931 0.566264 0.0198596 5.75978s
683 0.902931 0.564854 0.0194997 5.79542s
684 0.902931 0.556792 0.0186805 5.80688s
685 0.902931 0.564658 0.0200859 5.77232s
686 0.902931 0.564293 0.0199078 5.72908s
687 0.902931 0.56867 0.0200268 5.70674s
688 0.902931 0.572972 0.0212121 5.82612s
689 0.902931 0.574126 0.0214053 5.79423s
690 0.902931 0.575518 0.0198228 5.77525s
691 0.902931 0.578627 0.0204411 5.76108s
692 0.902931 0.565249 0.0202316 5.78544s
693 0.902931 0.560622 0.0203787 5.79042s
694 0.902931 0.563614 0.0195641 5.76634s
695 0.902931 0.568997 0.0213337 5.77908s
696 0.902931 0.572158 0.0216268 5.75165s
697 0.902931 0.560181 0.0214662 5.7799s
698 0.902931 0.567358 0.0206445 5.73921s
699 0.902931 0.57084 0.0210519 5.79593s
700 0.902931 0.569647 0.0195609 5.72383s
701 0.902931 0.575761 0.0203906 5.76613s
702 0.902931 0.574284 0.0218314 5.78402s
703 0.902931 0.567874 0.0200184 5.79985s
704 0.902931 0.568678 0.0208781 5.77435s
705 0.902931 0.572207 0.0211157 5.7442s
706 0.902931 0.572481 0.0217324 5.72367s
707 0.902931 0.574597 0.0207491 5.76883s
708 0.902931 0.572037 0.0193016 5.78575s
709 0.902931 0.578999 0.0190506 5.8134s
710 0.902931 0.575754 0.0196192 5.77333s
711 0.902931 0.584634 0.0206814 5.79376s
712 0.902931 0.579571 0.019407 5.81341s
713 0.902931 0.577577 0.0207639 5.74799s
714 0.902931 0.579916 0.0210316 5.76847s
715 0.902931 0.579202 0.0209293 5.77313s
716 0.902931 0.573473 0.0194666 6.12482s
717 0.902931 0.575839 0.0204987 5.84223s
718 0.902931 0.566227 0.0205289 6.77468s
719 0.902931 0.567916 0.0199018 5.73462s
720 0.902931 0.565664 0.0209765 5.77508s
721 0.902931 0.569133 0.0203828 5.75042s
722 0.902931 0.567437 0.0199255 5.96598s
723 0.902931 0.57419 0.0215931 5.71749s
724 0.902931 0.570958 0.0212696 5.74207s
725 0.902931 0.577935 0.0209531 5.76064s
726 0.902931 0.561112 0.0197791 5.79648s
727 0.902931 0.57581 0.0223258 5.78598s
728 0.902931 0.574315 0.0205017 5.75512s
729 0.902931 0.576619 0.0197243 5.77853s
730 0.902931 0.570056 0.0186375 5.73899s
731 0.902931 0.569953 0.0209557 6.01432s
732 0.902931 0.566744 0.0197675 5.73817s
733 0.902931 0.561278 0.0211636 5.76733s
734 0.902931 0.563309 0.0209563 5.74622s
735 0.902931 0.573971 0.0211663 5.81786s
736 0.902931 0.576585 0.0222355 5.77208s
737 0.902931 0.574382 0.0227021 5.76479s
738 0.902931 0.573293 0.0200612 5.81358s
739 0.902931 0.571278 0.0202642 5.7497s
740 0.902931 0.577376 0.0202846 5.78277s
741 0.902931 0.576313 0.0199661 5.7536s
742 0.902931 0.565262 0.0194323 5.75424s
743 0.902931 0.564375 0.0188151 6.0411s
744 0.902931 0.568076 0.0199197 5.78512s
745 0.902931 0.567744 0.0206896 5.77431s
746 0.902931 0.581464 0.0202743 6.38346s
747 0.902931 0.569785 0.0203973 5.79185s
748 0.902931 0.574028 0.0186525 5.7752s
749 0.902931 0.56951 0.019623 5.8127s
750 0.902931 0.572406 0.020681 5.78226s
751 0.902931 0.571838 0.0202378 5.7706s
752 0.902931 0.576387 0.0195838 5.77904s
753 0.902931 0.573438 0.0200345 5.73741s
754 0.902931 0.567825 0.0200866 5.75067s
755 0.902931 0.56612 0.0212873 5.72083s
756 0.902931 0.560765 0.0210759 5.74756s
757 0.902931 0.56488 0.0214324 5.79566s
758 0.902931 0.568979 0.0214962 5.78143s
759 0.902931 0.565237 0.0188807 5.97728s
760 0.902931 0.570745 0.018248 5.73995s
761 0.902931 0.568186 0.0191351 5.78177s
762 0.902931 0.56473 0.0188681 5.7782s
763 0.902931 0.566991 0.018631 5.79088s
764 0.902931 0.57156 0.0216251 5.77998s
765 0.902931 0.575417 0.0210357 5.79437s
766 0.903219 0.575139 0.0210796 5.76688s
767 0.903219 0.571085 0.0201029 5.72336s
768 0.903219 0.575457 0.0221374 6.0582s
769 0.903219 0.573134 0.0198203 5.76363s
770 0.903219 0.565629 0.0195558 5.76653s
771 0.903219 0.564038 0.0199767 5.80766s
772 0.903219 0.563778 0.0188485 5.84652s
773 0.903219 0.565768 0.0192745 5.80095s
774 0.903219 0.567644 0.0222485 5.78216s
775 0.903219 0.571742 0.0204846 5.78738s
776 0.903219 0.569094 0.0191438 5.75851s
777 0.903219 0.574614 0.0207401 5.79192s
778 0.903219 0.572084 0.0212027 5.78325s
779 0.903219 0.576945 0.0224927 5.75993s
780 0.903219 0.574934 0.0212831 5.7814s
781 0.903219 0.564887 0.0200247 5.82208s
782 0.903219 0.578241 0.0211711 5.79363s
783 0.903219 0.569885 0.0219403 5.80337s
784 0.903219 0.570387 0.0204956 5.81504s
785 0.903219 0.573813 0.0205404 5.71631s
786 0.903219 0.574708 0.0216288 5.77388s
787 0.903219 0.57291 0.0221801 5.76811s
788 0.903219 0.572959 0.0197841 5.80408s
789 0.903219 0.57801 0.0206358 5.80403s
790 0.903219 0.572865 0.0204633 5.78268s
791 0.903219 0.562099 0.0195249 5.7669s
792 0.903219 0.568944 0.0209013 5.7754s
793 0.903219 0.577129 0.0205724 5.78096s
794 0.903219 0.57517 0.0206046 5.76422s
795 0.903219 0.575089 0.0220854 5.73855s
796 0.903219 0.571914 0.019377 5.75224s
797 0.903219 0.569548 0.0217318 5.83018s
798 0.903219 0.564401 0.021731 5.8795s
799 0.903219 0.569704 0.0214523 5.76458s
800 0.903219 0.578022 0.0216742 5.82875s
801 0.903219 0.576636 0.0204211 5.8304s
802 0.903219 0.56839 0.0195996 5.74047s
803 0.903219 0.56612 0.0211791 5.74446s
804 0.903219 0.563628 0.019224 5.78194s
805 0.903219 0.572908 0.0204459 5.80114s
806 0.903219 0.575481 0.0210992 5.81897s
807 0.903219 0.573246 0.0207191 5.79512s
808 0.903219 0.576572 0.0214326 5.71646s
809 0.903219 0.576143 0.0202329 5.75002s
810 0.903219 0.572366 0.0199352 5.73001s
811 0.903219 0.577232 0.0223537 5.72931s
812 0.903219 0.564737 0.0197853 5.75065s
813 0.903219 0.567515 0.0197606 5.75484s
814 0.903219 0.563918 0.0187695 5.80349s
815 0.903219 0.565135 0.0184646 5.7795s
816 0.903219 0.5636 0.0190083 5.74047s
817 0.903219 0.572394 0.0210892 5.73514s
818 0.903219 0.569329 0.0206377 5.74684s
819 0.903219 0.572908 0.0192437 5.73999s
820 0.903219 0.574302 0.0200462 5.72549s
821 0.903219 0.576503 0.0223149 5.83059s
822 0.903219 0.57865 0.0226195 6.90171s
823 0.903219 0.569395 0.0197302 5.76007s
824 0.903219 0.56977 0.0209737 5.76283s
825 0.903219 0.58404 0.0236709 5.81678s
826 0.903219 0.574459 0.0221283 5.76242s
827 0.903219 0.582986 0.0226701 5.73691s
828 0.903219 0.582311 0.0214074 5.74917s
829 0.903219 0.57669 0.0206253 5.77239s
830 0.903219 0.571895 0.0211809 5.75016s
831 0.903219 0.581819 0.0221233 5.73628s
832 0.903219 0.580498 0.0216799 5.74302s
833 0.903219 0.580985 0.02151 5.76064s
834 0.903219 0.577624 0.0211036 5.7895s
835 0.903219 0.575989 0.0196593 5.7853s
836 0.903219 0.588885 0.0230496 5.77409s
837 0.903219 0.572161 0.0193322 5.77994s
838 0.903219 0.577235 0.0203171 5.75687s
839 0.903219 0.573008 0.0190675 5.71466s
840 0.903219 0.575489 0.0195185 5.73789s
841 0.903219 0.578317 0.020454 5.84847s
842 0.903219 0.566342 0.0198198 5.78143s
843 0.903219 0.568841 0.0206016 5.75622s
844 0.903219 0.576505 0.0215987 5.78452s
845 0.903219 0.575001 0.0205956 5.76381s
846 0.903219 0.580245 0.0197234 5.76457s
847 0.903219 0.580537 0.0202075 5.77615s
848 0.903375 0.572071 0.0202353 5.74578s
849 0.903375 0.579993 0.0194546 5.76447s
850 0.903375 0.584211 0.0205846 5.73051s
851 0.903375 0.583919 0.0219415 5.75146s
852 0.903375 0.584832 0.0222998 5.77374s
853 0.903375 0.57747 0.0204183 5.80303s
854 0.903375 0.584276 0.0231348 5.78539s
855 0.903375 0.575743 0.0198466 5.76387s
856 0.903375 0.581165 0.0218529 5.79628s
857 0.903375 0.571971 0.0210101 5.76839s
858 0.903375 0.564595 0.0202555 5.75946s
859 0.903375 0.570728 0.0191373 5.80925s
860 0.903375 0.57676 0.0226097 5.76606s
861 0.903375 0.583108 0.0225868 5.74806s
862 0.903375 0.583543 0.0220654 5.77059s
863 0.903375 0.573509 0.0209763 5.81422s
864 0.903375 0.573773 0.0207013 5.78989s
865 0.903375 0.573277 0.0190759 5.73907s
866 0.903375 0.573749 0.0206289 5.75269s
867 0.903375 0.562161 0.0198133 5.76188s
868 0.903375 0.562811 0.0185406 5.77038s
869 0.903375 0.573832 0.020594 5.77983s
870 0.903375 0.570637 0.0201207 5.78579s
871 0.903375 0.565699 0.0194056 5.71588s
872 0.903375 0.571085 0.0206575 5.78729s
873 0.903375 0.566421 0.01983 5.80725s
874 0.903375 0.566282 0.019222 5.73566s
875 0.903375 0.571393 0.0204464 5.75044s
876 0.903375 0.568365 0.0217359 5.76041s
877 0.903375 0.568957 0.0197451 5.76711s
878 0.903375 0.57043 0.0205134 5.79063s
879 0.903375 0.578372 0.0198884 5.79877s
880 0.903375 0.583543 0.0226954 5.75184s
881 0.903375 0.584536 0.0215851 5.75655s
882 0.903375 0.564855 0.0193537 5.76001s
883 0.903375 0.571628 0.0201335 5.79796s
884 0.903375 0.574298 0.0214194 5.78307s
885 0.903375 0.567585 0.0205082 5.79864s
886 0.903375 0.57824 0.0225913 5.80596s
887 0.903375 0.582848 0.021027 5.78512s
888 0.903375 0.578989 0.020164 5.71424s
889 0.903375 0.573962 0.0219232 5.7682s
890 0.903375 0.584345 0.0213618 5.7302s
891 0.903375 0.585875 0.0212199 5.7827s
892 0.903375 0.574643 0.0216004 5.7629s
893 0.903375 0.581402 0.0241131 5.77224s
894 0.903375 0.575738 0.023577 5.76286s
895 0.903375 0.565187 0.0203741 5.82095s
896 0.903375 0.56505 0.0210735 5.83735s
897 0.903375 0.557247 0.0205217 5.82945s
898 0.903375 0.560157 0.0214427 5.72987s
899 0.903375 0.566179 0.0211044 5.779s
900 0.903375 0.569616 0.0221537 5.78379s
901 0.903375 0.56458 0.0196311 5.80343s
902 0.903375 0.564031 0.0210523 5.83315s
903 0.903375 0.562775 0.0219964 5.76381s
904 0.903375 0.571884 0.0220165 5.77424s
905 0.903375 0.568805 0.020883 5.78337s
906 0.903375 0.569219 0.0219451 5.77089s
907 0.903375 0.577394 0.0214226 5.74107s
908 0.903375 0.575539 0.021175 5.78338s
909 0.903375 0.574239 0.021554 5.82616s
910 0.903375 0.582158 0.0211092 5.76163s
911 0.903375 0.579033 0.020642 5.7738s
912 0.903375 0.582415 0.0207653 5.73053s
913 0.903375 0.570998 0.0204778 5.75952s
914 0.903375 0.570156 0.0198716 5.79412s
915 0.903375 0.5671 0.0201764 5.78513s
916 0.903375 0.571934 0.0204542 5.74287s
917 0.903375 0.571798 0.0200152 5.78384s
918 0.903375 0.575155 0.0183979 5.79567s
919 0.903375 0.574488 0.0197088 5.78464s
920 0.903375 0.573868 0.0220732 5.75006s
921 0.903375 0.584192 0.0216343 5.7441s
922 0.903375 0.568233 0.020324 5.74533s
923 0.903375 0.568737 0.020566 5.8824s
924 0.903375 0.560374 0.0194863 5.7599s
925 0.903375 0.570088 0.0198984 6.00198s
926 0.903375 0.570823 0.0213316 5.78149s
927 0.903375 0.566361 0.0195463 6.13178s
928 0.903375 0.56197 0.0194911 5.79015s
929 0.903375 0.567222 0.0213456 5.73506s
930 0.903375 0.570018 0.0204377 5.7374s
931 0.903375 0.567384 0.0214263 5.76123s
932 0.903375 0.56796 0.0215764 5.73101s
933 0.903375 0.576856 0.022251 5.73472s
934 0.903375 0.569018 0.0205928 5.79226s
935 0.903375 0.566375 0.0202127 5.80317s
936 0.903375 0.578265 0.0226035 5.7973s
937 0.903375 0.571509 0.0201046 5.73431s
938 0.903375 0.567183 0.0198941 5.75611s
939 0.903375 0.576235 0.0203328 5.78155s
940 0.903375 0.57822 0.0229545 5.7822s
941 0.903375 0.572871 0.0220914 5.85471s
942 0.903375 0.575211 0.02143 5.77068s
943 0.903375 0.567694 0.0200693 5.82107s
944 0.903375 0.564289 0.0193598 5.76885s
945 0.903375 0.566465 0.019803 5.78854s
946 0.903375 0.564489 0.0193636 5.76161s
947 0.903375 0.566486 0.0204482 5.8405s
948 0.903375 0.569772 0.0199339 5.77171s
949 0.903375 0.56923 0.0206023 5.82352s
950 0.903375 0.572266 0.0210815 5.79169s
951 0.903375 0.584407 0.0218355 5.78925s
952 0.903375 0.571343 0.019819 5.79662s
953 0.903375 0.573602 0.0206673 5.80992s
954 0.903375 0.572295 0.0221737 5.77554s
955 0.903375 0.571993 0.0230304 5.72895s
956 0.903375 0.569604 0.0199177 5.72978s
957 0.903375 0.564774 0.0186469 5.77151s
958 0.903375 0.569483 0.0212278 5.79662s
959 0.903375 0.568188 0.0212034 5.7783s
960 0.903375 0.567475 0.0212126 5.81654s
961 0.903375 0.572804 0.0200502 5.77051s
962 0.903375 0.575986 0.0224088 5.80128s
963 0.903375 0.571181 0.0219625 5.77464s
964 0.903375 0.566116 0.0187123 5.72607s
965 0.903375 0.568033 0.0212003 5.78872s
966 0.903375 0.567776 0.0203706 5.72997s
967 0.903375 0.576788 0.0205317 5.89941s
968 0.903375 0.583254 0.0206052 5.71677s
969 0.903375 0.572792 0.021245 5.73889s
970 0.903375 0.571445 0.0205285 5.78606s
971 0.903375 0.567036 0.0203553 5.74583s
972 0.903375 0.569515 0.0209504 5.78079s
973 0.903375 0.582215 0.0213493 5.76543s
974 0.903375 0.575941 0.0211531 5.80008s
975 0.903375 0.571239 0.0202883 5.76178s
976 0.903375 0.580348 0.0220057 5.80797s
977 0.903375 0.569135 0.0201561 5.71419s
978 0.903375 0.57078 0.0202243 5.73823s
979 0.903375 0.568728 0.0197862 5.78739s
980 0.903375 0.582339 0.019682 5.75783s
981 0.903375 0.579911 0.0206625 5.77978s
982 0.903375 0.579608 0.0192656 5.78446s
983 0.903375 0.58123 0.0218074 5.80241s
984 0.903375 0.577447 0.0218402 5.76827s
985 0.903375 0.570448 0.0206523 5.81793s
986 0.903375 0.568461 0.0199603 5.73732s
987 0.903375 0.577865 0.0209979 5.77002s
988 0.903375 0.573397 0.0209705 5.99543s
989 0.903375 0.56688 0.0226105 5.78355s
990 0.903375 0.575677 0.02164 5.81131s
991 0.903375 0.571278 0.0204907 5.73133s
992 0.903375 0.577471 0.0226544 5.8201s
993 0.903375 0.578716 0.0223146 5.76389s
994 0.903375 0.581591 0.0222187 5.73766s
995 0.903375 0.57029 0.0209654 5.73398s
996 0.903375 0.570479 0.0209546 5.7655s
997 0.903375 0.569762 0.0223667 5.84589s
998 0.903375 0.580854 0.0224556 5.77908s
999 0.903375 0.577481 0.0222334 5.7856s
1000 0.903375 0.571869 0.0206704 5.80169s
1001 0.903375 0.578674 0.0215498 5.72348s
1002 0.903375 0.578624 0.0218564 5.75063s
1003 0.903375 0.579189 0.0215701 5.8105s
1004 0.903375 0.576346 0.0229752 5.77425s
1005 0.903375 0.577519 0.0211479 5.76475s
1006 0.903375 0.581942 0.0212284 5.80562s
1007 0.903375 0.571402 0.0218466 5.85433s
1008 0.903375 0.568185 0.0200185 5.84916s
1009 0.903375 0.565751 0.0199264 5.82694s
1010 0.903375 0.574355 0.0217802 5.7651s
1011 0.903375 0.569918 0.0202317 5.78661s
1012 0.903375 0.566657 0.0203451 5.78502s
1013 0.903375 0.568774 0.0189406 5.76446s
1014 0.903375 0.567092 0.0189881 5.76896s
1015 0.903375 0.578184 0.0226339 5.74161s
1016 0.903375 0.565334 0.0191994 5.81699s
1017 0.903375 0.579763 0.021403 5.77731s
1018 0.903375 0.581372 0.0215908 5.7434s
1019 0.903375 0.581569 0.0220621 5.82694s
1020 0.903375 0.576082 0.0224099 5.75172s
1021 0.903375 0.571963 0.0216401 5.7815s
1022 0.903375 0.568045 0.0202841 5.80463s
1023 0.903375 0.571664 0.0195357 5.78413s
1024 0.903375 0.579047 0.020658 5.78055s
1025 0.903375 0.583675 0.0210649 5.79068s
1026 0.903375 0.573494 0.0199413 5.74236s
1027 0.903375 0.574067 0.0212671 5.77375s
1028 0.903375 0.569855 0.0194505 5.73043s
1029 0.903375 0.576355 0.0212175 5.74965s
1030 0.903375 0.566328 0.0192889 5.79798s
1031 0.903375 0.574596 0.0213202 5.76583s
1032 0.903375 0.58062 0.0214486 6.32257s
1033 0.903375 0.578655 0.0227314 5.76164s
1034 0.903375 0.570001 0.0229626 5.75302s
1035 0.903375 0.566253 0.0224264 5.72899s
1036 0.903375 0.575909 0.021176 5.77538s
1037 0.903375 0.576173 0.0233873 5.80154s
1038 0.903375 0.574063 0.0219861 5.75917s
1039 0.903375 0.570487 0.021308 5.80584s
1040 0.903375 0.575898 0.0218291 5.8066s
1041 0.903375 0.574396 0.0204089 5.78709s
1042 0.903375 0.566877 0.0193582 5.76398s
1043 0.903375 0.561954 0.0192406 5.7872s
1044 0.903375 0.567335 0.0205064 5.73917s
1045 0.903375 0.566247 0.0187082 5.75949s
1046 0.903375 0.567929 0.0196186 5.87698s
1047 0.903375 0.565096 0.0175999 6.22303s
1048 0.903375 0.559111 0.0181432 6.28232s
1049 0.903375 0.56322 0.0192069 5.93955s
1050 0.903375 0.579434 0.020099 6.09583s
1051 0.903375 0.575205 0.021273 6.27609s
1052 0.903375 0.567838 0.0191595 6.14563s
1053 0.903375 0.5709 0.0201024 6.2007s
1054 0.903375 0.565555 0.0191195 6.43781s
1055 0.903375 0.559175 0.019714 6.10901s
1056 0.903375 0.555281 0.019289 5.95356s
1057 0.903375 0.562452 0.0190136 5.98525s
1058 0.903375 0.564604 0.0183657 5.93441s
1059 0.903375 0.563118 0.0187358 5.96817s
1060 0.903375 0.56912 0.0213647 5.9591s
1061 0.903375 0.57596 0.0202507 6.12746s
1062 0.903375 0.572805 0.0210551 5.9385s
1063 0.903375 0.564518 0.0205399 5.98187s
1064 0.903375 0.582671 0.0231582 5.90962s
1065 0.903375 0.586416 0.0237965 6.3461s
1066 0.903375 0.576374 0.0208251 5.87236s
1067 0.903375 0.575526 0.0214634 5.96441s
1068 0.903375 0.574535 0.0197852 5.95385s
1069 0.903375 0.570169 0.0198437 5.98177s
1070 0.903375 0.568852 0.0196512 6.25669s
1071 0.903375 0.555535 0.0190291 6.14556s
1072 0.903375 0.564428 0.0200917 6.01731s
1073 0.903375 0.567154 0.020741 6.02603s
1074 0.903375 0.576851 0.0193127 6.0415s
1075 0.903375 0.583336 0.0211693 6.20411s
1076 0.903375 0.574324 0.0213732 6.34842s
1077 0.903375 0.574848 0.0203344 6.03431s
1078 0.903375 0.575651 0.0210465 6.19787s
1079 0.903375 0.57364 0.0203644 6.19716s
1080 0.903375 0.573882 0.0203456 5.91882s
1081 0.903375 0.563216 0.0185563 6.13035s
1082 0.903375 0.568761 0.0200506 5.96484s
1083 0.903375 0.566691 0.0194814 5.92593s
1084 0.903375 0.570502 0.0203567 6.03855s
1085 0.903375 0.561533 0.0195222 6.25724s
1086 0.903375 0.562882 0.0201734 6.21682s
1087 0.903375 0.566841 0.0215571 6.1441s
1088 0.903375 0.573032 0.021414 8.32456s
1089 0.903375 0.584224 0.0227989 7.45565s
1090 0.903375 0.579354 0.0222846 5.9528s
1091 0.903375 0.583875 0.0207523 6.6739s
1092 0.903375 0.587371 0.021035 6.1241s
1093 0.903375 0.583164 0.0209217 5.89821s
1094 0.903375 0.585434 0.0216712 5.91412s
1095 0.903375 0.583852 0.0206169 6.12416s
1096 0.903375 0.581833 0.0201301 5.91791s
1097 0.903375 0.581266 0.020826 6.06878s
1098 0.903375 0.595801 0.0228436 6.00278s
1099 0.903375 0.575295 0.020471 6.42581s
1100 0.903375 0.572182 0.0212074 6.41816s
1101 0.903375 0.573662 0.0190339 7.92753s
1102 0.903375 0.572579 0.0206801 7.03732s
1103 0.903375 0.567152 0.0203263 6.88564s
1104 0.903375 0.570518 0.0218086 6.2959s
1105 0.903375 0.579018 0.0196222 6.60958s
1106 0.903375 0.582879 0.0199634 7.05764s
1107 0.903375 0.578939 0.0211945 6.04093s
1108 0.903375 0.578801 0.0195632 6.20726s
1109 0.903375 0.573679 0.0181669 6.27672s
1110 0.903375 0.579423 0.0189211 6.9757s
1111 0.903375 0.585285 0.0226112 6.381s
1112 0.903375 0.5846 0.0226918 7.71298s
1113 0.903375 0.582437 0.0222206 6.46974s
1114 0.903375 0.581943 0.0202736 6.4735s
1115 0.903375 0.569475 0.0186734 6.46585s
1116 0.903375 0.568936 0.0194221 6.01558s
1117 0.903375 0.568864 0.0207496 6.04102s
1118 0.903375 0.560852 0.0200557 6.08897s
1119 0.903375 0.564395 0.020721 6.24412s
1120 0.903375 0.564958 0.020455 6.15433s
1121 0.903375 0.566125 0.0193929 5.95929s
1122 0.903375 0.570369 0.0207737 6.10208s
1123 0.903375 0.566859 0.0204803 5.93043s
1124 0.903375 0.564527 0.0207443 6.22264s
1125 0.903375 0.573127 0.0204235 6.05787s
1126 0.903375 0.568724 0.0211313 6.14784s
1127 0.903375 0.572797 0.0197999 6.10001s
1128 0.903375 0.571291 0.0212649 5.99189s
1129 0.903375 0.57437 0.0201015 6.12345s
1130 0.903375 0.585206 0.0218643 6.72117s
1131 0.903375 0.575473 0.0206367 6.27295s
1132 0.903375 0.584449 0.0204516 6.11693s
1133 0.903375 0.580632 0.0204659 6.08383s
1134 0.903375 0.583293 0.021006 6.61017s
1135 0.903375 0.572121 0.0189977 6.96897s
1136 0.903375 0.575667 0.019825 6.9738s
1137 0.903375 0.573838 0.0209063 6.08891s
1138 0.903375 0.574492 0.0206133 5.95998s
1139 0.903375 0.575219 0.0228773 5.88643s
1140 0.903375 0.573357 0.0198962 5.9287s
1141 0.903375 0.576339 0.0218483 5.9918s
1142 0.903375 0.571448 0.0202681 6.17378s
1143 0.903375 0.57776 0.0211912 5.93028s
1144 0.903375 0.585386 0.0213642 5.97355s
1145 0.903375 0.57899 0.0206405 5.86824s
1146 0.903375 0.570366 0.0216165 6.05193s
1147 0.903375 0.569858 0.0194729 5.89831s
1148 0.903375 0.56866 0.0193635 5.95111s
1149 0.903375 0.576841 0.0205095 5.89274s
1150 0.903375 0.575899 0.0209543 5.96424s
1151 0.903375 0.577735 0.0220438 5.94291s
1152 0.903375 0.570453 0.0198199 6.17794s
1153 0.903375 0.574046 0.0201864 6.03331s
1154 0.903375 0.573185 0.0193661 6.10031s
1155 0.903375 0.572108 0.0200583 5.93975s
1156 0.903375 0.566075 0.0187291 5.89298s
1157 0.903375 0.576633 0.0205259 5.92798s
1158 0.903375 0.573876 0.0212329 5.9104s
1159 0.903375 0.567439 0.0210495 5.83307s
1160 0.903375 0.570802 0.0210384 5.96868s
1161 0.903375 0.58227 0.0209052 5.87514s
1162 0.903375 0.574976 0.0221528 5.86578s
1163 0.903375 0.574485 0.020785 5.87637s
1164 0.903375 0.56508 0.0213493 5.92161s
1165 0.903375 0.565805 0.0199947 6.11378s
1166 0.903375 0.571771 0.020939 6.07274s
1167 0.903375 0.56882 0.0204927 5.89691s
1168 0.903375 0.570336 0.020248 6.27884s
1169 0.903375 0.558339 0.0181504 5.86601s
1170 0.903375 0.557905 0.0192738 5.96164s
1171 0.903375 0.558676 0.0185305 6.29413s
1172 0.903375 0.559313 0.0180983 6.182s
1173 0.903375 0.578984 0.0199181 6.07551s
1174 0.903375 0.570798 0.0194341 6.60898s
1175 0.903375 0.572796 0.0186214 6.18963s
1176 0.903375 0.580974 0.0221446 7.16318s
1177 0.903375 0.576244 0.02029 7.63638s
1178 0.903375 0.558803 0.0193176 5.95873s
1179 0.903375 0.570359 0.0212361 5.89228s
1180 0.903375 0.564887 0.0187288 6.05569s
1181 0.903375 0.567989 0.0204759 5.89959s
1182 0.903375 0.571948 0.0201246 6.0339s
1183 0.903375 0.574601 0.0195096 5.90741s
1184 0.903375 0.584606 0.0221012 5.90665s
1185 0.903375 0.58355 0.0214142 5.99959s
1186 0.903375 0.584636 0.0228253 5.9797s
1187 0.903375 0.573171 0.0219023 6.10292s
1188 0.903375 0.573497 0.0224436 5.90947s
1189 0.903375 0.576876 0.0225594 6.09354s
1190 0.903375 0.574533 0.0209684 5.98534s
1191 0.903375 0.579252 0.0213893 5.88665s
1192 0.903375 0.568665 0.0213548 5.9672s
1193 0.903375 0.565244 0.0204335 6.06259s
1194 0.903375 0.565602 0.0200349 5.90501s
1195 0.903375 0.5608 0.020172 5.99771s
1196 0.903375 0.567017 0.0187268 5.91789s
1197 0.903375 0.575524 0.0222984 6.15677s
1198 0.903375 0.576457 0.0209623 5.9454s
1199 0.903375 0.569867 0.0189086 6.01706s
1200 0.903375 0.5667 0.0189791 5.91906s
1201 0.903375 0.57336 0.0197602 5.90891s
1202 0.903375 0.567499 0.0195141 5.96288s
1203 0.903375 0.575354 0.0205164 6.39206s
1204 0.903375 0.576 0.0208506 6.02914s
1205 0.903375 0.582123 0.0198782 5.96259s
1206 0.903375 0.582873 0.0213342 6.09778s
1207 0.903375 0.575888 0.0184544 6.50526s
1208 0.903375 0.57634 0.0202691 6.16126s
1209 0.903375 0.575544 0.0207296 5.78322s
1210 0.903375 0.572944 0.020647 5.89187s
1211 0.903375 0.583747 0.0201489 5.73624s
1212 0.903375 0.580271 0.0209038 5.76993s
1213 0.903375 0.584214 0.0212512 5.79275s
1214 0.903375 0.574671 0.0207543 5.79512s
1215 0.903375 0.574397 0.0208031 5.77387s
1216 0.903375 0.579706 0.0211487 5.71591s
1217 0.903375 0.581002 0.0205858 5.78323s
1218 0.903375 0.579638 0.0203334 5.78981s
1219 0.903375 0.573593 0.0203646 5.78438s
1220 0.903375 0.581226 0.0210242 5.76005s
1221 0.903375 0.58161 0.0209081 5.76521s
1222 0.903375 0.58571 0.0216741 5.80249s
1223 0.903375 0.569369 0.0208822 5.797s
1224 0.903375 0.567132 0.021564 5.93028s
1225 0.903375 0.573952 0.0207212 5.78817s
1226 0.903375 0.572529 0.0219681 5.77879s
1227 0.903375 0.581038 0.0225663 5.72793s
1228 0.903375 0.580255 0.0230977 5.75414s
1229 0.903375 0.576576 0.0223926 5.77565s
1230 0.903375 0.576482 0.0202422 5.88032s
1231 0.903375 0.576905 0.0212602 6.28471s
1232 0.903375 0.56829 0.0216854 5.75002s
1233 0.903375 0.567811 0.019946 5.74073s
1234 0.903375 0.569843 0.0203092 6.055s
1235 0.903375 0.569041 0.0207308 5.71955s
1236 0.903375 0.580363 0.0229128 5.75244s
1237 0.903375 0.582581 0.0239889 5.80424s
1238 0.903375 0.58226 0.0222269 5.8307s
1239 0.903375 0.577557 0.0200171 5.75785s
1240 0.903375 0.573642 0.0203243 5.87953s
1241 0.903375 0.569441 0.0199115 5.7788s
1242 0.903375 0.570665 0.0223963 5.80418s
1243 0.903375 0.568749 0.0200502 5.77188s
1244 0.903375 0.579655 0.0213478 5.74046s
1245 0.903375 0.578996 0.020543 5.82891s
1246 0.903375 0.580708 0.0201232 5.80582s
1247 0.903375 0.584577 0.0223522 5.7826s
1248 0.903375 0.576961 0.0213336 6.03535s
1249 0.903375 0.57609 0.0224592 5.7722s
1250 0.903375 0.573669 0.0207029 5.73555s
1251 0.903375 0.567343 0.0194166 5.97971s
1252 0.903375 0.573762 0.0199075 5.72461s
1253 0.903375 0.574182 0.0187039 5.76041s
1254 0.903375 0.5727 0.0202694 5.80684s
1255 0.903375 0.570855 0.0209729 5.7541s
1256 0.903375 0.576081 0.0210648 5.79733s
1257 0.903375 0.573906 0.0220313 5.75032s
1258 0.903375 0.586793 0.0220639 5.77445s
1259 0.903375 0.579896 0.0198746 5.77119s
1260 0.903375 0.575137 0.0193557 5.75587s
1261 0.903375 0.578807 0.0199114 5.79386s
1262 0.903375 0.575663 0.0195177 5.84734s
1263 0.903375 0.568524 0.0192462 6.13125s
1264 0.903375 0.571227 0.0185853 6.05027s
1265 0.903375 0.56741 0.0190957 6.39545s
1266 0.903375 0.563242 0.0204838 6.03076s
1267 0.903375 0.558072 0.0195824 6.03077s
1268 0.903375 0.560348 0.0197935 7.30178s
1269 0.903375 0.567967 0.0203005 6.22062s
1270 0.903375 0.573888 0.0206405 5.86386s
1271 0.903375 0.570293 0.0203551 5.81871s
1272 0.903375 0.568914 0.0208826 5.80653s
1273 0.903375 0.558097 0.0201252 5.76827s
1274 0.903375 0.5719 0.0206644 5.76261s
1275 0.903375 0.573273 0.0219046 5.79634s
1276 0.903375 0.56676 0.0199575 5.79853s
1277 0.903375 0.573286 0.0194536 5.73215s
1278 0.903375 0.563368 0.0195527 5.80566s
1279 0.903375 0.566279 0.0190958 5.98124s
1280 0.903375 0.566766 0.0198829 5.8173s
1281 0.903375 0.565509 0.018288 5.78883s
1282 0.903375 0.574503 0.0198348 5.75894s
1283 0.903375 0.570789 0.0195612 5.75794s
1284 0.903375 0.576314 0.0205934 6.01556s
1285 0.903375 0.56998 0.0212515 5.76751s
1286 0.903375 0.575945 0.0210076 5.77297s
1287 0.903375 0.567188 0.0209423 5.79106s
1288 0.903375 0.562649 0.0194324 5.80334s
1289 0.903375 0.569607 0.0219355 5.82252s
1290 0.903375 0.572234 0.0210727 5.72606s
1291 0.903375 0.568693 0.0205432 5.74569s
1292 0.903375 0.561941 0.0194039 5.78775s
1293 0.903375 0.575983 0.0210596 5.7756s
1294 0.903375 0.577664 0.019957 5.80874s
1295 0.903375 0.573409 0.0215522 5.74754s
1296 0.903375 0.565328 0.0187221 5.79993s
1297 0.903375 0.566874 0.0197953 5.76852s
1298 0.903375 0.567456 0.0185557 5.74617s
1299 0.903375 0.575947 0.021082 5.75725s
1300 0.903375 0.570472 0.0225917 5.79938s
1301 0.903375 0.562156 0.0209308 5.85601s
1302 0.903375 0.56846 0.021685 5.75011s
1303 0.903375 0.565877 0.0203029 5.80632s
1304 0.903375 0.575166 0.0225636 5.77305s
1305 0.903375 0.577743 0.0222751 5.74701s
1306 0.903375 0.572036 0.0211355 5.77116s
1307 0.903375 0.563335 0.0213883 5.76804s
1308 0.903375 0.571716 0.0216543 5.9635s
1309 0.903375 0.568902 0.0202699 5.79364s
1310 0.903375 0.574353 0.020703 5.80496s
1311 0.903375 0.577761 0.0203905 5.72995s
1312 0.903375 0.584709 0.0211769 5.79137s
1313 0.903375 0.57465 0.0214855 5.77447s
1314 0.903375 0.578849 0.021614 5.76579s
1315 0.903375 0.575765 0.0199971 5.7487s
1316 0.903375 0.570484 0.0200381 5.77079s
1317 0.903375 0.571507 0.021032 6.06557s
1318 0.903375 0.570535 0.0199436 6.08067s
1319 0.903375 0.566255 0.0194369 5.7781s
1320 0.903375 0.569657 0.0212782 6.01406s
1321 0.903375 0.576032 0.0201093 5.7461s
1322 0.903375 0.568925 0.0206695 5.76785s
1323 0.903375 0.578663 0.0216317 5.72848s
1324 0.903375 0.575401 0.0212301 5.77145s
1325 0.903375 0.576955 0.0219217 5.76341s
1326 0.903375 0.572916 0.0200906 5.78254s
1327 0.903375 0.573198 0.0208827 5.73247s
1328 0.903375 0.562637 0.019768 5.75576s
1329 0.903375 0.565185 0.0203736 5.79817s
1330 0.903375 0.557471 0.0198889 5.71893s
1331 0.903375 0.565745 0.0213836 5.71846s
1332 0.903375 0.565155 0.020023 5.81241s
1333 0.903375 0.571012 0.0205686 5.78162s
1334 0.903375 0.577222 0.0211472 5.77891s
1335 0.903375 0.56645 0.0201783 5.84101s
1336 0.903375 0.562825 0.0184479 5.85382s
1337 0.903375 0.571811 0.019501 6.23723s
1338 0.903375 0.565484 0.0192988 5.79893s
1339 0.903375 0.555562 0.0180274 5.73357s
1340 0.903375 0.562025 0.0196863 5.75484s
1341 0.903375 0.556927 0.0194656 5.79467s
1342 0.903375 0.564314 0.0224946 5.7627s
1343 0.903375 0.564047 0.0211016 5.79497s
1344 0.903375 0.575443 0.0212675 5.73555s
1345 0.903375 0.570423 0.0210748 5.74827s
1346 0.903375 0.566381 0.0223617 5.74702s
1347 0.903375 0.55912 0.0203591 5.7924s
1348 0.903375 0.571331 0.020821 5.89653s
1349 0.903375 0.565951 0.0195843 5.75034s
1350 0.903375 0.577498 0.0199114 5.77097s
1351 0.903375 0.575195 0.0198652 5.96464s
1352 0.903375 0.573456 0.0185899 5.74401s
1353 0.903375 0.578768 0.0219309 5.75631s
1354 0.903375 0.571083 0.0195372 5.80218s
1355 0.903375 0.5656 0.0183047 5.73741s
1356 0.903375 0.558526 0.0180027 6.17634s
1357 0.903375 0.568459 0.0207882 5.79474s
1358 0.903375 0.568866 0.0195836 5.78676s
1359 0.903375 0.575353 0.0210939 5.73721s
1360 0.903375 0.565453 0.0200445 6.03349s
1361 0.903375 0.566239 0.0205991 5.7947s
1362 0.903375 0.569626 0.0198555 5.74076s
1363 0.903375 0.567281 0.0230132 5.78738s
1364 0.903375 0.572427 0.0220738 5.72957s
1365 0.903375 0.575518 0.0225276 5.75412s
1366 0.903375 0.56471 0.0212015 5.70267s
1367 0.903375 0.577528 0.0199695 5.79244s
1368 0.903375 0.572133 0.0214933 6.02761s
1369 0.903375 0.56909 0.0212897 5.75289s
1370 0.903375 0.567844 0.0208491 5.75235s
1371 0.903375 0.568135 0.0215427 6.02942s
1372 0.903375 0.567259 0.0204392 5.74639s
1373 0.903375 0.563883 0.0188994 5.73898s
1374 0.903375 0.576183 0.0216333 5.78691s
1375 0.903375 0.567715 0.0208321 5.76347s
1376 0.903375 0.576175 0.0202086 6.04748s
1377 0.903375 0.568473 0.0198211 5.8926s
1378 0.903375 0.56839 0.0193813 5.74176s
1379 0.903375 0.578258 0.0206848 5.76916s
1380 0.903375 0.577773 0.0200142 5.73282s
1381 0.903375 0.575603 0.020748 5.77181s
1382 0.903375 0.567677 0.0203524 5.7609s
1383 0.903375 0.573539 0.0196194 5.79652s
1384 0.903375 0.56262 0.0179794 5.79491s
1385 0.903375 0.566625 0.0197892 5.70151s
1386 0.903375 0.56542 0.0187797 5.74961s
1387 0.903375 0.564176 0.0186908 5.78655s
1388 0.903375 0.566885 0.0200607 5.79118s
1389 0.903375 0.562502 0.0207277 5.80885s
1390 0.903375 0.5647 0.0196778 5.83008s
1391 0.903375 0.562025 0.0179844 5.78931s
1392 0.903375 0.563817 0.0205814 5.84051s
1393 0.903375 0.561367 0.0194157 5.76649s
1394 0.903375 0.575155 0.0202442 5.79221s
1395 0.903375 0.57672 0.0216969 5.81251s
1396 0.903375 0.580914 0.0209479 5.77444s
1397 0.903375 0.574403 0.0208919 5.75243s
1398 0.903375 0.576257 0.0215896 5.7946s
1399 0.903375 0.568889 0.0189181 5.80227s
1400 0.903375 0.568167 0.0207799 5.74149s
1401 0.903375 0.571117 0.020459 5.79361s
1402 0.903375 0.573843 0.0207886 5.83965s
1403 0.903375 0.572144 0.0209306 5.72906s
1404 0.903375 0.573491 0.0204101 6.1064s
1405 0.903375 0.573599 0.0204482 5.78206s
1406 0.903375 0.570942 0.0200066 5.71819s
1407 0.903375 0.571206 0.0197427 5.78497s
1408 0.903375 0.568218 0.0207651 5.74788s
1409 0.903375 0.561816 0.0196956 5.81254s
1410 0.903375 0.562182 0.0193063 5.79686s
1411 0.903375 0.573337 0.0209447 5.78345s
1412 0.903375 0.577167 0.0215408 5.76608s
1413 0.903375 0.582327 0.0221734 5.8328s
1414 0.903375 0.585027 0.0196433 5.71298s
1415 0.903375 0.585478 0.0207598 5.78215s
1416 0.903375 0.573249 0.0203691 5.74608s
1417 0.903375 0.572335 0.0194055 5.74188s
1418 0.903375 0.570635 0.0202664 5.75704s
1419 0.903375 0.583994 0.0218468 5.74229s
1420 0.903375 0.568942 0.0186421 5.76351s
1421 0.903375 0.563321 0.0190286 5.78887s
1422 0.903375 0.559566 0.0197664 5.78228s
1423 0.903375 0.563595 0.0197036 5.76903s
1424 0.903375 0.563952 0.0199882 5.73592s
1425 0.903375 0.563207 0.0205449 5.77697s
1426 0.903375 0.566435 0.0204245 6.04232s
1427 0.903375 0.570013 0.0199313 5.80425s
1428 0.903375 0.56296 0.0204957 5.76458s
1429 0.903375 0.569999 0.0196253 5.7976s
1430 0.903375 0.576394 0.0210063 5.77167s
1431 0.903375 0.569984 0.01891 5.76173s
1432 0.903375 0.565599 0.0187216 5.99639s
1433 0.903375 0.567219 0.0208202 5.7288s
1434 0.903375 0.576514 0.0237445 5.82961s
1435 0.903375 0.570872 0.0199474 5.76424s
1436 0.903375 0.56168 0.0197073 5.7378s
1437 0.903375 0.561124 0.0194675 5.79606s
1438 0.903375 0.56854 0.0207537 5.79457s
1439 0.903375 0.573981 0.0212728 5.7584s
1440 0.903375 0.569988 0.02148 5.74257s
1441 0.903375 0.581811 0.0223733 6.55577s
1442 0.903375 0.579789 0.0221977 5.76096s
1443 0.903375 0.57586 0.0208233 5.98307s
1444 0.903375 0.580223 0.0224257 5.79295s
1445 0.903375 0.577538 0.0212973 5.78244s
1446 0.903375 0.585439 0.0218306 5.76334s
1447 0.903375 0.581424 0.0208596 5.81653s
1448 0.903375 0.577575 0.0205529 5.76154s
1449 0.903375 0.572278 0.019909 5.72976s
1450 0.903375 0.574874 0.0203187 5.88083s
1451 0.903375 0.573794 0.0210187 5.73069s
1452 0.903375 0.57267 0.0206251 5.73797s
1453 0.903375 0.579672 0.0211793 5.80934s
1454 0.903375 0.578306 0.0211221 5.76769s
1455 0.903375 0.571471 0.0200554 5.82352s
1456 0.903375 0.564956 0.0203618 5.77784s
1457 0.903375 0.576601 0.0218585 5.77713s
1458 0.903375 0.56623 0.0207967 5.78472s
1459 0.903375 0.580001 0.0211186 5.74981s
1460 0.903375 0.586462 0.0210203 5.74908s
1461 0.903375 0.581416 0.0225914 5.74139s
1462 0.903375 0.58633 0.0220686 5.76768s
1463 0.903375 0.58532 0.0209175 5.78918s
1464 0.903375 0.579767 0.0215099 5.77866s
1465 0.903375 0.579266 0.020382 5.7608s
1466 0.903375 0.575836 0.0203248 5.75993s
1467 0.903375 0.573786 0.0206106 5.76862s
1468 0.903375 0.569968 0.0196763 5.72866s
1469 0.903375 0.569784 0.0194523 5.77295s
1470 0.903375 0.564343 0.0206729 5.76551s
1471 0.903375 0.567282 0.0228135 5.74457s
1472 0.903375 0.575508 0.0213002 5.78703s
1473 0.903375 0.568895 0.0210044 6.10177s
1474 0.903375 0.569305 0.0212621 5.77422s
1475 0.903375 0.578602 0.0199846 5.78205s
1476 0.903375 0.571761 0.0200166 5.73163s
1477 0.903375 0.575442 0.0212552 5.73024s
1478 0.903375 0.576922 0.0206182 5.79797s
1479 0.903375 0.570044 0.0204728 5.79478s
1480 0.903375 0.573519 0.0213033 5.78579s
1481 0.903375 0.572279 0.0202217 5.86037s
1482 0.903375 0.582886 0.022501 5.734s
1483 0.903375 0.587923 0.0206518 5.7952s
1484 0.903375 0.581962 0.0215922 5.74217s
1485 0.903375 0.581915 0.0221018 5.81146s
1486 0.903375 0.574961 0.0202332 5.71507s
1487 0.903375 0.580979 0.0212858 5.76081s
1488 0.903375 0.570161 0.0203729 5.79047s
1489 0.903375 0.563689 0.019133 5.73195s
1490 0.903375 0.568454 0.0206905 5.76184s
1491 0.903375 0.563833 0.0192162 5.99621s
1492 0.903375 0.561908 0.0205363 5.72638s
1493 0.903375 0.564675 0.0194783 5.77483s
1494 0.903375 0.561351 0.0198547 5.77984s
1495 0.903375 0.568767 0.0211423 5.77902s
1496 0.903375 0.570436 0.0213996 5.80139s
1497 0.903375 0.573945 0.0199488 5.78816s
1498 0.903375 0.578445 0.0201458 5.77305s
1499 0.903375 0.581548 0.0220848 5.91628s
1500 0.903375 0.57515 0.021095 5.76272s
1501 0.903375 0.576595 0.0228033 5.75381s
1502 0.903375 0.575586 0.0234588 5.99709s
1503 0.903375 0.575547 0.0240805 5.77315s
1504 0.903375 0.569728 0.0200719 5.79851s
1505 0.903375 0.56072 0.0197649 5.77116s
1506 0.903375 0.567996 0.0209498 5.7444s
1507 0.903375 0.563254 0.0187637 5.75328s
1508 0.903375 0.567406 0.020765 5.80999s
1509 0.903375 0.569669 0.0204838 5.75792s
1510 0.903375 0.571617 0.0205727 5.77859s
1511 0.903375 0.577834 0.019731 5.75377s
1512 0.903375 0.588327 0.0222455 5.80565s
1513 0.903375 0.572378 0.0194316 5.78291s
1514 0.903375 0.581612 0.0199296 5.76259s
1515 0.903375 0.575942 0.0200811 5.69145s
1516 0.903375 0.569754 0.0208545 5.76812s
1517 0.903375 0.571761 0.0192601 5.87421s
1518 0.903375 0.582704 0.0189556 5.77311s
1519 0.903375 0.584067 0.0211185 5.72845s
1520 0.903375 0.573574 0.0207291 5.74584s
1521 0.903375 0.565918 0.0211159 5.76461s
1522 0.903375 0.564139 0.0197364 5.77967s
1523 0.903375 0.559503 0.0197355 5.74674s
1524 0.903375 0.571936 0.0208652 5.81505s
1525 0.903375 0.569738 0.0210159 5.75665s
1526 0.903375 0.561381 0.0205574 5.80047s
1527 0.903375 0.569651 0.0221854 5.79868s
1528 0.903375 0.555117 0.0195179 5.98659s
1529 0.903375 0.551281 0.0198657 6.00874s
1530 0.903375 0.557992 0.0195898 5.75335s
1531 0.903375 0.564111 0.0193418 5.79741s
1532 0.903375 0.55337 0.0200449 5.75154s
1533 0.903375 0.563608 0.0225448 5.75764s
1534 0.903375 0.56385 0.0230457 5.8234s
1535 0.903375 0.570126 0.0231426 5.79123s
1536 0.903375 0.567704 0.0219299 5.80202s
1537 0.903375 0.572888 0.0211762 5.78104s
1538 0.903375 0.579866 0.0217959 5.78039s
1539 0.903375 0.570288 0.0221825 5.78929s
1540 0.903375 0.565725 0.0203531 5.70341s
1541 0.903375 0.56457 0.0210854 5.7298s
1542 0.903375 0.560149 0.0210748 5.76638s
1543 0.903375 0.557219 0.0187764 5.75895s
1544 0.903375 0.56671 0.0200063 5.8117s
1545 0.903375 0.571371 0.0214162 5.82385s
1546 0.903375 0.569881 0.0214344 6.55462s
1547 0.903375 0.570337 0.0204705 5.76077s
1548 0.903375 0.569273 0.0209181 5.78084s
1549 0.903375 0.568145 0.0205793 5.77578s
1550 0.903375 0.571967 0.021194 5.76932s
1551 0.903375 0.569793 0.0192087 5.74438s
1552 0.903375 0.56955 0.0200447 5.72859s
1553 0.903375 0.574978 0.0213359 5.79033s
1554 0.903375 0.580532 0.0228001 5.72275s
1555 0.903375 0.581367 0.0214352 5.74953s
1556 0.903375 0.577977 0.0228738 5.81439s
1557 0.903375 0.575762 0.0219496 5.75924s
1558 0.903375 0.580781 0.0205946 6.00951s
1559 0.903375 0.566012 0.0211449 5.78199s
1560 0.903375 0.561605 0.0208732 5.77768s
1561 0.903375 0.567718 0.0212244 5.7463s
1562 0.903375 0.576132 0.0221219 5.81168s
1563 0.903375 0.565392 0.0203547 5.77768s
1564 0.903375 0.572948 0.0215716 5.81781s
1565 0.903375 0.575757 0.0195829 5.76318s
1566 0.903375 0.577305 0.0195426 5.77197s
1567 0.903375 0.56637 0.0186883 5.75166s
1568 0.903375 0.572125 0.0188521 5.77396s
1569 0.903375 0.583773 0.0216683 5.77553s
1570 0.903375 0.574921 0.0213721 5.75143s
1571 0.903375 0.580068 0.0222558 5.82091s
1572 0.903375 0.578665 0.0215968 5.79654s
1573 0.903375 0.583738 0.0221592 5.73175s
1574 0.903375 0.586892 0.022185 5.82196s
1575 0.903375 0.587811 0.0220403 5.78804s
1576 0.903375 0.593425 0.0224959 5.75762s
1577 0.903375 0.580888 0.021114 5.71559s
1578 0.903375 0.58113 0.0216907 5.76574s
1579 0.903375 0.566126 0.0189554 5.74619s
1580 0.903375 0.565096 0.0195142 5.73734s
1581 0.903375 0.565299 0.0196797 6.04483s
1582 0.903375 0.574624 0.0210375 5.77637s
1583 0.903375 0.575904 0.0223461 5.75892s
1584 0.903375 0.571379 0.0205356 5.77262s
1585 0.903375 0.577406 0.0197411 5.7498s
1586 0.903375 0.585032 0.0220206 5.74322s
1587 0.903375 0.579265 0.0203505 5.74108s
1588 0.903375 0.581353 0.0208841 5.73493s
1589 0.903375 0.576507 0.0209085 5.79187s
1590 0.903375 0.575997 0.0217439 5.79054s
1591 0.903375 0.57161 0.0213163 5.92269s
1592 0.903375 0.587885 0.0232632 6.01033s
1593 0.903375 0.58913 0.0227635 5.76881s
1594 0.903375 0.583511 0.0228055 5.77886s
1595 0.903375 0.585966 0.0226746 5.74626s
1596 0.903375 0.587793 0.0232333 5.81057s
1597 0.903375 0.571567 0.0216165 5.78303s
1598 0.903375 0.575742 0.0210816 5.79379s
1599 0.903375 0.575787 0.0201337 5.95724s
1600 0.903375 0.570472 0.019008 5.77871s
1601 0.903375 0.575114 0.0196268 5.78034s
1602 0.903375 0.565983 0.0185805 5.79195s
1603 0.903375 0.571486 0.0195744 5.72736s
1604 0.903375 0.567794 0.02038 5.75544s
1605 0.903375 0.570247 0.0197034 5.76642s
1606 0.903375 0.562825 0.0182392 5.73739s
1607 0.903375 0.558642 0.0206255 5.78548s
1608 0.903375 0.573126 0.0209599 5.74402s
1609 0.903375 0.567697 0.0204853 5.73265s
1610 0.903375 0.5681 0.0189026 5.72922s
1611 0.903375 0.571176 0.0196809 5.80572s
1612 0.903375 0.568306 0.0196699 5.71722s
1613 0.903375 0.564256 0.0194575 5.86154s
1614 0.903375 0.577085 0.0200032 5.73564s
1615 0.903375 0.581136 0.0213888 5.81032s
1616 0.903375 0.574464 0.0202767 5.76942s
1617 0.903375 0.568445 0.0213464 5.73275s
1618 0.903375 0.569993 0.0221856 5.7266s
1619 0.903375 0.566644 0.0200772 5.7391s
1620 0.903375 0.580076 0.0228951 5.79901s
1621 0.903375 0.569321 0.0186459 5.73395s
1622 0.903375 0.57701 0.0213925 5.76283s
1623 0.903375 0.572334 0.0217369 5.76385s
1624 0.903375 0.572257 0.01979 5.8051s
1625 0.903375 0.571372 0.0200718 5.75571s
1626 0.903375 0.568275 0.0191906 5.76167s
1627 0.903375 0.557145 0.0186135 5.78133s
1628 0.903375 0.556183 0.0192667 5.7447s
1629 0.903375 0.564354 0.0201284 5.79698s
1630 0.903375 0.561984 0.0189398 5.82981s
1631 0.903375 0.565383 0.0198961 5.74853s
1632 0.903375 0.568121 0.0198491 6.01336s
1633 0.903375 0.56328 0.0191094 5.76787s
1634 0.903375 0.561824 0.0197917 5.73554s
1635 0.903375 0.567134 0.0193678 5.78958s
1636 0.903375 0.56412 0.0203414 5.77614s
1637 0.903375 0.564756 0.0194782 5.75103s
1638 0.903375 0.571255 0.0208177 5.74785s
1639 0.903375 0.571201 0.0214651 5.77688s
1640 0.903375 0.568862 0.019449 5.7905s
1641 0.903375 0.566745 0.0210526 5.7859s
1642 0.903375 0.564491 0.0192795 5.74632s
1643 0.903375 0.565205 0.0201759 5.74527s
1644 0.903375 0.568713 0.0218891 5.78376s
1645 0.903375 0.568263 0.0220992 5.69744s
1646 0.903375 0.57314 0.0211548 5.78701s
1647 0.903375 0.577299 0.0225774 5.80207s
1648 0.903375 0.56095 0.019762 5.86342s
1649 0.903375 0.566309 0.0199819 5.73092s
1650 0.903375 0.566169 0.0204073 5.81388s
1651 0.903375 0.569403 0.0201106 5.78297s
1652 0.903375 0.5755 0.0214751 5.97574s
1653 0.903375 0.564197 0.0192107 5.73032s
1654 0.903375 0.564332 0.0199718 5.75156s
1655 0.903375 0.574245 0.0198164 5.78847s
1656 0.903375 0.570354 0.0205281 5.78384s
1657 0.903375 0.567521 0.0203469 5.81026s
1658 0.903375 0.578848 0.0195592 5.75295s
1659 0.903375 0.584948 0.0210765 5.79796s
1660 0.903375 0.580304 0.0199743 5.78564s
1661 0.903375 0.574454 0.0202349 5.76378s
1662 0.903375 0.577631 0.0210948 5.78989s
1663 0.903375 0.565392 0.0196702 5.78655s
1664 0.903375 0.567792 0.0195258 5.76579s
1665 0.903375 0.571343 0.0217103 5.78504s
1666 0.903375 0.572767 0.0214335 5.73644s
1667 0.903375 0.578389 0.0217298 5.78903s
1668 0.903375 0.568292 0.0199486 5.79001s
1669 0.903375 0.560736 0.0203678 5.7945s
1670 0.903375 0.568933 0.0200201 5.76926s
1671 0.903375 0.578495 0.0218269 5.7771s
1672 0.903375 0.567127 0.0195617 5.79537s
1673 0.903375 0.559637 0.0209302 5.98058s
1674 0.903375 0.560572 0.019812 5.73791s
1675 0.903375 0.563454 0.0217142 5.81039s
1676 0.903375 0.572702 0.0225361 5.76626s
1677 0.903375 0.569662 0.0225891 5.81854s
1678 0.903375 0.570273 0.0202118 5.73609s
1679 0.903375 0.565959 0.0218871 5.76847s
1680 0.903375 0.565142 0.0208935 5.76914s
1681 0.903375 0.547762 0.0186171 5.75681s
1682 0.903375 0.556813 0.0190413 5.82399s
1683 0.903375 0.552386 0.0183884 5.76302s
1684 0.903375 0.555407 0.0194224 5.74698s
1685 0.903375 0.564886 0.0205675 5.81202s
1686 0.903375 0.569177 0.0211792 5.77072s
1687 0.903375 0.571804 0.0205284 5.77956s
1688 0.903375 0.578882 0.0206574 5.73053s
1689 0.903375 0.572985 0.0208512 5.77236s
1690 0.903375 0.574667 0.0198477 5.7522s
1691 0.903375 0.571748 0.020994 5.80355s
1692 0.903375 0.571099 0.0193315 5.72997s
1693 0.903375 0.577946 0.0209435 5.80054s
1694 0.903375 0.569582 0.0206093 5.78794s
1695 0.903375 0.559979 0.0192681 5.72748s
1696 0.903375 0.569305 0.0208078 5.8065s
1697 0.903375 0.577748 0.0213344 5.73628s
1698 0.903375 0.571316 0.02097 5.72928s
1699 0.903375 0.561304 0.0202308 5.74379s
1700 0.903375 0.57009 0.0204196 5.85874s
1701 0.903375 0.563038 0.019643 5.77513s
1702 0.903375 0.554575 0.0203624 5.7481s
1703 0.903375 0.558655 0.0204044 6.01151s
1704 0.903375 0.562318 0.0201055 5.80995s
1705 0.903375 0.561431 0.0198891 5.76659s
1706 0.903375 0.566058 0.0202181 5.74862s
1707 0.903375 0.561759 0.0198947 5.73804s
1708 0.903375 0.5653 0.02091 5.80687s
1709 0.903375 0.570896 0.0205582 5.75521s
1710 0.903375 0.562529 0.0200858 5.73733s
1711 0.903375 0.555425 0.0192667 5.8285s
1712 0.903375 0.570801 0.0220126 5.78003s
1713 0.903375 0.560613 0.0198881 5.74222s
1714 0.903375 0.567032 0.0209325 5.81124s
1715 0.903375 0.566741 0.0225514 5.76531s
1716 0.903375 0.570148 0.0210676 5.73466s
1717 0.903375 0.568375 0.0204204 5.83008s
1718 0.903375 0.568643 0.0215847 5.82682s
1719 0.903375 0.561889 0.0196723 5.78415s
1720 0.903375 0.569479 0.0190848 6.04029s
1721 0.903375 0.566873 0.0196639 5.74744s
1722 0.903375 0.572704 0.020988 5.76734s
1723 0.903375 0.566002 0.0189488 5.72797s
1724 0.903375 0.572494 0.0208639 5.74146s
1725 0.903375 0.57043 0.0205144 5.75418s
1726 0.903375 0.577373 0.0207266 5.86693s
1727 0.903375 0.575208 0.0198846 5.75654s
1728 0.903375 0.572198 0.0202619 5.85008s
1729 0.903375 0.558389 0.0192905 5.73298s
1730 0.903375 0.57175 0.0205775 5.70509s
1731 0.903375 0.565067 0.0188615 5.72894s
1732 0.903375 0.571539 0.0209202 5.78712s
1733 0.903375 0.56788 0.0200101 5.70986s
1734 0.903375 0.565797 0.0199538 5.75265s
1735 0.903375 0.566474 0.0194703 5.7575s
1736 0.903375 0.565003 0.0186238 5.76002s
1737 0.903375 0.5717 0.0205543 5.74192s
1738 0.903375 0.568233 0.0216981 5.76333s
1739 0.903375 0.58243 0.0215895 5.74342s
1740 0.903375 0.579345 0.0225774 5.79141s
1741 0.903375 0.566987 0.0189968 5.71931s
1742 0.903375 0.567294 0.0202447 5.80581s
1743 0.903375 0.557526 0.0193997 6.00155s
1744 0.903375 0.570044 0.0196295 5.71293s
1745 0.903375 0.575329 0.0216442 5.77749s
1746 0.903375 0.560853 0.0204741 5.75882s
1747 0.903375 0.571979 0.0225913 5.80687s
1748 0.903375 0.583009 0.0238252 5.75452s
1749 0.903375 0.567553 0.0227489 5.76815s
1750 0.903375 0.583087 0.0213275 5.77125s
1751 0.903375 0.57576 0.0212865 5.7914s
1752 0.903375 0.581892 0.022569 5.77946s
1753 0.903375 0.573866 0.0208958 5.74831s
1754 0.903375 0.574747 0.0215199 5.71914s
1755 0.903375 0.57376 0.0196144 5.74619s
1756 0.903375 0.57311 0.0198807 5.82937s
1757 0.903375 0.567256 0.0198738 6.86813s
1758 0.903375 0.575975 0.0222513 5.83373s
1759 0.903375 0.573647 0.0206958 5.80542s
1760 0.903375 0.56997 0.020247 5.85783s
1761 0.903375 0.56631 0.021224 5.75924s
1762 0.903375 0.565882 0.02091 5.82325s
1763 0.903375 0.568934 0.0202097 5.79313s
1764 0.903375 0.570975 0.0200483 5.73686s
1765 0.903375 0.567697 0.0203171 5.80704s
1766 0.903375 0.566918 0.019696 5.76143s
1767 0.903375 0.568334 0.0187279 5.7227s
1768 0.903375 0.572591 0.0200055 5.80923s
1769 0.903375 0.57202 0.0207459 5.76608s
1770 0.903375 0.565 0.020466 5.7216s
1771 0.903375 0.558363 0.0177574 5.73241s
1772 0.903375 0.567353 0.0189218 5.82264s
1773 0.903375 0.572068 0.0206126 5.80489s
1774 0.903375 0.569493 0.0203198 5.76989s
1775 0.903375 0.577315 0.0211686 5.99518s
1776 0.903375 0.577047 0.0204134 5.7326s
1777 0.903375 0.569381 0.0201896 5.77917s
1778 0.903375 0.563767 0.0208866 5.75857s
1779 0.903375 0.568789 0.0194221 5.75106s
1780 0.903375 0.572165 0.0211579 5.77873s
1781 0.903375 0.570548 0.0209831 6.03992s
1782 0.903375 0.564815 0.0189806 5.76363s
1783 0.903375 0.573523 0.0209146 5.81209s
1784 0.903375 0.576534 0.0209306 5.76479s
1785 0.903375 0.573611 0.0207194 6.06859s
1786 0.903375 0.569967 0.0187288 5.75355s
1787 0.903375 0.572693 0.0199874 6.06654s
1788 0.903375 0.566887 0.0184703 5.73906s
1789 0.903375 0.568534 0.0198677 5.7874s
1790 0.903375 0.571267 0.0185141 5.80686s
1791 0.903375 0.564251 0.0209255 5.78764s
1792 0.903375 0.567669 0.0200669 5.76913s
1793 0.903375 0.574659 0.019035 5.81021s
1794 0.903375 0.579059 0.0231276 5.76485s
1795 0.903375 0.572284 0.0196455 5.79775s
1796 0.903375 0.56899 0.0189078 5.75805s
1797 0.903375 0.570795 0.0191312 5.79865s
1798 0.903375 0.57024 0.0204048 5.7983s
1799 0.903375 0.576537 0.0182183 5.80898s
1800 0.903375 0.580944 0.0217074 5.76476s
1801 0.903375 0.570553 0.0227834 5.7593s
1802 0.903375 0.579365 0.0225854 5.7859s
1803 0.903375 0.581076 0.0216519 5.75442s
1804 0.903375 0.572454 0.0202494 5.79477s
1805 0.903375 0.579044 0.0210017 5.74641s
1806 0.903375 0.575111 0.0218362 5.80399s
1807 0.903375 0.573354 0.0200337 6.03364s
1808 0.903375 0.573739 0.0204142 5.79219s
1809 0.903375 0.565993 0.0189601 5.96039s
1810 0.903375 0.569951 0.0203216 5.72925s
1811 0.903375 0.568392 0.0207013 5.75309s
1812 0.903375 0.563162 0.0198782 5.7013s
1813 0.903375 0.565538 0.0205829 5.77702s
1814 0.903375 0.571529 0.0213593 5.86961s
1815 0.903375 0.573963 0.0200619 5.74068s
1816 0.903375 0.569932 0.01989 5.80051s
1817 0.903375 0.558373 0.0191519 5.78978s
1818 0.903375 0.561207 0.0187499 5.7426s
1819 0.903375 0.569445 0.0205628 5.7717s
1820 0.903375 0.568043 0.0196026 5.76675s
1821 0.903375 0.570601 0.0200559 5.73754s
1822 0.903375 0.585157 0.0210967 5.81925s
1823 0.903375 0.571741 0.0202386 5.75969s
1824 0.903375 0.567046 0.0198459 5.7383s
1825 0.903375 0.569641 0.0213959 5.77163s
1826 0.903375 0.575143 0.0216931 5.73688s
1827 0.903375 0.56773 0.0206037 5.75016s
1828 0.903375 0.57493 0.0229318 5.78937s
1829 0.903375 0.575915 0.0216926 5.74034s
1830 0.903375 0.574285 0.0212516 5.76432s
1831 0.903375 0.577122 0.0196219 5.78283s
1832 0.903375 0.580871 0.0200336 5.77041s
1833 0.903375 0.577001 0.0214038 5.76059s
1834 0.903375 0.579048 0.0205185 5.75894s
1835 0.903375 0.569909 0.0211649 5.75992s
1836 0.903375 0.573846 0.021156 5.73714s
1837 0.903375 0.577254 0.0207237 6.01s
1838 0.903375 0.574341 0.0209988 5.84264s
1839 0.903375 0.584783 0.0213046 5.70979s
1840 0.903375 0.582986 0.0229651 5.77041s
1841 0.903375 0.568227 0.0206081 5.76692s
1842 0.903375 0.564426 0.0207896 5.75042s
1843 0.903375 0.572546 0.0195789 5.7583s
1844 0.903375 0.577102 0.0227577 5.75848s
1845 0.903375 0.568175 0.0220587 5.80721s
1846 0.903375 0.572414 0.0204717 5.79872s
1847 0.903375 0.572126 0.021136 5.91733s
1848 0.903375 0.571928 0.021085 5.77848s
1849 0.903375 0.574095 0.0218745 5.74715s
1850 0.903375 0.574851 0.0217912 5.7738s
1851 0.903375 0.565131 0.020089 5.76137s
1852 0.903375 0.572789 0.0212314 5.77534s
1853 0.903375 0.570674 0.0203153 5.84106s
1854 0.903375 0.579197 0.0199866 5.78364s
1855 0.903375 0.57795 0.0201824 5.83119s
1856 0.903375 0.584872 0.0228902 5.74114s
1857 0.903375 0.578134 0.0204227 5.73673s
1858 0.904207 0.579197 0.0209721 5.75137s
1859 0.904207 0.56866 0.0212628 5.76084s
1860 0.904207 0.580517 0.0208482 5.92539s
1861 0.904207 0.572655 0.0207835 6.27353s
1862 0.904207 0.569792 0.020155 5.78181s
1863 0.904207 0.572279 0.0213657 5.80712s
1864 0.904207 0.577804 0.0192315 5.73265s
1865 0.904207 0.572622 0.0198236 5.74399s
1866 0.904207 0.578621 0.0211489 5.77512s
1867 0.904207 0.575892 0.0206952 5.75998s
1868 0.904207 0.574914 0.0209197 5.8109s
1869 0.904207 0.583343 0.0213042 5.74671s
1870 0.904207 0.583936 0.0204402 5.81675s
1871 0.904207 0.580343 0.0199196 5.80695s
1872 0.904207 0.573824 0.0201195 5.77502s
1873 0.904207 0.561869 0.0197102 5.75788s
1874 0.904207 0.562 0.0188861 5.75538s
1875 0.904207 0.567634 0.0192505 5.73206s
1876 0.904207 0.567938 0.0200085 5.76486s
1877 0.904207 0.565557 0.0201174 5.80847s
1878 0.904207 0.568286 0.0186838 5.75472s
1879 0.904207 0.565957 0.0196706 5.79879s
1880 0.904207 0.561787 0.0205709 5.84551s
1881 0.904207 0.563206 0.0198287 5.74073s
1882 0.904207 0.565618 0.0208442 5.70723s
1883 0.904207 0.559266 0.0195508 5.73702s
1884 0.904207 0.565322 0.0203766 5.77018s
1885 0.904207 0.573326 0.0208292 5.78495s
1886 0.904207 0.576697 0.0223492 5.81309s
1887 0.904207 0.575703 0.0222603 5.78494s
1888 0.904207 0.572293 0.0216696 5.8355s
1889 0.904207 0.573261 0.01996 5.77426s
1890 0.904207 0.566561 0.0198308 5.78043s
1891 0.904207 0.568047 0.0194494 5.72822s
1892 0.904207 0.574704 0.0211181 5.73469s
1893 0.904207 0.572689 0.0209128 5.75573s
1894 0.904207 0.562491 0.0208709 5.75737s
1895 0.904207 0.572433 0.0212146 5.7575s
1896 0.904207 0.562978 0.0211525 5.77344s
1897 0.904207 0.562976 0.0216593 5.77402s
1898 0.904207 0.555139 0.0192951 5.76485s
1899 0.904207 0.55716 0.0203435 5.79692s
1900 0.904207 0.568844 0.0205756 5.7517s
1901 0.904207 0.566136 0.0203611 5.79609s
1902 0.904207 0.568634 0.0206121 5.76348s
1903 0.904207 0.573947 0.0224083 5.73917s
1904 0.904207 0.560778 0.0211954 5.76738s
1905 0.904207 0.563805 0.021743 5.7336s
1906 0.904207 0.568748 0.0227685 5.74927s
1907 0.904207 0.559864 0.02122 5.75577s
1908 0.904207 0.562987 0.0205227 5.74658s
1909 0.904207 0.572527 0.0221582 5.85249s
1910 0.904207 0.566089 0.0203941 5.80295s
1911 0.904207 0.575835 0.0220929 5.80477s
1912 0.904207 0.574012 0.0210556 5.70867s
1913 0.904207 0.585156 0.0219487 5.77196s
1914 0.904207 0.575617 0.0202351 5.77176s
1915 0.904207 0.576385 0.0206893 5.80371s
1916 0.904207 0.575497 0.0205332 5.78467s
1917 0.904207 0.567686 0.019681 5.79301s
1918 0.904207 0.573695 0.0192079 5.78693s
1919 0.904207 0.57477 0.0191884 5.77574s
1920 0.904207 0.573628 0.0196437 5.78867s
1921 0.904207 0.578423 0.0201959 5.77419s
1922 0.904207 0.583434 0.0221924 5.85225s
1923 0.904207 0.589917 0.0211464 5.81152s
1924 0.904207 0.5838 0.0208796 5.72649s
1925 0.904207 0.579443 0.0208973 5.73611s
1926 0.904207 0.576757 0.0209211 5.80321s
1927 0.904207 0.577301 0.019927 5.78439s
1928 0.904207 0.562141 0.0181017 5.76833s
1929 0.904207 0.565089 0.0205248 5.75938s
1930 0.904207 0.56936 0.0208693 5.75544s
1931 0.904207 0.573417 0.0194764 5.76545s
1932 0.904207 0.565688 0.0200163 5.81276s
1933 0.904207 0.573899 0.0205912 5.81718s
1934 0.904207 0.586413 0.0220553 5.81546s
1935 0.904207 0.573849 0.0226208 5.80144s
1936 0.904207 0.588997 0.0232704 6.02619s
1937 0.904207 0.576792 0.0222212 5.74204s
1938 0.904207 0.568699 0.0216473 5.78442s
1939 0.904207 0.568799 0.0201026 5.7873s
1940 0.904207 0.574614 0.0213657 5.72933s
1941 0.904207 0.579287 0.0224152 5.81829s
1942 0.904207 0.571967 0.0194182 5.80697s
1943 0.904207 0.579045 0.0201651 5.75447s
1944 0.904207 0.573862 0.0198615 5.87952s
1945 0.904207 0.564874 0.0199226 5.77428s
1946 0.904207 0.570772 0.0204093 5.73426s
1947 0.904207 0.568408 0.0187566 5.79316s
1948 0.904207 0.571206 0.0205719 5.75145s
1949 0.904207 0.56673 0.0193243 5.96761s
1950 0.904207 0.574966 0.0197832 5.7672s
1951 0.904207 0.56761 0.017677 5.70682s
1952 0.904207 0.579411 0.0194442 5.74994s
1953 0.904207 0.564994 0.0193131 5.98221s
1954 0.904207 0.572856 0.0208529 5.73872s
1955 0.904207 0.579862 0.0209777 5.7074s
1956 0.904207 0.579195 0.0208025 5.79308s
1957 0.904207 0.565922 0.0207733 5.75935s
1958 0.904207 0.57105 0.0198124 5.76367s
1959 0.904207 0.566187 0.022231 5.76891s
1960 0.904207 0.569594 0.0208955 5.73546s
1961 0.904207 0.565763 0.0213337 5.75852s
1962 0.904207 0.566164 0.0220986 5.7416s
1963 0.904207 0.561733 0.0196338 5.73422s
1964 0.904207 0.576022 0.021848 5.75265s
1965 0.904207 0.573919 0.0208472 5.85129s
1966 0.904207 0.563819 0.0198413 5.81996s
1967 0.904207 0.566578 0.0192816 5.93185s
1968 0.904207 0.560664 0.0196683 5.76161s
1969 0.904207 0.56679 0.0197319 5.76623s
1970 0.904207 0.567804 0.0193063 5.75528s
1971 0.904207 0.581326 0.0222673 5.78036s
1972 0.904207 0.582348 0.0210016 5.74765s
1973 0.904207 0.570403 0.0225689 5.80543s
1974 0.904207 0.57928 0.023275 5.74603s
1975 0.904207 0.590801 0.0243221 5.74191s
1976 0.904207 0.585632 0.0221859 5.7703s
1977 0.904207 0.577409 0.0207135 5.84743s
1978 0.904207 0.572031 0.0207852 6.00994s
1979 0.904207 0.580044 0.0212247 5.75378s
1980 0.904207 0.580859 0.0220538 5.73603s
1981 0.904207 0.581121 0.0227415 5.81153s
1982 0.904207 0.590166 0.0231797 5.75362s
1983 0.904207 0.575807 0.0200145 5.82762s
1984 0.904207 0.58496 0.0206489 5.99116s
1985 0.904207 0.582908 0.0221847 5.73759s
1986 0.904207 0.580454 0.0210682 5.73878s
1987 0.904207 0.576115 0.0194384 5.7213s
1988 0.904207 0.588447 0.022552 5.83243s
1989 0.904207 0.580592 0.0220575 5.80663s
1990 0.904207 0.582251 0.0228388 5.76053s
1991 0.904207 0.574472 0.0208383 5.79582s
1992 0.904207 0.574425 0.0207701 6.03865s
1993 0.904207 0.570167 0.020782 5.76183s
1994 0.904207 0.585177 0.0215798 5.76158s
1995 0.904207 0.578067 0.0218 5.79019s
1996 0.904207 0.568982 0.0210579 5.73697s
1997 0.904207 0.578627 0.0215253 5.78911s
1998 0.904207 0.58108 0.0222194 5.79974s
1999 0.904207 0.571832 0.0214819 5.77215s
2000 0.904207 0.569127 0.0221536 5.75467s
