36
92
57
59
85
3
1
81
94
23
77
99
4
90
95
63
13
67
71
40
99
83
17
5
73
37
61
45
9
55
45
62
46
6
16
33
61
44
94
24
33
35
76
64
50
74
75
95
11
18
13
72
56
67
70
74
38
22
52
12
85
81
36
77
49
74
67
3
41
53
84
91
32
77
95
60
5
70
10
62
92
30
27
20
16
77
7
63
86
93
63
16
39
55
84
54
79
78
4
61
42
89
51
78
2
70
3
40
54
8
34
39
15
23
46
64
12
53
70
41
38
46
7
54
2
6
55
50
9
40
32
2
70
57
86
79
9
0
4
31
19
63
27
16
76
26
74
0
88
55
86
68
33
95
88
22
74
35
93
24
70
33
34
39
64
32
92
82
5
7
46
47
48
98
55
58
92
2
27
6
69
73
23
92
19
84
33
60
10
1
32
52
86
82
45
9
13
40
69
7
69
30
0
77
74
68
84
88
5
43
89
47
61
31
4
71
49
85
83
12
61
57
88
58
33
29
77
27
75
70
57
29
19
77
20
34
10
92
43
83
10
61
43
92
3
45
38
57
83
27
34
27
53
16
31
46
19
99
15
94
90
14
23
42
19
37
32
96
93
43
33
17
58
63
62
40
4
85
90
95
78
75
91
47
2
22
31
18
12
61
99
89
95
31
38
81
46
37
57
4
91
58
15
62
82
29
97
17
32
22
53
83
34
91
5
3
67
1
90
48
63
56
59
26
78
51
54
81
58
98
19
52
58
99
28
71
96
91
4
1
11
94
12
37
30
85
44
68
60
26
32
66
84
80
64
91
63
74
34
60
39
65
53
31
22
70
98
40
47
44
60
51
61
39
30
65
42
10
69
47
0
75
39
62
47
11
16
10
34
88
93
13
56
99
44
85
62
16
47
69
24
77
26
16
19
21
8
49
43
60
41
25
72
15
63
52
19
58
5
66
12
76
68
56
41
46
27
9
24
72
1
6
14
3
58
29
39
21
7
62
17
36
61
27
19
68
3
51
57
12
79
43
29
60
57
8
67
37
15
3
35
59
24
64
8
30
7
75
26
12
69
5
36
60
72
43
6
47
66
14
76
18
38
49
43
46
4
3
33
77
79
51
45
26
37
3
28
17
63
35
39
11
41
92
42
58
87
80
29
16
88
7
51
5
48
87
21
76
30
97
42
94
66
58
85
24
78
77
9
18
63
83
7
33
30
40
55
44
62
43
57
16
50
12
18
0
24
34
8
69
18.7161
12.7934
2.89856
12.5464
7.06558
2.27446
5.12411
11.0429
8.9058
16.2349
12.6397
0.834813
20
2.90139
7.67263
8.50564
7.80592
14.0359
6.01144
6.40058
3.5652
4.60015
19.1131
13.8055
14.2109
12.0151
14.8486
0.265576
11.5161
1.47203
11.4606
0.147044
1.13047
0.385082
19.7236
10.2704
17.0862
2.22529
11.8473
14.1673
16.4599
19.9982
13.6748
0.269464
7.29295
20
18.419
13.6747
17.9518
1.72071
18.574
12.3229
0.805323
12.7355
14.4046
9.6621
14.6365
18.8357
17.5326
9.45667
4.1572
13.186
19.6676
5.81218
11.7935
16.8698
7.11454
5.83603
0.17565
12.4061
19.8323
11.9256
16.0976
17.5422
10.7411
19.1765
5.39065
15.6169
8.23178
7.37255
0.308994
19.0771
15.4207
0.436971
3.81088
12.8574
14.49
17.7676
2.13333
6.10737
18.1453
8.61134
12.2558
2.96435
15.9137
8.85884
17.1028
19.6361
15.4031
17.4573
8.55377
0.73096
10.7506
7.03441
16.6997
1.00315
3.38092
7.67072
10.9496
1.44138
16.649
9.0982
3.63989
5.22133
13.0993
2.62301
20
9.17789
1.06487
2.56859
10.898
0.598867
14.2717
15.4911
20
5.60064
5.02398
8.10708
0.945777
5.45067
9.77684
2.10533
11.6497
4.76185
15.5942
19.849
11.9924
15.7612
11.3501
1.89288
18.5104
12.6815
10.5754
3.42383
9.9487
16.4773
17.8677
14.8672
10.1642
18.9643
12.7692
14.2185
16.1937
2.12268
0.492421
7.88662
9.24859
1.14056
1.70202
13.9694
6.30939
19.3853
10.6364
13.8252
13.8109
16.2872
9.51028
12.3903
19.9908
3.24301
0.354173
18.2762
4.34665
6.9052
3.92558
4.65755
9.07022
0
1.96264
11.0801
6.84259
6.19587
13.4984
15.5384
15.7027
12.1247
12.4895
10.9863
5.43439
11.5914
15.9242
20
3.94623
17.2211
0.492214
17.7927
12.9937
2.20709
12.0851
17.8863
4.10288
2.09472
0
7.29857
18.2932
0.720972
20
19.5405
19.997
0.685341
15.2737
10.3017
5.74628
18.552
16.6539
4.1367
19.0948
6.89736
15.9566
3.59151
16.5651
6.80262
12.4041
9.6629
0.310712
8.16857
15.4013
19.8045
11.2652
2.44234
12.4487
8.50653
18.0602
7.57728
3.48707
7.7176
3.66288
8.54081
16.1985
13.6862
15.3446
2.33959
8.13823
11.3886
12.8303
0.349264
14.7278
3.94619
8.75085
15.8065
14.2204
1.12577
9.85339
1.0609
7.68437
20
2.96139
15.1298
20
4.68713
9.93406
6.15669
19.1955
14.1976
15.341
9.00075
9.07014
0.891672
16.832
5.41164
15.4075
5.49538
7.88807
17.6937
6.97239
18.9329
1.65799
0.631695
3.55038
15.8167
2.61898
0
19.9568
19.949
0.212445
7.43287
3.2726
10.1434
2.43257
16.9171
1.24192
8.71766
8.31069
17.7361
5.67254
5.09995
2.17473
18.8322
3.47827
8.84478
19.6402
1.01569
4.08187
1.47732
19.9869
14.6275
13.7934
19.7202
14.4635
17.8167
3.98112
13.559
1.31187
16.515
2.09902
9.7399
12.8705
4.78266
2.66771
19.9416
9.57221
7.09658
13.2299
4.33645
3.82614
20
1.52363
6.50968
18.5455
0.956794
19.6556
13.648
12.3209
9.90193
12.9307
3.29704
9.0869
15.4401
17.6794
14.0582
3.15703
3.62327
13.695
17.2342
14.1366
12.4723
18.7869
7.93937
19.8439
5.91715
3.69107
1.39741
19.9853
17.6664
12.3958
2.88642
11.9523
3.07438
4.03846
15.504
0
7.90843
12.6972
15.3159
19.1347
1.33497
3.32642
11.136
3.90335
2.72701
1.47729
15.2652
13.205
11.5469
11.7819
2.68928
0
16.73
3.23064
0.68795
5.72293
11.7064
17.3528
5.30615
15.9072
17.3032
12.9483
5.46494
11.2538
1.63229
17.9976
16.959
10.9047
19.9642
5.55625
12.9386
18.1641
7.58962
14.2863
7.34145
4.46254
12.165
11.7185
5.04107
13.4059
14.3564
18.2754
4.53226
18.8454
11.1878
10.9749
19.628
5.40727
4.29505
15.429
18.27
19.3077
14.1033
5.10581
17.4726
14.1113
13.4243
6.7554
12.3942
15.8884
5.94055
18.8553
1.77949
9.24207
14.0479
7.80072
11.7625
4.19779
1.27933
0.751012
0.715919
3.12393
8.10167
13.6413
13.6729
6.18339
20
0
3.57479
14.0647
4.36873
3.49447
9.43026
17.4152
19.3668
2.54639e-313
9.12458e-313
1.2732e-312
1.6976e-313
57.1181
-3.54287
494.028
220
