97
7
65
13
21
86
91
37
55
73
93
73
55
43
29
42
28
48
54
67
9
11
71
61
13
63
21
69
17
10
39
48
67
35
74
87
99
62
35
60
12
25
10
70
83
3
87
90
92
23
57
17
99
23
64
68
13
94
48
84
58
61
69
29
87
40
71
1
8
41
88
66
76
32
72
43
98
23
41
70
90
96
56
42
2
91
43
72
12
60
98
16
63
91
26
70
84
5
53
90
82
49
50
59
35
8
42
26
33
28
20
71
54
83
55
66
18
33
39
43
28
62
67
1
35
76
30
45
80
19
73
5
29
24
72
87
95
1
99
57
22
27
54
57
81
88
5
15
76
74
96
47
18
6
4
97
70
42
66
76
58
84
71
50
15
96
3
11
70
1
57
16
65
30
56
77
84
8
45
20
27
12
57
28
92
67
4
56
2
52
11
57
2
34
32
92
52
36
70
13
37
98
61
19
58
40
32
45
30
24
69
70
2
26
48
13
49
34
4
95
76
77
86
3
8
82
1
95
69
17
8
22
36
28
50
21
27
14
31
97
25
63
19
58
15
52
3
4
18
91
17
57
19
46
89
38
31
51
16
84
43
8
20
23
66
10
76
89
27
12
94
57
23
1
26
41
75
9
77
17
87
58
44
2
20
14
0
60
29
47
54
85
62
79
25
11
83
19
0
60
10
17
4
84
60
77
37
68
22
76
62
23
82
42
22
54
30
17
37
87
81
5
31
29
67
61
94
97
13
41
47
73
59
20
51
1
37
94
12
91
84
76
86
79
49
2
4
83
33
36
25
70
58
88
73
60
13
56
51
53
40
33
50
49
23
88
89
71
74
66
5
51
38
22
11
59
70
64
55
73
61
98
26
95
39
78
46
52
47
16
77
49
38
3
9
52
65
98
48
36
57
20
42
52
47
32
27
39
68
67
20
78
72
47
1
30
41
2
64
10
66
53
79
14
52
5
20
18
50
9
4
58
40
17
32
38
16
62
79
12
37
32
44
29
78
75
21
35
1
74
42
75
71
35
50
0
64
16
67
65
28
4
61
75
77
50
31
1
14
53
28
56
33
65
0
12
47
45
72
40
69
47
68
54
8
26
76
60
40
19
64
68
42
9
60
46
56
61
8
52
28
52
80
64
85
27
14
20
4
39
36
90
32
64
22
67
5
37
96
68
84
36
11
60
4
45
68
38
52
66
39
90
47
15
49
29
9
41
66
99
36
52
86
89
78
0
0
0
0
0
2.58052
0
1.41373
9.03077
6.06698
0.52888
0.710201
9.00894
0.508831
1.71191
4.18468
7.31989
9.15936
2.27546
7.12937
2.34644
9.3937
7.77989
0.64083
2.59481
3.95231
4.7652
2.75566
2.51484
5.09623
6.44545
4.17974
3.40658
4.7398
0.0693467
3.10171
0.360797
9.9995
4.93458
10
7.66766
0.57744
1.68688
8.72515
1.40488
0.0271245
8.02828
3.4572
0.438727
2.78377
3.8353
7.80245
8.3777
3.35483
5.05253
8.03877
8.27891
2.32549
5.20648
5.94553
0.619112
6.96162
2.64358
3.25431
6.61748
4.80812
0.629626
2.10108
7.84863
9.14052
8.06963
1.35212
8.66299
8.63663
8.36272
6.57813
5.97414
3.70091
5.57021
4.681
2.02108
8.28176
2.99108
2.8641
0.94111
3.546
7.1738
8.95379
5.62645
8.65434
4.32966
8.70646
9.1363
3.74032
0.0593
7.07811
7.11887
3.72283
5.41906
3.86645
4.95978
9.85996
0.711384
7.37049
1.42459
3.32288
0.0127544
5.12396
2.16104
1.928
9.49812
3.02488
0.694426
5.29577
5.80577
4.73319
2.89394
2.9178
3.17853
4.66275
2.40904
3.1585
1.94318
8.33055
8.51233
2.9796
8.44925
6.28475
5.22405
8.40135
1.62109
2.1097
8.83554
3.51684
7.60005
8.03036
7.94431
10
7.00989
2.26003
3.34224
5.82496
6.36844
0.000238696
1.55724
5.93358
0.73317
9.02003
5.41674
7.85832
0.507376
1.93521
4.83875
0.556314
3.45691
7.00147
5.8729
4.76155
8.71107
4.6354
0.320928
4.66314
5.18745
2.96898
1.55353
9.25818
7.78479
9.40032
7.59485
4.44292
2.79789
8.28188
1.97398
4.87323
4.34624
2.61603
6.72834
2.66982
3.34255
4.48567
0.4488
5.51581
1.02938
1.33228
0.702512
2.70358
2.13092
9.68691
9.19427
9.03938
7.65829
3.77144
1.06362
9.00441
6.19911
6.63861
7.43667
2.90648
9.26269
1.16221
2.04597
7.99022
6.94784
8.6713
7.0494
0.582626
0.160578
9.58692
3.74383
1.88582
5.17057
0.737914
5.4271
0.28752
5.3367
0.433953
6.56675
2.78571
3.22212
2.29006
2.81795
0.993155
6.01749
9.15107
7.08844
5.02253
3.95782
9.57257
0.0469768
8.39304
5.92049
3.25273
7.78329
1.05867
9.96801
3.87553
8.46108
0.43157
5.87675
4.52604
6.13554
0.175024
3.72962
9.65219
9.99978
8.78529
4.57905
7.92915
2.96884
2.15788
9.89875
7.40272
2.01487
3.63305
6.09405
8.16267
4.51862
8.90187
6.24635
2.92614
5.2101
5.14625
4.37403
4.21053
0.00149972
4.17262
1.80975
5.5261
2.24947
7.00031
0.041761
1.63272
1.60415
4.7461
2.11287
8.39974
3.7143
0.719321
3.83129
9.33579
4.58747
2.69545
9.38185
8.79379
2.55867
2.08761
2.43064
3.93714
1.87179
8.04193
7.53159
8.5176
6.7712
5.94331
0.900365
7.54691
2.31326
4.16299
1.1809
0.171769
9.34732
0.00122897
6.20264
6.2563
3.50883
7.4535
0.533412
0.133631
0.00487524
4.43171
5.41675
5.80284
3.62777
6.18263
10
9.50874
8.49499
9.10162
8.42104
3.35168
4.77569
1.28903
2.13015
5.57739
4.86344
3.8501
3.8712
6.14134
2.86421
4.14692
5.59991
7.79614
5.46788
4.36829
0.725734
2.03344
7.98287
1.97479
9.12374
5.37435
0
3.32135
5.21246
1.58323
7.27718
5.83033
8.75519
1.40915
0
1.93915
3.63554
8.7128
9.9557
4.47443
7.04274
0.319753
7.87989
6.36365
4.56771
3.17144
4.82955
5.55066
7.93909
6.92446
1.08595
0.317803
0.862308
7.88838
5.20702
2.82268
4.12912
4.74768
8.02449
6.57695
9.76861
4.67817
8.12655
4.59527
6.44118
4.24699
4.4618
0.167151
8.69486
9.17374
9.86365
8.83271
6.17063
3.12495
6.87476
2.6981
9.85313
3.17434
0
3.23144
5.58138
6.02095
6.36887
9.3122
9.45198
5.50976
2.12991
4.55372
0.687743
9.0768
6.06948
9.13486
4.25607
6.73162
0.988606
7.19071
2.39272
5.65135
7.41297
1.39254
3.73586
8.3465
5.93046
2.46497
9.43091
5.11179
5.38838
5.32299
3.21355
5.01663
0.116806
8.47122
3.00866
1.53015
5.86981
4.69692
3.65889
8.13382
0.0289929
9.66036
0.853637
1.23352
4.30031
0.643022
9.63896
2.71745
7.01931
8.27047
3.36017
4.8185
0.57992
0.471196
9.97351
6.9298
1.20152
9.85143
7.54369
1.05492
2.40955
8.55907
0.578678
-0.352223
-0.305314
0.0712095
0.0640282
-1.40889
-3.30524
735.605
160
