367  41
385  77
386  89
388  54
389  5
389  75
402  16
410  46
464  60
471  65
472  20
472  61
482  18
482  63
490  58
491  23
501  89
545  10
545  40
549  92
550  4
551  76
571  74
578  21
579  87
597  6
597  27
602  89
606  35
606  94
611  92
612  71
624  65
625  7
645  99
655  41
688  89
693  16
701  82
701  92
702  5
715  49
716  89
724  54
726  75
726  88
727  61
728  20
739  77
743  82
747  89
757  67
764  92
776  99
779  76
781  89
784  32
788  46
793  93
794  92
800  82
811  36
817  89
844  88
