35  80
37  38
40  87
46  52
46  99
47  27
50  41
50  65
52  81
54  78
57  71
64  92
67  80
79  87
89  8
91  45
93  94
94  80
96  14
99  38
99  81
106  87
113  99
116  80
118  16
121  40
121  61
122  47
126  94
130  52
131  87
135  80
136  65
136  81
139  62
140  20
144  63
147  78
153  80
153  87
154  94
160  71
161  85
162  34
166  81
166  95
169  80
172  98
173  87
177  38
178  52
178  94
184  80
190  15
191  47
191  87
192  81
198  80
199  94
200  1
205  65
205  92
206  40
208  87
212  80
213  64
216  78
216  81
217  99
219  94
223  71
224  52
224  87
225  61
225  80
226  38
236  45
237  80
238  81
238  94
239  87
242  95
244  62
249  80
252  87
256  65
256  94
258  81
261  80
262  78
265  47
266  87
268  20
270  52
272  80
273  94
275  38
277  81
280  87
283  80
284  40
290  94
293  87
294  80
295  81
296  71
297  95
305  80
306  87
307  61
307  65
307  94
313  81
316  80
319  87
320  52
321  78
322  99
323  38
323  94
326  80
330  81
331  87
336  80
339  94
340  45
343  87
345  95
346  80
347  81
350  47
350  62
354  87
354  94
356  80
360  65
361  71
363  81
366  80
366  87
370  94
373  38
375  34
376  80
378  52
378  87
379  81
381  78
384  40
385  94
386  80
390  87
391  95
392  92
395  81
396  80
400  94
401  20
402  87
406  80
411  81
414  87
415  94
416  80
420  65
426  38
426  80
426  87
427  81
430  61
430  94
431  99
436  80
436  95
438  87
439  41
441  71
443  81
445  94
446  80
447  52
447  78
450  87
456  80
459  81
460  94
461  47
462  87
465  45
465  80
473  87
474  94
475  80
475  81
481  95
485  80
485  87
489  94
491  81
492  38
495  80
496  87
499  65
500  62
504  80
504  94
507  81
507  87
512  98
513  80
518  87
519  94
521  40
522  80
523  81
526  95
528  52
529  87
531  80
534  94
536  78
539  81
540  80
540  87
549  80
549  94
551  87
551  99
555  81
558  71
558  80
562  87
564  94
567  80
571  81
571  95
573  87
576  80
579  38
579  94
582  92
584  87
585  80
587  81
590  65
594  80
594  94
595  87
603  80
603  81
604  61
606  87
609  47
609  94
612  80
616  95
617  87
618  52
619  81
621  80
623  94
624  85
627  78
628  87
630  80
633  20
635  81
636  45
638  94
639  80
639  87
648  80
649  87
651  81
653  94
656  27
657  80
660  87
661  95
663  38
663  99
666  80
667  81
668  94
671  87
673  71
675  80
682  87
683  81
683  94
684  52
684  65
684  80
687  96
689  38
690  64
691  40
693  80
693  87
694  62
695  30
697  52
698  94
699  81
700  34
701  13
702  80
702  96
704  60
704  87
705  38
706  95
707  64
711  80
712  52
713  81
713  94
715  87
718  96
720  80
723  78
725  38
726  8
726  87
728  30
728  94
729  51
729  80
729  81
730  52
730  64
732  99
735  96
737  87
738  80
740  98
741  92
742  94
743  81
747  80
748  87
750  52
751  38
751  95
753  96
754  61
756  71
756  80
757  13
757  94
758  47
759  81
759  87
762  16
764  63
764  65
764  77
765  28
765  80
767  64
770  51
770  87
771  94
771  96
774  80
775  81
776  7
776  16
777  52
778  63
778  72
781  87
782  28
783  80
786  94
787  51
790  38
790  60
790  96
791  81
792  80
792  87
793  16
795  63
796  95
801  80
801  94
803  87
804  28
804  66
805  15
805  83
806  27
806  41
807  81
810  80
810  96
812  19
812  49
814  52
814  87
815  63
816  16
816  41
816  94
817  99
818  51
819  1
819  14
819  80
819  92
820  83
820  98
821  8
821  15
821  27
821  81
821  85
822  78
824  7
825  41
825  87
825  99
826  28
826  45
828  18
828  72
828  80
828  92
830  27
830  30
830  34
830  94
830  96
832  1
832  8
832  14
832  71
832  85
832  98
833  38
833  39
833  84
833  99
834  32
835  2
835  41
836  81
836  83
836  87
837  80
837  92
838  17
839  49
839  59
839  63
840  27
840  64
841  15
841  66
841  95
841  99
843  85
844  40
844  94
844  98
845  14
845  18
846  16
846  41
846  80
847  1
847  87
847  92
849  19
849  81
850  23
851  31
851  39
851  48
851  96
853  32
855  8
855  80
856  99
857  13
858  87
858  94
861  20
862  65
863  35
863  52
864  80
864  81
865  38
866  83
869  44
869  51
869  87
872  96
873  80
873  94
878  28
880  81
880  87
882  90
883  80
883  95
