0 0.580974 0.500563 0.000154027 0s
1 0.580974 0.497844 0.00062706 22.7964s
2 0.580974 0.501648 8.18723e-05 22.9949s
3 0.587514 0.502702 0.000345893 22.8189s
4 0.587514 0.502564 0.000431213 23.6696s
5 0.587514 0.502274 0.000863105 23.579s
6 0.587514 0.504235 0.000302643 22.1231s
7 0.587514 0.504077 0.000335288 22.0957s
8 0.603754 0.505567 0.000537638 22.5541s
9 0.603754 0.506394 0.000828058 22.1729s
10 0.603754 0.50662 0.000458215 22.0739s
11 0.603754 0.505369 0.000637759 22.0204s
12 0.603754 0.504992 0.000599574 22.0341s
13 0.611616 0.50657 0.00112594 22.1285s
14 0.611616 0.504971 0.000629176 22.1505s
15 0.611616 0.504766 0.000784094 22.1371s
16 0.611616 0.506305 0.000675262 22.0622s
17 0.612746 0.506838 0.000749817 22.1086s
18 0.612746 0.504517 0.00074833 22.2661s
19 0.612746 0.505751 0.000701541 22.0851s
20 0.625502 0.504964 0.00104566 22.0704s
21 0.625502 0.505624 0.000729779 22.0999s
22 0.625502 0.504049 0.00140469 22.0825s
23 0.625502 0.507748 0.00110891 22.6722s
24 0.625502 0.509344 0.000887738 22.2274s
25 0.625502 0.511146 0.00110125 22.1179s
26 0.625502 0.509847 0.000781245 22.1728s
27 0.640563 0.509496 0.00142709 22.136s
28 0.640563 0.510381 0.00168885 22.1479s
29 0.640563 0.511854 0.00186701 22.8659s
30 0.640563 0.507566 0.00170722 22.1798s
31 0.640563 0.510351 0.00217506 22.108s
32 0.640563 0.509495 0.00101842 22.2223s
33 0.640563 0.508275 0.00228951 22.8093s
34 0.640563 0.510532 0.00206161 22.1766s
35 0.640563 0.506156 0.00207648 22.1013s
36 0.640563 0.507979 0.00276959 22.1425s
37 0.652772 0.516762 0.00208208 22.1792s
38 0.652772 0.511044 0.00277894 22.1876s
39 0.653891 0.519308 0.00199465 22.1679s
40 0.653891 0.515897 0.00153414 22.0985s
41 0.653891 0.517244 0.00191741 22.1701s
42 0.653891 0.520873 0.00209277 22.1457s
43 0.653891 0.510063 0.00324924 22.1473s
44 0.653891 0.510259 0.00243871 22.1507s
45 0.655258 0.512563 0.0024073 22.1175s
46 0.655258 0.511514 0.00244244 22.1643s
47 0.655258 0.503547 0.00253313 22.1283s
48 0.655258 0.498278 0.00369338 22.1455s
49 0.655258 0.511921 0.00258193 22.2596s
50 0.655258 0.504765 0.0037091 22.0988s
51 0.655258 0.507649 0.00371561 23.0453s
52 0.655258 0.507049 0.00378956 22.2918s
53 0.655258 0.509504 0.00330319 22.1686s
54 0.655258 0.507588 0.00347618 22.1455s
55 0.659233 0.51539 0.00314032 22.2052s
56 0.659233 0.517338 0.00248435 22.1824s
57 0.659233 0.517461 0.00266816 22.2979s
58 0.659233 0.518019 0.00296331 22.3166s
59 0.659233 0.51279 0.00316498 22.309s
60 0.659233 0.514849 0.00373039 22.3313s
61 0.659233 0.519255 0.00323205 23.0529s
62 0.659233 0.517125 0.0029998 22.3151s
63 0.659233 0.516642 0.00327659 22.2793s
64 0.659233 0.518991 0.00236917 22.1908s
65 0.659233 0.520546 0.00240696 22.2207s
66 0.66997 0.515907 0.00243274 22.1373s
67 0.66997 0.517098 0.00271678 22.2036s
68 0.66997 0.512956 0.00240929 22.097s
69 0.66997 0.509248 0.00271014 22.1425s
70 0.672595 0.509211 0.00360612 22.3625s
71 0.672595 0.511466 0.00254252 22.2221s
72 0.672595 0.515743 0.00304737 22.2333s
73 0.672595 0.512724 0.00249901 22.2106s
74 0.672595 0.516021 0.00280445 22.2644s
75 0.672595 0.51862 0.00224668 22.1683s
76 0.672595 0.516712 0.00171199 22.1603s
77 0.672595 0.515812 0.00293159 22.1957s
78 0.672595 0.520048 0.00303872 22.125s
79 0.672595 0.516589 0.00330695 22.2581s
80 0.672595 0.514445 0.00232502 22.2029s
81 0.672595 0.512913 0.00299252 22.2958s
82 0.672595 0.517147 0.00272743 22.3212s
83 0.672595 0.521378 0.00290377 22.1829s
84 0.672595 0.523883 0.00284592 22.4022s
85 0.672595 0.52424 0.00261905 22.2921s
86 0.672595 0.513829 0.00282743 22.1682s
87 0.672595 0.51259 0.0035926 22.2469s
88 0.672595 0.512054 0.00321159 22.3383s
89 0.672595 0.517044 0.00292061 23.02s
90 0.672595 0.51264 0.00454714 22.311s
91 0.672595 0.518413 0.00357215 22.2292s
92 0.672595 0.5212 0.00354182 22.3565s
93 0.672595 0.518318 0.00389925 22.2753s
94 0.672595 0.511085 0.00356562 22.2216s
95 0.706748 0.514623 0.00435708 22.2704s
96 0.706748 0.523785 0.00328493 22.1523s
97 0.706748 0.515422 0.00320932 22.2186s
98 0.706748 0.516644 0.00366996 22.1825s
99 0.706748 0.516759 0.00312325 22.2159s
100 0.706748 0.518706 0.00289234 22.2174s
101 0.706748 0.515817 0.00355955 22.173s
102 0.706748 0.515194 0.00275658 22.1577s
103 0.706748 0.513611 0.00381333 22.1389s
104 0.706748 0.516109 0.00372018 22.1555s
105 0.706748 0.504898 0.00403735 22.0887s
106 0.706748 0.51848 0.00300109 22.147s
107 0.706748 0.514882 0.00312018 22.0973s
108 0.706748 0.516672 0.00313341 22.1421s
109 0.706748 0.51212 0.00298212 22.1677s
110 0.706748 0.523353 0.00326883 22.0987s
111 0.706748 0.515148 0.00381686 22.0995s
112 0.706748 0.509176 0.00441156 22.2431s
113 0.706748 0.516119 0.00352518 22.3142s
114 0.706748 0.510588 0.00391407 22.2951s
115 0.706748 0.513384 0.00357934 22.1797s
116 0.706748 0.516544 0.00444893 22.217s
117 0.706748 0.527074 0.00338082 22.9202s
118 0.706748 0.522043 0.00268531 22.3293s
119 0.706748 0.52334 0.00274947 22.2329s
120 0.706748 0.52101 0.00296625 22.1437s
121 0.706748 0.51749 0.00304952 22.1788s
122 0.706748 0.519453 0.00291608 22.1095s
123 0.706748 0.519407 0.00346297 22.2625s
124 0.706748 0.515882 0.00383846 22.1937s
125 0.706748 0.515727 0.00324214 22.2726s
126 0.706748 0.514634 0.00311648 22.174s
127 0.706748 0.512734 0.00279023 22.1868s
128 0.706748 0.51676 0.0024839 22.1387s
129 0.706748 0.516972 0.00300197 22.2119s
130 0.706748 0.518476 0.0035482 22.2625s
131 0.706748 0.515824 0.0034389 22.1509s
132 0.706748 0.522629 0.00258159 22.1238s
133 0.706748 0.511859 0.00301826 22.2251s
134 0.706748 0.516192 0.00327235 22.163s
135 0.706748 0.510808 0.00333931 22.2508s
136 0.706748 0.525839 0.00386372 23.2227s
137 0.706748 0.52436 0.00361373 22.2561s
138 0.706748 0.52194 0.00286184 22.1873s
139 0.706748 0.512626 0.0027994 22.196s
140 0.706748 0.521783 0.00232806 22.1106s
141 0.706748 0.507319 0.00299145 22.5825s
142 0.706748 0.520611 0.00273889 22.2199s
143 0.706748 0.5255 0.00255066 22.2531s
144 0.706748 0.519539 0.00264289 22.1964s
145 0.706748 0.509728 0.00343733 22.7s
146 0.706748 0.511228 0.00267654 22.2345s
147 0.706748 0.51475 0.00310177 22.1862s
148 0.706748 0.521158 0.00374342 22.2071s
149 0.706748 0.517417 0.00331718 22.2658s
150 0.706748 0.51939 0.00354796 22.2108s
151 0.706748 0.516049 0.00367 22.1934s
152 0.706748 0.515447 0.00326124 22.1257s
153 0.706748 0.514973 0.00319652 22.1654s
154 0.706748 0.522833 0.0023605 22.2102s
155 0.706748 0.521707 0.00290286 22.1889s
156 0.706748 0.519977 0.0022209 22.2492s
157 0.706748 0.518304 0.00255165 22.1716s
158 0.706748 0.519258 0.00260589 22.1417s
159 0.706748 0.51797 0.00255715 22.2359s
160 0.706748 0.51329 0.00289134 22.1898s
161 0.706748 0.516025 0.00337383 22.9477s
162 0.706748 0.518625 0.00404908 22.1705s
163 0.706748 0.511264 0.00472929 22.1969s
164 0.706748 0.510467 0.00358159 22.1654s
165 0.706748 0.521422 0.00384558 22.2732s
166 0.706748 0.527026 0.00316866 22.6919s
167 0.706748 0.5215 0.00296292 22.2839s
168 0.706748 0.523376 0.00305381 22.19s
169 0.706748 0.518467 0.00375071 22.2212s
170 0.706748 0.5161 0.0041078 22.2792s
171 0.706748 0.51664 0.00488957 22.1686s
172 0.706748 0.517564 0.00364061 22.2268s
173 0.706748 0.517165 0.00277541 22.9367s
174 0.706748 0.527793 0.00331983 22.215s
175 0.706748 0.524032 0.00325448 22.2156s
176 0.706748 0.522689 0.00284154 22.1457s
177 0.706748 0.516959 0.00313171 22.1925s
178 0.706748 0.523344 0.00373407 22.0986s
179 0.706748 0.527371 0.00387734 22.2716s
180 0.706748 0.526739 0.00297297 22.2614s
181 0.706748 0.524317 0.00358268 22.3242s
182 0.706748 0.526987 0.00366349 22.2139s
183 0.706748 0.519566 0.00412324 22.2966s
184 0.706748 0.508545 0.00414227 22.2335s
185 0.706748 0.513564 0.00356553 22.2044s
186 0.706748 0.513138 0.0035614 22.1698s
187 0.706748 0.515526 0.00364229 22.2401s
188 0.706748 0.514899 0.00292458 22.2313s
189 0.706748 0.51865 0.00287617 22.1305s
190 0.706748 0.51812 0.0030555 22.1982s
191 0.706748 0.511409 0.00297129 23.0463s
192 0.706748 0.506733 0.00323371 22.1866s
193 0.706748 0.512486 0.00310879 22.3733s
194 0.706748 0.511414 0.00269751 22.2139s
195 0.706748 0.516922 0.00417791 22.2233s
196 0.706748 0.513146 0.00449906 22.2218s
197 0.706748 0.512925 0.00520075 22.1754s
198 0.706748 0.512886 0.0041409 22.2168s
199 0.706748 0.522824 0.00409704 22.1988s
200 0.706748 0.515062 0.00486914 23.1325s
201 0.706748 0.518635 0.00385411 22.6582s
202 0.706748 0.515852 0.0043849 22.2318s
203 0.706748 0.520041 0.00405305 22.1579s
204 0.706748 0.517924 0.00511048 22.2433s
205 0.706748 0.523447 0.00392094 22.1586s
206 0.706748 0.519477 0.00418628 22.2181s
207 0.706748 0.512831 0.00365346 22.1865s
208 0.706748 0.512664 0.0032217 22.1643s
209 0.706748 0.51973 0.00338363 22.2226s
210 0.706748 0.523901 0.00355152 22.2592s
211 0.706748 0.51319 0.00491281 22.1989s
212 0.706748 0.512369 0.00394077 22.1998s
213 0.706748 0.515104 0.00357009 22.1867s
214 0.706748 0.510647 0.00424535 22.1899s
215 0.706748 0.510265 0.00430638 22.2044s
216 0.706748 0.514136 0.0042027 22.346s
217 0.706748 0.512808 0.003992 22.2422s
218 0.706748 0.517641 0.00365422 22.1788s
219 0.706748 0.508709 0.00378369 22.1626s
220 0.706748 0.516796 0.0036101 22.1826s
221 0.706748 0.52033 0.00308451 22.193s
222 0.706748 0.517419 0.00287395 22.1872s
223 0.706748 0.516461 0.00357481 22.2192s
224 0.706748 0.514974 0.00384776 22.2166s
225 0.706748 0.52308 0.00294257 22.2093s
226 0.706748 0.521802 0.00461267 22.1882s
227 0.706748 0.51675 0.00438621 22.2142s
228 0.706748 0.516928 0.00355968 22.3872s
229 0.706748 0.52145 0.0028072 22.2397s
230 0.706748 0.51873 0.00314838 22.1845s
231 0.706748 0.52083 0.00326662 22.2673s
232 0.706748 0.521431 0.00307471 22.7741s
233 0.706748 0.528714 0.00353867 22.2905s
234 0.706748 0.529669 0.00404178 22.3584s
235 0.706748 0.530874 0.00446736 22.2865s
236 0.706748 0.530654 0.00411526 22.2271s
237 0.706748 0.527259 0.00425088 22.3276s
238 0.706748 0.523792 0.00452449 22.1744s
239 0.706748 0.518486 0.00442975 22.1995s
240 0.706748 0.520502 0.00415263 22.1063s
241 0.706748 0.523006 0.00396698 22.2165s
242 0.706748 0.515063 0.00440172 22.2483s
243 0.706748 0.520385 0.00453223 22.2189s
244 0.706748 0.529403 0.00338649 22.3464s
245 0.706748 0.51856 0.00460333 22.2275s
246 0.706748 0.511502 0.00378765 22.3529s
247 0.706748 0.515117 0.00309255 22.185s
248 0.706748 0.507452 0.0039221 22.2236s
249 0.706748 0.513562 0.00380796 22.1941s
250 0.706748 0.519809 0.0030047 22.4107s
251 0.706748 0.511183 0.00276926 22.2329s
252 0.706748 0.513246 0.00283688 22.1683s
253 0.706748 0.505265 0.0032958 22.1431s
254 0.706748 0.513654 0.00289031 22.2159s
255 0.706748 0.516893 0.00326127 22.2293s
256 0.706748 0.515257 0.00376866 22.1633s
257 0.706748 0.514464 0.00387192 22.1311s
258 0.706748 0.519674 0.00317365 22.1376s
259 0.706748 0.522335 0.00275486 22.2202s
260 0.706748 0.517772 0.00323074 22.8634s
261 0.706748 0.516847 0.00350632 22.281s
262 0.706748 0.510924 0.00442894 22.1342s
263 0.706748 0.516494 0.00385423 22.1954s
264 0.706748 0.516335 0.00377889 22.2821s
265 0.706748 0.50373 0.0036978 22.2156s
266 0.706748 0.508887 0.00321393 22.2277s
267 0.706748 0.518367 0.00302771 22.9816s
268 0.706748 0.516103 0.00351661 22.1596s
269 0.706748 0.519583 0.00381663 22.1468s
270 0.706748 0.515872 0.00478631 22.2439s
271 0.706748 0.520595 0.00381453 22.4379s
272 0.706748 0.517392 0.00452916 22.2127s
273 0.706748 0.512189 0.00461779 22.1912s
274 0.706748 0.516374 0.0035722 22.2353s
275 0.706748 0.518394 0.00310618 22.2095s
276 0.706748 0.51666 0.00401072 22.2256s
277 0.706748 0.519752 0.00376055 22.0935s
278 0.706748 0.517722 0.00328434 22.3564s
279 0.706748 0.520387 0.00349214 22.1717s
280 0.706748 0.521105 0.00293039 22.1754s
281 0.706748 0.523742 0.00417198 22.9218s
282 0.706748 0.525928 0.00330908 22.2301s
283 0.706748 0.530394 0.00323765 22.2125s
284 0.706748 0.525037 0.00378751 22.2297s
285 0.706748 0.52876 0.00334649 22.2786s
286 0.706748 0.520375 0.0030289 22.2411s
287 0.706748 0.520423 0.00360187 22.2198s
288 0.706748 0.530944 0.00322811 22.9551s
289 0.706748 0.524968 0.00384202 22.178s
290 0.706748 0.516976 0.00563128 22.1788s
291 0.706748 0.523957 0.0035996 22.2016s
292 0.706748 0.516771 0.00454299 22.2712s
293 0.706748 0.524987 0.0034691 22.2128s
294 0.706748 0.526071 0.00334301 22.3054s
295 0.706748 0.520139 0.00300914 22.2501s
296 0.706748 0.519235 0.0028088 22.2597s
297 0.706748 0.516213 0.00386126 22.1957s
298 0.706748 0.506367 0.00393964 22.2713s
299 0.706748 0.511587 0.00342917 22.2252s
300 0.706748 0.518361 0.00325045 22.187s
301 0.706748 0.520491 0.00355557 22.224s
302 0.706748 0.511851 0.00347895 22.2785s
303 0.706748 0.511746 0.00414385 22.195s
304 0.706748 0.515885 0.00370223 22.5869s
305 0.706748 0.513372 0.00301442 22.2242s
306 0.706748 0.517758 0.00289345 22.1554s
307 0.706748 0.518066 0.00266572 22.2665s
308 0.706748 0.510088 0.00290926 22.1452s
309 0.706748 0.51743 0.00385081 22.1144s
310 0.706748 0.518378 0.00332638 22.1481s
311 0.706748 0.516337 0.00303566 22.1416s
312 0.706748 0.511451 0.0034075 22.2051s
313 0.706748 0.506505 0.00437964 22.1864s
314 0.706748 0.51912 0.00364995 22.1675s
315 0.706748 0.520959 0.00391327 22.4168s
316 0.706748 0.522953 0.00432293 23.0211s
317 0.706748 0.515812 0.0043524 22.2628s
318 0.706748 0.517272 0.00400616 22.2169s
319 0.706748 0.514497 0.00426183 22.2953s
320 0.706748 0.515209 0.00424402 22.1999s
321 0.706748 0.518484 0.0050315 22.3849s
322 0.706748 0.511191 0.00426251 22.2031s
323 0.706748 0.519256 0.00396101 22.1487s
324 0.706748 0.513834 0.00401152 22.4996s
325 0.706748 0.521935 0.00468441 22.2067s
326 0.706748 0.518376 0.00396493 22.2151s
327 0.706748 0.525455 0.00334875 22.2205s
328 0.706748 0.526768 0.00333784 22.1669s
329 0.706748 0.52038 0.00326731 22.2779s
330 0.706748 0.517737 0.00330805 22.1407s
331 0.706748 0.520715 0.00347075 22.1865s
332 0.706748 0.520998 0.00344124 22.1774s
333 0.706748 0.512001 0.00408379 22.2372s
334 0.706748 0.518086 0.00351222 22.1918s
335 0.706748 0.522617 0.00333815 22.226s
336 0.706748 0.515237 0.00336527 22.1821s
337 0.706748 0.518183 0.00302657 22.1648s
338 0.706748 0.51761 0.00311466 22.1269s
339 0.706748 0.513826 0.00323941 22.1464s
340 0.706748 0.508805 0.00392974 22.201s
341 0.706748 0.510244 0.00425321 22.2364s
342 0.706748 0.520235 0.00406426 22.4229s
343 0.706748 0.520635 0.00383672 24.2244s
344 0.706748 0.520571 0.00397918 22.3773s
345 0.706748 0.517078 0.00455665 22.2316s
346 0.706748 0.512834 0.00436184 22.2501s
347 0.706748 0.517006 0.00396849 22.2277s
348 0.706748 0.518124 0.00361911 22.1776s
349 0.706748 0.51307 0.00337333 22.1792s
350 0.706748 0.510323 0.00380095 22.2385s
351 0.706748 0.520047 0.00353377 22.2834s
352 0.706748 0.520796 0.00334382 22.6134s
353 0.706748 0.520201 0.00307316 22.4447s
354 0.706748 0.525244 0.00339089 22.1752s
355 0.706748 0.524238 0.0027394 22.2248s
356 0.706748 0.523223 0.00312314 22.2198s
357 0.706748 0.525104 0.00376858 22.1897s
358 0.706748 0.524989 0.00440615 22.1807s
359 0.706748 0.527162 0.00355211 22.2717s
360 0.706748 0.529671 0.00400413 22.306s
361 0.706748 0.526772 0.00350052 22.217s
362 0.706748 0.524862 0.00386395 22.2549s
363 0.706748 0.525807 0.00441236 22.2231s
364 0.706748 0.529775 0.00393263 22.1189s
365 0.706748 0.519768 0.00444805 22.1705s
366 0.706748 0.525998 0.00453724 22.3393s
367 0.706748 0.526471 0.00401223 22.1819s
368 0.706748 0.527394 0.0037258 22.2116s
369 0.706748 0.51876 0.00394712 22.2692s
370 0.706748 0.508079 0.00391414 22.2417s
371 0.706748 0.515655 0.00355532 23.0114s
372 0.706748 0.516918 0.0031639 22.1257s
373 0.706748 0.522189 0.00324496 22.0731s
374 0.706748 0.516509 0.00325816 22.1763s
375 0.706748 0.519285 0.00372229 22.132s
376 0.706748 0.519963 0.00393299 22.1179s
377 0.706748 0.512717 0.00364945 22.2296s
378 0.706748 0.518898 0.00495892 22.1834s
379 0.706748 0.524353 0.00386692 22.2355s
380 0.706748 0.522642 0.00391151 22.1143s
381 0.706748 0.520665 0.00397157 22.1307s
382 0.706748 0.510687 0.00365279 22.2151s
383 0.706748 0.522683 0.00316167 22.1406s
384 0.706748 0.514543 0.00285812 22.1715s
385 0.706748 0.511915 0.00276022 22.0994s
386 0.706748 0.516784 0.00293014 22.0402s
387 0.706748 0.51358 0.00369049 22.1329s
388 0.706748 0.505797 0.00373295 22.3066s
389 0.706748 0.510014 0.00419944 22.2482s
390 0.706748 0.516934 0.00414151 22.2298s
391 0.706748 0.517203 0.00413195 22.0985s
392 0.706748 0.515771 0.00506699 22.2571s
393 0.706748 0.513951 0.00372005 22.1639s
394 0.706748 0.516451 0.00349469 22.1872s
395 0.706748 0.517971 0.00362229 22.5546s
396 0.706748 0.514744 0.00403383 22.178s
397 0.706748 0.514223 0.00300385 22.1431s
398 0.706748 0.522155 0.00403963 22.1891s
399 0.706748 0.526299 0.00441912 22.1662s
400 0.706748 0.528493 0.00372167 23.5015s
401 0.706748 0.525958 0.00357072 22.1464s
402 0.706748 0.527134 0.00350372 22.1483s
403 0.706748 0.517153 0.0029509 22.113s
404 0.706748 0.518924 0.00336823 22.1642s
405 0.706748 0.513455 0.00330651 22.0822s
406 0.706748 0.518577 0.00325516 22.132s
407 0.706748 0.51722 0.00400988 22.197s
408 0.706748 0.519178 0.00429386 22.1287s
409 0.706748 0.520581 0.00393199 22.1831s
410 0.706748 0.519945 0.00404147 22.0797s
411 0.706748 0.515614 0.0038683 22.1001s
412 0.706748 0.517109 0.00404596 22.1034s
413 0.706748 0.520209 0.00362701 22.2184s
414 0.706748 0.516952 0.00376332 22.1726s
415 0.706748 0.516922 0.00371149 22.0719s
416 0.706748 0.521692 0.00324568 22.1251s
417 0.706748 0.523188 0.00301972 22.0698s
418 0.706748 0.526996 0.00375906 22.3339s
419 0.706748 0.52946 0.0040602 22.2073s
420 0.706748 0.529494 0.00356838 22.2265s
421 0.706748 0.538343 0.00452315 22.1138s
422 0.706748 0.528418 0.00534365 22.1719s
423 0.706748 0.527114 0.00382774 22.1235s
424 0.706748 0.511403 0.0044579 22.239s
425 0.706748 0.515136 0.00311333 22.249s
426 0.706748 0.524832 0.00427037 22.3568s
427 0.706748 0.524134 0.00330362 22.2022s
428 0.706748 0.523604 0.00304758 22.9824s
429 0.706748 0.51786 0.00375149 22.1863s
430 0.706748 0.521985 0.00494477 22.2213s
431 0.706748 0.529845 0.00438485 22.1679s
432 0.706748 0.525981 0.00414631 22.2424s
433 0.706748 0.526092 0.00461122 22.2101s
434 0.706748 0.522417 0.00487742 22.1925s
435 0.706748 0.521875 0.00537789 22.2023s
436 0.706748 0.523801 0.00419261 22.1406s
437 0.706748 0.529718 0.00445348 22.1761s
438 0.706748 0.525318 0.00409172 22.1997s
439 0.706748 0.518966 0.0048026 22.1853s
440 0.706748 0.523375 0.0044379 22.1714s
441 0.706748 0.525624 0.00453514 23.1716s
442 0.706748 0.533622 0.00443499 22.2235s
443 0.706748 0.531636 0.00564586 22.1769s
444 0.706748 0.539474 0.00510879 22.1178s
445 0.706748 0.527062 0.00436271 22.2s
446 0.706748 0.52875 0.00484373 22.1261s
447 0.706748 0.529599 0.00470969 22.1681s
448 0.706748 0.534107 0.00369453 22.1872s
449 0.706748 0.530109 0.0045302 22.097s
450 0.706748 0.529825 0.00396416 22.1816s
451 0.706748 0.528233 0.00381847 22.1349s
452 0.706748 0.523795 0.00353228 22.1314s
453 0.706748 0.524878 0.0035255 22.1099s
454 0.706748 0.523864 0.0037211 22.2884s
455 0.706748 0.520451 0.004662 22.1939s
456 0.706748 0.520521 0.00350632 22.1269s
457 0.706748 0.528977 0.00379585 22.98s
458 0.706748 0.530485 0.00441512 22.2278s
459 0.706748 0.52867 0.00472495 22.1026s
460 0.706748 0.527063 0.00465187 22.1685s
461 0.706748 0.521923 0.00413093 22.1915s
462 0.706748 0.525364 0.00389663 22.1613s
463 0.706748 0.529384 0.00442675 22.1395s
464 0.706748 0.522742 0.00426235 22.1562s
465 0.706748 0.523698 0.00461225 22.2008s
466 0.706748 0.512128 0.00370514 22.104s
467 0.706748 0.517388 0.0042723 22.2034s
468 0.706748 0.533381 0.00457444 22.209s
469 0.706748 0.526782 0.00325394 22.1227s
470 0.706748 0.521883 0.00353706 22.3063s
471 0.706748 0.517406 0.00336094 22.1766s
472 0.706748 0.514306 0.00430477 22.2986s
473 0.706748 0.523707 0.00423916 22.1353s
474 0.706748 0.523833 0.00461012 22.3961s
475 0.706748 0.522617 0.00491448 22.1351s
476 0.706748 0.527165 0.00470198 22.1993s
477 0.706748 0.521088 0.00436416 22.1588s
478 0.706748 0.52612 0.00485159 22.2341s
479 0.706748 0.513005 0.00415848 22.2499s
480 0.706748 0.515583 0.00463379 22.2163s
481 0.706748 0.522166 0.00404858 22.121s
482 0.706748 0.523173 0.00412098 22.1637s
483 0.706748 0.523018 0.00449927 22.1752s
484 0.706748 0.519585 0.00464714 22.2689s
485 0.706748 0.520962 0.00512254 22.1627s
486 0.706748 0.514119 0.00391832 22.7826s
487 0.706748 0.51862 0.00368934 22.2116s
488 0.706748 0.517627 0.00449241 22.1837s
489 0.706748 0.517589 0.00378383 22.192s
490 0.706748 0.519772 0.00401494 22.1157s
491 0.706748 0.526951 0.00460615 22.2605s
492 0.706748 0.526606 0.00433158 22.2663s
493 0.706748 0.526387 0.0048819 22.175s
494 0.706748 0.523208 0.00375078 22.1898s
495 0.706748 0.52619 0.00404811 22.1962s
496 0.706748 0.523942 0.00404853 22.264s
497 0.706748 0.525439 0.00422078 22.1794s
498 0.706748 0.518664 0.00407249 22.1501s
499 0.706748 0.522579 0.00485094 22.1616s
500 0.706748 0.518923 0.00300831 22.1754s
501 0.706748 0.532265 0.00424826 22.1826s
502 0.706748 0.523602 0.0039453 22.1246s
503 0.709448 0.523253 0.0035577 22.174s
504 0.709448 0.528194 0.00537745 22.4338s
505 0.709448 0.524175 0.00404881 22.175s
506 0.709448 0.526491 0.00362414 22.1967s
507 0.709448 0.527436 0.00419573 22.2012s
508 0.709448 0.525594 0.00372653 22.1457s
509 0.709448 0.526304 0.00342251 22.1539s
510 0.709448 0.528191 0.00299869 22.1898s
511 0.709448 0.525744 0.00335877 22.2987s
512 0.709448 0.531263 0.00313518 22.2824s
513 0.709448 0.523905 0.00358809 26.9825s
514 0.709448 0.527349 0.00402937 23.0394s
515 0.709448 0.526543 0.00398149 22.0937s
516 0.709448 0.529028 0.00387997 22.0882s
517 0.709448 0.522969 0.003464 22.1822s
518 0.709448 0.527482 0.00333991 22.209s
519 0.709448 0.516895 0.00377238 22.1488s
520 0.709448 0.519489 0.00330318 22.0678s
521 0.709448 0.519968 0.00413738 22.206s
522 0.709448 0.524872 0.00484089 22.3325s
523 0.709448 0.520261 0.00439567 22.1698s
524 0.709448 0.51519 0.00382215 22.1829s
525 0.709448 0.516796 0.00335979 22.1181s
526 0.709448 0.517483 0.00359638 22.2074s
527 0.709448 0.514011 0.00279575 22.0814s
528 0.709448 0.514929 0.00410325 22.1581s
529 0.709448 0.517289 0.00323786 22.0728s
530 0.709448 0.51869 0.0030506 22.149s
531 0.709448 0.51406 0.00324959 22.4316s
532 0.709448 0.515073 0.00416915 22.1825s
533 0.709448 0.513413 0.00388156 22.0675s
534 0.709448 0.526702 0.00384728 22.0824s
535 0.709448 0.525059 0.00292276 22.1891s
536 0.709448 0.515221 0.00327789 22.0783s
537 0.709448 0.518121 0.00374214 22.1202s
538 0.709448 0.511513 0.00431957 22.0528s
539 0.709448 0.515752 0.00380325 22.2024s
540 0.709448 0.513934 0.00454138 22.1937s
541 0.709448 0.514028 0.00445154 23.3734s
542 0.709448 0.525471 0.00563612 23.3138s
543 0.709448 0.538548 0.00448105 22.2052s
544 0.709448 0.537616 0.0037229 22.1637s
545 0.709448 0.528166 0.00344144 22.1248s
546 0.709448 0.515262 0.00384369 22.2325s
547 0.709448 0.511958 0.00350651 22.1935s
548 0.709448 0.516723 0.0035146 22.1731s
549 0.709448 0.5115 0.00382498 22.1921s
550 0.709448 0.515587 0.00525291 22.2227s
551 0.709448 0.523552 0.00548615 22.3216s
552 0.709448 0.527913 0.00584171 22.2519s
553 0.709448 0.526471 0.00550191 22.1014s
554 0.709448 0.529095 0.00568384 22.1478s
555 0.709448 0.530773 0.00415258 22.3215s
556 0.709448 0.532854 0.00366371 22.1412s
557 0.709448 0.532269 0.00319144 22.1593s
558 0.709448 0.527826 0.00346236 22.1322s
559 0.709448 0.528624 0.00363089 22.123s
560 0.709448 0.518994 0.00445502 22.2671s
561 0.709448 0.522514 0.00373427 22.1385s
562 0.709448 0.524694 0.00424228 22.1808s
563 0.709448 0.531808 0.00391964 22.144s
564 0.709448 0.532843 0.00377001 22.1863s
565 0.709448 0.534644 0.0031184 22.1548s
566 0.709448 0.530533 0.00377397 22.6965s
567 0.709448 0.52921 0.00363298 22.521s
568 0.709448 0.527506 0.00446185 22.1037s
569 0.709448 0.528683 0.00361161 23.4831s
570 0.709448 0.532554 0.00433312 22.2188s
571 0.709448 0.519863 0.00408122 22.1791s
572 0.709448 0.516931 0.0037993 22.2509s
573 0.709448 0.514493 0.00471313 22.3054s
574 0.709448 0.524278 0.0050528 22.2432s
575 0.709448 0.521473 0.00348419 22.1718s
576 0.709448 0.531954 0.00364671 22.1334s
577 0.709448 0.524004 0.00330732 22.1656s
578 0.709448 0.523482 0.00316414 22.9761s
579 0.709448 0.523619 0.0032766 22.184s
580 0.709448 0.524722 0.00301745 22.155s
581 0.709448 0.519007 0.00400837 22.2524s
582 0.709448 0.522132 0.00337445 22.237s
583 0.709448 0.524686 0.00316934 22.2021s
584 0.709448 0.518982 0.00326859 22.1895s
585 0.709448 0.520055 0.00298136 22.1903s
586 0.709448 0.512715 0.00394722 22.1119s
587 0.709448 0.512652 0.00427465 22.0757s
588 0.709448 0.521045 0.00306188 22.0767s
589 0.709448 0.519512 0.00336851 22.14s
590 0.709448 0.524476 0.00356241 22.2345s
591 0.709448 0.516749 0.00325258 23.1709s
592 0.709448 0.518864 0.00308113 22.0907s
593 0.709448 0.525202 0.0032921 22.3166s
594 0.709448 0.529658 0.00365067 22.1578s
595 0.709448 0.530435 0.00380891 22.1428s
596 0.709448 0.517375 0.00388097 22.1974s
597 0.709448 0.522373 0.00438091 23.0135s
598 0.709448 0.518313 0.00416849 22.279s
599 0.709448 0.518548 0.00479806 22.136s
600 0.709448 0.524988 0.00432254 22.2308s
601 0.720359 0.519746 0.00486932 22.1689s
602 0.720359 0.522791 0.00417427 22.1284s
603 0.720359 0.513222 0.00492641 22.146s
604 0.720359 0.522515 0.00347474 22.2264s
605 0.720359 0.515833 0.00383384 22.0895s
606 0.720359 0.517666 0.0041081 22.1126s
607 0.720359 0.517194 0.00405326 22.1368s
608 0.720359 0.519927 0.00438273 22.2001s
609 0.720359 0.524468 0.00375024 22.1073s
610 0.720359 0.521945 0.00397876 22.2975s
611 0.720359 0.526219 0.00413264 22.2014s
612 0.720359 0.524758 0.0046424 22.1344s
613 0.720359 0.525984 0.00392641 22.2001s
614 0.720359 0.533317 0.00363563 22.1394s
615 0.720359 0.522839 0.00470213 22.1451s
616 0.720359 0.525268 0.00535134 22.1542s
617 0.720359 0.527384 0.00345823 22.1958s
618 0.720359 0.518893 0.0035522 22.1025s
619 0.720359 0.51834 0.0034423 22.1513s
620 0.720359 0.519958 0.00372782 22.0599s
621 0.720359 0.524341 0.0039184 22.2279s
622 0.720359 0.50778 0.00414609 22.0607s
623 0.720359 0.518 0.00357071 22.1163s
624 0.720359 0.511799 0.00332883 22.2362s
625 0.720359 0.515283 0.0040764 22.2176s
626 0.720359 0.52011 0.00443827 22.8214s
627 0.720359 0.520218 0.00413952 22.0812s
628 0.720359 0.517031 0.00439752 22.0957s
629 0.720359 0.515765 0.00547105 22.1198s
630 0.720359 0.515784 0.00446345 22.106s
631 0.720359 0.514668 0.00364885 22.1189s
632 0.720359 0.514014 0.00318814 22.1498s
633 0.720359 0.510106 0.00429833 22.1034s
634 0.720359 0.51717 0.00352021 22.073s
635 0.720359 0.514633 0.00401157 22.129s
636 0.720359 0.517361 0.00348671 22.1474s
637 0.720359 0.520903 0.0035777 22.138s
638 0.720359 0.523412 0.00308887 22.2488s
639 0.720359 0.523393 0.00342545 22.2304s
640 0.720359 0.519385 0.00375847 22.1749s
641 0.720359 0.513451 0.0039881 22.0928s
642 0.720359 0.514347 0.00324848 22.1344s
643 0.720359 0.516055 0.00382587 22.2074s
644 0.720359 0.518629 0.00407549 22.5486s
645 0.720359 0.527579 0.00393258 22.1789s
646 0.720359 0.522739 0.00353515 22.1654s
647 0.720359 0.52447 0.00414495 22.1174s
648 0.720359 0.524513 0.00321558 22.1784s
649 0.720359 0.516159 0.00296643 22.2507s
650 0.720359 0.521442 0.00439978 22.2241s
651 0.720359 0.523855 0.00496092 22.0798s
652 0.720359 0.528077 0.00456924 22.1582s
653 0.720359 0.523784 0.00386384 22.155s
654 0.720359 0.529211 0.00421242 22.9278s
655 0.720359 0.522476 0.00369737 22.207s
656 0.720359 0.529284 0.00375473 22.2074s
657 0.720359 0.529936 0.00437666 22.1861s
658 0.720359 0.535208 0.00430989 22.2024s
659 0.720359 0.528613 0.00410286 22.1944s
660 0.720359 0.532845 0.00409565 22.2271s
661 0.720359 0.533307 0.00551536 22.2416s
662 0.720359 0.526645 0.00393943 22.1809s
663 0.720359 0.52352 0.00414799 22.1839s
664 0.720359 0.531579 0.0048351 22.2653s
665 0.720359 0.528199 0.00491441 22.2584s
666 0.720359 0.525316 0.00439324 22.2747s
667 0.720359 0.523554 0.00381012 22.2428s
668 0.720359 0.519192 0.0040626 22.1898s
669 0.720359 0.521669 0.00373241 22.0871s
670 0.720359 0.525686 0.00433475 22.0732s
671 0.720359 0.522798 0.00397783 22.2547s
672 0.720359 0.525378 0.00406952 22.2165s
673 0.720359 0.521971 0.00418754 22.1191s
674 0.720359 0.526421 0.00503065 22.1342s
675 0.720359 0.527747 0.0065211 22.1719s
676 0.720359 0.523612 0.00537352 22.9602s
677 0.720359 0.524047 0.00529141 22.2039s
678 0.720359 0.52419 0.00477353 22.0712s
679 0.720359 0.521813 0.00450638 22.1753s
680 0.720359 0.521784 0.00493801 22.1938s
681 0.720359 0.515506 0.00450046 22.1181s
682 0.720359 0.518817 0.00324153 22.9711s
683 0.720359 0.520403 0.00299743 22.1603s
684 0.720359 0.525132 0.00342166 22.1544s
685 0.720359 0.523961 0.0043131 22.1456s
686 0.720359 0.521684 0.00469378 22.1208s
687 0.720359 0.528985 0.00403505 22.1217s
688 0.720359 0.524985 0.0052985 22.1766s
689 0.720359 0.523705 0.00601411 22.2247s
690 0.720359 0.523806 0.00545907 22.1571s
691 0.720359 0.516848 0.00569954 22.1276s
692 0.720359 0.523548 0.00432025 22.1576s
693 0.720359 0.530131 0.00495877 22.3116s
694 0.720359 0.522461 0.00377132 22.1634s
695 0.720359 0.52991 0.00409419 22.1439s
696 0.720359 0.531702 0.00430294 22.1505s
697 0.720359 0.532139 0.00379587 22.211s
698 0.720359 0.530044 0.00396809 22.1305s
699 0.720359 0.526872 0.00442073 22.1068s
700 0.720359 0.527814 0.00470858 22.2097s
701 0.720359 0.525091 0.00530849 22.3329s
702 0.720359 0.520879 0.00493135 22.0842s
703 0.720359 0.533621 0.004802 22.1939s
704 0.720359 0.531148 0.00424646 22.1974s
705 0.720359 0.530118 0.00520822 22.1915s
706 0.720359 0.513467 0.00595577 22.337s
707 0.720359 0.521159 0.00509624 22.1247s
708 0.720359 0.518584 0.0049409 22.2389s
709 0.720359 0.524688 0.0048371 22.2038s
710 0.720359 0.52852 0.00373188 22.9945s
711 0.720359 0.524426 0.00429508 22.2603s
712 0.720359 0.513456 0.00400762 22.1756s
713 0.720359 0.520483 0.00403907 22.3067s
714 0.720359 0.521729 0.00443688 22.2337s
715 0.720359 0.510889 0.00476006 22.1671s
716 0.720359 0.522591 0.00447016 22.1785s
717 0.720359 0.523393 0.00476549 22.15s
718 0.720359 0.522888 0.00414046 22.3241s
719 0.720359 0.522106 0.00445978 22.215s
720 0.720359 0.519877 0.00421729 22.2312s
721 0.720359 0.528906 0.00368664 22.2382s
722 0.720359 0.523635 0.00487848 22.2416s
723 0.720359 0.529347 0.00420171 22.3248s
724 0.720359 0.527681 0.00369331 22.1551s
725 0.720359 0.531155 0.00399702 22.2489s
726 0.720359 0.522703 0.00406978 22.1918s
727 0.720359 0.52523 0.00336871 22.2062s
728 0.720359 0.520324 0.00376975 22.1704s
729 0.720359 0.512393 0.00419944 22.168s
730 0.720359 0.518948 0.00410624 22.2177s
731 0.720359 0.521417 0.0052381 22.2619s
732 0.720359 0.52287 0.00419208 22.2093s
733 0.720359 0.522124 0.00462983 22.7926s
734 0.720359 0.513838 0.00319262 22.2263s
735 0.720359 0.51659 0.00326422 22.1261s
736 0.720359 0.515545 0.00328024 22.1737s
737 0.720359 0.516581 0.00357942 22.1553s
738 0.720359 0.521143 0.00477878 23.7362s
739 0.720359 0.517547 0.00491946 22.1627s
740 0.720359 0.524586 0.00491341 22.2434s
741 0.720359 0.518574 0.00513282 22.2358s
742 0.720359 0.518879 0.00494192 22.1409s
743 0.720359 0.527773 0.00458494 22.1417s
744 0.720359 0.522886 0.00494904 22.1654s
745 0.720359 0.520135 0.00540804 22.103s
746 0.720359 0.521034 0.00465286 22.2194s
747 0.720359 0.521638 0.00483247 22.1294s
748 0.720359 0.520999 0.00564587 22.1453s
749 0.720359 0.52699 0.00488503 22.1466s
750 0.720359 0.522529 0.00442656 22.1702s
751 0.720359 0.515541 0.00444941 22.1779s
752 0.720359 0.519762 0.00569419 22.2148s
753 0.720359 0.515482 0.00515528 22.0625s
754 0.720359 0.516868 0.00502729 22.1931s
755 0.720359 0.514099 0.00550403 22.1594s
756 0.720359 0.521438 0.00449282 22.1876s
757 0.720359 0.5248 0.00385535 22.1266s
758 0.720359 0.520457 0.00471652 22.1355s
759 0.720359 0.513363 0.00386514 22.1067s
760 0.720359 0.515835 0.00361199 22.1254s
761 0.720359 0.514368 0.00394768 22.1138s
762 0.720359 0.528478 0.00562089 22.2355s
763 0.720359 0.531519 0.00420498 22.182s
764 0.720359 0.528242 0.00433488 22.2903s
765 0.720359 0.524242 0.00345438 22.1699s
766 0.720359 0.531813 0.00327388 22.8033s
767 0.720359 0.532422 0.00473232 22.2544s
768 0.720359 0.527727 0.00371567 22.1468s
769 0.720359 0.526714 0.00458535 22.2241s
770 0.720359 0.529118 0.00489851 22.1469s
771 0.720359 0.527916 0.0038644 22.2292s
772 0.720359 0.520245 0.00433389 22.1059s
773 0.720359 0.526497 0.00483361 22.2044s
774 0.720359 0.521275 0.00492785 22.2295s
775 0.720359 0.516756 0.0043954 22.1393s
776 0.720359 0.516041 0.00437001 22.236s
777 0.720359 0.530928 0.00507392 22.2605s
778 0.720359 0.533032 0.00413378 22.1694s
779 0.720359 0.531602 0.0042927 22.1547s
780 0.720359 0.538956 0.00463604 22.2652s
781 0.720359 0.528136 0.00417971 22.1724s
782 0.720359 0.532684 0.00407175 22.129s
783 0.720359 0.530973 0.00444083 22.1593s
784 0.720359 0.529519 0.00460662 22.1846s
785 0.720359 0.529396 0.00424257 22.1683s
786 0.720359 0.532892 0.00451767 22.1686s
787 0.720359 0.527247 0.00477812 22.2419s
788 0.720359 0.533744 0.00506861 22.274s
789 0.720359 0.532504 0.00412308 22.223s
790 0.720359 0.520169 0.00322814 22.4609s
791 0.720359 0.52842 0.00394119 22.2122s
792 0.720359 0.524773 0.00354642 22.2474s
793 0.720359 0.526449 0.00343247 22.3097s
794 0.720359 0.525175 0.00430308 22.9457s
795 0.720359 0.525956 0.0036998 22.3022s
796 0.720359 0.52027 0.00299372 22.1371s
797 0.720359 0.526558 0.00406064 22.1822s
798 0.720359 0.529887 0.00417739 22.2515s
799 0.720359 0.536007 0.00441449 22.2124s
800 0.720359 0.531122 0.00415108 22.195s
801 0.720359 0.524068 0.00362306 22.1303s
802 0.720359 0.529718 0.00418755 22.6983s
803 0.720359 0.526178 0.00476053 22.2027s
804 0.720359 0.526271 0.00412693 22.0852s
805 0.720359 0.526713 0.00468046 22.1301s
806 0.720359 0.530183 0.00423475 22.1715s
807 0.720359 0.529686 0.00428309 22.2364s
808 0.720359 0.522332 0.00389152 22.1603s
809 0.720359 0.519203 0.00483956 22.1867s
810 0.720359 0.522045 0.00384519 22.1598s
811 0.720359 0.519141 0.00316567 22.1729s
812 0.720359 0.526163 0.00387585 22.0884s
813 0.720359 0.521121 0.00359916 22.0797s
814 0.720359 0.522682 0.00461819 22.1623s
815 0.720359 0.527478 0.00401241 22.1203s
816 0.720359 0.527752 0.00371644 22.2254s
817 0.720359 0.525948 0.00410249 22.1188s
818 0.720359 0.5323 0.0043541 22.11s
819 0.720359 0.534379 0.00386821 22.1389s
820 0.720359 0.532431 0.00441712 22.174s
821 0.720359 0.525595 0.00431946 22.2345s
822 0.720359 0.520441 0.00455621 22.8749s
823 0.720359 0.52126 0.0039874 22.1783s
824 0.720359 0.525643 0.00414082 22.148s
825 0.720359 0.529008 0.00380202 22.112s
826 0.720359 0.526538 0.00481618 22.1773s
827 0.720359 0.529397 0.00547034 22.397s
828 0.720359 0.534597 0.00575796 22.2181s
829 0.720359 0.537201 0.00571011 23.7153s
830 0.720359 0.53472 0.0049491 22.4669s
831 0.720359 0.539262 0.00481188 22.2275s
832 0.720359 0.538608 0.00516672 22.1745s
833 0.720359 0.538479 0.00503448 22.1087s
834 0.720359 0.533785 0.00463855 22.2791s
835 0.720359 0.529605 0.00514199 22.1874s
836 0.720359 0.520783 0.00528295 22.1817s
837 0.720359 0.523148 0.00538213 22.4061s
838 0.720359 0.521908 0.00555642 23.1622s
839 0.720359 0.527173 0.00466935 22.2508s
840 0.720359 0.525078 0.00471681 22.3067s
841 0.720359 0.527267 0.00444563 22.283s
842 0.720359 0.522546 0.00387567 22.2222s
843 0.720359 0.516845 0.00422724 22.1674s
844 0.720359 0.522694 0.00516219 22.1368s
845 0.720359 0.526847 0.00435985 22.185s
846 0.720359 0.522286 0.0047755 22.1615s
847 0.720359 0.532106 0.0053161 22.3237s
848 0.720359 0.529752 0.00441609 22.1748s
849 0.720359 0.530249 0.00519569 22.2002s
850 0.720359 0.526939 0.00465643 22.7885s
851 0.720359 0.527635 0.0050469 22.2151s
852 0.720359 0.535747 0.00432205 22.1951s
853 0.720359 0.530264 0.00402167 22.1706s
854 0.720359 0.523159 0.00492625 22.2061s
855 0.720359 0.524955 0.00413269 22.1488s
856 0.720359 0.52527 0.00432275 22.1623s
857 0.720359 0.522116 0.00480489 22.1896s
858 0.720359 0.521745 0.0038078 22.1495s
859 0.720359 0.518559 0.00417201 22.1804s
860 0.720359 0.519382 0.00378515 22.2688s
861 0.720359 0.524679 0.00435678 22.2405s
862 0.720359 0.521357 0.00503772 22.2147s
863 0.720359 0.52601 0.00511612 22.1396s
864 0.720359 0.521484 0.00539641 22.2138s
865 0.720359 0.519779 0.00543061 22.1852s
866 0.720359 0.528862 0.00567931 22.2548s
867 0.720359 0.524171 0.00537553 22.1355s
868 0.720359 0.525483 0.00461254 22.2188s
869 0.720359 0.524004 0.00508266 22.2012s
870 0.720359 0.52433 0.00514967 22.1931s
871 0.720359 0.51523 0.00448697 22.1293s
872 0.720359 0.517423 0.00456361 22.2284s
873 0.720359 0.513416 0.00468073 22.1961s
874 0.720359 0.520899 0.00414902 22.1571s
875 0.720359 0.519862 0.00526457 22.2122s
876 0.720359 0.523494 0.00514839 22.0854s
877 0.720359 0.519635 0.00474907 22.1385s
878 0.720359 0.526763 0.00487917 23.107s
879 0.720359 0.518848 0.00457598 22.188s
880 0.720359 0.530171 0.00403287 22.2788s
881 0.720359 0.528739 0.00395589 22.2592s
882 0.720359 0.525829 0.00398421 22.206s
883 0.720359 0.517767 0.0041896 22.2537s
884 0.720359 0.520388 0.00534549 22.2025s
885 0.720359 0.513503 0.00399871 22.1183s
886 0.720359 0.512826 0.00441296 22.2229s
887 0.720359 0.519801 0.00489757 22.1479s
888 0.720359 0.517355 0.00528827 22.2007s
889 0.720359 0.515263 0.00460275 22.2034s
890 0.720359 0.517846 0.00563343 22.2342s
891 0.720359 0.518711 0.00528546 22.1919s
892 0.720359 0.52246 0.00438318 22.2391s
893 0.720359 0.51422 0.0044217 22.2s
894 0.720359 0.522099 0.00447198 22.1832s
895 0.720359 0.525012 0.00526552 22.1985s
896 0.720359 0.53001 0.00479573 22.2288s
897 0.720359 0.531139 0.00455767 22.1894s
898 0.720359 0.539797 0.00428788 22.262s
899 0.720359 0.532045 0.00450125 22.2396s
900 0.720359 0.523639 0.00444358 22.1751s
901 0.720359 0.528942 0.0046729 22.3234s
902 0.720359 0.530219 0.00388981 22.2158s
903 0.720359 0.537734 0.0056474 22.2488s
904 0.720359 0.538549 0.00497455 22.3512s
905 0.720359 0.54072 0.00497348 22.3368s
906 0.720359 0.538179 0.00529408 23.077s
907 0.720359 0.535047 0.00418458 22.6334s
908 0.720359 0.531271 0.00501357 22.3262s
909 0.720359 0.528524 0.003699 22.2495s
910 0.720359 0.524459 0.00378457 22.5297s
911 0.720359 0.524814 0.00402034 22.2043s
912 0.720359 0.526661 0.00340377 22.1636s
913 0.720359 0.52779 0.00396675 22.2217s
914 0.737651 0.527515 0.00439944 22.1976s
915 0.737651 0.527922 0.00489189 22.254s
916 0.737651 0.526112 0.00541738 22.2075s
917 0.737651 0.525169 0.00489732 22.3261s
918 0.737651 0.531562 0.00453259 22.2283s
919 0.737651 0.526654 0.00462966 22.253s
920 0.737651 0.523214 0.00435117 22.1502s
921 0.737651 0.518876 0.00421571 22.1584s
922 0.737651 0.518455 0.00523024 22.1741s
923 0.737651 0.527761 0.00502781 22.2516s
924 0.737651 0.524957 0.00548413 22.224s
925 0.737651 0.528408 0.0059246 22.222s
926 0.737651 0.533945 0.00478301 22.2332s
927 0.737651 0.528444 0.00460352 22.2513s
928 0.737651 0.530513 0.00356228 22.2559s
929 0.737651 0.520162 0.00482159 22.2162s
930 0.737651 0.518893 0.00452841 22.1649s
931 0.737651 0.518805 0.00374528 22.0953s
932 0.737651 0.52051 0.00466325 22.1891s
933 0.737651 0.517349 0.00495567 22.2203s
934 0.737651 0.517554 0.00495851 22.9699s
935 0.737651 0.524395 0.00537728 22.2934s
936 0.737651 0.522661 0.00524722 22.2101s
937 0.737651 0.516567 0.00354861 22.7293s
938 0.737651 0.517128 0.00388513 22.3669s
939 0.737651 0.517331 0.003947 22.1994s
940 0.737651 0.517571 0.00422122 22.1416s
941 0.737651 0.516013 0.00435588 22.1587s
942 0.737651 0.52489 0.00422704 22.1986s
943 0.737651 0.527137 0.00534557 22.2043s
944 0.737651 0.527674 0.00539257 22.2022s
945 0.737651 0.525054 0.00495738 22.142s
946 0.737651 0.518227 0.00500783 22.2065s
947 0.737651 0.516784 0.00518246 22.2181s
948 0.737651 0.516131 0.0051783 22.1745s
949 0.737651 0.5262 0.00553712 22.2173s
950 0.737651 0.518721 0.00533393 22.2294s
951 0.737651 0.524721 0.00440857 22.1565s
952 0.737651 0.52761 0.0046044 22.091s
953 0.737651 0.527703 0.00378239 22.476s
954 0.737651 0.531827 0.00488829 22.2084s
955 0.737651 0.538305 0.00568481 22.1708s
956 0.737651 0.526648 0.00515585 22.1843s
957 0.737651 0.523922 0.00453819 22.2182s
958 0.737651 0.525126 0.00388935 22.203s
959 0.737651 0.514403 0.00395596 22.2802s
960 0.737651 0.521947 0.00368324 22.194s
961 0.737651 0.523847 0.00425656 22.3024s
962 0.737651 0.525284 0.00407736 22.1388s
963 0.737651 0.526269 0.00372248 22.851s
964 0.737651 0.52456 0.00404801 22.1901s
965 0.737651 0.525015 0.00307621 22.1278s
966 0.737651 0.527649 0.00448732 22.2298s
967 0.737651 0.520743 0.00409598 22.2982s
968 0.737651 0.515425 0.00456942 22.2262s
969 0.737651 0.522466 0.00473951 22.2458s
970 0.737651 0.526382 0.00343435 22.1637s
971 0.737651 0.526805 0.0044038 22.3644s
972 0.737651 0.514292 0.00526394 22.3062s
973 0.737651 0.518539 0.00391584 22.2179s
974 0.737651 0.519764 0.00506579 22.136s
975 0.737651 0.525209 0.0049858 22.2102s
976 0.737651 0.52671 0.00463242 22.2391s
977 0.737651 0.524383 0.00427357 22.2013s
978 0.737651 0.521444 0.00349026 22.1609s
979 0.737651 0.519231 0.00356347 22.1053s
980 0.737651 0.526902 0.00382609 22.1292s
981 0.737651 0.523761 0.00362026 22.1455s
982 0.737651 0.521646 0.00338728 22.2022s
983 0.737651 0.514828 0.00307245 22.0988s
984 0.737651 0.520918 0.00337767 22.1454s
985 0.737651 0.527467 0.0033716 22.127s
986 0.737651 0.523726 0.00448279 22.1763s
987 0.737651 0.526006 0.00461586 22.1592s
988 0.737651 0.527576 0.00398757 22.3146s
989 0.737651 0.523697 0.00359819 22.3865s
990 0.737651 0.531406 0.0040273 22.2094s
991 0.737651 0.523261 0.00385198 22.2721s
992 0.737651 0.523113 0.00404825 22.8194s
993 0.737651 0.515177 0.00436896 22.2468s
994 0.737651 0.523389 0.00288958 22.1387s
995 0.737651 0.519037 0.00417222 22.4085s
996 0.737651 0.522292 0.0043433 22.1657s
997 0.737651 0.526857 0.00437692 22.1396s
998 0.737651 0.526566 0.0044274 22.2007s
999 0.737651 0.528142 0.00359135 22.0712s
1000 0.737651 0.522983 0.00397672 23.0205s
1001 0.737651 0.528224 0.00436383 22.1926s
1002 0.737651 0.523269 0.00524232 22.1874s
1003 0.737651 0.524647 0.00472355 22.1949s
1004 0.737651 0.52147 0.00413026 22.1614s
1005 0.737651 0.520054 0.00411969 22.184s
1006 0.737651 0.523179 0.00432942 22.233s
1007 0.737651 0.524869 0.00458298 22.2265s
1008 0.737651 0.52844 0.00478616 22.1961s
1009 0.737651 0.522553 0.00507208 22.2272s
1010 0.737651 0.525926 0.00568321 22.1336s
1011 0.737651 0.525739 0.00484067 22.2801s
1012 0.737651 0.524439 0.00468532 22.17s
1013 0.737651 0.526098 0.00441702 22.2185s
1014 0.737651 0.523091 0.00493725 22.1664s
1015 0.737651 0.518369 0.00437123 22.1471s
1016 0.737651 0.517974 0.00503691 22.1269s
1017 0.737651 0.512941 0.00431436 22.1384s
1018 0.737651 0.514683 0.00431351 22.1465s
1019 0.737651 0.519437 0.00415168 22.171s
1020 0.737651 0.516444 0.00362371 22.1942s
1021 0.737651 0.519636 0.00394041 22.6199s
1022 0.737651 0.524774 0.0044583 22.1879s
1023 0.737651 0.523859 0.00513218 22.1591s
1024 0.737651 0.517937 0.00493744 22.171s
1025 0.737651 0.513429 0.0047561 22.1288s
1026 0.737651 0.517006 0.00455208 22.18s
1027 0.737651 0.519492 0.00516052 22.1352s
1028 0.737651 0.518478 0.00512981 22.2148s
1029 0.737651 0.521282 0.0054255 22.2604s
1030 0.737651 0.527218 0.00448568 22.1757s
1031 0.737651 0.526416 0.00486773 22.1666s
1032 0.737651 0.525033 0.00487725 22.2319s
1033 0.737651 0.52868 0.00484978 22.1567s
1034 0.737651 0.532904 0.00439049 22.212s
1035 0.737651 0.533691 0.00479937 22.252s
1036 0.737651 0.527488 0.00456684 22.0779s
1037 0.737651 0.534715 0.00434184 22.102s
1038 0.737651 0.533154 0.00480421 22.1722s
1039 0.737651 0.530567 0.00531999 22.1558s
1040 0.737651 0.523156 0.00488023 22.1658s
1041 0.737651 0.528392 0.00521287 22.2225s
1042 0.737651 0.528813 0.00532065 22.0701s
1043 0.737651 0.527511 0.00447378 22.146s
1044 0.737651 0.521691 0.00355491 22.2712s
1045 0.737651 0.52985 0.00457103 22.1551s
1046 0.737651 0.527915 0.00374121 22.1012s
1047 0.737651 0.518119 0.00387572 22.0541s
1048 0.737651 0.522326 0.00409017 22.229s
1049 0.737651 0.519346 0.00434155 22.1414s
1050 0.737651 0.522266 0.00396219 22.7808s
1051 0.737651 0.527676 0.0045037 22.1282s
1052 0.737651 0.527692 0.00457385 22.1192s
1053 0.737651 0.529885 0.00510867 22.1203s
1054 0.737651 0.519555 0.00398662 22.2386s
1055 0.737651 0.526339 0.00433096 22.1618s
1056 0.737651 0.528247 0.00394797 22.1128s
1057 0.737651 0.522678 0.00416637 22.1334s
1058 0.737651 0.519458 0.00374645 22.1909s
1059 0.737651 0.515102 0.00341969 22.0585s
1060 0.737651 0.519138 0.00399115 22.2375s
1061 0.737651 0.525004 0.00388557 22.168s
1062 0.737651 0.530489 0.00452755 22.1483s
1063 0.737651 0.528906 0.00374084 22.2674s
1064 0.737651 0.531009 0.00419567 22.163s
1065 0.737651 0.520354 0.00414298 22.135s
1066 0.737651 0.518481 0.00481672 22.1486s
1067 0.737651 0.523399 0.00363954 22.1069s
1068 0.737651 0.523489 0.00377314 22.1857s
1069 0.737651 0.516865 0.00387838 22.1221s
1070 0.737651 0.513586 0.00441447 22.1488s
1071 0.737651 0.519411 0.00449814 22.1831s
1072 0.737651 0.528193 0.0047702 22.1037s
1073 0.737651 0.523049 0.00420523 22.2242s
1074 0.737651 0.518334 0.00389589 22.0443s
1075 0.737651 0.516471 0.00352858 22.1995s
1076 0.737651 0.527714 0.00359673 22.138s
1077 0.737651 0.522911 0.00426495 22.2045s
1078 0.737651 0.523059 0.00443895 22.2914s
1079 0.737651 0.514862 0.00480502 22.2471s
1080 0.737651 0.51599 0.00429893 22.6224s
1081 0.737651 0.521049 0.0053748 22.1726s
1082 0.737651 0.518928 0.00526546 22.1123s
1083 0.737651 0.525879 0.00480674 22.1711s
1084 0.737651 0.523543 0.00509677 22.0882s
1085 0.737651 0.51966 0.00426035 22.1771s
1086 0.737651 0.516265 0.003938 22.1918s
1087 0.737651 0.518999 0.00418658 22.1249s
1088 0.737651 0.519595 0.0042095 22.1941s
1089 0.737651 0.511676 0.00402596 22.1278s
1090 0.737651 0.517632 0.00428098 22.2075s
1091 0.737651 0.513606 0.00419003 22.2743s
1092 0.737651 0.524922 0.00454553 22.1951s
1093 0.737651 0.526967 0.00488564 22.1376s
1094 0.737651 0.530569 0.00472343 22.2126s
1095 0.737651 0.517439 0.00400192 22.2498s
1096 0.737651 0.525326 0.00405149 22.0445s
1097 0.737651 0.527824 0.00448637 22.1583s
1098 0.737651 0.527052 0.00440734 22.1316s
1099 0.737651 0.520364 0.00446584 22.2137s
1100 0.737651 0.521769 0.00424607 22.1899s
1101 0.737651 0.526569 0.00424197 22.1391s
1102 0.737651 0.520461 0.00458491 22.096s
1103 0.737651 0.525341 0.00420632 22.1304s
1104 0.737651 0.521847 0.00414198 22.1029s
1105 0.737651 0.520898 0.00384038 22.1131s
1106 0.737651 0.521899 0.0038311 22.146s
1107 0.737651 0.52755 0.0042656 22.1752s
1108 0.737651 0.520589 0.00370389 22.6944s
1109 0.737651 0.529677 0.00362575 22.1475s
1110 0.737651 0.527025 0.0043803 22.1181s
1111 0.737651 0.525815 0.00432483 22.0902s
1112 0.737651 0.522982 0.00382878 22.1502s
1113 0.737651 0.525702 0.00396112 22.1038s
1114 0.737651 0.527379 0.0050761 22.1258s
1115 0.737651 0.514025 0.00428838 22.1065s
1116 0.737651 0.516778 0.00399512 22.0838s
1117 0.737651 0.515933 0.00442913 22.2546s
1118 0.737651 0.523447 0.00428933 22.1457s
1119 0.737651 0.523877 0.00343065 22.2029s
1120 0.737651 0.528284 0.00386941 22.1237s
1121 0.737651 0.527153 0.00400833 22.1171s
1122 0.737651 0.524642 0.0042373 22.1159s
1123 0.737651 0.525766 0.00464978 22.1776s
1124 0.737651 0.522931 0.00449332 22.2382s
1125 0.737651 0.519381 0.00469142 22.1593s
1126 0.737651 0.524217 0.00375627 22.1171s
1127 0.737651 0.523531 0.00402052 22.1196s
1128 0.737651 0.514301 0.00404878 22.1272s
1129 0.737651 0.523277 0.00367245 22.1574s
1130 0.737651 0.52473 0.00402721 22.1805s
1131 0.737651 0.524841 0.00378432 22.126s
1132 0.737651 0.520488 0.00442713 22.0965s
1133 0.737651 0.515338 0.00510236 22.1841s
1134 0.737651 0.525349 0.00436225 22.1856s
1135 0.737651 0.524865 0.00409115 22.1569s
1136 0.737651 0.523973 0.00545518 22.9158s
1137 0.737651 0.523506 0.00398726 22.3731s
1138 0.737651 0.519792 0.00382381 22.1615s
1139 0.737651 0.514742 0.00412319 22.11s
1140 0.737651 0.518346 0.00469219 22.1014s
1141 0.737651 0.509539 0.00460855 22.191s
1142 0.737651 0.519258 0.00513539 22.1819s
1143 0.737651 0.518781 0.00409245 22.137s
1144 0.737651 0.522776 0.00451771 22.1734s
1145 0.737651 0.528087 0.00335576 22.1975s
1146 0.737651 0.53077 0.00387871 22.1772s
1147 0.737651 0.521589 0.00340466 22.2125s
1148 0.737651 0.521572 0.00373354 22.2271s
1149 0.737651 0.517483 0.00408506 22.1212s
1150 0.737651 0.521305 0.00415218 22.1349s
1151 0.737651 0.519638 0.00405261 22.2408s
1152 0.737651 0.524175 0.00376173 22.1406s
1153 0.737651 0.527608 0.00479143 22.5441s
1154 0.737651 0.523642 0.00463714 22.2586s
1155 0.737651 0.526751 0.00548339 22.1675s
1156 0.737651 0.52525 0.00407025 22.0983s
1157 0.737651 0.529935 0.00524813 22.2557s
1158 0.737651 0.527838 0.00515558 22.1083s
1159 0.737651 0.531419 0.00534364 22.2303s
1160 0.737651 0.53215 0.00511467 22.2162s
1161 0.737651 0.538423 0.00524215 22.1645s
1162 0.737651 0.531851 0.0048151 22.9905s
1163 0.737651 0.532013 0.00392264 22.2793s
1164 0.737651 0.531297 0.00416527 22.7667s
1165 0.737651 0.529243 0.00515519 22.2413s
1166 0.737651 0.528454 0.00540008 22.2058s
1167 0.737651 0.527872 0.00588825 22.1226s
1168 0.737651 0.525427 0.00463912 22.2178s
1169 0.737651 0.524628 0.00358739 22.2622s
1170 0.737651 0.520486 0.00477574 22.0901s
1171 0.737651 0.524953 0.0042327 22.1861s
1172 0.737651 0.51766 0.00435425 22.1164s
1173 0.737651 0.516273 0.00313711 22.3159s
1174 0.737651 0.526741 0.00421865 22.1031s
1175 0.737651 0.533056 0.00402416 22.2097s
1176 0.737651 0.52585 0.00464161 22.1937s
1177 0.737651 0.521732 0.0045414 22.0982s
1178 0.737651 0.526919 0.00452679 22.2029s
1179 0.737651 0.519358 0.00396905 22.1133s
1180 0.737651 0.518483 0.00349155 22.2003s
1181 0.737651 0.520068 0.00348383 22.206s
1182 0.737651 0.529263 0.00400564 22.1198s
1183 0.737651 0.529314 0.00448038 22.1879s
1184 0.737651 0.530594 0.00398187 22.1596s
1185 0.737651 0.525671 0.00445302 22.1723s
1186 0.737651 0.520857 0.0044819 22.0851s
1187 0.737651 0.525312 0.00422631 22.2274s
1188 0.737651 0.530429 0.00395344 22.1038s
1189 0.737651 0.529451 0.00376908 22.1404s
1190 0.737651 0.529 0.003944 22.0899s
1191 0.737651 0.525748 0.00519611 22.1863s
1192 0.737651 0.528533 0.00466741 22.9408s
1193 0.737651 0.536729 0.00458496 22.1793s
1194 0.737651 0.533322 0.00417121 22.1015s
1195 0.737651 0.537242 0.00440809 22.1677s
1196 0.737651 0.535057 0.00449999 22.1755s
1197 0.737651 0.526607 0.00499354 22.1904s
1198 0.737651 0.520224 0.00427212 22.1039s
1199 0.737651 0.527724 0.00419734 22.2236s
1200 0.737651 0.518937 0.00449131 22.1589s
1201 0.737651 0.520478 0.00556122 22.1512s
1202 0.737651 0.522267 0.00509346 22.14s
1203 0.737651 0.523134 0.00493606 22.1019s
1204 0.737651 0.528915 0.00430948 22.1213s
1205 0.737651 0.519795 0.0044024 22.1573s
1206 0.737651 0.526245 0.00408572 22.176s
1207 0.737651 0.524245 0.0039142 22.0882s
1208 0.737651 0.520742 0.00510782 22.1676s
1209 0.737651 0.523411 0.00477873 22.1467s
1210 0.737651 0.527093 0.00577855 22.1843s
1211 0.737651 0.527296 0.00574904 22.1239s
1212 0.737651 0.515444 0.00524326 22.193s
1213 0.737651 0.533415 0.00511547 22.2339s
1214 0.737651 0.527815 0.00450868 22.1194s
1215 0.737651 0.522041 0.00443272 22.1932s
1216 0.737651 0.519382 0.00402387 22.1451s
1217 0.737651 0.526803 0.00461927 22.2777s
1218 0.737651 0.525638 0.00453588 22.2069s
1219 0.737651 0.521211 0.00534431 22.2014s
1220 0.737651 0.519991 0.00511905 22.9132s
1221 0.737651 0.524114 0.0051817 22.1956s
1222 0.737651 0.519901 0.00542262 22.1351s
1223 0.737651 0.517992 0.00481492 22.1477s
1224 0.737651 0.525678 0.00454303 22.0663s
1225 0.737651 0.51982 0.0036438 22.048s
1226 0.737651 0.528394 0.0048406 22.2218s
1227 0.737651 0.520439 0.00400361 22.1053s
1228 0.737651 0.521139 0.00423964 22.1306s
1229 0.737651 0.526615 0.00438064 22.174s
1230 0.737651 0.522944 0.00407469 22.1299s
1231 0.737651 0.528082 0.00467471 22.1163s
1232 0.737651 0.522076 0.00542618 22.1904s
1233 0.737651 0.524538 0.00520602 22.1078s
1234 0.737651 0.523087 0.00572983 22.2479s
1235 0.737651 0.523197 0.00607267 22.2739s
1236 0.737651 0.520975 0.00592503 22.2295s
1237 0.737651 0.514963 0.00501469 22.1532s
1238 0.737651 0.524949 0.00512983 22.1533s
1239 0.737651 0.520588 0.00364516 22.1199s
1240 0.737651 0.526486 0.00368967 22.1963s
1241 0.737651 0.52347 0.0046611 22.1914s
1242 0.737651 0.522578 0.00443149 22.2424s
1243 0.737651 0.520311 0.0052936 22.1797s
1244 0.737651 0.5217 0.00436929 22.1331s
1245 0.737651 0.522758 0.00493257 22.1184s
1246 0.737651 0.527903 0.0042823 22.2014s
1247 0.737651 0.531711 0.00417839 22.1572s
1248 0.737651 0.52176 0.00408427 23.132s
1249 0.737651 0.524992 0.00469464 22.246s
1250 0.737651 0.513467 0.00464188 22.1252s
1251 0.737651 0.5184 0.00440478 22.121s
1252 0.737651 0.521782 0.00398804 22.1479s
1253 0.737651 0.515784 0.00388021 22.1052s
1254 0.737651 0.521929 0.00419387 22.149s
1255 0.737651 0.525641 0.00443198 22.1411s
1256 0.737651 0.526108 0.00478788 22.1603s
1257 0.737651 0.524924 0.00504495 22.1987s
1258 0.737651 0.526333 0.00487711 22.2044s
1259 0.737651 0.518512 0.00454699 22.1778s
1260 0.737651 0.528266 0.00377492 22.2158s
1261 0.737651 0.529843 0.00420855 22.2061s
1262 0.737651 0.524708 0.00371726 22.0986s
1263 0.737651 0.521109 0.00311359 22.2838s
1264 0.737651 0.521377 0.00431504 22.1459s
1265 0.737651 0.526188 0.00447687 22.1769s
1266 0.737651 0.517262 0.00448497 22.1211s
1267 0.737651 0.526223 0.00519994 22.2542s
1268 0.737651 0.530977 0.00534313 22.1382s
1269 0.737651 0.521911 0.0051563 22.1642s
1270 0.737651 0.517343 0.00538588 22.2657s
1271 0.737651 0.517221 0.00503224 22.1263s
1272 0.737651 0.523008 0.00412409 22.2438s
1273 0.737651 0.521333 0.00479876 22.2244s
1274 0.737651 0.522754 0.00438492 22.2292s
1275 0.737651 0.524502 0.00481082 22.2172s
1276 0.737651 0.519928 0.0048676 22.9002s
1277 0.737651 0.517503 0.00416616 22.3264s
1278 0.737651 0.523505 0.00469956 22.2438s
1279 0.737651 0.52238 0.00458515 22.2027s
1280 0.737651 0.512289 0.00525849 22.2338s
1281 0.737651 0.506984 0.0057231 22.1067s
1282 0.737651 0.514022 0.00463231 22.188s
1283 0.737651 0.514544 0.00451362 22.1482s
1284 0.737651 0.519009 0.00351507 22.1954s
1285 0.737651 0.512393 0.00393973 22.0586s
1286 0.737651 0.515803 0.00399618 22.1s
1287 0.737651 0.515176 0.00494356 22.2092s
1288 0.737651 0.517498 0.00454558 22.1737s
1289 0.737651 0.512733 0.00583556 22.1702s
1290 0.737651 0.520131 0.00467435 22.1319s
1291 0.737651 0.517863 0.00481813 22.1615s
1292 0.737651 0.517388 0.00357403 22.1922s
1293 0.737651 0.525124 0.00501814 22.1824s
1294 0.737651 0.526998 0.00492799 22.1289s
1295 0.737651 0.529665 0.00502979 22.2911s
1296 0.737651 0.5206 0.00477076 22.1923s
1297 0.737651 0.530503 0.00525348 22.1952s
1298 0.737651 0.529136 0.00488684 22.3332s
1299 0.737651 0.529402 0.00416967 22.1193s
1300 0.737651 0.52419 0.0046013 22.1553s
1301 0.737651 0.522107 0.00405626 22.1752s
1302 0.737651 0.524421 0.00385015 22.1513s
1303 0.737651 0.524421 0.00415973 22.1908s
1304 0.737651 0.525645 0.00529416 22.997s
1305 0.737651 0.520199 0.00423543 22.8368s
1306 0.737651 0.521777 0.00441547 22.1776s
1307 0.737651 0.520861 0.00522652 22.1916s
1308 0.737651 0.524545 0.00439962 22.2104s
1309 0.737651 0.514548 0.00491613 22.1892s
1310 0.737651 0.525834 0.00446792 22.2043s
1311 0.737651 0.52407 0.00506287 22.2111s
1312 0.737651 0.515878 0.00470153 22.3054s
1313 0.737651 0.517404 0.00489944 22.316s
1314 0.737651 0.519258 0.00522779 22.2999s
1315 0.737651 0.524223 0.00497118 22.288s
1316 0.737651 0.522283 0.0049529 23.6939s
1317 0.737651 0.522154 0.00479 22.258s
1318 0.737651 0.522612 0.00459676 22.1322s
1319 0.737651 0.528647 0.00404421 22.1033s
1320 0.737651 0.525186 0.00453893 22.1527s
1321 0.737651 0.518681 0.0041056 22.1231s
1322 0.737651 0.525459 0.00411937 22.1734s
1323 0.737651 0.517838 0.00439609 22.1867s
1324 0.737651 0.520712 0.00445512 23.0218s
1325 0.737651 0.524663 0.00442999 22.2836s
1326 0.737651 0.533328 0.00423481 22.1685s
1327 0.737651 0.520163 0.00446736 22.2051s
1328 0.737651 0.521178 0.00449565 22.1788s
1329 0.737651 0.522335 0.00416533 22.2186s
1330 0.737651 0.523881 0.00402148 22.2063s
1331 0.737651 0.514891 0.0043658 22.2134s
1332 0.737651 0.512148 0.004075 22.8476s
1333 0.737651 0.510628 0.00387882 22.1885s
1334 0.737651 0.52122 0.00414754 22.0821s
1335 0.737651 0.529882 0.00491793 22.1387s
1336 0.737651 0.530421 0.00492848 22.1031s
1337 0.737651 0.523821 0.0036703 22.1328s
1338 0.737651 0.52778 0.00418584 22.2322s
1339 0.737651 0.518056 0.00331437 22.0499s
1340 0.737651 0.51749 0.00398035 22.1602s
1341 0.737651 0.520251 0.00451677 22.119s
1342 0.737651 0.525046 0.00377615 22.1502s
1343 0.737651 0.528827 0.00366193 22.1491s
1344 0.737651 0.531275 0.00419456 22.181s
1345 0.737651 0.5256 0.00467627 22.1853s
1346 0.737651 0.523471 0.00464969 22.2174s
1347 0.737651 0.524192 0.0042074 22.114s
1348 0.737651 0.520346 0.00459197 22.1828s
1349 0.737651 0.526865 0.00475204 22.2323s
1350 0.737651 0.525959 0.00435023 22.1794s
1351 0.737651 0.535601 0.0048546 22.1266s
1352 0.737651 0.536429 0.00509753 22.1931s
1353 0.737651 0.520659 0.0055534 22.217s
1354 0.737651 0.526168 0.00415181 22.1856s
1355 0.737651 0.518072 0.00515854 22.158s
1356 0.737651 0.517126 0.00415596 22.1649s
1357 0.737651 0.512159 0.00404192 22.1624s
1358 0.737651 0.517778 0.00370161 22.2476s
1359 0.737651 0.522669 0.00407493 22.2483s
1360 0.737651 0.525383 0.00325974 22.804s
1361 0.737651 0.523515 0.00397324 22.1929s
1362 0.737651 0.523944 0.00345257 22.2745s
1363 0.737651 0.523784 0.00356943 22.1302s
1364 0.737651 0.521607 0.00342366 22.1709s
1365 0.737651 0.520313 0.00408374 22.1016s
1366 0.737651 0.515535 0.00334987 22.1317s
1367 0.737651 0.519787 0.0032395 22.1149s
1368 0.737651 0.522331 0.00380747 22.0707s
1369 0.737651 0.526021 0.00408671 22.1001s
1370 0.737651 0.522885 0.00326705 22.0881s
1371 0.737651 0.516179 0.00405432 22.0577s
1372 0.737651 0.52231 0.00400418 22.2192s
1373 0.737651 0.523424 0.00383994 22.1507s
1374 0.737651 0.515081 0.00362844 22.2041s
1375 0.737651 0.520791 0.00377847 22.1411s
1376 0.737651 0.511512 0.00332582 22.0622s
1377 0.737651 0.51987 0.00352965 22.1656s
1378 0.737651 0.523328 0.00409731 22.1353s
1379 0.737651 0.520452 0.00459177 22.1613s
1380 0.737651 0.518467 0.00535094 22.0755s
1381 0.737651 0.527088 0.00553514 22.2084s
1382 0.737651 0.517077 0.00415176 22.1707s
1383 0.737651 0.524678 0.004752 22.1253s
1384 0.737651 0.511922 0.00545936 22.5691s
1385 0.737651 0.522076 0.00550763 22.2386s
1386 0.737651 0.518496 0.00535811 22.1409s
1387 0.737651 0.527954 0.00613937 22.2139s
1388 0.737651 0.519316 0.00442642 22.8816s
1389 0.737651 0.520555 0.00436041 22.1504s
1390 0.737651 0.525794 0.00508842 22.0941s
1391 0.737651 0.531356 0.00484756 22.1849s
1392 0.737651 0.523037 0.00584105 22.3427s
1393 0.737651 0.519662 0.00551453 22.1211s
1394 0.737651 0.528826 0.00578287 22.1364s
1395 0.737651 0.533741 0.00481513 22.2136s
1396 0.737651 0.528388 0.0041762 22.1651s
1397 0.737651 0.526045 0.00458728 22.2254s
1398 0.737651 0.52258 0.00418716 22.1008s
1399 0.737651 0.522473 0.00330666 22.2976s
1400 0.737651 0.522221 0.00343575 22.1577s
1401 0.737651 0.526651 0.00387483 22.1951s
1402 0.737651 0.524523 0.00360682 22.1867s
1403 0.737651 0.52943 0.0043215 22.1198s
1404 0.737651 0.526506 0.00342628 22.1273s
1405 0.737651 0.516393 0.00325578 22.1036s
1406 0.737651 0.516912 0.00325102 22.0795s
1407 0.737651 0.519729 0.00283082 22.1837s
1408 0.737651 0.517969 0.00318498 22.0898s
1409 0.737651 0.530176 0.00435099 22.1088s
1410 0.737651 0.528353 0.00403385 22.1691s
1411 0.737651 0.523527 0.00457706 22.2366s
1412 0.737651 0.532279 0.00478488 22.2556s
1413 0.737651 0.524606 0.00466741 22.2844s
1414 0.737651 0.522753 0.00515565 22.1874s
1415 0.737651 0.513501 0.00386748 22.1699s
1416 0.737651 0.525363 0.00486704 23.1728s
1417 0.737651 0.519229 0.00485047 22.2568s
1418 0.737651 0.516984 0.00455003 22.0853s
1419 0.737651 0.522534 0.00466729 22.1225s
1420 0.737651 0.517394 0.00492825 22.1088s
1421 0.737651 0.525184 0.00629612 22.098s
1422 0.737651 0.521997 0.00547557 22.2059s
1423 0.737651 0.527187 0.00492722 22.1513s
1424 0.737651 0.533658 0.00369274 22.1566s
1425 0.737651 0.527615 0.00367037 22.2263s
1426 0.737651 0.526687 0.00399227 22.2253s
1427 0.737651 0.530323 0.00392378 22.1868s
1428 0.737651 0.537581 0.00447284 22.171s
1429 0.737651 0.527724 0.00481864 22.2572s
1430 0.737651 0.524451 0.00383257 22.2041s
1431 0.737651 0.524939 0.0045405 22.1921s
1432 0.737651 0.521392 0.00446277 22.1632s
1433 0.737651 0.513876 0.00424041 22.251s
1434 0.737651 0.511387 0.00372139 22.0752s
1435 0.737651 0.516009 0.00350311 22.1927s
1436 0.737651 0.520851 0.00368196 22.1662s
1437 0.737651 0.519666 0.00401901 22.1197s
1438 0.737651 0.516504 0.0034315 22.0948s
1439 0.737651 0.521592 0.00387918 22.1609s
1440 0.737651 0.515991 0.00332301 22.092s
1441 0.737651 0.515718 0.00367221 22.1377s
1442 0.737651 0.510646 0.00324571 22.1065s
1443 0.737651 0.515892 0.00343836 22.1266s
1444 0.737651 0.513798 0.0039834 22.7865s
1445 0.737651 0.513194 0.00376985 22.1914s
1446 0.737651 0.519872 0.00349625 23.181s
1447 0.737651 0.522728 0.00420431 22.0924s
1448 0.737651 0.526445 0.00411967 22.1589s
1449 0.737651 0.51995 0.00451712 22.0818s
1450 0.737651 0.521126 0.00442933 22.253s
1451 0.737651 0.518975 0.00395513 22.0418s
1452 0.737651 0.516411 0.00376336 22.0729s
1453 0.737651 0.518502 0.00366262 22.0064s
1454 0.737651 0.523011 0.00481811 22.1098s
1455 0.737651 0.519137 0.00504064 22.1466s
1456 0.737651 0.523056 0.00427979 22.1304s
1457 0.737651 0.527571 0.00497004 22.2098s
1458 0.737651 0.521878 0.00479306 22.1543s
1459 0.737651 0.518639 0.00557193 22.235s
1460 0.737651 0.51893 0.00542185 22.1568s
1461 0.737651 0.523939 0.0048669 22.1591s
1462 0.737651 0.524542 0.0050343 22.1673s
1463 0.737651 0.524275 0.00383042 22.2128s
1464 0.737651 0.526768 0.00379401 22.2653s
1465 0.737651 0.522471 0.00390585 22.2244s
1466 0.737651 0.519651 0.00442169 22.1444s
1467 0.737651 0.51484 0.00408216 22.295s
1468 0.737651 0.520948 0.00393683 22.216s
1469 0.737651 0.529832 0.00423656 22.181s
1470 0.737651 0.527823 0.00492089 22.0799s
1471 0.737651 0.521962 0.00493531 22.2026s
1472 0.737651 0.526741 0.00416455 22.514s
1473 0.737651 0.528691 0.0045577 22.1909s
1474 0.737651 0.520855 0.00407807 22.529s
1475 0.737651 0.524698 0.00414134 22.2398s
1476 0.737651 0.530496 0.00452472 22.3965s
1477 0.737651 0.523911 0.00468347 22.1052s
1478 0.737651 0.529106 0.00525131 22.186s
1479 0.737651 0.525376 0.00431551 22.1771s
1480 0.737651 0.526031 0.00312846 22.1899s
1481 0.737651 0.534195 0.00492576 22.2969s
1482 0.737651 0.53335 0.00530349 22.129s
1483 0.737651 0.525719 0.00476504 22.2207s
1484 0.737651 0.530853 0.00422049 22.1954s
1485 0.737651 0.533138 0.00426007 22.2465s
1486 0.737651 0.529835 0.00367564 23.0245s
1487 0.737651 0.523474 0.00419632 22.3323s
1488 0.737651 0.519168 0.00412628 22.2999s
1489 0.737651 0.524029 0.00334436 22.2204s
1490 0.737651 0.521938 0.00453125 22.1562s
1491 0.737651 0.518925 0.0035195 22.1623s
1492 0.737651 0.518122 0.00402938 22.2022s
1493 0.737651 0.518333 0.00430873 22.1235s
1494 0.737651 0.52206 0.00381761 22.147s
1495 0.737651 0.520181 0.0041915 22.1906s
1496 0.737651 0.52835 0.00415973 22.1123s
1497 0.737651 0.522179 0.00390757 22.1201s
1498 0.737651 0.52191 0.00361936 22.1506s
1499 0.737651 0.519905 0.00344058 22.1478s
1500 0.737651 0.521781 0.00370136 22.1594s
1501 0.737651 0.527308 0.00385563 22.1639s
1502 0.737651 0.520054 0.0032081 22.1751s
1503 0.737651 0.522803 0.00374921 22.9659s
1504 0.737651 0.527008 0.00443933 22.1908s
1505 0.737651 0.520713 0.00398565 22.1189s
1506 0.737651 0.524392 0.00461549 22.0998s
1507 0.737651 0.52332 0.00424764 22.1531s
1508 0.737651 0.523653 0.00382936 22.1363s
1509 0.737651 0.524243 0.00355829 22.0277s
1510 0.737651 0.525666 0.00350154 22.0412s
1511 0.737651 0.529813 0.00406498 22.2148s
1512 0.737651 0.521497 0.00339441 22.1363s
1513 0.737651 0.521673 0.00351498 22.166s
1514 0.737651 0.518265 0.00345515 22.1657s
1515 0.737651 0.520726 0.00432939 22.3066s
1516 0.737651 0.52322 0.0036768 22.106s
1517 0.737651 0.52321 0.00542446 22.1565s
1518 0.737651 0.528933 0.00433267 22.1994s
1519 0.737651 0.526326 0.00362713 22.1299s
1520 0.737651 0.527518 0.00422211 22.1877s
1521 0.737651 0.525711 0.00391134 22.1293s
1522 0.737651 0.526535 0.00358763 22.1441s
1523 0.737651 0.524948 0.00338731 22.1376s
1524 0.737651 0.524347 0.00392275 22.0959s
1525 0.737651 0.528957 0.00417309 22.1436s
1526 0.737651 0.523329 0.00425848 22.1238s
1527 0.737651 0.509703 0.00427044 22.1206s
1528 0.737651 0.518206 0.00453935 22.2106s
1529 0.737651 0.517208 0.00435156 22.1883s
1530 0.737651 0.523601 0.00517466 22.3182s
1531 0.737651 0.525065 0.0050827 22.8747s
1532 0.737651 0.519713 0.00382478 22.165s
1533 0.737651 0.52132 0.00415957 22.2032s
1534 0.737651 0.520202 0.00433687 22.1609s
1535 0.737651 0.518939 0.00461441 22.2257s
1536 0.737651 0.51307 0.00445299 22.202s
1537 0.737651 0.52449 0.00480477 22.193s
1538 0.737651 0.523115 0.00514737 22.8103s
1539 0.737651 0.518238 0.00421367 22.1409s
1540 0.737651 0.514494 0.00470833 22.0694s
1541 0.737651 0.521833 0.00382823 22.1917s
1542 0.737651 0.526947 0.00422754 22.1457s
1543 0.737651 0.515001 0.00400642 22.173s
1544 0.737651 0.520595 0.00419734 22.4156s
1545 0.737651 0.517874 0.00373921 22.1628s
1546 0.737651 0.520472 0.00418313 22.1884s
1547 0.737651 0.526071 0.00406628 22.1525s
1548 0.737651 0.527174 0.00473089 22.2562s
1549 0.737651 0.526952 0.00405943 22.1511s
1550 0.737651 0.529462 0.00420817 22.1912s
1551 0.737651 0.524714 0.00361303 22.1383s
1552 0.737651 0.527091 0.00357825 22.0696s
1553 0.737651 0.524494 0.00374812 22.17s
1554 0.737651 0.530126 0.00414217 22.1375s
1555 0.737651 0.524187 0.00426577 22.2297s
1556 0.737651 0.52334 0.00476782 22.2727s
1557 0.737651 0.521697 0.00469573 22.1228s
1558 0.737651 0.517997 0.00477829 22.1173s
1559 0.737651 0.525239 0.00537463 22.2944s
1560 0.737651 0.528345 0.0046258 22.8207s
1561 0.737651 0.522077 0.00448662 22.3364s
1562 0.737651 0.521848 0.00465618 22.1437s
1563 0.737651 0.522235 0.00381541 22.1707s
1564 0.737651 0.524989 0.00410374 22.2081s
1565 0.737651 0.525869 0.00396307 22.1125s
1566 0.737651 0.522253 0.0040019 22.1373s
1567 0.737651 0.517952 0.00373465 22.203s
1568 0.737651 0.527547 0.00381119 22.134s
1569 0.737651 0.528188 0.00420773 22.1228s
1570 0.737651 0.523925 0.00407752 22.1475s
1571 0.737651 0.518127 0.0038296 22.1523s
1572 0.737651 0.524438 0.00439311 22.1012s
1573 0.737651 0.524218 0.00435452 22.2954s
1574 0.737651 0.524681 0.00359359 22.0583s
1575 0.737651 0.526402 0.00334789 22.1131s
1576 0.737651 0.526619 0.00471641 22.3218s
1577 0.737651 0.518921 0.00393901 22.2177s
1578 0.737651 0.519765 0.00394445 22.1446s
1579 0.737651 0.520539 0.00390165 22.1145s
1580 0.737651 0.516639 0.00434425 22.1338s
1581 0.737651 0.514879 0.00391181 22.1224s
1582 0.737651 0.524694 0.00370059 22.2622s
1583 0.737651 0.530381 0.00396767 22.1987s
1584 0.737651 0.524701 0.00342639 22.1431s
1585 0.737651 0.522967 0.00343007 22.154s
1586 0.737651 0.526426 0.00348519 22.106s
1587 0.737651 0.520357 0.00334454 22.1521s
1588 0.737651 0.520403 0.00386799 23.1059s
1589 0.737651 0.514175 0.00332456 22.2416s
1590 0.737651 0.523443 0.0038681 22.1826s
1591 0.737651 0.520637 0.00352087 22.2318s
1592 0.737651 0.515424 0.00348504 22.2125s
1593 0.737651 0.523344 0.00386551 22.1476s
1594 0.737651 0.531151 0.0047517 22.2475s
1595 0.737651 0.52692 0.00398167 22.1046s
1596 0.737651 0.523523 0.00379278 22.147s
1597 0.737651 0.522395 0.00452314 22.1585s
1598 0.737651 0.519537 0.00499518 22.2407s
1599 0.737651 0.524639 0.00392495 22.2401s
1600 0.737651 0.526962 0.0042487 22.1031s
1601 0.737651 0.522764 0.0042207 22.2151s
1602 0.737651 0.519923 0.00447373 22.1445s
1603 0.737651 0.520206 0.00346983 22.087s
1604 0.737651 0.530024 0.00408221 22.225s
1605 0.737651 0.522926 0.003474 22.1162s
1606 0.737651 0.527646 0.00415724 22.2137s
1607 0.737651 0.526288 0.00339991 22.1307s
1608 0.737651 0.524563 0.00362517 22.1867s
1609 0.737651 0.52461 0.00410123 22.1425s
1610 0.737651 0.523684 0.00469679 22.1399s
1611 0.737651 0.527035 0.00468033 22.131s
1612 0.737651 0.526653 0.00487391 22.3045s
1613 0.737651 0.526469 0.00452127 22.2184s
1614 0.737651 0.52617 0.00369158 22.1578s
1615 0.737651 0.535101 0.00430666 22.1021s
1616 0.737651 0.522754 0.00379377 22.7361s
1617 0.737651 0.516396 0.00332072 22.1508s
1618 0.737651 0.516774 0.00378859 22.1657s
1619 0.737651 0.5215 0.00337472 22.0583s
1620 0.737651 0.520149 0.00492421 22.1564s
1621 0.737651 0.5203 0.00367492 22.2076s
1622 0.737651 0.521396 0.00416237 22.1669s
1623 0.737651 0.520252 0.00436762 22.0975s
1624 0.737651 0.518218 0.00364408 22.2221s
1625 0.737651 0.52353 0.00319401 22.1314s
1626 0.737651 0.527728 0.00371646 22.1482s
1627 0.737651 0.524834 0.00360094 22.1487s
1628 0.737651 0.524344 0.00414978 22.3375s
1629 0.737651 0.526024 0.00422741 22.1217s
1630 0.737651 0.517851 0.00530228 22.2109s
1631 0.737651 0.515409 0.00508189 22.402s
1632 0.737651 0.531998 0.00470913 22.2391s
1633 0.737651 0.533509 0.00439476 22.6367s
1634 0.737651 0.533826 0.0038746 22.3063s
1635 0.737651 0.526116 0.00381408 22.1797s
1636 0.737651 0.521724 0.00374321 22.2067s
1637 0.737651 0.526415 0.00377953 22.1367s
1638 0.737651 0.52685 0.00428095 22.3775s
1639 0.737651 0.518443 0.00459702 22.2113s
1640 0.737651 0.525023 0.00416395 22.3166s
1641 0.737651 0.529995 0.00445598 22.1981s
1642 0.737651 0.534985 0.00456388 22.3311s
1643 0.737651 0.533751 0.00463177 22.2878s
1644 0.737651 0.530436 0.00465264 23.0578s
1645 0.737651 0.526556 0.00617496 22.1942s
1646 0.737651 0.527011 0.00566947 22.2426s
1647 0.737651 0.521333 0.00484058 22.1982s
1648 0.737651 0.521818 0.00435128 23.0162s
1649 0.737651 0.519194 0.00416403 22.2828s
1650 0.737651 0.521865 0.00451203 22.3996s
1651 0.737651 0.51805 0.00391494 22.3255s
1652 0.737651 0.525433 0.00410261 22.2058s
1653 0.737651 0.527133 0.00412182 22.2298s
1654 0.737651 0.527621 0.00456504 22.2781s
1655 0.737651 0.524771 0.00494486 22.1097s
1656 0.737651 0.517075 0.00454559 22.2213s
1657 0.737651 0.517274 0.0042767 22.2326s
1658 0.737651 0.521842 0.00431888 22.1921s
1659 0.737651 0.522052 0.00414913 22.2904s
1660 0.737651 0.52949 0.00410898 22.2633s
1661 0.737651 0.53698 0.00433454 22.2255s
1662 0.737651 0.532967 0.00471844 22.1948s
1663 0.737651 0.535994 0.00537147 22.2646s
1664 0.737651 0.531092 0.00407164 22.2322s
1665 0.737651 0.527477 0.00502072 22.2735s
1666 0.737651 0.518901 0.00500093 22.2799s
1667 0.737651 0.52562 0.00411695 22.4163s
1668 0.737651 0.525463 0.00500544 22.2775s
1669 0.737651 0.526444 0.00495034 22.1938s
1670 0.737651 0.532584 0.00557181 22.1549s
1671 0.737651 0.522597 0.00534629 23.0783s
1672 0.737651 0.517674 0.00467524 22.2298s
1673 0.737651 0.526491 0.00504539 22.1752s
1674 0.737651 0.522598 0.00541025 22.1726s
1675 0.737651 0.517212 0.00428639 22.1941s
1676 0.737651 0.52247 0.00452142 22.944s
1677 0.737651 0.518511 0.00445171 23.4233s
1678 0.737651 0.51855 0.0038268 22.0684s
1679 0.737651 0.518521 0.00375786 22.2532s
1680 0.737651 0.518424 0.00336552 22.084s
1681 0.737651 0.514342 0.00378955 22.1303s
1682 0.737651 0.528197 0.00418283 22.1829s
1683 0.737651 0.524922 0.0042525 22.081s
1684 0.737651 0.527649 0.00419247 22.1382s
1685 0.737651 0.525424 0.00411203 22.1662s
1686 0.737651 0.51963 0.00277714 22.0405s
1687 0.737651 0.520072 0.00392022 22.2513s
1688 0.737651 0.521631 0.00304035 22.3791s
1689 0.737651 0.520755 0.00356713 22.0339s
1690 0.737651 0.523657 0.00426629 22.0869s
1691 0.737651 0.517812 0.0046707 22.2172s
1692 0.737651 0.518219 0.00326365 22.18s
1693 0.737651 0.521965 0.00370322 22.1693s
1694 0.737651 0.524009 0.00485358 22.2117s
1695 0.737651 0.528316 0.00482736 22.2389s
1696 0.737651 0.529456 0.00470699 22.1677s
1697 0.737651 0.533339 0.00428576 22.2319s
1698 0.737651 0.531919 0.0057734 22.2486s
1699 0.737651 0.539792 0.00546774 23.0001s
1700 0.737651 0.531617 0.00406743 22.1404s
1701 0.737651 0.531639 0.00453406 22.1766s
1702 0.737651 0.516632 0.00417876 22.2346s
1703 0.737651 0.525013 0.0042167 22.1196s
1704 0.737651 0.529215 0.00486895 22.1751s
1705 0.737651 0.524516 0.00462387 22.1166s
1706 0.737651 0.528196 0.00449689 22.204s
1707 0.737651 0.525159 0.00468956 22.2029s
1708 0.737651 0.529575 0.00384097 22.1167s
1709 0.737651 0.525143 0.00408203 22.2321s
1710 0.737651 0.518982 0.0047564 22.2861s
1711 0.737651 0.522054 0.00395385 22.083s
1712 0.737651 0.524655 0.00362268 22.1441s
1713 0.737651 0.527087 0.00424938 22.1136s
1714 0.737651 0.526497 0.00386932 22.3055s
1715 0.737651 0.5305 0.00393356 22.1817s
1716 0.737651 0.527487 0.00552902 22.1457s
1717 0.737651 0.523549 0.00516664 22.1786s
1718 0.737651 0.518229 0.00339394 22.1911s
1719 0.737651 0.516454 0.00308744 22.1593s
1720 0.737651 0.529386 0.00373134 22.2143s
1721 0.737651 0.520572 0.00378086 22.1813s
1722 0.737651 0.524257 0.00405512 22.1437s
1723 0.737651 0.51655 0.00460813 22.7594s
1724 0.737651 0.521863 0.00424482 22.1915s
1725 0.737651 0.524599 0.00529829 22.253s
1726 0.737651 0.52018 0.00528857 22.141s
1727 0.737651 0.526737 0.0042676 22.8589s
1728 0.737651 0.521925 0.00380824 22.1795s
1729 0.737651 0.519879 0.00409251 22.1675s
1730 0.737651 0.517544 0.0045524 22.0774s
1731 0.737651 0.513904 0.00419437 22.1625s
1732 0.737651 0.514757 0.00471123 22.2476s
1733 0.737651 0.524307 0.005177 22.2446s
1734 0.737651 0.528872 0.00445225 22.1721s
1735 0.737651 0.520838 0.00513901 22.146s
1736 0.737651 0.515308 0.00469165 22.1802s
1737 0.737651 0.511046 0.00451251 22.1647s
1738 0.737651 0.517196 0.00350471 22.1162s
1739 0.737651 0.5252 0.00399155 22.1709s
1740 0.737651 0.530419 0.00483615 22.2132s
1741 0.737651 0.532934 0.00459336 22.186s
1742 0.737651 0.529015 0.0042842 22.1231s
1743 0.737651 0.526764 0.00434443 22.1496s
1744 0.737651 0.526006 0.00436153 22.2962s
1745 0.737651 0.531261 0.00522312 22.2602s
1746 0.737651 0.534691 0.00367916 22.2438s
1747 0.737651 0.528889 0.00394981 22.348s
1748 0.737651 0.53193 0.00466497 22.2548s
1749 0.737651 0.535506 0.00567914 22.3035s
1750 0.737651 0.5237 0.0042261 22.1646s
1751 0.737651 0.525507 0.00410125 22.1341s
1752 0.737651 0.526757 0.00361963 22.1827s
1753 0.737651 0.525708 0.00322228 22.1948s
1754 0.737651 0.517134 0.00364172 22.1464s
1755 0.737651 0.514702 0.00383601 22.1509s
1756 0.737651 0.511371 0.00404802 22.1147s
1757 0.737651 0.514424 0.00385032 22.8186s
1758 0.737651 0.528821 0.00399046 22.2139s
1759 0.737651 0.52514 0.00450961 22.1413s
1760 0.737651 0.521418 0.00458666 22.154s
1761 0.737651 0.516646 0.00478998 22.1823s
1762 0.737651 0.519823 0.00432327 22.1586s
1763 0.737651 0.516284 0.00447723 22.1456s
1764 0.737651 0.526524 0.00389306 22.1252s
1765 0.737651 0.524746 0.00393554 22.2279s
1766 0.737651 0.521293 0.00441259 22.1706s
1767 0.737651 0.520437 0.00443003 22.2397s
1768 0.737651 0.520909 0.00375879 22.1307s
1769 0.737651 0.529308 0.00411754 22.1452s
1770 0.737651 0.523755 0.00317274 22.2202s
1771 0.737651 0.52542 0.00315294 22.1916s
1772 0.737651 0.526012 0.00404212 22.1658s
1773 0.737651 0.524974 0.00488826 22.2803s
1774 0.737651 0.522282 0.00439791 22.267s
1775 0.737651 0.527418 0.00403246 22.2414s
1776 0.737651 0.528941 0.00428709 22.1467s
1777 0.737651 0.516919 0.00364392 22.1117s
1778 0.737651 0.521135 0.00391176 22.1514s
1779 0.737651 0.525426 0.0045859 22.1944s
1780 0.737651 0.521836 0.0050087 22.1823s
1781 0.737651 0.5172 0.00566594 22.2233s
1782 0.737651 0.523126 0.00493384 22.217s
1783 0.737651 0.530248 0.00542128 22.1999s
1784 0.737651 0.524654 0.00395778 22.1983s
1785 0.737651 0.526115 0.00464976 23.2272s
1786 0.737651 0.533222 0.00528248 22.2124s
1787 0.737651 0.5284 0.00537251 22.2168s
1788 0.737651 0.528143 0.00483302 22.1305s
1789 0.737651 0.522429 0.00343543 22.1351s
1790 0.737651 0.524134 0.00390338 22.2213s
1791 0.737651 0.521528 0.00356725 22.1981s
1792 0.737651 0.51742 0.00365861 22.0979s
1793 0.737651 0.521269 0.00376507 22.1064s
1794 0.737651 0.521694 0.00353259 22.134s
1795 0.737651 0.521988 0.0035953 22.0808s
1796 0.737651 0.520475 0.00364482 22.1061s
1797 0.737651 0.517886 0.00338569 22.0677s
1798 0.737651 0.521527 0.00397225 22.2036s
1799 0.737651 0.52661 0.00428876 22.2111s
1800 0.737651 0.527785 0.00459097 22.3282s
1801 0.737651 0.521831 0.00463481 22.0595s
1802 0.737651 0.523697 0.0053374 23.1021s
1803 0.737651 0.522043 0.00482761 22.5918s
1804 0.737651 0.52731 0.00482096 22.3375s
1805 0.737651 0.530841 0.00416366 22.0782s
1806 0.737651 0.524084 0.00368646 22.1544s
1807 0.737651 0.529996 0.00411991 22.1856s
1808 0.737651 0.524738 0.00344901 22.1138s
1809 0.737651 0.521043 0.00390156 22.1976s
1810 0.737651 0.514826 0.00415598 22.9158s
1811 0.737651 0.525273 0.00422201 22.1781s
1812 0.737651 0.51927 0.00429543 22.3045s
1813 0.737651 0.523177 0.00430341 22.2215s
1814 0.737651 0.520514 0.00404933 22.7981s
1815 0.737651 0.524073 0.00510701 22.2547s
1816 0.737651 0.525117 0.00523512 22.1368s
1817 0.737651 0.526493 0.00501402 22.2154s
1818 0.737651 0.529456 0.00508434 22.2487s
1819 0.737651 0.526937 0.00473474 22.1906s
1820 0.737651 0.532697 0.00466631 22.3402s
1821 0.737651 0.524433 0.00612954 22.3035s
1822 0.737651 0.536161 0.004599 22.2068s
1823 0.737651 0.527898 0.00397698 22.1921s
1824 0.737651 0.532863 0.00443723 22.1278s
1825 0.737651 0.529819 0.00425266 22.2214s
1826 0.737651 0.531333 0.00462305 22.2177s
1827 0.737651 0.5308 0.00428379 22.1807s
1828 0.737651 0.531195 0.00446488 22.2788s
1829 0.737651 0.533948 0.00516446 22.2753s
1830 0.737651 0.532404 0.00589107 22.2405s
1831 0.737651 0.526623 0.0048556 22.2265s
1832 0.737651 0.528065 0.00418367 22.2496s
1833 0.737651 0.527246 0.00440558 22.2613s
1834 0.737651 0.534196 0.00504907 22.23s
1835 0.737651 0.527932 0.00581925 22.1865s
1836 0.737651 0.52571 0.00567886 22.2338s
1837 0.737651 0.530144 0.00557429 22.3972s
1838 0.737651 0.529574 0.00537543 22.2442s
1839 0.737651 0.518299 0.00459055 22.3607s
1840 0.737651 0.526051 0.00525158 22.2824s
1841 0.737651 0.526304 0.00425153 22.3352s
1842 0.737651 0.527756 0.00418058 22.3859s
1843 0.737651 0.522492 0.00472915 22.7982s
1844 0.737651 0.518781 0.00357671 22.2631s
1845 0.737651 0.529669 0.00464154 22.2638s
1846 0.737651 0.526924 0.00435656 22.2538s
1847 0.737651 0.519708 0.0049362 22.1914s
1848 0.737651 0.528134 0.00514731 22.1803s
1849 0.737651 0.528699 0.00522307 22.2393s
1850 0.737651 0.526157 0.0047811 22.1947s
1851 0.737651 0.521119 0.00506666 22.1288s
1852 0.737651 0.518804 0.00568718 22.2999s
1853 0.737651 0.528319 0.00625001 22.2511s
1854 0.737651 0.523676 0.00534014 22.1774s
1855 0.737651 0.527965 0.00573475 22.3647s
1856 0.737651 0.530445 0.0057555 22.3015s
1857 0.737651 0.529633 0.00486732 22.2268s
1858 0.737651 0.533528 0.00414061 22.2824s
1859 0.737651 0.534848 0.00407948 22.1891s
1860 0.737651 0.531467 0.00388197 22.288s
1861 0.737651 0.531979 0.00507432 22.2575s
1862 0.737651 0.52861 0.00483236 22.4432s
1863 0.737651 0.520539 0.00493444 22.3037s
1864 0.737651 0.520303 0.00484855 22.2371s
1865 0.737651 0.522339 0.00549663 22.2382s
1866 0.737651 0.521066 0.00512705 22.7635s
1867 0.737651 0.52738 0.0042306 22.2979s
1868 0.737651 0.524889 0.00439352 22.258s
1869 0.737651 0.515988 0.00464386 22.2245s
1870 0.737651 0.525659 0.00548215 23.1494s
1871 0.737651 0.52461 0.00493097 22.4714s
1872 0.737651 0.526233 0.0041925 22.372s
1873 0.737651 0.52717 0.00432655 22.3012s
1874 0.737651 0.530499 0.0045001 22.3609s
1875 0.737651 0.524501 0.00442704 22.2519s
1876 0.737651 0.521712 0.00543989 22.2272s
1877 0.737651 0.523255 0.00421146 22.1713s
1878 0.737651 0.522319 0.00482708 22.2799s
1879 0.737651 0.5268 0.00387943 22.1712s
1880 0.737651 0.518172 0.00417688 22.1406s
1881 0.737651 0.513513 0.00456026 22.9651s
1882 0.737651 0.512601 0.00428404 22.3284s
1883 0.737651 0.52295 0.00381179 22.2303s
1884 0.737651 0.514064 0.00332419 22.244s
1885 0.737651 0.528713 0.00426116 22.2012s
1886 0.737651 0.52938 0.00465951 22.2364s
1887 0.737651 0.524209 0.00384221 22.2077s
1888 0.737651 0.525575 0.00345381 22.2248s
1889 0.737651 0.52569 0.00382953 22.2776s
1890 0.737651 0.522111 0.00375993 22.1907s
1891 0.737651 0.524192 0.00418233 22.1657s
1892 0.737651 0.523169 0.00396577 22.2471s
1893 0.737651 0.506302 0.00481663 22.2498s
1894 0.737651 0.518223 0.00430521 22.3049s
1895 0.737651 0.520472 0.00462512 22.2595s
1896 0.737651 0.529257 0.00376839 22.2548s
1897 0.737651 0.52733 0.00390469 22.2159s
1898 0.737651 0.529594 0.00408586 22.2011s
1899 0.737651 0.525046 0.00352642 23.0416s
1900 0.737651 0.522951 0.00349778 22.2687s
1901 0.737651 0.525896 0.00460651 22.3087s
1902 0.737651 0.522384 0.00448725 22.3396s
1903 0.737651 0.528214 0.00460319 22.244s
1904 0.737651 0.522228 0.0047732 22.6018s
1905 0.737651 0.516984 0.00407364 22.2746s
1906 0.737651 0.523864 0.00399565 22.3646s
1907 0.737651 0.520955 0.00434085 22.3052s
1908 0.737651 0.518526 0.00488811 22.5317s
1909 0.737651 0.513697 0.00471761 22.1863s
1910 0.737651 0.513462 0.00406414 22.1972s
1911 0.737651 0.518985 0.00399641 22.2445s
1912 0.737651 0.515223 0.00349757 22.2464s
1913 0.737651 0.521248 0.00464874 22.1864s
1914 0.737651 0.524191 0.00389631 22.1687s
1915 0.737651 0.518758 0.00443411 22.1827s
1916 0.737651 0.511151 0.00431227 22.2147s
1917 0.737651 0.519117 0.00383457 22.114s
1918 0.737651 0.513713 0.0040408 22.4212s
1919 0.737651 0.514221 0.00397992 22.2368s
1920 0.737651 0.5127 0.00386553 22.2198s
1921 0.737651 0.514195 0.00405125 22.8779s
1922 0.737651 0.513626 0.00409316 22.2243s
1923 0.737651 0.519741 0.00387979 22.2464s
1924 0.737651 0.512487 0.0036347 22.1361s
1925 0.737651 0.517636 0.00348076 22.2422s
1926 0.737651 0.515784 0.00415776 23.0379s
1927 0.737651 0.520797 0.0036834 22.2582s
1928 0.737651 0.512549 0.00341839 22.1142s
1929 0.737651 0.523315 0.00352111 22.1543s
1930 0.737651 0.519858 0.00363309 22.1551s
1931 0.737651 0.522598 0.00337677 22.1611s
1932 0.737651 0.520155 0.00326139 22.0938s
1933 0.737651 0.518691 0.00358657 22.1848s
1934 0.737651 0.52095 0.00361556 22.1956s
1935 0.737651 0.521519 0.00418078 22.2041s
1936 0.737651 0.526264 0.00491873 22.2678s
1937 0.737651 0.530377 0.00387179 22.1486s
1938 0.737651 0.524289 0.00366292 22.2717s
1939 0.737651 0.526019 0.00400967 22.2595s
1940 0.737651 0.522648 0.00426057 22.1403s
1941 0.737651 0.517083 0.00444097 22.1867s
1942 0.737651 0.524412 0.00396308 22.5107s
1943 0.737651 0.523282 0.00327454 22.2694s
1944 0.737651 0.520537 0.00456421 22.2692s
1945 0.737651 0.51864 0.00411253 22.2021s
1946 0.737651 0.521019 0.0044453 22.1859s
1947 0.737651 0.519787 0.00371593 22.2169s
1948 0.737651 0.521494 0.00448068 22.2283s
1949 0.737651 0.523676 0.00469985 22.2239s
1950 0.737651 0.513891 0.0051301 22.2204s
1951 0.737651 0.517716 0.00472559 22.2432s
1952 0.737651 0.51721 0.00380309 22.2099s
1953 0.737651 0.516231 0.00485988 22.2449s
1954 0.737651 0.519096 0.00507878 22.7733s
1955 0.737651 0.521046 0.0043899 22.2475s
1956 0.737651 0.529713 0.00486287 22.309s
1957 0.737651 0.527493 0.00459419 22.2602s
1958 0.737651 0.526696 0.00501566 22.2006s
1959 0.737651 0.520389 0.00441328 22.2388s
1960 0.737651 0.513686 0.00411695 23.5347s
1961 0.737651 0.523803 0.00443366 22.395s
1962 0.737651 0.52415 0.00449359 22.2739s
1963 0.737651 0.529541 0.00482926 22.2409s
1964 0.737651 0.530664 0.00395707 22.2568s
1965 0.737651 0.530755 0.00342774 22.4515s
1966 0.737651 0.533707 0.00456547 22.2836s
1967 0.737651 0.5315 0.00367858 22.244s
1968 0.737651 0.529021 0.00399936 22.2005s
1969 0.737651 0.526737 0.00407981 22.2169s
1970 0.737651 0.523262 0.00432969 22.2584s
1971 0.737651 0.527001 0.00445338 22.9981s
1972 0.737651 0.519973 0.00469354 22.2325s
1973 0.737651 0.514876 0.0037978 22.188s
1974 0.737651 0.524056 0.00425874 22.1926s
1975 0.737651 0.529768 0.00427797 22.197s
1976 0.737651 0.534022 0.00438473 22.1205s
1977 0.737651 0.530225 0.00419898 22.2351s
1978 0.737651 0.52394 0.00513103 22.1866s
1979 0.737651 0.522018 0.00390928 22.1703s
1980 0.737651 0.52111 0.00540798 22.1463s
1981 0.737651 0.523698 0.00392225 22.1096s
1982 0.737651 0.526987 0.00394627 22.9458s
1983 0.737651 0.529958 0.00356573 22.1895s
1984 0.737651 0.52367 0.00392883 22.1186s
1985 0.737651 0.526194 0.00409639 22.087s
1986 0.737651 0.531918 0.00482741 22.2167s
1987 0.737651 0.520578 0.00506136 22.2031s
1988 0.737651 0.524201 0.00497881 22.3366s
1989 0.737651 0.531975 0.00543075 22.2253s
1990 0.737651 0.518363 0.00500649 22.3502s
1991 0.737651 0.516378 0.00455027 22.2206s
1992 0.737651 0.523805 0.00521699 22.1656s
1993 0.737651 0.527332 0.00477816 22.2551s
1994 0.737651 0.526888 0.00510553 22.1609s
1995 0.737651 0.532558 0.00507427 22.2114s
1996 0.737651 0.536284 0.0051663 22.1763s
1997 0.737651 0.53482 0.00417134 22.1468s
1998 0.737651 0.539158 0.00445913 22.1059s
1999 0.737651 0.525944 0.0049948 22.2182s
2000 0.737651 0.523979 0.00490472 22.239s
