35  58
36  2
39  5
39  23
43  16
43  65
45  76
48  36
49  19
49  30
49  51
52  79
68  54
72  45
76  13
83  68
87  64
90  12
90  69
96  10
97  17
105  39
109  71
120  62
126  42
169  58
183  38
210  43
229  2
233  53
234  27
319  23
324  5
358  36
362  19
444  51
445  16
472  2
482  13
485  58
507  65
518  54
543  76
580  30
612  51
621  5
635  11
650  25
668  79
673  13
676  16
677  2
683  23
695  36
709  19
747  58
794  51
829  2
854  5
875  13
895  39
899  53
922  16
926  54
944  51
960  36
969  58
973  19
978  2
985  23
1023  5
1061  13
1077  76
1088  2
1096  58
1110  51
1110  68
1111  65
1125  12
1127  69
1144  16
1146  11
1147  45
1157  36
1169  25
1197  13
1211  10
1229  30
1231  17
1233  51
1285  71
1287  64
1305  79
1333  16
1345  13
1358  51
1455  62
1458  5
1479  13
1484  51
1518  16
1529  11
1550  2
1583  2
1584  19
1585  58
1587  23
1589  36
1590  54
1593  5
1595  51
1604  13
1606  2
1606  53
1610  25
1616  19
1616  58
1629  76
1640  39
1691  16
1706  51
1710  65
1714  36
1718  2
1725  23
1726  13
1726  54
1727  5
1729  58
1733  19
1759  2
1776  50
1819  51
1846  13
1859  16
1912  11
1917  51
1926  30
1960  13
1990  25
2019  16
2026  51
2034  79
2073  13
2074  5
2075  2
2080  36
2080  58
2082  19
2085  23
2087  54
2092  2
2096  53
2098  5
2105  36
2105  58
2114  19
2127  51
2132  76
2172  13
2177  16
2184  68
2185  69
2203  43
2207  12
2210  45
2219  51
2224  2
2226  11
2234  54
2235  36
2236  58
2238  23
2240  5
2240  19
2245  2
2257  39
2270  53
2273  58
2277  2
2278  36
2279  10
2280  13
2283  5
2288  23
2292  54
2294  19
2308  65
2319  2
2319  17
2320  25
2324  51
2332  16
2349  50
2351  58
2392  13
2420  2
2420  36
2420  51
2429  19
2444  5
2449  42
2458  54
2460  71
2463  23
2473  16
2473  64
2482  12
2482  20
2483  51
2486  16
2486  57
2490  64
2492  42
2495  5
2498  13
2501  12
2505  16
2513  51
2517  20
2519  11
2534  58
2536  2
2537  36
2546  27
2548  19
2558  56
2561  53
2565  2
2580  58
2592  54
2600  13
2604  39
2607  30
2609  23
2613  36
2629  2
2631  19
2638  5
2660  25
2669  58
2690  51
2694  2
2706  76
2708  13
2710  79
2731  36
2751  19
2751  54
2766  58
2767  53
2770  23
2771  2
2780  5
2783  51
2808  13
2816  62
2825  11
2833  16
2844  36
2855  2
2860  19
2870  51
2884  58
2899  5
2907  65
2911  13
2912  54
2914  2
2926  23
2954  16
2958  51
2959  5
2961  64
2962  12
2963  36
2966  16
2967  42
2968  20
2970  57
2976  5
2977  64
2979  25
2979  51
2980  12
2981  50
2982  16
2982  69
2987  58
2988  19
2992  39
3002  2
3012  13
3016  53
3028  10
3029  36
3030  71
3031  43
3032  38
3035  72
3036  9
3043  10
3045  71
3046  6
3047  75
3049  43
3053  38
3056  54
3060  10
3061  2
3061  58
3062  9
3062  23
3062  71
3062  72
3068  61
3072  68
3076  76
3083  43
3083  71
3084  10
3084  38
3090  19
3092  6
3092  75
3101  13
3114  2
3116  10
3120  71
3122  72
3125  9
3145  51
3147  37
3156  58
3161  11
3176  36
3191  38
3195  5
3196  19
3211  2
3215  13
3217  54
3230  23
3238  51
3251  53
3280  58
3286  2
3293  36
3303  25
3306  30
3315  16
3317  13
3320  19
3327  5
3329  51
3349  2
3361  54
3380  58
3387  23
3392  39
3395  10
3398  71
3398  79
3403  36
3411  45
3417  5
3419  43
3420  13
3424  51
3425  2
3433  19
3435  71
3438  10
3439  38
3446  11
3446  72
3447  9
3462  43
3462  58
3464  16
3479  2
3479  10
3481  75
3482  17
3483  6
3489  71
3493  53
3500  36
3501  54
3505  65
3508  51
3512  38
3518  13
3531  23
3540  19
3541  5
3565  2
3570  50
3575  27
3577  58
3579  76
3609  25
3612  16
3612  51
3624  13
3628  36
3643  2
3660  19
3671  54
3672  10
3674  71
3678  58
3680  43
3683  72
3685  5
3685  9
3696  23
3699  2
3702  51
3705  38
3718  13
3719  10
3723  71
3732  11
3740  36
3740  53
3760  16
3763  19
3764  75
3765  58
3769  43
3770  39
3774  5
3777  6
3780  2
3789  51
3802  10
3810  54
3815  72
3818  71
3825  9
3825  13
3838  23
3850  38
3852  36
3853  2
3866  58
3884  19
3893  51
3895  5
3908  16
3921  2
3923  13
3926  10
3931  69
3934  43
3937  71
3957  36
3961  25
3964  54
3965  58
3981  51
3997  19
3997  53
3999  2
4001  23
4005  30
4015  38
4022  5
4027  13
4032  72
4035  10
4036  79
4042  9
4045  11
4045  71
4054  16
4065  36
4066  58
4070  2
4075  51
4095  43
4099  19
4099  62
4100  23
4100  45
4103  68
4104  76
4104  79
4105  27
4105  65
4107  58
4108  28
4113  23
4113  62
4114  45
4114  75
4117  54
4119  42
4119  79
4123  76
4124  6
4125  27
4128  58
4130  31
4136  10
4143  71
4146  5
4148  85
4149  38
4159  2
4165  13
4165  39
4170  50
4180  51
4181  36
4207  16
4220  2
4222  19
4229  13
4234  53
4242  72
4253  51
4255  10
4258  9
4258  12
4260  43
4266  71
4272  25
4274  5
4275  54
4280  2
4292  36
4321  11
4331  13
4333  19
4337  38
4340  58
4348  16
4355  10
4356  51
4357  2
4372  5
4375  71
4377  23
4384  58
4386  45
4386  62
4386  79
4390  23
4393  27
4394  36
4395  76
4399  28
4401  79
4403  45
4403  62
4404  58
4405  23
4418  75
4420  27
4420  79
4422  43
4423  6
4423  23
4425  45
4425  54
4425  62
4425  76
4426  2
4428  5
4429  13
4430  58
4431  42
4441  28
4444  23
4446  19
4446  79
4447  51
4452  9
4453  72
4454  85
4462  10
4464  71
4466  38
4467  17
4486  53
4488  2
4494  44
4497  16
4513  36
4515  39
4533  51
4534  13
4551  64
4552  58
4557  23
4560  19
4561  62
4562  45
4569  27
4572  79
4574  2
4574  43
4575  25
4579  58
4581  10
4582  23
4582  54
4585  76
4588  5
4588  71
4594  45
4595  62
4606  79
4608  23
4608  58
4620  11
4623  36
4624  31
4634  13
4634  28
4634  38
4635  51
4636  27
4637  2
4643  16
4661  19
4667  72
4669  45
4669  58
4671  9
4673  23
4673  62
4683  10
4698  71
4699  5
4704  65
4705  30
4705  79
4710  2
4714  76
4724  51
4725  23
4728  53
4729  54
4732  42
4732  58
4733  13
4736  36
4742  75
4750  43
4751  50
4752  69
4754  16
4757  12
4758  5
4759  20
4760  64
4761  6
4762  57
4764  51
4766  16
4771  12
4773  5
4774  42
4776  64
4779  20
4780  16
4782  10
4783  19
4790  2
4792  51
4796  36
4802  71
4816  38
4818  68
4820  56
4821  58
4822  30
4822  79
4823  23
4828  45
4829  27
4829  62
4830  65
4831  68
4832  76
4834  70
4835  30
4840  79
4845  68
4852  30
4856  65
4859  54
4861  23
4869  45
4869  58
4878  9
4881  72
4883  61
4886  13
4887  2
4896  16
4897  19
4898  5
4901  12
4902  28
4904  51
4904  64
4905  71
4907  10
4909  57
4911  16
4912  20
4914  43
4915  5
4919  42
4920  39
4921  12
4923  2
4927  36
4927  64
4928  16
4928  25
4928  51
4929  11
4935  5
4943  13
4963  23
4963  58
4963  79
4967  68
4968  30
4968  62
4972  53
4972  76
4979  38
4982  27
4982  37
4982  79
4984  65
4988  68
4989  30
4989  70
4998  23
4998  56
5002  19
5002  45
5005  58
5006  10
5006  76
5008  54
5011  79
5015  68
5015  71
5019  62
5020  30
5031  2
5046  36
5051  23
5059  58
5062  13
5068  43
5082  2
5086  75
5090  72
5095  9
5096  6
5103  51
5106  16
5107  5
5110  27
5112  45
5114  12
5116  42
5117  64
5119  10
5120  19
5120  20
5120  28
5122  16
5123  51
5128  71
5130  57
5131  5
5131  23
5136  58
5137  13
5138  38
5139  62
5142  2
5143  36
5150  31
5157  79
5166  76
5170  54
5171  30
5172  68
5174  65
5185  79
5186  11
5193  23
5195  58
5196  53
5200  30
5206  70
5211  25
5212  45
5220  16
5222  10
5222  19
5223  2
5223  5
5224  51
5231  12
5231  64
5232  42
5233  71
5236  43
5237  16
5242  20
5242  62
5244  13
5244  69
5245  5
5249  51
5250  36
5253  23
5255  27
5260  58
5264  50
5268  57
5273  2
5279  79
5283  76
5284  68
5290  39
5294  65
5301  30
5301  72
5302  38
5308  9
5311  54
5316  56
5316  79
5319  68
5324  45
5326  23
5336  58
5340  10
5340  13
5344  19
5350  16
5351  5
5352  76
5354  71
5356  51
5358  2
5361  12
5362  42
5362  64
5364  30
5364  62
5368  79
5369  16
5372  36
5372  65
5374  5
5378  58
5379  28
5382  20
5384  23
5384  51
5390  43
5390  64
5393  12
5393  16
5393  68
5396  42
5398  27
5401  5
5425  75
5436  45
5438  2
5438  6
5440  10
5444  13
5444  79
5450  23
5451  30
5451  76
5453  54
5456  19
5459  71
5464  38
5464  58
5465  53
5465  70
5469  11
5473  62
5478  36
5484  2
5498  68
5510  72
5510  79
5514  16
5514  51
5517  9
5522  65
5523  5
5525  23
5527  25
5531  12
5533  64
5536  16
5537  58
5538  17
5538  51
5540  13
5541  20
5541  57
5543  45
5546  30
5546  42
5547  27
5548  5
5553  43
5553  56
5556  10
5561  69
5561  76
5564  16
5564  65
5565  36
5566  71
5567  19
5567  39
5568  17
5569  61
5572  24
5572  30
5573  12
5574  2
5575  69
5576  65
5576  76
5576  79
5577  23
5578  58
5580  51
5581  68
5583  39
5585  17
5585  54
5589  62
5590  61
5590  65
5591  76
5592  38
5595  24
5595  69
5596  30
5601  28
5601  55
5602  45
5603  31
5611  91
5614  39
5619  13
5623  5
5628  64
5633  16
5645  2
5648  44
5649  23
5652  51
5655  79
5657  58
5661  42
5663  71
5667  5
5672  10
5673  16
5679  20
5683  19
5687  57
5691  36
5695  68
5696  53
5699  27
5700  12
5702  62
5703  2
5706  65
5709  23
5710  51
5710  76
5712  69
5714  30
5715  17
5715  43
5716  64
5718  9
5718  79
5721  58
5722  61
5722  65
5722  72
5728  16
5729  76
5730  5
5733  13
5735  69
5736  39
5739  45
5739  54
5742  12
5742  24
5746  70
5756  75
5757  25
5759  30
5759  50
5762  11
5762  38
5763  6
5769  71
5770  42
5772  10
5778  51
5779  5
5782  58
5783  23
5786  19
5787  2
5788  16
5789  36
5791  68
5792  79
5800  62
5828  64
5828  65
5833  76
5835  20
5836  13
5838  17
5840  30
5842  27
5844  69
5845  65
5849  16
5851  51
5852  23
5853  2
5854  58
5854  61
5857  45
5858  12
5858  56
5859  5
5861  28
5864  76
5868  43
5869  79
5876  10
5885  71
5886  54
5893  57
5902  36
5903  23
5905  42
5907  19
5910  16
5917  58
5918  2
5919  5
5921  38
5922  51
5925  62
5932  13
5936  72
5937  9
5939  53
5945  64
5945  68
5947  79
5970  16
5979  45
5980  23
5981  27
5989  51
5990  58
5994  5
5999  10
6000  20
6000  30
6002  68
6003  65
6004  71
6004  76
6006  12
6007  2
6010  17
6013  39
6013  69
6013  79
6017  36
6019  19
6019  65
6020  30
6025  24
6025  76
6029  16
6029  23
6029  61
6035  58
6036  54
6037  13
6037  17
6037  42
6037  43
6037  62
6037  70
6039  65
6040  69
6041  5
6045  39
6045  45
6047  30
6047  76
6049  64
6054  51
6055  2
6055  25
6060  11
6066  38
6067  12
6077  71
6081  28
6089  16
6092  6
6092  10
6094  75
6095  31
6103  5
6105  57
6116  36
6120  19
6120  51
6139  2
6140  13
6140  23
6142  58
6145  72
6152  9
6152  16
6164  27
6165  62
6165  79
6171  64
6173  5
6174  20
6174  68
6181  42
6182  53
6184  58
6186  23
6189  79
6191  51
6193  45
6196  43
6200  54
6204  10
6207  68
6209  56
6211  16
6211  30
6211  65
6212  76
6213  12
6215  71
6218  2
6230  5
6230  36
6231  69
6233  17
6236  23
6236  79
6238  13
6240  38
6243  19
6245  58
6260  51
6264  62
6272  16
6278  2
6284  27
6284  64
6290  45
6300  5
6305  79
6307  42
6310  68
6312  30
6314  50
6314  65
6317  76
6319  23
6323  12
6324  10
6325  71
6326  39
6327  58
6328  57
6329  51
6329  69
6330  61
6330  65
6331  16
6331  70
6332  30
6333  17
6333  24
6333  76
6335  20
6341  13
6341  36
6342  54
6343  5
6345  28
6350  2
6355  11
6355  19
6356  43
6358  45
6359  25
6359  72
6360  9
6365  23
6367  62
6369  58
6386  79
6387  38
6391  64
6392  16
6398  51
6398  75
6401  6
6408  71
6409  10
6418  5
6421  53
6423  2
6428  27
6430  42
6431  68
6437  65
6438  13
6439  12
6439  30
6439  76
6440  23
6448  69
6448  79
6449  58
6451  39
6452  16
6452  36
6461  17
6464  19
6467  51
6468  65
6481  5
6487  56
6488  62
6489  54
6491  2
6492  45
6498  20
6513  23
6513  64
6514  16
6519  43
6523  10
6527  58
6536  51
6541  71
6543  13
6551  5
6551  57
6552  38
6563  36
6566  12
6569  2
6571  30
6571  58
6572  72
6572  76
6572  79
6573  16
6574  65
6575  42
6579  68
6581  19
6581  69
6582  9
6582  61
6585  23
6587  76
6589  27
6590  30
6590  39
6592  17
6596  24
6602  51
6603  45
6606  62
6608  28
6610  5
6612  79
6613  70
6614  64
6618  13
6623  68
6624  2
6625  54
6626  31
6629  12
6631  71
6633  16
6637  23
6642  58
6645  10
6646  11
6657  36
6660  20
6664  5
6664  25
6671  51
6671  53
6674  43
6676  65
6680  76
6681  30
6682  19
6686  79
6687  69
6693  65
6694  16
6696  17
6698  42
6698  61
6702  39
6704  2
6704  23
6707  76
6709  45
6710  62
6713  58
6721  38
6730  13
6735  5
6735  12
6737  51
6741  64
6755  16
6761  57
6776  36
6786  2
6799  10
6799  71
6800  54
6800  65
6804  19
6804  30
6809  51
6811  58
6814  23
6815  16
6817  76
6818  5
6818  72
6819  69
6824  9
6831  27
6833  79
6834  2
6834  20
6834  65
6835  6
6835  13
6835  68
6837  30
6837  75
6839  12
6839  17
6841  43
6841  76
6843  24
6844  39
6846  61
6847  58
6848  23
6849  64
6850  42
6850  69
6852  45
6854  10
6858  5
6859  62
6860  50
6860  71
6866  28
6871  38
6872  51
6874  16
6882  36
6910  53
6915  19
6923  2
6931  13
6936  16
6942  54
6944  11
6947  51
6948  5
6971  10
6974  57
6976  64
6985  71
6986  36
6987  55
6995  16
6996  25
6998  2
7001  43
7004  12
7006  5
7009  20
7009  72
7016  51
7020  9
7023  19
7035  13
7050  38
7057  16
7060  2
