43  16
43  65
48  5
48  76
49  23
49  30
49  51
49  58
53  2
53  79
76  36
76  45
85  13
85  68
90  12
90  69
99  17
99  64
113  10
113  71
119  19
120  62
140  39
140  42
181  38
181  43
415  16
424  51
506  65
513  5
535  2
558  13
576  23
579  30
592  58
597  76
666  79
676  16
689  51
690  12
695  20
705  64
832  5
861  16
866  42
869  13
869  57
870  11
884  51
901  36
916  69
920  25
952  2
1007  12
1019  16
1025  64
1039  5
1049  51
1106  13
1107  65
1128  20
1155  68
1159  16
1170  58
1181  45
1193  10
1200  23
1209  76
1215  51
1217  5
1229  30
1232  42
1263  12
1272  17
1274  64
1277  2
1280  16
1301  13
1309  79
1326  51
1331  57
1392  5
1393  16
1415  71
1434  11
1444  51
1455  20
1455  62
1463  39
1468  19
1471  13
1474  12
1490  64
1495  16
1520  25
1523  42
1524  5
1532  2
1535  69
1553  51
1591  16
1625  13
1666  51
1707  16
1707  65
1708  5
1708  12
1716  64
1733  57
1736  20
1751  51
1758  42
1767  13
1767  16
1784  36
1798  58
1804  2
1805  5
1820  76
1837  23
1839  12
1842  64
1845  11
1850  51
1852  16
1899  13
1917  30
1918  5
1946  25
1959  16
1959  51
1991  20
1995  79
2026  13
2039  2
2093  68
2118  51
2122  16
2131  5
2132  12
2133  64
2139  42
2147  13
2150  51
2154  57
2198  11
2210  16
2221  5
2229  51
2238  12
2238  69
2242  64
2260  2
2264  13
2273  19
2273  58
2280  36
2280  54
2291  23
2302  65
2309  10
2315  25
2315  45
2334  76
2335  16
2343  51
2348  20
2350  5
2356  16
2357  42
2363  12
2365  27
2365  64
2376  13
2378  51
2379  57
2384  16
2402  17
2406  2
2410  58
2412  19
2412  36
2413  5
2416  53
2419  54
2420  2
2422  23
2422  39
2429  58
2433  19
2434  36
2439  2
2447  50
2451  54
2456  58
2461  43
2462  53
2463  19
2464  23
2465  2
2468  36
2472  13
2497  58
2506  2
2511  11
2516  6
2519  54
2526  19
2539  36
2563  2
2564  71
2579  51
2590  13
2596  5
2596  58
2604  23
2623  30
2652  2
2652  19
2670  36
2680  51
2685  25
2685  53
2691  54
2693  39
2699  13
2706  79
2712  58
2720  2
2727  5
2761  23
2771  19
2778  51
2786  16
2787  36
2792  5
2797  2
2800  64
2801  12
2801  51
2807  13
2807  16
2816  20
2816  62
2819  58
2822  42
2828  11
2861  54
2873  36
2877  19
2880  2
2881  76
2896  65
2909  13
2917  58
2931  23
2939  5
2943  16
2944  51
2946  53
2952  2
2952  12
2953  64
2956  5
2957  16
2959  57
2962  20
2963  42
2965  51
2972  69
2981  36
2983  25
2990  50
3004  19
3014  13
3021  54
3023  2
3024  58
3024  68
3077  23
3104  2
3111  39
3120  19
3123  13
3124  36
3131  51
3133  58
3161  5
3165  2
3167  11
3179  54
3203  53
3224  19
3225  13
3226  51
3232  36
3237  58
3244  2
3245  23
3270  16
3272  5
3287  51
3320  30
3323  2
3329  13
3334  54
3336  25
3341  58
3348  36
3349  19
3384  2
3389  79
3410  23
3411  5
3411  51
3421  16
3431  13
3444  58
3453  36
3457  53
3458  11
3463  19
3469  2
3474  45
3477  76
3492  54
3496  10
3497  65
3500  51
3512  39
3521  5
3534  13
3538  2
3543  58
3546  16
3548  23
3551  5
3552  12
3552  64
3555  51
3558  17
3559  42
3560  20
3563  16
3563  57
3568  36
3578  19
3598  50
3604  71
3605  2
3606  38
3606  43
3609  10
3611  9
3611  72
3618  71
3622  75
3624  6
3625  10
3626  38
3626  43
3631  13
3632  25
3633  58
3634  71
3635  54
3637  9
3637  72
3643  10
3655  71
3656  38
3657  43
3661  27
3663  2
3668  53
3683  51
3685  23
3690  19
3691  36
3703  5
3732  58
3733  13
3752  2
3757  11
3778  51
3793  16
3793  36
3794  19
3799  5
3800  54
3801  64
3802  12
3804  51
3807  16
3815  42
3818  20
3820  2
3836  13
3837  69
3841  10
3845  71
3846  58
3857  23
3857  72
3858  9
3858  38
3858  43
3867  10
3870  75
3871  6
3873  71
3884  76
3888  39
3890  2
3904  10
3908  36
3910  68
3914  19
3914  71
3916  5
3923  53
3924  43
3925  38
3925  58
3934  72
3935  13
3942  54
3944  9
3951  2
3952  51
3963  25
3970  79
3987  30
4006  23
4013  10
4024  36
4028  71
4030  19
4040  2
4041  13
4046  51
4046  58
4060  5
4061  16
4077  11
4078  43
4091  38
4096  65
4099  54
4113  10
4114  2
4118  36
4130  62
4132  19
4135  51
4141  71
4142  13
4150  58
4155  5
4155  16
4161  12
4161  64
4164  23
4165  51
4167  2
4167  16
4167  57
4168  20
4168  42
4168  53
4170  5
4190  72
4195  50
4203  36
4209  75
4222  9
4229  6
4232  10
4238  13
4244  43
4250  58
4250  71
4253  19
4257  54
4258  2
4262  38
4281  39
4282  25
4314  51
4329  2
4332  23
4341  10
4347  13
4353  36
4354  58
4359  71
4367  19
4375  5
4385  72
4387  2
4390  11
4400  43
4404  9
4408  51
4411  54
4424  38
4428  53
4438  76
4439  13
4440  10
4440  16
4452  58
4456  36
4471  2
4473  71
4475  19
4478  23
4491  45
4492  79
4493  5
4493  23
4494  51
4494  62
4495  27
4496  58
4502  28
4504  79
4505  45
4506  76
4507  23
4509  62
4512  27
4515  75
4516  58
4517  2
4519  79
4520  31
4521  6
4522  45
4527  23
4538  62
4539  85
4543  13
4546  17
4548  38
4549  5
4549  10
4552  54
4560  36
4561  71
4574  43
4588  16
4591  19
4593  51
4596  72
4597  44
4603  25
4605  2
4607  9
4637  58
4638  39
4639  23
4640  79
4642  13
4642  45
4645  62
4646  27
4653  28
4653  76
4657  58
4659  23
4659  53
4659  79
4667  45
4668  10
4672  11
4673  62
4674  30
4675  36
4679  42
4680  27
4681  5
4682  2
4682  23
4683  71
4685  79
4686  51
4687  58
4687  76
4691  65
4697  19
4699  54
4702  45
4714  38
4719  23
4725  43
4726  16
4727  68
4728  2
4734  5
4735  12
4735  64
4738  16
4738  51
4740  20
4744  13
4744  57
4746  69
4747  50
4748  42
4750  12
4750  64
4751  5
4751  16
4760  36
4760  51
4765  10
4786  58
4792  56
4793  79
4797  62
4798  23
4798  30
4800  68
4800  71
4806  65
4806  76
4809  79
4810  70
4811  30
4811  72
4812  27
4814  28
4815  68
4816  58
4817  19
4817  45
4822  9
4828  30
4832  65
4835  23
4836  54
4837  37
4838  6
4838  79
4839  76
4842  62
4847  75
4861  2
4868  82
4872  16
4875  5
4875  10
4878  51
4879  12
4879  13
4879  64
4882  43
4883  20
4886  16
4887  71
4888  36
4888  38
4889  42
4890  57
4893  5
4899  12
4899  64
4901  51
4902  61
4903  2
4903  16
4908  53
4918  25
4929  19
4929  58
4931  13
4940  23
4941  11
4946  20
4949  45
4949  68
4952  30
4952  79
4957  58
4960  36
4961  27
4966  76
4967  65
4967  68
4968  10
4970  62
4973  30
4975  23
4975  70
4977  79
4983  56
4988  54
4995  31
5001  45
5002  71
5004  2
5009  58
5014  28
5027  72
5030  9
5035  5
5036  16
5038  51
5040  19
5044  2
5044  38
5044  42
5045  12
5045  39
5046  64
5048  13
5048  23
5053  5
5053  16
5058  43
5061  57
5062  51
5065  62
5069  27
5076  58
5080  36
5087  69
5097  10
5097  79
5101  68
5102  30
5107  23
5109  76
5115  65
5121  71
5122  2
5122  79
5127  30
5127  68
5129  45
5131  54
5139  58
5141  13
5142  53
5156  19
5172  70
5173  23
5179  2
5180  16
5181  5
5183  51
5183  62
5191  42
5191  64
5192  12
5197  16
5197  20
5200  6
5201  5
5204  36
5205  10
5208  25
5208  75
5209  58
5210  51
5214  38
5215  71
5217  43
5224  27
5228  11
5228  23
5233  72
5234  79
5235  45
5235  76
5241  13
5243  9
5245  68
5246  30
5247  28
5255  65
5257  2
5257  19
5262  58
5268  79
5271  54
5273  56
5280  30
5294  50
5296  62
5302  16
5304  10
5305  5
5309  23
5309  51
5311  12
5313  64
5314  42
5317  36
5321  2
5321  16
5325  5
5326  57
5327  20
5337  51
5337  71
5344  13
5345  58
5352  45
5355  43
5365  68
5365  79
5367  76
5368  27
5373  23
5376  38
5380  19
5384  65
5386  30
5389  53
5396  2
5397  58
5405  68
5406  79
5410  62
5416  54
5422  76
5423  10
5428  36
5429  39
5429  70
5432  16
5435  5
5435  23
5440  51
5442  64
5443  71
5444  12
5445  42
5446  13
5447  72
5450  45
5452  16
5454  9
5455  5
5464  58
5469  2
5472  79
5474  20
5482  65
5483  17
5483  30
5484  69
5486  76
5490  61
5492  19
5492  24
5493  39
5493  65
5497  17
5497  68
5500  11
5500  30
5500  31
5500  69
5501  23
5501  28
5502  76
5505  25
5506  65
5514  56
5515  61
5517  10
5517  38
5519  62
5520  36
5520  45
5524  6
5527  24
5528  2
5529  43
5530  13
5530  27
5530  58
5532  71
5533  75
5533  79
5538  51
5539  5
5540  16
5549  23
5549  64
5552  12
5556  39
5556  42
5557  54
5558  57
5563  16
5564  51
5566  5
5589  58
5594  64
5595  16
5599  12
5601  19
5602  20
5604  51
5614  5
5615  2
5620  36
5621  42
5628  10
5629  53
5629  68
5631  30
5632  65
5632  76
5633  79
5635  62
5636  69
5637  17
5637  23
5644  13
5646  65
5648  76
5649  30
5651  61
5657  39
5657  72
5659  45
5659  71
5662  58
5662  69
5666  9
5678  2
5679  16
5679  27
5680  38
5682  5
5683  43
5685  55
5691  51
5700  23
5705  54
5708  12
5709  16
5710  64
5718  19
5724  57
5729  5
5733  28
5737  13
5737  36
5741  51
5742  58
5743  79
5748  62
5749  10
5751  2
5753  42
5754  65
5755  76
5757  30
5757  68
5759  17
5759  20
5763  11
5763  16
5763  69
5764  23
5769  65
5769  79
5770  71
5773  12
5773  24
5773  76
5774  45
5777  39
5779  61
5780  30
5782  70
5783  17
5786  58
5787  5
5792  68
5794  25
5797  56
5802  64
5803  50
5810  51
5815  2
5815  38
5819  19
5819  23
5823  16
5829  27
5835  13
5838  10
5840  36
5847  43
5853  62
5859  71
5861  79
5864  54
5865  5
5865  58
5869  53
5869  72
5871  6
5876  65
5879  76
5881  9
5881  30
5881  51
5882  69
5885  16
5886  42
5886  75
5888  45
5889  12
5891  2
5891  17
5893  65
5895  23
5898  76
5901  68
5904  39
5909  20
5909  30
5912  79
5917  5
5918  64
5919  57
5924  58
5939  19
5941  13
5943  16
5948  10
5948  51
5951  36
5954  23
5964  2
5972  62
5980  27
5988  71
5992  28
5996  5
5996  58
5998  79
6002  45
6003  43
6006  16
6006  65
6007  38
6009  76
6012  12
6012  69
6013  30
6016  68
6019  17
6019  54
6021  51
6021  61
6022  42
6024  65
6026  24
6029  23
6031  39
6032  76
6035  2
6039  64
6040  13
6041  69
6043  31
6043  70
6044  30
6047  5
6053  19
6056  58
6056  79
6058  45
6063  16
6064  36
6069  20
6070  11
6071  25
6073  10
6075  62
6077  71
6080  72
6086  51
6087  9
6091  23
6098  2
6109  5
6122  58
6124  53
6126  16
6127  27
6129  12
6138  13
6139  68
6141  57
6143  79
6150  56
6155  51
6155  64
6157  65
6159  23
6159  42
6161  76
6162  19
6163  30
6163  36
6169  17
6173  54
6173  69
6175  43
6175  65
6176  2
6176  38
6179  10
6179  61
6184  16
6184  39
6187  5
6189  58
6191  12
6195  45
6195  76
6196  62
6199  71
6200  79
6212  23
6220  51
6223  28
6227  6
6232  13
6234  20
6234  75
6235  5
6245  2
6247  16
6247  58
6268  10
6273  68
6274  27
6275  19
6275  64
6285  79
6286  72
6287  23
6287  36
6288  42
6288  51
6291  30
6294  65
6296  76
6301  9
6303  69
6305  16
6305  17
6307  62
6311  30
6311  71
6312  12
6312  24
6312  65
6315  2
6315  68
6316  43
6316  45
6317  5
6317  54
6319  39
6319  61
6325  58
6329  70
6330  38
6332  13
6335  79
6340  50
6343  23
6355  57
6356  5
6358  51
6361  11
6362  53
6364  25
6366  16
6378  36
6382  64
6384  19
6390  10
6390  58
6396  2
6405  20
6409  71
6410  42
6417  62
6418  45
6419  23
6420  76
6423  30
6423  65
6426  16
6426  27
6426  79
6429  51
6430  68
6431  12
6432  69
6433  17
6436  5
6439  13
6441  76
6442  65
6443  58
6446  30
6446  39
6456  2
6460  54
6460  56
6472  38
6477  23
6483  28
6486  16
6495  5
6496  43
6498  72
6499  51
6500  64
6501  10
6501  36
6502  19
6516  9
6529  2
6534  71
6536  13
6538  79
6541  58
6545  65
6546  12
6546  76
6547  16
6547  42
6549  30
6552  69
6553  62
6555  45
6555  68
6557  17
6560  23
6560  61
6564  24
6565  5
6566  65
6566  76
6567  51
6568  39
6568  57
6570  20
6571  79
6581  6
6585  58
6586  75
6587  30
6589  27
6593  36
6595  31
6600  2
6601  10
6606  16
6607  53
6609  54
6611  64
6612  19
6620  5
6630  13
6630  51
6649  11
6662  25
6667  16
6676  2
6678  23
6679  71
6683  12
6683  79
6685  58
6689  68
6691  62
6692  45
6693  38
6694  5
6694  76
6695  65
6696  43
6699  30
6701  69
6702  51
6704  36
6705  17
6705  42
6707  23
6712  79
6713  70
6713  76
6714  65
6717  39
6717  61
6719  19
6720  10
6721  72
6723  27
6725  58
6727  16
6727  24
6727  28
6727  64
6728  9
6730  12
6731  20
6732  13
6732  45
6735  2
6735  71
6741  54
6742  5
6768  51
6778  57
6788  16
6818  26
6833  36
6834  2
6839  51
6840  5
6840  23
6843  13
6844  58
6845  30
6846  19
6846  65
6847  76
6848  79
6849  16
6849  62
6849  64
6849  68
6852  69
6853  10
6856  17
6856  43
6857  42
6860  12
6861  23
6861  38
6863  30
6863  76
6865  65
6867  39
6867  71
6868  45
6868  56
6868  58
6869  53
6870  79
6871  5
6875  2
6876  61
6877  27
6879  50
6883  54
6892  20
6898  6
6899  75
6916  25
6932  55
