43  16
43  65
48  5
48  76
49  10
49  23
49  30
49  51
49  58
49  71
53  2
53  79
76  36
76  45
85  13
85  68
86  38
86  43
90  12
90  69
99  17
99  64
107  19
117  39
120  42
120  62
121  54
142  27
163  72
164  9
278  58
290  2
334  5
342  23
357  53
382  36
400  19
508  58
515  2
515  16
515  65
518  54
562  76
582  30
582  51
630  36
642  23
650  19
668  5
687  79
702  2
713  58
829  39
833  54
862  36
874  19
874  53
895  2
901  58
912  23
934  5
957  13
966  51
972  16
995  11
1000  2
1024  36
1044  19
1059  58
1087  54
1094  10
1117  65
1126  23
1126  68
1134  69
1134  76
1142  12
1152  5
1153  2
1153  45
1153  51
1154  13
1171  16
1172  25
1187  51
1190  50
1194  13
1207  58
1213  36
1214  17
1224  2
1227  30
1243  19
1258  5
1272  71
1275  53
1290  64
1304  54
1309  2
1316  51
1319  16
1329  39
1332  13
1349  23
1350  58
1356  11
1364  36
1379  79
1382  19
1455  62
1475  2
1478  58
1488  5
1500  51
1506  54
1510  13
1512  36
1526  2
1527  19
1531  23
1532  16
1567  51
1586  25
1589  53
1601  58
1647  36
1662  2
1662  19
1663  5
1675  13
1692  54
1699  2
1706  51
1710  23
1711  16
1713  58
1720  65
1736  11
1739  5
1741  76
1747  13
1759  36
1783  19
1789  2
1798  51
1799  39
1836  58
1859  13
1859  16
1875  2
1875  54
1881  5
1883  53
1896  23
1896  36
1898  51
1916  30
1921  19
1941  50
1948  58
1978  2
2007  13
2027  5
2027  36
2028  25
2028  51
2039  16
2040  2
2041  54
2044  19
2051  58
2055  12
2058  23
2071  79
2072  11
2115  36
2141  10
2151  53
2160  19
2170  58
2198  68
2207  54
2214  69
2215  2
2216  23
2228  13
2228  51
2229  5
2233  39
2245  2
2246  16
2259  36
2262  51
2267  58
2277  71
2280  43
2282  38
2283  45
2284  10
2285  19
2285  72
2286  9
2292  76
2293  71
2294  6
2296  75
2302  10
2302  38
2304  43
2311  71
2314  65
2315  27
2316  72
2317  9
2322  17
2329  10
2335  54
2340  38
2341  58
2345  71
2348  42
2355  23
2369  2
2369  5
2374  53
2377  13
2379  36
2389  51
2398  16
2401  2
2404  19
2405  13
2408  25
2412  64
2415  11
2426  20
2428  51
2435  5
2443  2
2468  58
2474  13
2487  36
2505  16
2520  19
2521  54
2528  51
2530  2
2544  23
2571  5
2573  10
2576  43
2576  71
2584  58
2590  9
2590  38
2590  72
2602  75
2603  6
2603  10
2608  50
2611  36
2621  30
2625  2
2625  13
2630  39
2635  19
2636  53
2646  51
2659  54
2661  79
2666  71
2676  43
2676  58
2688  10
2697  23
2702  38
2708  71
2718  9
2722  72
2724  36
2738  76
2743  2
2750  5
2750  62
2753  13
2753  19
2757  16
2757  43
2764  51
2773  2
2773  10
2774  58
2778  11
2791  25
2807  71
2814  54
2823  36
2849  38
2856  23
2864  19
2881  10
2886  53
2891  58
2898  75
2908  6
2909  2
2911  5
2915  13
2916  51
2920  65
2920  71
2925  16
2925  72
2926  9
2934  43
2938  2
2947  51
2948  13
2949  36
2958  5
2966  58
2968  54
2982  19
2992  2
2995  16
3002  11
3012  23
3015  51
3016  13
3019  39
3021  12
3038  36
3048  10
3061  71
3062  38
3083  58
3092  43
3095  19
3113  10
3122  54
3129  53
3141  9
3141  72
3144  71
3165  23
3174  2
3177  36
3182  5
3185  58
3191  51
3193  13
3197  38
3201  2
3201  69
3203  16
3213  19
3213  25
3218  68
3221  5
3225  51
3229  75
3230  10
3231  50
3235  2
3241  6
3254  71
3257  43
3273  79
3279  54
3284  36
3284  58
3285  76
3286  45
3296  30
3301  23
3326  19
3338  10
3349  38
3350  9
3355  72
3369  71
3379  53
3391  58
3392  2
3398  13
3403  5
3403  51
3404  36
3409  16
3419  39
3421  2
3424  11
3424  13
3425  43
3432  51
3437  54
3438  19
3446  10
3462  17
3470  23
3480  71
3485  58
3505  36
3507  65
3509  38
3554  2
3554  19
3562  10
3565  5
3565  13
3568  51
3570  9
3570  16
3571  72
3572  64
3577  2
3584  43
3586  25
3592  71
3593  54
3593  58
3598  13
3603  51
3608  5
3612  23
3613  75
3617  6
3618  36
3619  2
3629  11
3632  53
3638  42
3654  10
3655  19
3659  16
3687  37
3688  38
3690  2
3691  58
3694  51
3697  13
3698  71
3730  36
3731  5
3739  43
3741  27
3747  54
3777  72
3778  19
3779  2
3780  23
3781  10
3786  9
3795  13
3795  51
3798  58
3801  16
3814  71
3819  39
3821  50
3825  2
3828  76
3829  5
3840  36
3851  79
3852  62
3853  23
3853  45
3853  58
3854  38
3862  27
3862  28
3863  79
3866  62
3866  76
3867  23
3867  45
3873  58
3877  53
3877  79
3880  12
3880  31
3883  23
3883  62
3885  45
3886  27
3890  10
3891  19
3894  28
3894  76
3895  75
3895  79
3896  54
3899  6
3899  58
3901  23
3905  43
3905  62
3907  85
3909  42
3909  45
3910  71
3920  79
3925  27
3939  36
3939  44
3940  68
3960  2
3962  30
3964  26
3965  13
3965  51
3972  9
3981  16
3987  38
3990  25
3991  5
3994  72
3996  11
3997  2
3998  51
3999  10
4002  13
4003  19
4029  71
4038  58
4039  23
4041  65
4048  54
4049  62
4049  69
4050  45
4056  36
4063  79
4076  43
4091  2
4103  51
4109  5
4111  13
4113  10
4113  16
4117  19
4130  53
4133  2
4143  71
4157  51
4172  36
4178  38
4193  13
4200  39
4201  2
4206  5
4206  9
4207  72
4208  54
4221  58
4225  10
4230  19
4231  25
4231  43
4235  16
4238  11
4252  71
4256  51
4264  23
4264  58
4266  2
4269  36
4273  6
4274  45
4274  62
4275  79
4276  27
4276  75
4277  76
4279  23
4284  58
4286  28
4295  79
4297  23
4298  62
4299  45
4300  5
4306  76
4311  27
4311  58
4317  10
4318  23
4321  38
4322  42
4324  79
4328  31
4338  19
4339  62
4342  45
4345  23
4349  71
4351  13
4351  54
4352  58
4354  85
4356  2
4362  76
4363  53
4367  28
4369  51
4391  16
4395  36
4404  13
4406  43
4413  5
4413  9
4417  2
4420  72
4434  51
4444  10
4445  23
4447  50
4447  58
4453  17
4456  19
4457  79
4460  27
4466  62
4467  45
4473  71
4475  23
4483  2
4484  38
4486  58
4503  54
4504  13
4504  36
4508  79
4510  5
4529  16
4533  23
4534  11
4538  51
4540  58
4548  62
4549  10
4549  45
4551  25
4551  27
4557  43
4560  19
4565  2
4576  39
4576  71
4578  76
4590  75
4591  79
4594  28
4595  23
4602  36
4603  58
4611  6
4620  53
4625  72
4627  9
4632  30
4636  65
4636  68
4654  54
4655  10
4657  42
4661  38
4661  45
4662  62
4663  23
4676  79
4678  19
4683  2
4683  58
4684  71
4687  13
4690  51
4691  5
4691  64
4700  27
4707  16
4715  2
4722  43
4725  36
4728  51
4729  13
4765  58
4767  23
4774  10
4783  5
4784  2
4788  76
4790  62
4791  45
4792  19
4800  23
4801  71
4801  79
4806  54
4811  58
4813  13
4819  38
4819  51
4820  11
4820  16
4829  2
4832  36
4841  9
4841  72
4842  27
4850  28
4855  5
4855  53
4857  31
4870  25
4871  23
4872  10
4876  58
4881  43
4883  45
4888  62
4890  69
4891  12
4893  79
4899  19
4905  71
4908  76
4910  51
4912  13
4918  2
4925  75
4931  23
4931  58
4944  36
4950  6
4955  54
4968  16
4974  39
4983  10
4988  5
4988  38
4994  51
4997  2
4999  79
5000  23
5001  27
5001  62
5002  45
5004  30
5005  68
5009  65
5012  71
5015  19
5016  30
5016  58
5016  76
5017  70
5017  79
5018  13
5018  56
5018  68
5029  65
5031  30
5031  50
5034  68
5039  2
5039  42
5043  76
5046  79
5047  9
5048  36
5049  23
5050  72
5053  43
5057  70
5058  58
5059  16
5060  5
5061  20
5061  64
5063  12
5065  51
5065  85
5067  45
5067  57
5069  42
5071  16
5075  54
5076  5
5076  64
5078  12
5080  20
5084  28
5085  16
5086  10
5086  51
5091  42
5093  57
5095  64
5096  5
5096  11
5097  12
5098  53
5099  62
5102  36
5104  16
5108  13
5116  23
5118  48
5118  71
5119  90
5122  19
5124  25
5124  61
5127  30
5129  68
5133  58
5135  2
5135  79
5137  27
5138  65
5142  38
5144  30
5146  76
5148  65
5149  17
5151  69
5152  24
5152  37
5152  68
5154  39
5154  56
5159  30
5167  26
5167  61
5171  65
5171  76
5171  79
5175  45
5181  23
5186  43
5188  68
5203  10
5203  58
5205  5
5205  16
5207  51
5214  64
5217  12
5217  20
5218  2
5222  42
5223  16
5223  71
5224  54
5226  62
5227  5
5227  13
5231  51
5236  57
5241  19
5241  23
5244  64
5245  36
5249  16
5253  58
5259  72
5262  9
5263  2
5278  79
5279  75
5281  30
5284  27
5285  6
5291  68
5301  65
5302  76
5303  30
5305  17
5306  10
5307  69
5310  39
5314  65
5315  13
5315  45
5317  24
5317  79
5318  38
5318  76
5320  23
5321  44
5322  70
5326  61
5332  30
5332  58
5334  62
5334  71
5336  28
5338  53
5351  2
5351  19
5357  5
5357  68
5359  51
5362  16
5365  45
5368  12
5369  36
5375  20
5375  43
5378  42
5378  64
5379  5
5380  23
5380  54
5381  51
5384  16
5389  31
5394  11
5398  58
5399  12
5403  5
5408  10
5409  57
5411  13
5412  2
5413  56
5415  51
5415  79
5416  16
5425  27
5437  36
5441  23
5447  65
5448  76
5450  30
5451  62
5452  17
5453  69
5456  19
5456  71
5458  25
5458  39
5460  65
5461  79
5463  58
5465  76
5467  68
5469  61
5471  17
5471  30
5473  24
5473  69
5474  9
5474  72
5475  2
5476  38
5477  65
5489  45
5499  13
5509  82
5513  5
5513  16
5513  23
5518  51
5519  50
5520  64
5523  20
5523  42
5528  12
5528  58
5531  10
5534  54
5536  5
5536  43
5541  16
5556  51
5559  71
5564  62
5566  2
5566  64
5568  36
5570  23
5571  28
5576  42
5577  19
5577  27
5581  5
5581  16
5589  79
5590  53
5593  57
5597  58
5598  12
5608  68
5612  13
5613  51
5615  20
5624  2
5625  79
5629  75
5632  45
5633  10
5638  16
5642  30
5643  6
5644  23
5644  70
5647  5
5647  38
5652  68
5652  76
5655  58
5656  65
5661  69
5662  30
5664  71
5665  17
5665  39
5667  62
5667  76
5668  64
5669  36
5671  65
5672  79
5675  12
5676  61
5678  51
5679  72
5680  5
5680  9
5681  69
5683  24
5683  54
5684  11
5685  56
5686  19
5686  39
5687  17
5687  30
5687  76
5688  65
5689  43
5692  2
5695  16
5696  42
5696  45
5698  13
5699  23
5699  25
5701  55
5708  58
5716  82
5718  27
5727  10
5746  79
5748  5
5750  16
5751  51
5759  68
5763  20
5774  23
5780  2
5780  71
5788  36
5788  62
5789  64
5795  58
5798  65
5799  76
5801  12
5801  19
5803  30
5805  69
5808  38
5812  13
5813  17
5813  57
5816  79
5817  16
5817  65
5818  76
5819  39
5820  61
5821  51
5822  5
5826  2
5828  28
5828  45
5829  42
5830  43
5831  53
5839  54
5844  23
5844  58
5850  10
5860  27
5864  31
5878  16
5884  71
5890  5
5892  51
5893  72
5894  9
5896  36
5901  62
5904  64
5908  13
5908  23
5915  2
5915  19
5923  58
5924  79
5929  12
5929  68
5937  16
5942  20
5952  45
5956  5
5957  10
5958  51
5959  75
5962  30
5966  42
5969  68
5970  23
5970  76
5970  79
5972  65
5974  38
5977  70
5978  6
5978  69
5981  2
5981  30
5982  17
5984  11
5986  76
5989  65
5990  24
5990  39
5990  58
5991  54
5994  12
5995  71
5997  16
6001  5
6001  36
6002  56
6002  61
6002  62
6006  45
6008  27
6011  64
6012  13
6012  43
6014  19
6015  25
6021  51
6023  50
6029  57
6032  23
6035  2
6038  79
6046  58
6050  28
6057  10
6058  16
6067  53
6081  5
6091  68
6092  30
6093  51
6094  42
6094  65
6097  76
6099  69
6103  23
6105  17
6107  71
6107  79
6108  9
6108  72
6110  12
6112  30
6113  20
6113  65
6114  39
6115  13
6116  36
6117  76
6118  16
6121  58
6122  69
6124  62
6125  2
6126  64
6133  5
6133  38
6133  54
6137  24
6137  45
6137  61
6138  19
6154  43
6159  27
6159  51
6167  10
6169  23
6179  16
6192  2
6196  58
6204  13
6213  5
6214  71
6224  79
6230  51
6231  36
6231  65
6231  68
6232  30
6233  42
6234  76
6237  62
6238  12
6240  16
6241  23
6241  58
6242  17
6242  57
6247  64
6247  69
6250  19
6259  45
6260  79
6261  2
6266  5
6266  39
6269  70
6275  20
6279  11
6281  38
6283  10
6288  54
6297  51
6300  16
6301  23
6306  53
6306  75
6307  25
6308  27
6308  36
6315  13
6315  72
6316  9
6316  28
6317  43
6318  6
6320  71
6324  58
6325  65
6326  30
6326  76
6328  5
6332  12
6333  68
6338  69
6339  62
6340  2
6341  17
6341  79
6343  65
6345  76
6346  56
6346  61
6347  30
6350  64
6353  19
6357  39
6357  45
6359  16
6361  23
6361  42
6363  24
6364  51
6381  58
6385  10
6389  2
6392  31
6398  5
6403  13
6421  16
6430  23
6432  71
6438  51
6442  54
6443  20
6447  36
6447  79
6448  58
6451  68
6454  38
6455  57
6460  5
6461  62
6462  65
6463  12
6463  27
6463  76
6464  30
6473  64
6474  19
6476  69
6479  2
6480  17
6480  79
6481  16
6482  45
6483  43
6491  42
6492  10
6493  23
6501  68
6504  51
6513  13
6521  58
6526  9
6530  72
6532  5
6540  36
6541  53
6542  16
6548  28
6550  71
6553  23
6556  2
6562  50
6572  51
6573  12
6573  62
6574  11
6579  65
6581  30
6582  64
6582  76
6583  58
6583  79
6584  5
6585  19
6592  45
6595  39
6595  69
6596  65
6597  17
6598  61
6599  54
6600  76
6601  16
6603  10
6603  30
6606  20
6608  13
6610  25
6610  70
6611  68
6612  2
6612  27
6614  24
6614  38
6615  42
6616  65
6622  23
6622  79
6623  76
6625  12
6625  56
6632  71
6636  58
6638  43
6638  51
6642  75
6643  36
6649  5
6662  16
6667  57
6668  55
6670  82
6700  64
6734  51
6735  16
6739  2
6741  13
6746  19
6749  5
6772  2
6773  54
6774  23
6774  36
6775  58
6777  51
6778  10
6779  30
6780  79
6781  65
6782  62
6782  76
6784  16
6784  20
6784  45
6787  12
6787  69
6788  68
6790  17
6790  71
6791  5
6791  39
6792  42
6794  72
6796  9
6797  61
6798  27
6799  6
6799  23
6800  30
6800  38
6806  58
6807  13
6807  53
6808  43
6808  64
6813  19
6817  5
6819  10
6828  2
6836  71
6838  11
6842  16
6842  51
6860  36
6862  54
6886  57
6905  16
6915  2
6916  13
6917  51
6919  12
6925  19
6927  5
6930  25
6932  64
6941  10
6948  38
6954  20
6960  43
6964  16
6965  72
6971  9
6971  71
6976  2
6982  36
6984  5
6985  51
7010  13
7023  12
7025  16
7037  53
7039  42
7040  75
7042  19
7043  54
7044  64
7049  10
7052  51
7056  2
7058  5
7069  58
