43  16
43  65
48  5
48  10
48  71
48  76
49  23
49  30
49  51
49  58
53  2
53  79
76  36
76  45
83  38
83  43
85  13
85  68
90  12
90  69
99  17
99  64
120  19
120  39
120  42
120  62
142  9
142  27
142  54
142  72
329  10
329  71
515  16
515  65
521  38
521  43
580  5
581  76
582  30
582  51
593  58
597  23
598  2
608  10
608  71
617  36
621  19
623  6
624  75
640  79
643  54
652  53
663  2
666  72
673  9
683  58
769  36
776  19
799  23
821  5
841  2
842  39
861  58
870  10
875  71
893  54
899  43
910  38
961  36
967  19
999  2
1020  53
1023  58
1035  23
1058  5
1070  13
1107  76
1114  50
1121  16
1121  65
1127  12
1127  36
1129  54
1131  69
1133  19
1133  68
1145  2
1150  58
1164  45
1226  30
1226  51
1240  23
1276  17
1284  36
1290  2
1291  5
1291  19
1302  58
1302  64
1329  39
1337  54
1352  79
1373  53
1422  2
1433  36
1435  58
1440  19
1445  23
1457  62
1489  5
1517  13
1517  51
1521  2
1522  16
1533  11
1539  51
1540  54
1543  25
1544  13
1552  58
1556  36
1571  19
1598  27
1633  23
1656  2
1680  53
1681  58
1692  5
1705  36
1705  51
1706  2
1707  13
1708  16
1713  76
1714  19
1724  54
1724  65
1769  2
1776  51
1783  5
1783  13
1786  58
1796  16
1796  39
1806  11
1809  23
1814  51
1823  36
1835  25
1837  19
1839  5
1844  2
1870  50
1900  54
1910  30
1911  58
1959  36
1962  53
1967  19
1986  23
1993  2
2002  13
2009  51
2017  16
2020  58
2025  5
2029  2
2036  13
2051  51
2069  79
2071  36
2071  54
2091  19
2130  58
2156  23
2178  2
2178  12
2191  5
2194  13
2198  36
2198  51
2199  16
2209  69
2210  2
2212  68
2213  19
2214  11
2227  39
2231  58
2232  53
2237  54
2242  10
2245  71
2250  43
2251  38
2254  72
2255  9
2257  45
2259  10
2261  71
2263  6
2265  75
2267  76
2272  38
2274  43
2278  10
2280  71
2283  23
2286  72
2287  9
2307  58
2309  10
2311  71
2313  42
2316  36
2316  38
2318  43
2325  65
2329  19
2338  17
2364  2
2375  13
2375  51
2376  5
2378  54
2385  16
2392  2
2393  25
2401  51
2405  13
2408  64
2432  5
2432  36
2433  58
2435  11
2437  2
2446  16
2451  19
2457  51
2461  13
2465  23
2497  53
2515  10
2515  71
2523  50
2532  9
2532  72
2533  38
2534  43
2538  58
2550  54
2552  6
2552  10
2552  36
2552  71
2553  75
2567  19
2602  30
2611  39
2614  2
2617  23
2627  5
2630  10
2632  51
2639  71
2643  13
2647  2
2648  43
2649  58
2656  38
2671  36
2673  72
2684  19
2686  9
2690  54
2690  79
2716  2
2721  16
2724  51
2730  13
2733  5
2738  53
2745  25
2748  62
2751  58
2760  10
2761  71
2775  36
2777  23
2800  19
2804  76
2808  43
2821  38
2846  54
2849  58
2862  10
2862  75
2867  6
2868  71
2876  2
2887  5
2887  51
2892  72
2893  13
2897  16
2899  9
2902  2
2902  36
2907  11
2912  19
2915  51
2925  23
2927  65
2946  58
2965  10
2978  43
2980  2
2985  13
2991  5
3000  16
3000  51
3002  53
3004  54
3013  36
3019  2
3026  39
3027  25
3028  13
3030  19
3051  58
3057  71
3069  38
3093  10
3100  23
3109  71
3114  72
3120  9
3130  2
3130  36
3132  5
3139  51
3144  19
3145  43
3148  13
3152  58
3155  16
3162  54
3164  2
3168  11
3170  50
3176  38
3179  51
3183  12
3187  10
3187  69
3197  75
3203  68
3207  6
3209  27
3212  5
3217  36
3218  71
3229  23
3235  53
3250  19
3253  58
3276  30
3285  45
3299  10
3303  43
3309  54
3322  72
3323  2
3328  9
3329  38
3330  71
3332  13
3335  76
3337  51
3343  16
3348  2
3350  58
3352  5
3354  36
3370  79
3371  19
3398  23
3407  39
3411  10
3441  71
3461  58
3463  17
3466  36
3473  54
3475  43
3485  19
3494  38
3498  53
3521  10
3527  65
3538  72
3544  9
3552  71
3554  23
3555  2
3565  58
3568  13
3569  5
3569  51
3576  2
3577  75
3579  6
3579  16
3580  36
3589  51
3590  13
3590  25
3591  11
3597  19
3604  2
3605  5
3616  10
3622  16
3622  51
3625  13
3628  54
3629  43
3634  64
3645  58
3655  71
3668  36
3668  38
3683  23
3685  42
3685  62
3689  79
3691  45
3694  27
3699  76
3702  58
3712  19
3714  28
3729  53
3739  10
3743  2
3746  37
3750  9
3754  72
3760  51
3762  13
3768  5
3771  2
3773  71
3780  54
3781  16
3787  43
3797  51
3799  36
3802  11
3807  25
3807  50
3808  2
3808  39
3811  13
3820  19
3833  5
3834  23
3834  38
3834  58
3840  10
3840  62
3840  79
3841  45
3846  23
3846  27
3848  76
3852  58
3852  79
3856  62
3858  45
3861  23
3861  28
3865  31
3869  79
3871  27
3871  75
3874  71
3875  6
3876  58
3876  62
3876  76
3879  23
3880  45
3892  79
3894  36
3899  85
3903  23
3904  42
3905  58
3905  62
3914  45
3918  27
3927  54
3935  19
3937  68
3945  30
3949  9
3951  43
3953  2
3954  10
3964  44
3965  51
3967  72
3968  13
3973  16
3978  38
3983  2
3984  53
3988  5
3991  71
3996  51
4014  36
4027  23
4030  58
4036  79
4042  62
4046  45
4050  19
4051  23
4053  76
4054  28
4060  58
4066  79
4069  10
4073  27
4079  2
4088  13
4089  54
4096  69
4097  5
4101  71
4102  51
4103  16
4118  2
4120  11
4124  36
4125  65
4127  43
4138  23
4142  58
4146  45
4150  62
4152  19
4157  38
4166  79
4169  10
4176  9
4176  72
4181  13
4190  2
4190  39
4193  51
4199  12
4201  25
4203  5
4211  71
4217  53
4218  16
4223  75
4234  13
4235  36
4243  6
4243  54
4244  23
4244  58
4255  2
4261  76
4262  62
4265  27
4265  45
4269  23
4272  19
4272  79
4273  58
4280  43
4281  10
4283  28
4300  23
4305  42
4310  38
4313  71
4317  76
4319  58
4323  62
4332  45
4333  31
4335  79
4346  27
4351  36
4362  23
4363  51
4367  2
4373  5
4374  13
4382  9
4386  19
4387  16
4390  54
4394  72
4395  51
4399  10
4404  2
4406  11
4425  13
4434  71
4435  50
4435  58
4443  5
4446  36
4450  23
4453  43
4461  62
4462  51
4462  79
4463  45
4464  58
4469  2
4471  25
4477  53
4481  38
4487  28
4493  17
4495  19
4497  27
4498  23
4500  16
4506  76
4507  10
4518  79
4523  58
4537  54
4538  71
4548  62
4552  39
4554  23
4555  45
4561  36
4565  75
4578  30
4579  68
4582  6
4583  58
4584  65
4588  79
4590  30
4592  68
4594  70
4595  56
4596  76
4597  9
4603  72
4605  43
4609  10
4610  19
4614  23
4631  71
4639  2
4643  38
4647  5
4650  13
4650  45
4650  58
4651  51
4651  62
4651  64
4652  42
4656  27
4668  2
4676  16
4676  54
4682  13
4684  51
4685  36
4691  23
4694  11
4697  5
4708  53
4711  58
4713  2
4717  19
4721  10
4724  79
4729  28
4745  13
4748  23
4752  51
4758  25
4761  71
4769  2
4774  43
4775  62
4776  45
4778  58
4791  16
4792  36
4796  5
4798  27
4804  38
4812  9
4813  79
4815  72
4824  23
4827  54
4834  76
4836  19
4838  10
4839  51
4844  13
4849  2
4854  58
4855  30
4856  68
4859  65
4860  79
4868  76
4870  30
4870  31
4870  71
4878  23
4881  45
4887  62
4887  70
4902  36
4904  68
4905  58
4905  75
4909  5
4912  2
4913  16
4917  12
4919  6
4919  20
4919  51
4919  64
4921  42
4924  5
4924  57
4925  16
4930  69
4931  12
4932  43
4934  10
4935  64
4938  51
4939  16
4939  20
4940  23
4941  42
4945  5
4945  50
4947  13
4947  19
4947  39
4950  27
4952  11
4957  36
4958  53
4964  71
4967  28
4968  38
4969  79
4972  58
4973  30
4974  54
4976  68
4977  65
4984  56
4988  76
4990  30
4991  45
4993  79
4997  62
4998  68
5004  65
5010  26
5012  23
5014  30
5015  9
5021  79
5026  70
5029  61
5029  72
5043  10
5044  2
5049  16
5052  58
5054  5
5054  12
5054  51
5056  64
5060  19
5061  13
5061  42
5062  71
5064  16
5064  57
5066  20
5073  5
5073  23
5074  12
5075  2
5077  51
5078  64
5082  16
5084  36
5091  43
5091  58
5096  25
5096  27
5096  45
5108  62
5119  68
5120  79
5122  76
5123  54
5125  30
5127  38
5135  65
5147  23
5151  68
5157  30
5162  10
5162  79
5170  56
5175  19
5177  76
5181  37
5182  2
5183  58
5193  53
5194  13
5194  71
5200  23
5211  28
5214  45
5218  5
5219  51
5220  2
5220  16
5220  36
5226  62
5228  58
5229  12
5229  72
5231  64
5232  9
5232  42
5237  20
5238  5
5241  16
5242  51
5243  43
5247  13
5249  75
5250  57
5251  27
5253  11
5255  6
5260  10
5267  79
5273  68
5274  23
5274  54
5277  30
5278  19
5279  36
5282  65
5288  38
5290  2
5290  76
5293  71
5303  58
5310  79
5317  45
5317  70
5322  30
5324  68
5331  39
5334  62
5342  16
5343  5
5343  23
5345  51
5352  12
5352  13
5353  64
5354  2
5358  42
5376  58
5383  10
5385  79
5392  25
5398  65
5399  19
5399  27
5399  76
5405  17
5407  23
5407  69
5408  30
5409  43
5409  71
5422  2
5422  31
5425  24
5425  54
5426  36
5427  5
5428  45
5428  68
5429  16
5432  51
5433  58
5434  79
5439  56
5442  9
5444  20
5444  38
5445  12
5445  28
5445  64
5447  5
5447  16
5448  72
5451  13
5451  62
5453  53
5454  42
5457  51
5458  50
5458  57
5464  23
5470  16
5473  10
5473  12
5474  5
5488  65
5488  76
5490  36
5494  11
5494  30
5497  17
5497  61
5498  68
5498  69
5499  39
5499  58
5500  65
5500  79
5503  2
5503  76
5509  19
5511  24
5513  65
5514  17
5514  30
5515  69
5515  71
5519  45
5519  61
5519  76
5520  39
5524  23
5529  65
5532  13
5540  17
5544  2
5545  55
5548  70
5550  27
5551  58
5553  30
5555  44
5557  16
5558  51
5561  5
5561  62
5565  54
5566  38
5568  64
5575  43
5576  20
5579  42
5583  16
5584  75
5585  51
5592  10
5593  6
5595  12
5596  5
5605  23
5610  57
5614  71
5618  64
5620  16
5622  19
5623  36
5633  51
5635  79
5636  58
5637  2
5639  5
5648  9
5648  42
5650  13
5653  68
5655  45
5658  72
5666  65
5666  76
5668  69
5670  23
5671  12
5671  20
5672  16
5672  79
5673  30
5675  62
5683  17
5685  39
5687  53
5691  58
5693  61
5693  68
5697  10
5698  25
5701  51
5703  28
5705  5
5705  27
5714  2
5717  79
5718  23
5718  64
5719  56
5721  71
5722  54
5732  16
5733  36
5737  13
5737  19
5739  65
5740  43
5740  76
5745  69
5746  30
5751  38
5755  45
5755  65
5758  58
5759  2
5759  24
5759  76
5760  12
5760  17
5761  39
5764  5
5768  69
5769  51
5769  61
5772  30
5775  65
5783  76
5786  42
5789  62
5792  16
5800  11
5800  23
5800  57
5812  10
5812  45
5819  20
5826  36
5831  58
5833  5
5833  71
5837  64
5838  19
5838  51
5844  13
5850  2
5854  16
5855  27
5861  23
5869  9
5872  72
5881  43
5881  54
5885  58
5897  5
5902  62
5905  79
5906  12
5907  51
5913  75
5915  16
5916  68
5922  10
5923  6
5929  2
5930  23
5930  38
5930  42
5932  79
5936  28
5944  30
5944  53
5945  71
5945  76
5946  36
5948  65
5949  13
5952  68
5954  69
5954  70
5956  64
5958  5
5958  19
5959  17
5961  39
5961  58
5964  30
5965  45
5965  65
5965  76
5969  12
5970  24
5971  51
5973  16
5974  61
5975  79
5976  31
5977  2
5977  25
5988  23
5989  20
5989  56
5991  50
5994  27
6002  62
6014  57
6015  5
6016  54
6017  10
6026  58
6035  16
6039  71
6042  13
6045  51
6054  36
6054  42
6056  23
6061  43
6062  79
6065  2
6069  68
6072  64
6073  19
6080  9
6081  45
6081  58
6085  5
6086  72
6090  11
6091  30
6094  38
6094  65
6095  16
6096  76
6101  12
6114  51
6114  79
6122  68
6123  23
6126  62
6128  2
6129  10
6139  27
6147  13
6149  20
6155  5
6155  36
6156  16
6162  58
6166  71
6167  79
6174  54
6177  23
6181  51
6182  19
6182  53
6184  64
6186  30
6187  65
6187  76
6190  69
6191  42
6192  70
6193  17
6193  45
6194  28
6195  39
6199  2
6201  12
6203  5
6203  65
6204  76
6205  30
6207  61
6209  43
6210  69
6214  16
6217  24
6217  58
6225  25
6227  62
6228  17
6228  38
6228  68
6234  57
6240  13
6245  10
6247  51
6249  71
6252  23
6268  36
6271  6
6276  2
6276  5
6277  16
6277  75
6281  58
6282  27
6285  45
6294  9
6297  19
6297  72
6299  64
6313  51
6313  79
6320  42
6321  20
6327  23
6329  54
6331  12
6332  30
6332  65
6333  76
6336  16
6337  68
6341  10
6343  2
6343  13
6345  69
6347  39
6347  62
6349  79
6351  5
6355  58
6360  56
6371  23
6375  36
6377  43
6380  71
6384  51
6385  11
6397  5
6398  16
6402  45
6404  65
6405  19
6405  30
6406  79
6407  76
6412  64
6413  2
6413  17
6415  38
6419  69
6420  58
6420  61
6421  12
6421  65
6423  39
6426  28
6426  30
6427  68
6428  76
6434  53
6436  24
6437  27
6441  13
6444  42
6450  23
6453  51
6455  16
6456  57
6457  10
6457  70
6458  54
6461  62
6468  50
6469  5
6470  31
6474  79
6475  71
6479  20
6479  36
6480  58
6483  45
6492  2
6502  9
6509  72
6514  23
6515  68
6519  16
6519  65
6522  19
6523  12
6523  76
6524  5
6524  30
6524  51
6527  64
6529  17
6529  69
6538  43
6538  65
6540  13
6540  25
6540  61
6541  39
6549  76
6551  79
6552  30
6553  2
6553  58
6562  38
6569  10
6572  42
6573  23
6574  62
6576  16
6580  71
6586  27
6593  5
6593  51
6597  36
6598  54
6612  75
6614  6
6619  58
6623  45
6634  2
6634  19
6640  16
6643  13
6643  64
6656  20
6656  23
6658  79
6659  51
6664  68
6666  5
6668  12
6669  10
6670  57
6670  65
6673  76
6675  30
6676  11
6679  17
6680  53
6680  58
6680  69
6685  28
6685  62
6687  56
6689  65
6690  36
6692  39
6692  79
6693  24
6694  23
6695  76
6696  43
6698  2
6698  16
6698  42
6702  30
6702  61
6702  71
6708  45
6710  5
6710  69
6711  12
6713  9
6718  72
6721  38
6726  51
6730  13
6738  19
6738  54
6747  64
6759  16
6760  55
6765  2
6796  51
6802  5
6812  16
6812  58
6820  10
6820  36
6829  20
6830  71
6844  13
6850  2
6854  5
6860  19
6860  43
6865  51
6872  12
6873  64
6881  16
6884  10
6885  57
6897  38
6900  25
6903  54
6913  2
6914  36
6916  53
6922  71
6928  72
6930  9
6932  5
6933  51
6941  16
6943  13
6970  11
6972  19
6987  2
6987  64
6991  42
6993  20
6995  5
6998  10
6998  12
7001  16
7001  75
7003  51
7012  6
7019  43
7026  36
7032  71
7044  58
7047  13
7051  5
7054  54
7061  2
7062  16
7062  38
