39  23
41  79
42  58
42  76
43  16
43  65
47  5
49  30
49  51
52  2
54  10
54  71
58  45
62  62
73  36
80  68
83  13
86  38
88  27
90  12
90  69
91  17
93  43
98  64
103  42
116  39
120  19
134  54
179  72
180  9
340  10
340  71
515  16
515  65
516  38
519  43
572  76
573  5
582  30
582  51
601  10
601  71
603  58
604  23
623  6
623  75
633  79
635  2
672  72
673  9
750  36
751  19
771  54
775  2
778  58
783  53
826  10
827  5
832  23
833  71
839  43
850  36
855  19
863  38
864  39
891  2
896  58
974  54
1034  10
1035  36
1037  71
1038  19
1046  13
1052  23
1054  2
1056  58
1068  5
1076  72
1081  9
1087  76
1113  68
1116  69
1121  16
1121  65
1123  12
1125  53
1143  43
1143  50
1154  45
1166  36
1169  38
1176  54
1193  19
1198  2
1198  58
1226  30
1226  51
1240  10
1243  64
1250  6
1250  71
1251  17
1256  23
1274  5
1292  75
1303  39
1305  79
1324  42
1324  58
1326  2
1329  36
1343  19
1366  62
1390  54
1452  53
1456  23
1459  2
1461  58
1476  36
1487  5
1488  19
1575  2
1580  13
1580  51
1583  16
1585  54
1588  58
1610  11
1610  36
1626  19
1630  25
1631  5
1644  23
1685  2
1692  76
1705  58
1721  65
1747  36
1751  53
1757  51
1758  13
1760  19
1763  2
1766  54
1767  16
1777  51
1780  5
1780  13
1789  39
1801  2
1807  51
1809  58
1810  16
1812  11
1817  13
1819  23
1828  27
1846  36
1861  10
1861  71
1864  43
1867  38
1871  72
1872  9
1879  19
1883  10
1883  71
1899  6
1900  43
1901  75
1903  38
1906  50
1912  58
1913  30
1914  54
1916  71
1917  10
1928  79
1929  72
1930  9
1951  12
1968  23
1984  36
1988  69
2002  2
2003  5
2011  19
2022  53
2031  68
2043  58
2100  54
2102  2
2114  51
2116  36
2117  13
2124  16
2127  5
2129  2
2135  19
2136  51
2139  25
2145  58
2147  13
2151  23
2198  10
2198  71
2209  43
2210  38
2210  39
2220  76
2234  36
2242  58
2247  54
2255  19
2264  10
2265  71
2273  72
2274  9
2274  53
2277  45
2287  2
2288  43
2290  6
2293  38
2298  75
2304  23
2327  65
2328  71
2339  5
2350  2
2354  36
2354  51
2354  58
2357  13
2359  16
2369  11
2374  5
2374  19
2375  51
2379  2
2382  13
2390  17
2397  16
2404  25
2409  51
2423  54
2430  2
2443  64
2454  36
2464  10
2464  58
2476  23
2476  43
2481  71
2490  72
2491  9
2492  38
2493  19
2498  10
2529  53
2549  42
2555  2
2556  13
2556  79
2560  5
2562  51
2570  58
2573  50
2575  16
2577  54
2584  36
2590  13
2594  2
2594  11
2599  51
2604  5
2608  19
2609  30
2620  39
2629  23
2640  71
2642  10
2658  43
2661  38
2666  58
2674  75
2675  72
2678  9
2680  6
2683  71
2691  10
2700  76
2701  36
2723  19
2723  54
2732  62
2770  43
2775  58
2778  71
2786  2
2791  53
2795  38
2798  23
2799  5
2800  13
2802  51
2807  16
2808  10
2811  2
2817  36
2822  25
2835  51
2841  19
2867  72
2875  58
2879  9
2892  54
2896  71
2915  10
2919  65
2934  36
2948  23
2948  43
2949  2
2951  69
2955  12
2956  13
2956  19
2961  5
2967  51
2968  16
2971  2
2979  58
2983  11
2984  13
2985  27
3000  51
3002  5
3010  2
3019  39
3020  36
3025  16
3034  13
3035  54
3048  53
3051  68
3057  38
3058  71
3064  10
3066  19
3072  58
3088  23
3094  6
3096  72
3096  75
3101  9
3111  43
3115  71
3124  10
3149  38
3149  76
3158  36
3177  58
3185  19
3191  54
3215  2
3229  50
3230  51
3233  5
3235  71
3236  13
3238  2
3238  79
3246  16
3248  10
3256  25
3256  51
3259  23
3264  36
3267  58
3268  11
3270  5
3276  43
3290  72
3292  19
3300  53
3301  9
3305  30
3319  38
3330  54
3343  71
3352  10
3379  58
3385  36
3410  23
3412  19
3412  39
3419  6
3420  75
3421  2
3428  43
3448  71
3456  10
3479  58
3485  54
3487  38
3499  36
3501  72
3517  45
3518  9
3521  2
3525  19
3530  65
3533  53
3539  2
3542  13
3543  51
3545  5
3550  16
3562  13
3562  51
3567  71
3568  2
3568  25
3572  23
3575  58
3576  10
3579  5
3580  11
3583  17
3584  16
3589  13
3590  51
3594  36
3603  43
3607  2
3619  64
3627  19
3635  38
3637  54
3639  76
3659  37
3677  71
3680  58
3684  10
3711  72
3722  23
3722  36
3735  9
3751  2
3751  13
3751  19
3752  5
3753  51
3755  43
3758  6
3765  16
3766  75
3777  2
3781  51
3781  58
3783  71
3788  54
3790  10
3793  53
3807  39
3813  38
3819  62
3819  79
3820  23
3820  50
3822  27
3823  45
3824  36
3825  58
3830  28
3831  76
3831  79
3833  62
3834  23
3836  42
3838  45
3841  27
3844  58
3845  79
3848  31
3850  23
3850  62
3854  76
3857  45
3858  12
3862  28
3863  79
3864  19
3868  27
3869  23
3870  58
3871  85
3872  62
3884  45
3885  69
3885  71
3886  68
3902  10
3910  26
3922  44
3929  2
3931  43
3932  5
3933  13
3934  72
3935  9
3937  36
3939  51
3944  54
3945  16
3948  38
3950  11
3955  13
3957  2
3963  25
3970  5
3971  19
3990  23
3994  30
3995  58
3996  79
4002  62
4003  71
4005  10
4008  45
4010  23
4013  27
4015  76
4018  79
4019  53
4019  58
4037  62
4038  23
4038  28
4042  36
4051  42
4053  45
4056  75
4057  6
4061  58
4063  79
4084  43
4087  19
4089  2
4093  51
4096  54
4099  13
4103  71
4106  16
4111  5
4115  2
4115  10
4118  51
4123  38
4132  65
4134  13
4138  72
4152  9
4152  11
4158  36
4159  2
4164  51
4168  16
4182  25
4185  39
4190  19
4191  5
4195  13
4217  2
4221  71
4223  23
4223  58
4227  10
4235  62
4238  27
4238  45
4238  79
4240  76
4241  23
4247  58
4255  54
4257  43
4269  23
4272  28
4272  36
4272  62
4280  79
4283  45
4283  53
4283  58
4284  27
4284  38
4292  76
4308  51
4310  31
4312  23
4313  19
4314  2
4316  5
4323  13
4330  71
4332  58
4334  16
4341  10
4352  2
4352  51
4355  72
4361  62
4362  23
4363  79
4369  9
4377  36
4381  45
4393  6
4398  75
4399  42
4407  58
4411  54
4413  43
4418  27
4423  19
4433  71
4442  10
4442  23
4447  38
4450  2
4456  5
4456  13
4457  50
4464  58
4466  51
4467  76
4467  79
4474  28
4474  62
4479  16
4484  11
4491  23
4493  36
4495  45
4507  2
4509  13
4515  53
4518  25
4525  5
4526  19
4531  58
4548  71
4554  10
4558  79
4566  72
4567  23
4567  54
4581  27
4581  43
4582  39
4583  9
4588  62
4598  58
4607  36
4612  45
4622  38
4641  23
4649  19
4657  76
4661  71
4667  79
4670  10
4670  58
4692  2
4695  30
4699  23
4700  51
4701  62
4708  13
4712  16
4714  5
4716  54
4718  2
4719  36
4720  45
4724  51
4726  27
4733  58
4734  28
4738  65
4743  43
4746  68
4746  79
4750  30
4757  65
4759  56
4759  68
4760  6
4760  76
4761  70
4762  19
4762  75
4763  17
4765  23
4765  30
4769  71
4770  38
4771  64
4771  79
4774  53
4774  72
4776  10
4783  42
4786  2
4789  9
4791  58
4797  5
4799  13
4801  16
4801  51
4802  12
4804  45
4806  20
4808  62
4809  64
4810  57
4811  5
4812  16
4813  69
4816  12
4817  51
4818  31
4818  36
4819  25
4821  42
4822  11
4824  16
4826  20
4826  64
4828  5
4829  2
4834  12
4837  57
4840  13
4840  51
4846  16
4850  90
4853  10
4862  43
4863  19
4863  54
4867  99
4869  37
4869  61
4871  23
4875  68
4875  71
4877  30
4878  79
4880  58
4882  76
4886  65
4888  36
4892  68
4894  30
4896  27
4897  70
4900  23
4904  79
4911  56
4912  76
4913  68
4918  30
4920  45
4920  65
4921  62
4924  50
4928  58
4942  38
4945  2
4945  79
4964  28
4965  13
4966  23
4966  39
4976  5
4977  16
4978  51
4984  2
4985  64
4986  12
4986  19
4986  42
4987  71
4988  72
4991  20
4992  16
4993  5
4993  10
4995  58
4999  51
5001  9
5005  53
5014  27
5019  23
5019  36
5022  2
5023  54
5026  13
5036  11
5036  62
5041  45
5042  43
5047  68
5049  30
5050  79
5061  58
5063  76
5069  65
5077  68
5079  30
5080  75
5086  19
5090  79
5093  10
5095  6
5095  23
5096  38
5098  70
5100  71
5102  25
5108  2
5124  58
5129  5
5130  16
5131  51
5134  62
5136  13
5137  45
5138  64
5139  12
5141  42
5142  36
5145  16
5147  5
5147  57
5148  20
5151  51
5162  27
5163  23
5176  54
5187  43
5188  58
5189  2
5198  79
5201  10
5201  76
5202  30
5202  68
5202  72
5209  19
5211  71
5212  28
5216  65
5217  9
5223  23
5226  56
5232  13
5232  79
5235  2
5240  30
5242  68
5249  58
5252  36
5252  45
5259  62
5261  53
5266  76
5267  16
5268  5
5269  38
5271  51
5274  64
5276  12
5280  42
5283  16
5287  5
5291  20
5291  23
5295  51
5299  69
5301  57
5302  27
5303  64
5312  10
5312  31
5316  12
5321  71
5322  19
5323  11
5325  58
5326  54
5328  2
5329  79
5334  36
5335  13
5346  43
5349  30
5351  39
5352  65
5354  68
5360  23
5364  45
5371  62
5375  76
5378  79
5389  16
5389  58
5392  5
5392  70
5396  51
5399  2
5405  42
5407  16
5412  30
5412  72
5413  25
5413  64
5415  5
5416  12
5421  38
5421  71
5426  9
5426  51
5427  23
5428  10
5432  68
5433  19
5435  6
5435  13
5437  79
5438  20
5441  56
5441  65
5442  75
5443  76
5444  17
5446  27
5448  36
5449  69
5450  24
5450  58
5450  61
5452  30
5452  39
5453  65
5454  2
5457  50
5458  76
5459  17
5459  28
5463  45
5465  69
5467  65
5468  54
5471  23
5475  61
5477  62
5479  39
5481  30
5497  10
5497  16
5497  53
5498  5
5508  71
5509  13
5509  51
5509  55
5514  43
5515  42
5517  16
5519  64
5522  5
5522  58
5523  12
5525  57
5537  2
5542  44
5544  16
5545  51
5548  19
5548  23
5551  36
5558  79
5559  5
5562  20
5563  11
5569  65
5570  42
5570  76
5572  68
5574  17
5576  69
5577  38
5579  30
5583  24
5583  45
5584  65
5586  76
5589  39
5589  58
5589  61
5594  2
5594  17
5596  62
5598  27
5598  79
5601  69
5602  65
5607  30
5612  23
5612  76
5618  10
5618  54
5621  13
5621  72
5625  9
5628  16
5628  71
5636  70
5637  45
5637  51
5638  64
5639  5
5639  12
5641  58
5657  25
5658  19
5659  16
5668  36
5673  2
5677  43
5681  51
5683  57
5685  23
5686  5
5699  62
5702  28
5703  64
5706  16
5706  42
5710  20
5712  79
5719  68
5721  12
5727  58
5729  13
5737  10
5744  53
5746  51
5747  23
5747  71
5750  5
5750  56
5750  79
5755  2
5758  27
5758  38
5763  65
5763  68
5763  76
5764  16
5764  30
5769  69
5771  17
5773  58
5774  19
5775  36
5776  39
5777  54
5779  65
5781  61
5782  24
5783  76
5784  12
5785  30
5786  45
5788  5
5789  6
5790  75
5805  23
5807  2
5810  64
5811  51
5811  79
5814  13
5817  31
5818  62
5823  16
5828  72
5831  43
5834  42
5837  71
5839  9
5844  10
5847  58
5847  68
5871  5
5872  20
5873  79
5875  23
5886  16
5886  19
5886  51
5887  11
5888  57
5893  2
5894  36
5908  45
5911  27
5915  65
5917  30
5919  76
5921  12
5921  58
5921  69
5922  38
5923  17
5926  13
5929  54
5930  39
5931  65
5932  62
5932  64
5934  5
5937  76
5939  61
5940  30
5942  10
5944  69
5945  16
5945  70
5946  68
5951  23
5951  79
5952  24
5952  51
5953  28
5956  71
5957  42
5958  25
5959  17
5962  2
5964  58
5967  45
5969  50
5975  53
5987  5
5991  43
5992  36
5992  56
5998  19
6007  16
6017  23
6022  13
6024  2
6024  51
6024  79
6025  12
6037  65
6041  76
6042  30
6042  62
6045  20
6045  72
6048  64
6050  58
6051  69
6052  68
6055  9
6055  65
6057  39
6060  27
6061  10
6061  17
6063  76
6066  16
6068  5
6070  30
6071  54
6071  61
6072  71
6075  12
6076  23
6081  38
6082  42
6084  79
6089  51
6094  45
6099  2
6101  36
6105  58
6110  57
6113  13
6113  19
6115  6
6115  75
6116  5
6127  16
6149  23
6152  68
6154  43
6155  51
6155  62
6164  64
6165  10
6168  79
6170  11
6171  71
6174  2
6174  65
6176  76
6181  30
6181  58
6185  69
6187  16
6188  5
6190  28
6192  39
6193  65
6194  17
6198  23
6199  76
6202  24
6203  12
6204  45
6206  36
6207  42
6209  20
6209  30
6210  27
6213  19
6213  54
6218  61
6224  51
6224  70
6225  13
6229  38
6236  53
6237  2
6239  58
6241  25
6247  16
6253  5
6253  72
6259  62
6265  71
6267  9
6271  10
6273  64
6279  23
6293  79
6294  51
6308  16
6310  68
6311  65
6312  58
6316  43
6316  76
6318  2
6318  30
6319  5
6320  69
6323  13
6325  12
6327  36
6328  17
6329  45
6330  65
6331  39
6331  79
6334  57
6336  76
6337  19
6339  23
6345  42
6352  56
6353  54
6359  68
6360  30
6361  20
6361  51
6362  58
6364  27
6367  31
6368  16
6371  2
6374  38
6379  5
6380  10
6387  64
6400  71
6428  13
6428  16
6433  51
6440  36
6446  23
6446  62
6449  19
6453  58
6457  5
6460  2
6460  79
6466  45
6471  72
6472  12
6475  43
6477  11
6477  65
6478  53
6479  76
6481  28
6482  30
6482  69
6484  9
6484  23
6484  68
6486  6
6488  75
6489  17
6490  16
6490  79
6493  10
6493  42
6494  61
6495  39
6495  65
6497  76
6498  24
6501  71
6502  51
6502  64
6503  5
6503  62
6506  54
6507  12
6507  58
6514  13
6516  27
6516  45
6517  50
6518  23
6518  25
6519  20
6521  36
6523  2
6533  38
6544  57
6549  16
6552  5
6552  19
6558  55
6570  51
6597  2
6601  10
6602  16
6606  65
6607  30
6607  58
6608  79
6611  76
6612  69
6618  71
6619  23
6620  17
6620  68
6625  39
6625  64
6625  65
6627  30
6627  42
6629  13
6629  62
6629  76
6630  61
6633  12
6635  5
6635  70
6636  51
6638  45
6638  58
6639  79
6644  69
6645  36
6646  43
6654  54
6657  23
6658  56
6663  2
6665  27
6668  16
6686  20
6705  51
6719  13
6728  19
6731  16
6732  5
6742  64
6748  2
6748  58
6749  10
6755  71
6758  23
6758  72
6759  57
6760  38
6761  9
6764  53
6765  42
6765  62
6766  36
6769  79
6770  5
6770  76
6773  51
6773  65
6774  12
6774  30
6775  45
6776  11
6776  28
6776  68
6781  58
6782  17
6783  69
6789  16
6790  39
6790  43
6792  19
6793  24
6796  27
6796  65
6797  6
6797  23
6797  30
6797  75
6797  79
6799  76
6803  2
6805  54
6810  5
6811  10
6811  25
6816  13
6823  68
6836  51
6841  36
6844  20
6845  64
6850  16
6891  2
6893  12
6902  71
6910  19
6912  5
6912  16
6913  51
6924  38
6929  13
6937  10
6938  72
6940  2
6947  9
6959  71
6968  43
6970  5
6970  54
6971  64
6972  16
6973  57
6975  53
6979  36
6979  51
7012  12
7015  42
7022  13
7023  19
7026  20
7030  2
7032  16
7038  10
7042  5
7050  51
7055  58
7062  11
7065  38
7071  71
