43  16
43  65
48  5
48  76
49  23
49  30
49  51
49  58
53  2
53  79
76  36
76  45
85  13
85  68
90  12
90  69
99  17
99  64
112  62
113  10
113  71
120  19
137  42
140  39
181  38
181  43
218  27
304  54
397  23
420  79
436  76
449  58
496  5
515  16
515  65
541  45
575  62
582  30
582  51
653  28
690  2
703  23
724  79
757  27
813  10
813  71
817  58
826  76
837  9
837  72
845  38
845  43
864  45
867  6
883  75
888  62
938  71
939  79
940  23
945  10
954  42
966  68
1033  12
1034  5
1041  69
1066  13
1098  58
1103  45
1108  27
1121  16
1121  65
1130  62
1136  38
1140  76
1153  43
1170  71
1172  36
1179  10
1218  72
1219  9
1226  51
1228  30
1265  64
1288  17
1365  71
1370  10
1400  2
1419  38
1432  43
1465  19
1495  54
1498  58
1499  36
1501  2
1505  5
1506  19
1507  23
1509  53
1519  39
1522  6
1527  75
1530  10
1531  58
1532  71
1533  2
1535  36
1542  54
1543  5
1544  72
1552  9
1557  23
1565  50
1591  19
1662  38
1669  43
1670  58
1681  2
1681  36
1688  71
1690  10
1705  53
1708  54
1726  16
1726  65
1738  19
1750  58
1765  23
1772  2
1783  5
1789  76
1793  36
1828  72
1833  71
1835  10
1840  9
1862  79
1870  43
1877  38
1878  58
1883  19
1899  54
1902  2
1908  51
1914  30
1915  39
1944  36
1966  23
1970  71
1972  10
1973  6
1976  68
1988  5
1994  75
2001  58
2009  53
2018  19
2024  2
2033  13
2067  12
2077  38
2079  43
2080  36
2081  72
2088  69
2091  54
2098  9
2101  10
2101  71
2120  58
2135  23
2140  2
2153  19
2167  5
2211  36
2229  10
2229  71
2241  58
2253  43
2254  2
2266  54
2281  19
2286  50
2299  53
2311  23
2331  16
2331  65
2337  36
2347  76
2356  58
2359  39
2363  2
2365  5
2367  51
2374  13
2401  45
2406  19
2438  54
2462  2
2463  36
2463  58
2466  51
2469  13
2473  17
2474  16
2476  11
2478  5
2480  25
2483  51
2488  2
2488  23
2489  13
2516  19
2518  10
2518  71
2521  38
2528  72
2530  9
2532  79
2535  43
2544  75
2547  6
2549  71
2550  10
2550  58
2555  27
2555  53
2556  64
2567  38
2569  36
2580  54
2595  42
2597  43
2600  30
2608  71
2618  9
2621  72
2627  2
2628  10
2632  51
2635  13
2636  5
2639  16
2645  23
2646  19
2653  2
2653  51
2663  11
2663  13
2663  58
2671  62
2674  5
2680  16
2682  25
2682  36
2739  71
2740  38
2748  10
2760  54
2763  19
2768  39
2773  58
2791  43
2803  23
2806  53
2817  36
2836  6
2840  75
2845  72
2848  9
2848  71
2849  2
2854  10
2868  76
2877  58
2880  19
2896  38
2921  54
2935  2
2935  36
2938  65
2957  43
2965  71
2971  10
2977  23
2979  5
2980  51
2980  68
2982  2
2983  13
2986  58
2991  16
2992  50
2998  51
3000  19
3002  5
3004  13
3010  2
3010  11
3023  51
3029  16
3030  36
3031  25
3035  12
3037  13
3071  58
3075  53
3080  54
3080  71
3081  38
3086  72
3087  10
3088  9
3114  19
3121  69
3125  23
3125  43
3162  36
3164  79
3170  39
3188  75
3190  71
3195  10
3196  58
3199  6
3218  2
3230  19
3237  54
3239  38
3273  30
3279  36
3284  72
3290  9
3292  5
3293  23
3294  43
3300  58
3301  71
3308  10
3313  53
3319  2
3347  19
3350  76
3356  2
3357  51
3360  13
3365  16
3369  5
3374  51
3384  58
3385  13
3386  2
3387  54
3388  36
3391  11
3406  38
3413  10
3416  71
3440  23
3450  43
3451  19
3451  45
3500  58
3506  36
3508  72
3511  9
3529  71
3532  10
3540  2
3540  65
3544  51
3545  5
3545  54
3548  13
3549  6
3551  16
3553  75
3561  25
3563  51
3565  2
3569  39
3573  19
3574  13
3574  38
3576  53
3579  5
3581  17
3584  58
3585  23
3587  16
3591  11
3593  51
3595  2
3603  36
3610  50
3614  27
3622  43
3624  10
3632  71
3635  79
3636  62
3637  23
3640  45
3641  58
3644  28
3644  76
3647  27
3647  79
3650  62
3652  23
3653  42
3656  45
3660  58
3662  79
3664  76
3668  31
3668  62
3669  23
3674  27
3677  28
3677  54
3678  45
3685  19
3688  85
3704  38
3707  9
3720  36
3726  72
3727  44
3745  68
3749  71
3750  10
3752  2
3759  13
3761  51
3764  5
3773  16
3774  64
3778  43
3781  2
3788  13
3790  51
3801  25
3802  19
3807  53
3831  58
3834  36
3835  23
3836  54
3838  79
3841  62
3846  45
3857  71
3860  10
3862  58
3884  38
3887  6
3893  75
3914  19
3925  2
3929  9
3935  5
3938  72
3939  13
3940  51
3947  16
3952  2
3954  30
3955  36
3956  43
3962  11
3963  10
3967  39
3969  71
3981  54
3984  23
3984  58
3990  79
3993  62
3995  76
3996  27
3996  45
4000  23
4004  58
4005  5
4008  79
4010  28
4017  62
4018  19
4018  23
4023  42
4023  45
4025  76
4028  27
4031  58
4032  79
4033  12
4040  38
4043  23
4047  36
4055  62
4063  53
4067  85
4068  31
4072  45
4072  58
4076  71
4078  23
4079  10
4082  79
4085  69
4099  27
4100  2
4109  51
4110  13
4110  43
4121  16
4124  5
4125  2
4133  51
4134  54
4138  13
4141  9
4141  19
4145  65
4148  72
4151  25
4158  2
4166  36
4172  58
4176  11
4176  23
4177  51
4180  16
4181  13
4185  50
4188  10
4189  71
4196  5
4217  2
4219  38
4223  75
4230  6
4239  62
4240  58
4241  23
4243  45
4244  79
4245  19
4249  76
4253  28
4267  27
4276  58
4278  36
4281  23
4285  62
4286  43
4288  71
4292  10
4295  54
4295  79
4301  45
4302  53
4311  2
4311  51
4314  13
4315  5
4328  42
4329  23
4330  58
4332  76
4339  16
4353  9
4356  39
4358  51
4362  72
4364  2
4366  19
4372  38
4378  13
4387  36
4390  62
4392  27
4396  79
4401  58
4409  10
4409  23
4409  71
4410  45
4428  28
4437  43
4445  54
4466  23
4469  58
4479  19
4480  2
4483  5
4490  51
4496  79
4501  13
4502  16
4504  62
4508  36
4512  11
4513  2
4514  25
4518  10
4520  71
4521  45
4521  76
4531  58
4533  23
4542  38
4551  27
4557  53
4569  9
4569  75
4570  79
4572  72
4578  6
4584  19
4598  54
4608  23
4609  58
4611  43
4614  62
4617  36
4618  10
4621  71
4629  31
4633  30
4639  45
4661  28
4665  23
4666  58
4666  76
4667  2
4671  51
4672  5
4676  13
4682  79
4683  68
4687  16
4695  2
4697  38
4699  51
4703  27
4704  19
4714  42
4719  36
4726  23
4727  58
4730  62
4736  65
4737  10
4740  71
4742  17
4742  30
4744  45
4744  68
4744  79
4749  54
4750  39
4753  76
4756  56
4756  70
4760  50
4764  43
4772  5
4778  2
4778  9
4783  13
4786  72
4788  23
4792  51
4794  58
4799  53
4806  16
4811  11
4816  19
4819  25
4820  5
4822  2
4822  13
4828  36
4833  12
4837  10
4837  62
4839  51
4845  71
4850  27
4851  64
4851  79
4852  45
4856  30
4858  68
4861  23
4861  58
4862  65
4867  38
4870  30
4872  76
4873  79
4874  68
4886  70
4887  54
4888  65
4900  56
4907  75
4912  6
4915  2
4918  43
4921  16
4924  5
4926  20
4926  28
4926  51
4929  19
4930  12
4930  64
4932  16
4932  57
4933  13
4935  42
4939  5
4939  10
4940  36
4945  16
4945  51
4945  69
4945  71
4946  12
4946  20
4947  64
4954  57
4955  2
4957  5
4958  42
4977  58
4980  23
4988  72
4989  9
4997  37
4997  62
5000  45
5002  13
5015  58
5020  23
5024  27
5028  38
5036  61
5038  2
5038  53
5038  79
5043  19
5053  36
5053  54
5058  71
5061  11
5062  10
5070  62
5072  23
5073  58
5080  45
5083  43
5088  2
5098  13
5099  25
5099  51
5103  16
5105  76
5106  5
5130  58
5131  79
5137  39
5141  23
5144  51
5152  19
5152  27
5154  28
5154  30
5155  68
5159  36
5159  79
5163  65
5166  76
5169  30
5172  2
5172  10
5173  31
5173  68
5175  71
5185  70
5186  54
5186  62
5186  79
5189  30
5189  45
5191  23
5194  65
5197  68
5198  9
5198  38
5198  56
5198  58
5204  76
5205  72
5206  13
5214  5
5214  16
5220  12
5220  64
5222  51
5224  42
5225  20
5227  16
5232  5
5234  57
5234  75
5235  2
5235  6
5239  12
5240  64
5243  16
5244  51
5245  43
5249  36
5249  42
5249  50
5252  5
5253  58
5255  20
5260  10
5261  16
5262  23
5264  12
5265  69
5266  19
5266  64
5271  53
5273  71
5289  51
5290  27
5294  30
5294  62
5294  79
5297  65
5300  45
5301  17
5301  68
5301  76
5306  39
5307  24
5308  30
5308  65
5308  69
5309  61
5315  17
5316  76
5321  65
5321  79
5325  30
5327  39
5327  54
5328  58
5330  38
5331  69
5332  23
5335  68
5343  45
5350  2
5359  13
5360  5
5361  16
5370  70
5371  55
5375  51
5379  42
5380  16
5380  36
5381  19
5381  44
5382  64
5383  12
5384  5
5386  57
5386  71
5388  11
5391  10
5391  20
5393  2
5394  23
5396  58
5401  62
5404  43
5405  5
5407  16
5407  28
5408  9
5413  13
5413  51
5413  72
5421  25
5421  79
5422  36
5439  65
5440  30
5440  76
5443  68
5446  17
5446  27
5451  61
5453  65
5454  24
5454  69
5457  39
5457  76
5458  30
5459  79
5460  58
5462  56
5464  23
5466  2
5467  17
5472  54
5473  65
5478  45
5488  71
5491  38
5492  19
5495  10
5505  16
5507  5
5507  13
5514  51
5515  42
5516  64
5517  12
5520  2
5522  53
5522  58
5522  62
5528  23
5532  16
5538  20
5540  5
5545  57
5554  51
5566  12
5566  43
5567  36
5570  64
5572  16
5573  42
5592  79
5593  27
5594  75
5596  6
5600  68
5601  10
5601  58
5602  23
5603  5
5607  19
5610  71
5612  2
5615  13
5615  51
5620  9
5621  30
5621  45
5621  79
5625  54
5626  16
5627  72
5632  62
5633  23
5637  68
5645  28
5647  5
5648  58
5652  76
5657  65
5658  11
5659  30
5660  38
5660  69
5666  76
5667  17
5668  79
5669  12
5670  39
5670  61
5672  65
5673  2
5675  70
5677  24
5678  36
5681  69
5682  30
5685  76
5688  45
5690  65
5694  17
5698  25
5698  31
5698  71
5702  13
5708  19
5710  10
5715  58
5716  20
5720  51
5722  16
5723  50
5726  43
5728  23
5730  64
5733  2
5733  5
5737  62
5738  42
5758  16
5760  51
5761  57
5772  53
5773  54
5776  27
5786  36
5790  12
5800  5
5805  64
5808  58
5809  23
5812  16
5815  13
5821  79
5826  2
5828  68
5828  71
5829  10
5830  51
5831  19
5837  38
5837  45
5838  9
5841  5
5843  72
5844  42
5847  30
5848  76
5849  56
5849  58
5849  79
5851  23
5851  65
5855  69
5858  62
5859  20
5860  39
5860  68
5862  17
5862  76
5864  61
5865  2
5865  12
5866  30
5868  65
5871  16
5884  24
5890  43
5892  27
5893  79
5894  6
5895  36
5895  51
5895  75
5899  28
5900  13
5902  45
5905  5
5910  54
5912  64
5915  58
5915  71
5916  10
5919  70
5920  23
5931  68
5932  16
5940  19
5947  11
5955  2
5955  62
5962  51
5963  5
5965  57
5965  79
5970  42
5980  30
5980  65
5980  76
5986  69
5988  23
5992  12
5992  16
5993  36
5994  58
5997  38
6002  39
6010  53
6014  13
6024  25
6025  20
6028  64
6029  5
6030  45
6030  51
6033  2
6040  10
6040  68
6043  71
6043  79
6045  27
6047  9
6047  43
6049  58
6051  72
6052  16
6054  19
6054  23
6058  76
6060  30
6060  65
6067  17
6067  69
6069  54
6071  61
6074  12
6077  65
6079  39
6079  76
6080  62
6081  30
6083  2
6089  5
6091  56
6092  24
6093  69
6094  17
6099  13
6099  51
6099  65
6100  42
6107  79
6111  16
6112  45
6114  36
6117  58
6121  23
6126  28
6133  38
6141  64
6141  71
6151  10
6160  5
6169  19
6170  51
6171  2
6173  16
6183  23
6184  57
6188  58
6190  20
6192  27
6192  62
6208  43
6214  13
6216  36
6225  54
6226  5
6227  79
6229  12
6230  68
6234  16
6238  51
6242  30
6243  42
6248  11
6248  58
6249  2
6251  53
6252  10
6252  23
6254  76
6259  64
6260  45
6261  9
6261  65
6262  71
6263  30
6264  79
6265  72
6265  75
6266  6
6269  68
6270  69
6270  76
6271  17
6273  19
6274  39
6274  61
6274  70
6276  5
6277  31
6279  12
6279  65
6288  50
6290  25
6291  16
6293  2
6295  30
6296  62
6297  13
6297  23
6297  38
6303  58
6305  51
6312  71
6314  36
6315  45
6334  27
6338  5
6341  20
6354  16
6363  10
6370  54
6371  43
6373  64
6376  51
6379  42
6383  23
6385  28
6386  58
6390  2
6393  19
6398  79
6410  57
6410  76
6412  68
6413  13
6413  65
6414  16
6416  5
6416  62
6418  30
6422  12
6423  69
6428  79
6432  36
6439  56
6442  23
6443  51
6443  58
6445  2
6454  45
6462  68
6466  9
6469  71
6474  16
6474  38
6476  72
6477  10
6478  5
6486  79
6487  64
6491  27
6495  53
6498  76
6500  23
6500  65
6504  13
6504  30
6504  42
6506  19
6507  17
6509  39
6511  51
6511  69
6512  20
6513  61
6513  76
6514  58
6515  12
6516  24
6517  65
6521  2
6524  54
6524  70
6528  30
6528  62
6531  17
6531  43
6533  16
6536  5
6536  45
6536  76
6542  11
6543  25
6543  36
6552  71
6555  55
6568  10
6571  58
6580  51
6587  16
6593  2
6595  5
6601  6
6602  64
6606  13
6609  23
6610  19
6617  38
6621  75
6623  79
6627  57
6630  65
6633  68
6634  76
6635  30
6638  42
6639  12
6640  69
6642  39
6646  27
6646  51
6646  58
6647  62
6648  65
6650  17
6650  36
6651  61
6652  23
6654  16
6655  28
6656  79
6659  24
6662  2
6663  45
6664  5
6670  71
6671  54
6673  9
6676  20
6683  72
6691  13
6707  10
6715  16
6716  64
6719  51
6761  2
6761  5
6761  19
6771  58
6772  23
6774  12
6775  16
6780  76
6781  30
6781  36
6781  65
6781  79
6783  43
6783  53
6786  68
6789  62
6789  69
6790  51
6794  39
6795  45
6796  42
6797  5
6797  17
6799  65
6799  76
6800  30
6800  71
6802  58
6803  2
6803  23
6803  61
6807  13
6807  79
6808  38
6809  54
6810  27
6812  56
6813  10
6816  50
6823  64
6824  12
6827  11
6828  31
6830  25
6833  20
6834  5
6834  16
6838  57
6900  51
6911  16
6911  19
6914  2
6921  36
6925  13
6929  71
6934  43
6935  10
6935  51
6937  58
6939  9
6939  72
6942  5
6942  23
6942  65
6942  76
6945  30
6946  69
6947  79
6948  64
6949  68
6952  17
6952  39
6952  62
6953  42
6953  45
6954  12
6955  2
6958  16
6958  76
6959  65
6961  24
6961  54
6962  38
6962  58
6964  23
6964  28
6965  30
6966  6
6966  61
6968  70
6968  75
6969  27
6970  79
6971  69
6972  19
6974  5
6974  68
6975  76
6980  36
6981  45
6982  71
6984  65
6985  13
6985  39
6986  20
6999  17
7004  26
7004  51
7022  85
