87
23
59
91
13
18
90
28
73
35
50
93
32
48
46
84
70
3
59
99
5
21
49
63
55
77
46
18
30
95
23
28
19
44
74
2
80
90
59
10
79
7
0
64
26
61
41
98
99
23
26
30
57
77
61
87
4
84
94
24
50
55
88
4
7
41
5
11
85
79
4
92
21
53
17
44
81
40
16
31
24
45
71
5
33
1
31
81
34
74
30
84
81
85
20
55
99
68
62
72
44
17
24
37
40
74
80
5
91
69
17
71
73
58
39
27
19
35
20
36
50
43
28
24
67
5
83
64
32
90
96
60
86
16
64
98
24
39
2
85
21
91
59
8
24
49
39
4
45
62
62
3
76
50
10
89
72
2
5
48
49
72
55
93
67
39
66
9
99
83
43
83
25
61
34
1
74
72
12
17
80
1
91
34
3
38
83
88
8
31
26
2
28
84
11
89
6
43
34
58
62
45
87
38
25
54
65
27
2
36
90
91
71
58
78
9
23
60
72
14
74
60
77
12
4
30
45
17
1
29
86
27
0
83
42
58
70
3
5
40
55
62
65
15
45
68
46
78
58
35
0
13
93
23
52
97
40
10
19
92
11
77
46
29
82
47
27
7
0
87
38
22
0
54
62
50
87
53
92
5
29
85
65
80
86
70
18
49
89
51
7
43
0
79
56
6
33
74
59
16
12
44
15
7
78
13
65
16
10
40
79
64
51
38
44
49
10
59
76
1
96
83
61
72
65
62
2
7
70
54
83
40
73
36
58
81
25
69
87
88
62
46
5
53
59
40
11
92
10
51
6
20
4
67
14
96
50
36
56
95
13
45
88
95
84
40
91
4
60
0
90
99
54
53
31
49
75
57
55
89
26
77
90
22
42
92
44
72
67
85
0
35
92
29
28
85
42
81
84
56
34
68
8
23
15
7
53
22
40
35
58
36
61
16
38
28
18
56
15
42
51
32
5
23
13
6
79
8
49
68
67
47
22
23
1
25
48
11
56
71
8
51
6
45
47
49
46
62
22
63
26
67
29
54
77
39
8
76
31
4
50
16
7
34
11
30
1
77
26
27
75
66
48
68
43
40
22
28
3
44
69
28
18
16
75
2
24
14
62
13
55
54
78
65
63
60
25
44
29
11
75
32
31
48
40
61
20
95
78
74
42
99
5
73
68
59
53
2
36
51
34
80
95
46
9
10
39
38
83
73
49
57
13
34
96
51
70
66
25
46
70
5
64
37
42
0
85
86
12
99
5.83139
19.6213
8.27638
7.36997
5.67396
8.73037
18.6864
9.32316
0.0578242
17.8412
1.73554
6.66407
10.2731
19.9084
8.09864
13.5165
9.40315
12.5526
2.59231
11.5846
17.9496
13.3773
9.32636
12.5809
9.43803
2.53286
4.51441
8.31742
3.04201
11.351
3.70008
19.7466
8.67814
6.69591
8.20584
12.3258
17.5366
9.39049
3.53238
10.6866
0.765701
19.7895
0.57459
18.3707
7.76088
12.2013
11.0187
12.1895
16.2401
16.9463
19.5946
14.507
11.2479
0
13.444
10.0012
3.98314
13.7888
17.5554
2.73361
2.65698
6.3077
13.8323
9.73328
15.7424
5.40165
14.5236
9.66711
4.80293
17.1554
16.2555
13.872
5.08605
10.564
6.71808
18.2543
4.83673
17.4279
19.6845
4.87394
5.71341
4.62045
8.13584
3.61611
1.94687
10.7423
15.501
18.9213
4.15341
5.85217
11.4913
18.1161
7.09303
2.28089
15.434
4.55199
8.98654
10.9091
14.4418
12.4898
3.89908
13.2732
9.50805
2.57855
3.07357
0.815395
10.8417
14.9892
4.68831
19.4433
2.41819
10.4336
7.82996
19.9605
15.1016
17.0536
5.74172
16.1042
0.325436
13.8949
8.09973
10.4461
17.0688
0.736935
15.0801
8.29706
15.8815
11.6069
3.51765
18.0066
10.6782
5.74269
6.72708
0
9.12969
14.373
17.3709
7.02298
19.8708
12.7293
12.4343
12.572
19.5732
12.5207
9.45684
7.59358
17.4785
6.16838
2.92892
2.22257
7.42318
19.5606
10.7656
12.3075
3.71177
12.7856
0.31374
10.039
12.874
9.39626
15.249
2.23971
20
14.53
6.08739
3.73673
2.77633
16.094
14.3259
19.4982
4.66119
2.71469
0.768575
7.83453
5.32182
19.9915
12.7507
16.5347
16.9506
8.0603
15.0814
19.3459
19.6751
0.0193944
20
9.1938
2.63163
3.46906
16.3589
0.353419
17.6377
19.1959
14.0545
16.0153
19.5705
11.8212
6.53142
11.6178
6.05357
11.0097
19.4262
7.26923
19.012
17.3259
18.1723
17.6797
0.185246
14.9069
2.94458
1.54799
1.42378
2.21966
19.8107
12.6792
16.8621
6.81348
15.5566
0.990886
7.62694
18.7926
13.8314
4.70893
16.6405
2.79953
2.82771
19.3316
18.1319
6.82233
10.5349
7.00817
13.2976
0.19547
6.41949
0
11.071
13.7115
7.90271
16.5172
0.00195214
1.32688
20
18.8307
14.3361
8.57536
15.6533
4.34694
15.9588
4.46098
4.97328
19.8973
3.59805
16.8311
3.57867
16.9439
16.4575
16.5818
14.714
3.01786
11.4704
1.77314
16.2489
9.27169
10.3869
4.81571
15.5467
8.42338
7.93615
4.72344
17.7999
0
3.13398
19.3004
4.2542
5.45399
20
4.46232
6.1073
9.75662
1.59056
6.43161
19.8194
9.06165
7.72339
20
15.2535
5.70499
14.1697
9.50321
5.05742
5.38301
1.96812
5.02744
9.66919
5.35519
14.0682
4.31137
11.5978
2.06961
16.2932
4.87954
16.793
15.2678
0
12.6551
14.9083
2.51972
8.47826
0
1.81109
11.4306
12.8935
11.5833
20
6.79334
15.9557
2.66741
10.1601
9.41543
0.326435
17.7545
15.123
18.2212
0
13.9312
14.905
2.73622
3.96912
0.666424
2.70786
15.2521
1.99487
2.73067
4.14278
19.0012
14.9099
18.9374
8.06878
11.591
13.7493
0
17.7373
16.5333
20
2.91444
10.2002
20
9.06836
11.6731
9.98297
6.03016
14.9055
17.2204
18.5163
15.5222
14.2063
17.0865
11.6848
20
1.54343
2.04633
1.08456
19.3094
13.7096
7.03329
14.5308
5.6576
12.4397
19.4878
19.5835
16.1744
17.0023
19.5561
4.26031
0.924001
12.4634
15.3431
12.4282
2.66029
0
20
4.3626
13.8692
4.44487
0.225909
7.11854
12.2269
13.6902
2.79845
7.97215
13.5161
3.3115
15.1317
15.9978
16.3627
4.03392
12.856
0
6.15879
20
19.0393
16.4526
12.9389
2.27756
10.906
18.0088
7.27076
17.2001
1.03428
17.0518
6.45858
15.1848
13.2766
18.4141
8.4358
8.38397
17.993
4.17831
4.22001
12.9042
5.23929
3.41035
14.2212
17.8556
14.5077
12.3741
14.938
8.13162
3.32918
13.4685
6.74797
6.99334
0.19048
20
9.68544
13.013
6.41064
4.27122
15.38
7.21688
15.7129
13.8995
4.61949
16.1902
6.56185
6.67515
6.61136
0.441725
9.05262
5.91464
19.8784
1.44296e-312
1.52784e-312
3.60739e-313
7.85138e-313
3.59385
-2.39276
240.193
140
