109  88
134  22
141  87
158  79
162  57
176  88
183  21
184  5
184  74
185  4
185  75
225  91
234  92
240  0
250  58
254  94
256  91
257  24
259  63
259  77
261  69
264  34
266  55
266  92
267  8
296  91
310  88
314  87
320  85
324  2
325  16
328  45
332  71
334  10
339  88
342  87
343  85
351  1
352  22
355  5
369  79
370  2
370  85
370  88
372  16
374  87
382  56
386  52
399  4
399  75
405  74
405  88
409  57
416  91
420  92
443  91
450  92
452  0
467  23
473  91
484  6
486  73
488  4
488  75
488  88
489  94
492  87
496  74
498  5
500  85
516  88
520  87
523  85
532  21
533  45
543  22
548  88
554  5
555  91
560  92
564  94
566  87
567  8
570  33
570  34
574  63
574  77
578  55
585  82
585  98
588  78
595  94
596  8
598  25
599  44
601  60
607  33
658  82
658  98
663  94
674  34
676  8
676  92
679  91
688  94
699  55
702  27
702  63
702  77
702  92
704  91
713  33
713  58
715  94
716  98
719  74
720  82
721  88
722  57
727  69
730  91
731  92
733  87
736  85
737  71
739  46
742  88
743  24
753  45
755  81
756  97
757  0
767  54
773  35
775  85
777  2
798  19
879  71
880  85
882  87
883  88
