11
71
12
96
54
58
77
35
39
57
62
24
53
51
32
37
81
2
43
14
32
42
4
65
35
60
19
72
21
64
28
31
8
57
75
48
38
39
94
40
38
0
26
77
64
51
62
42
39
72
44
67
97
71
42
9
56
26
2
49
78
97
87
71
23
94
17
41
75
40
19
1
51
78
25
29
63
53
69
42
48
76
70
78
91
57
87
89
85
15
56
59
14
53
85
31
82
80
3
96
64
50
98
73
83
3
68
44
2
20
47
91
72
92
24
25
97
22
3
33
5
40
99
6
41
84
34
45
67
4
26
2
59
19
80
97
39
3
38
9
89
71
97
77
18
96
69
86
35
15
33
73
0
44
81
24
87
36
40
13
94
26
64
63
80
20
99
2
74
54
15
86
75
80
60
36
32
79
78
91
21
79
35
19
12
83
86
0
81
55
48
26
96
64
83
40
22
31
84
78
44
0
88
91
13
31
79
17
25
73
81
46
20
54
73
97
3
53
34
7
74
73
39
60
28
46
78
34
62
69
56
20
79
87
50
53
76
48
92
72
10
28
48
95
23
1
2
5
12
19
44
58
70
31
76
60
96
14
1
27
28
83
36
91
10
93
86
66
59
11
65
79
9
73
71
13
18
64
84
41
82
81
66
29
2
10
11
3
8
55
94
22
26
37
93
85
28
77
9
48
85
15
25
19
71
82
73
51
59
88
63
52
19
61
7
50
79
43
11
25
73
28
80
89
58
82
20
57
9
3
89
9
23
91
52
32
26
45
1
30
93
87
79
65
16
5
0
50
49
39
76
83
98
16
49
29
53
69
85
13
65
69
86
40
12
52
98
60
53
88
30
25
85
60
43
67
57
36
16
64
50
49
80
2
72
16
85
93
4
42
62
22
67
84
55
70
50
57
54
30
0
15
53
59
44
14
43
18
25
56
4
61
43
63
60
34
40
9
74
11
11
65
60
39
30
52
27
4
34
22
12
62
48
1
59
49
31
15
45
0
5
79
32
4
69
3
39
38
76
75
0
70
8
28
20
3
39
77
66
72
17
59
73
27
32
60
54
15
53
47
12
63
22
15
13
27
2
35
9
69
20
65
58
19
64
71
61
66
12
27
27
48
52
76
1
64
16
34
78
36
9
80
98
8
94
48
22
81
1
95
71
45
51
87
35
8
64
79
80
68
30
20
1
43
90
11
62
81
94
0
78
61
39
77
1
9
11
59
30
67
75
3
98
69
64
0
83
89
96
86
5.84626
9.71091
8.95436
2.5504
5.39773
6.99102
8.30963
0.35687
7.52213
4.13021
7.27596
2.22706
7.72254
4.9687
10
1.90773
1.73541
2.41902
6.65522
6.56674
9.3105
8.18407
9.50252
3.42269
6.56322
2.47656
1.44918
8.86865
0.531042
5.10895
7.23054
5.4929
1.62597
1.08916
9.88368
4.38616
6.11627
9.95071
8.41496
4.83257
6.00018
4.60268
9.91836
2.70435
4.88183
0.0324439
2.85306
1.29334
3.30384
4.31182
3.07001
1.82403
5.73516
9.17819
8.98405
9.7571
6.61164
4.44829
8.83985
6.04112
1.2713
4.95161
6.51083
1.37262
8.60312
8.68794
0.242339
6.02461
7.77303
9.21795
2.08479
9.61089
8.93132
5.76158
6.59074
0.149561
4.99405
5.6005
0.286206
3.76378
10
9.8583
0
1.76023
3.89198
4.93904
8.56225
1.67576
0.0701355
5.91408
3.97264
10
6.31707
7.17867
0.00855339
5.47688
10
0
1.33636
0.30749
0.280414
7.14825
7.40314
0.279234
4.08239
7.4546
2.88792
7.91742
2.65463
1.03209
9.43078
2.92791
3.90345
8.97482
5.51466
5.7495
4.13522
1.44712
7.83188
0
10
1.83275
4.266
8.98923
8.64165
2.19413
0.479872
3.78789
6.70964
0.581631
0.869869
6.90452
2.47956
6.91491
3.8172
4.52427
5.96467
5.28217
1.78891
7.31198
3.33425
6.52102
3.15945
3.68819
6.51598
0.245914
6.52776
1.03916
1.76318
0.254686
7.80769
0.931938
2.00463
0.347181
5.28385
7.51007
6.18599
9.75955
7.39872
2.94798
9.93802
4.8024
1.78404
6.93646
8.52248
8.71661
6.72041
6.17171
0.149751
2.76701
3.06532
3.50167
9.25817
2.8318
5.34972
10
2.59868
8.40915
0
0.451531
4.12674
3.59533
4.26326
4.89952
1.51954
2.4498
3.25487
4.53614
3.7332
6.40115
7.98721
7.49419
1.34551
8.23478
8.9713
4.53292
4.94416
3.24197
1.11793
2.76807
0.605854
0.478761
8.66875
2.62713
0.14073
7.90519
7.25391
3.06804
2.95855
2.92372
1.70304
9.86131
9.65485
3.22365
5.82576
1.4941
7.70324
6.96162
7.77142
2.64364
10
4.55964
0
7.11858
3.37852
8.39313
9.29219
8.10292
0.497061
3.49094
3.76514
5.70356
2.2915
6.73469
7.6185
7.60356
8.44512
5.84205
0.195578
5.10752
8.47254
5.93416
2.31651
6.81343
2.03459
1.24339
0.51725
3.95687
0.612777
0.403317
5.50745
7.54765
1.65455
3.02439
3.28668
3.57971
7.71363
8.64741
1.71232
0
5.6395
6.35689
1.67659
7.20626
5.19276
9.44023
4.17164
0.953064
0
10
2.82601
10
3.52006
7.16674
6.62548
6.35642
3.70858
5.84358
9.26393
3.2288
6.52363
6.38849
10
8.39457
7.34054
9.46176
9.47086
6.18338
7.75959
8.22686
4.65519
0.710997
1.85855
6.2264
4.96762
1.21667
4.80103
1.16827
5.2462
2.48356
5.93003
3.4796
5.77042
6.76706
5.22832
2.73154
2.24397
8.10744
0.475053
5.631
2.72329
0.986965
0.983321
0
0
1.50555
7.60082
3.32425
8.92797
3.77884
7.74155
1.85105
7.89037
8.60342
0.819083
5.5068
2.59883
1.11432
0.306306
6.22127
9.81705
5.14604
7.91987
9.9377
5.40963
2.79958
1.26869
0.0872442
1.12299
0.131435
1.1727
1.91685
8.50156
9.30206
3.2041
6.33612
1.89851
6.11706
10
3.98535
0.77771
8.1855
5.9511
7.40994
4.44839
6.1744
3.02489
8.01096
8.14146
6.34036
5.974
3.84568
7.90152
9.96941
4.06182
10
6.31221
4.81041
9.19595
9.42385
10
8.51411
3.34901
9.67175
1.23571
0.536355
0.784303
2.42353
5.46928
0.71426
3.14553
1.57815
0.240151
0.456349
2.46973
0.326856
2.3488
7.76528
1.35506
6.45079
6.52284
2.60461
5.82715
3.80817
2.30201
9.10006
9.4283
7.83992
3.7569
10
3.28375
0.00667252
6.30856
9.91573
9.85329
4.88249
4.81756
5.73264
1.92634
1.65534
4.91506
2.70378
8.08804
8.90849
5.81494
10
10
9.75013
10
8.27566
8.364
2.79925
3.15733
8.51837
4.68041
6.4133
5.34952
3.88542
8.33644
1.83956
4.45094
3.46828
0.606859
7.40982
8.04926
0.276953
3.15549
6.75426
1.67135
7.48983
3.06518
2.98541
6.566
1.54259
6.9031
3.11072
0.414328
8.54337
2.6645
5.16785
1.5915e-312
1.4854e-312
5.94159e-313
6.36599e-314
3.05416
-2.37904
772.159
190
