99
68
97
16
74
24
18
11
69
10
79
56
89
32
96
64
7
48
81
12
72
65
22
70
54
26
68
17
2
19
63
35
45
32
62
36
1
55
2
92
69
24
48
38
90
41
27
76
1
35
66
30
97
84
50
79
37
58
82
36
11
95
43
92
90
68
19
32
55
59
33
61
86
10
87
55
53
30
24
84
19
58
17
51
38
88
41
25
75
16
29
82
61
6
21
97
68
15
24
75
97
29
51
22
18
46
65
19
1
41
81
18
69
26
25
44
92
54
97
21
71
57
0
1
31
23
33
52
87
56
92
36
56
81
73
41
67
27
23
69
1
14
58
25
15
6
76
93
86
40
95
34
45
36
48
6
1
79
94
47
67
91
36
8
43
70
47
86
9
7
70
49
96
63
66
7
79
37
40
43
92
31
41
88
14
16
19
62
87
40
91
86
41
61
16
32
78
39
75
79
74
67
19
81
27
57
14
31
49
84
56
35
47
64
36
89
0
20
5
57
6
36
59
82
98
68
10
99
9
74
83
88
69
37
51
98
62
82
43
76
32
63
18
52
23
79
8
39
91
47
97
93
66
49
87
31
47
17
45
18
48
6
16
2
29
40
38
44
91
98
0
58
77
11
65
25
42
32
76
27
41
21
57
37
72
82
95
99
76
96
35
82
69
86
49
12
30
16
70
6
37
79
45
58
92
50
33
29
95
60
99
1
54
43
45
95
29
92
86
27
74
81
65
48
97
61
29
3
8
92
68
11
36
60
53
89
46
72
32
40
6
87
33
31
37
62
42
9
4
52
18
6
90
83
74
73
26
23
17
98
85
20
43
38
7
11
12
45
96
72
91
2
46
12
10
75
25
36
48
19
28
36
19
71
96
22
68
69
15
81
6
79
94
45
88
97
99
29
34
71
76
72
61
2
67
27
68
70
19
78
50
15
67
28
46
45
37
63
21
59
68
52
17
77
34
47
57
3
48
41
3
27
77
50
18
24
17
5
25
79
24
17
20
74
26
47
54
38
19
58
13
43
16
74
68
56
30
69
91
77
65
1
49
66
4
50
28
33
10
76
28
49
0
65
43
33
63
30
4
50
34
24
8
47
32
9
45
20
67
66
32
44
16
45
57
69
49
27
30
34
78
17
97
82
95
52
27
98
69
8
91
21
81
63
93
80
46
51
62
75
36
7
55
73
4
41
79
42
93
60
37
69
29
46
14
48
0
53
39
27
52
32
34
73
7
0
41
35
66
95
48.5553
16.0205
22.8299
27.0321
47.632
18.8188
24.086
28.7213
19.9701
33.1853
26.6324
41.0331
45.0707
30.3559
30.2711
43.2131
45.8735
37.0502
26.1807
40.9774
48.1113
29.2695
42.6671
17.6795
34.7908
43.8669
46.8067
49.2477
0
9.19585
15.0894
3.28974
5.96381
34.6345
22.452
29.9278
20.708
43.5095
36.9208
2.77523
8.03674
5.32558
34.9277
30.3324
47.8343
39.2765
0
28.2237
38.0041
34.0495
14.5197
41.3955
5.5594
23.6564
14.5223
20.8143
15.482
31.384
42.235
16.0629
7.63023
28.0131
22.341
29.5491
0
11.7821
45.9713
49.3802
9.03478
5.28592
34.7755
4.67005
24.4417
0
43.2219
25.398
49.9047
32.7677
18.6933
1.96553
41.6402
8.27667
27.7174
14.7764
2.98382
4.61839
13.0573
9.91257
23.7238
17.3734
17.0565
16.6311
20.1756
4.5558
41.1672
11.7102
45.3843
7.22597
40.8671
26.6751
12.935
15.2154
15.4958
24.362
9.21001
23.2009
41.0452
33.1156
27.9903
29.9003
18.2623
7.10527
11.4713
39.7549
8.87835
36.5424
3.95329
3.31939
41.0593
31.2552
41.8494
18.484
42.2098
2.25999
23.744
48.4998
28.8043
7.94436
44.9581
30.6421
29.7049
42.1954
22.6785
17.2211
38.0331
46.0412
32.1011
37.2665
32.276
39.7969
39.8385
14.7666
8.62568
48.7937
14.0309
28.3536
15.6789
11.7458
38.9113
24.1851
34.2974
25.6894
41.002
34.9571
32.8357
32.9484
30.6183
24.2055
5.44053
37.0398
50
0.556221
43.0145
17.5274
4.84885
22.821
12.8621
45.5465
3.35613
18.0343
48.2486
42.0858
16.1377
37.4995
31.6155
36.3419
26.4157
10.7716
36.2194
2.43452
14.2304
17.2384
19.104
6.65202
11.2946
34.7423
45.1598
10.3994
49.0009
35.9384
17.4126
48.7805
7.83018
44.6572
13.6707
3.58495
24.5011
40.9394
1.38571
34.9248
30.1698
5.38399
25.4335
14.3935
39.6959
45.1417
26.6628
7.94242
17.3142
33.9425
42.5311
4.39349
36.2053
7.65765
41.4182
16.0185
6.46876
22.2828
14.2956
22.8338
26.4518
39.1193
0.51184
36.16
44.545
45.9855
5.36759
50
8.75944
27.2065
33.6525
30.4527
28.6742
32.941
37.7008
23.2668
15.1434
31.2569
47.2494
39.2315
49.01
13.7219
47.8248
36.1007
49.9408
0.7907
21.0507
48.4008
1.07275
8.44854
0.22055
34.2184
4.08091
3.50449
0.966327
40.1365
23.5931
24.8879
43.8477
29.787
4.79194
15.7658
16.3319
19.7087
48.8051
10.4937
26.6418
42.3698
43.9516
0.0564945
49.1551
28.8598
0
4.09552
19.2723
43.2663
43.858
9.75974
27.6316
34.2128
25.2587
16.1949
6.96769
1.09188
30.9087
24.5612
12.928
0
6.51012
20.5756
33.4255
8.50871
44.7464
14.8183
34.4756
26.9377
24.9917
33.5939
31.063
41.5855
23.2033
18.3722
5.22957
35.6492
39.8898
14.3597
0.716314
42.1372
0.197803
33.086
13.4552
34.6495
1.04473
41.7843
27.6483
13.0882
3.17916
42.2198
50
20.2859
26.4617
3.63749
34.1351
30.8544
21.432
37.8363
14.7827
18.194
12.2719
22.7554
30.0656
42.0799
7.43705
24.8151
12.9782
33.9439
10.8478
16.2148
35.9685
8.70838
43.1901
46.4069
23.3517
22.977
8.44752
3.54054
6.99751
49.7112
45.7013
22.6304
19.3123
21.4704
30.5289
15.9619
31.0364
24.6098
10.7256
23.8677
7.07605
44.5547
48.28
45.8788
39.4162
38.3221
44.1215
38.7724
30.8459
9.89718
29.1813
19.4273
24.1516
23.8879
47.185
46.0827
18.2642
40.6977
14.3155
19.479
14.1379
28.7116
44.9724
28.0156
11.7748
4.38273
24.0504
39.4201
20.895
12.0619
49.7425
13.6827
21.1171
24.4335
17.1831
1.08228
12.5862
31.2281
39.291
13.5091
17.9094
36.8484
15.9101
44.7583
28.7909
46.6056
17.8928
17.1042
24.7302
50
25.455
38.1384
40.6356
47.1434
23.6265
8.9359
7.7304
19.5556
42.1942
46.596
36.4264
33.5385
3.06715
29.8781
6.51109
44.486
48.1223
21.6995
17.2248
34.4096
26.5216
33.6396
49.8974
18.2504
47.0143
15.543
25.3951
46.0203
13.7899
3.70854
10.8439
24.4154
28.4898
0
3.46966
17.492
2.87471
13.843
36.5261
44.5217
47.6722
30.544
-0.499621
0.902681
-0.287517
0.955978
-49.9621
-2.09732
178.764
250
