0 0.610766 0.500402 0.000555629 0s
1 0.610766 0.503184 0.000645475 5.97219s
2 0.612096 0.504454 0.000893982 5.92425s
3 0.617887 0.505304 0.000912643 5.91827s
4 0.617887 0.506524 0.00117442 5.83231s
5 0.617887 0.506432 0.0012874 5.82128s
6 0.617983 0.505318 0.00147698 5.87515s
7 0.618805 0.505607 0.00184588 5.94959s
8 0.618805 0.505773 0.0014383 6.0012s
9 0.618805 0.509628 0.00130177 5.94565s
10 0.646283 0.510194 0.00147777 5.84102s
11 0.646283 0.508909 0.00153041 5.98872s
12 0.6996 0.510377 0.00189556 5.89776s
13 0.6996 0.510269 0.00201956 5.87134s
14 0.6996 0.506778 0.00197069 5.9513s
15 0.6996 0.5132 0.00215987 6.14191s
16 0.6996 0.509359 0.00215444 5.87898s
17 0.6996 0.509187 0.0022173 5.94388s
18 0.6996 0.510071 0.00205742 6.05605s
19 0.6996 0.5129 0.0021225 5.89488s
20 0.6996 0.511337 0.00198321 5.95999s
21 0.6996 0.514781 0.00207223 6.09335s
22 0.6996 0.511804 0.00221942 5.92981s
23 0.6996 0.510685 0.00232512 6.10065s
24 0.6996 0.510224 0.00229679 6.0323s
25 0.6996 0.508249 0.00208016 6.08192s
26 0.6996 0.508395 0.00285944 5.9489s
27 0.6996 0.511232 0.00230892 5.96051s
28 0.6996 0.511464 0.00233088 5.95838s
29 0.6996 0.510746 0.00244488 6.30389s
30 0.6996 0.509901 0.00278366 5.8608s
31 0.6996 0.515277 0.00257471 5.88171s
32 0.6996 0.511645 0.00286379 5.90683s
33 0.6996 0.515378 0.00282002 6.19893s
34 0.6996 0.511684 0.00292952 5.91694s
35 0.6996 0.511195 0.00335099 5.89465s
36 0.6996 0.517655 0.00327004 5.97953s
37 0.6996 0.516403 0.00323098 5.94726s
38 0.6996 0.516863 0.00331222 5.92099s
39 0.6996 0.517263 0.00327338 5.98096s
40 0.6996 0.514637 0.00332131 6.19777s
41 0.6996 0.516703 0.00346168 6.05738s
42 0.6996 0.516621 0.00334377 6.16253s
43 0.6996 0.51496 0.00330117 5.81596s
44 0.6996 0.515102 0.00326206 5.86264s
45 0.6996 0.514834 0.00339015 6.08998s
46 0.6996 0.516662 0.00330377 6.06554s
47 0.6996 0.517498 0.00360018 5.91792s
48 0.6996 0.517275 0.00353975 6.00222s
49 0.6996 0.515595 0.00372672 6.21807s
50 0.6996 0.518726 0.00336166 5.97696s
51 0.6996 0.518067 0.00373005 6.08579s
52 0.6996 0.516469 0.00333078 6.03373s
53 0.6996 0.516334 0.00378689 5.98022s
54 0.6996 0.515767 0.00350574 5.9528s
55 0.6996 0.515404 0.00388182 6.00389s
56 0.6996 0.514468 0.00340564 6.1304s
57 0.6996 0.516875 0.00364119 5.95625s
58 0.6996 0.515333 0.00366938 5.93578s
59 0.6996 0.514734 0.00352856 6.09678s
60 0.6996 0.516614 0.00371059 6.07879s
61 0.72965 0.518346 0.00367683 6.00901s
62 0.72965 0.518486 0.00406464 6.04376s
63 0.72965 0.514546 0.00394038 6.12227s
64 0.72965 0.519227 0.00406214 6.0577s
65 0.72965 0.517065 0.00416263 6.0582s
66 0.72965 0.517156 0.00414651 6.10001s
67 0.72965 0.515542 0.0041359 5.9709s
68 0.72965 0.517008 0.00386758 6.10463s
69 0.72965 0.517293 0.00388869 6.19285s
70 0.72965 0.517687 0.00409766 6.16906s
71 0.72965 0.515197 0.00407758 6.29584s
72 0.72965 0.516163 0.00386278 5.9333s
73 0.72965 0.51625 0.00426945 5.97505s
74 0.72965 0.519912 0.00391313 5.95564s
75 0.72965 0.521202 0.00407691 6.02357s
76 0.72965 0.513402 0.00414335 6.19532s
77 0.72965 0.519347 0.00390393 5.95688s
78 0.72965 0.514557 0.00417898 6.09137s
79 0.72965 0.516356 0.00415896 5.95618s
80 0.72965 0.515153 0.0042421 5.9285s
81 0.72965 0.516637 0.00426115 5.90222s
82 0.72965 0.517127 0.004082 6.00929s
83 0.72965 0.516507 0.00404096 5.91475s
84 0.72965 0.516535 0.0039157 6.00845s
85 0.72965 0.514647 0.00398505 6.12211s
86 0.72965 0.516019 0.004306 6.04285s
87 0.72965 0.518794 0.00414821 5.93388s
88 0.72965 0.518855 0.004302 5.86183s
89 0.72965 0.515387 0.00434887 6.00576s
90 0.72965 0.511875 0.00420462 6.05627s
91 0.72965 0.516992 0.00415991 6.08133s
92 0.72965 0.517065 0.00412076 5.94757s
93 0.72965 0.518372 0.00365694 6.01973s
94 0.72965 0.516944 0.00378464 5.97711s
95 0.72965 0.519948 0.00405044 5.90509s
96 0.72965 0.516917 0.0040522 6.02358s
97 0.72965 0.515587 0.0041238 5.94292s
98 0.72965 0.518371 0.00431392 6.0638s
99 0.74595 0.517669 0.00431834 5.98416s
100 0.74595 0.520384 0.00415843 5.88439s
101 0.74595 0.519811 0.00404902 5.88135s
102 0.74595 0.520863 0.00412058 6.13162s
103 0.74595 0.518684 0.0041909 5.97771s
104 0.74595 0.52097 0.00435322 6.08868s
105 0.74595 0.521259 0.0042369 5.94909s
106 0.74595 0.514649 0.00442001 5.91302s
107 0.74595 0.522021 0.00452045 5.90709s
108 0.74595 0.520046 0.00471642 5.8836s
109 0.74595 0.517952 0.00431902 5.90829s
110 0.74595 0.518219 0.00434098 6.22155s
111 0.74595 0.51931 0.00446456 6.0277s
112 0.74595 0.522038 0.00443022 5.9793s
113 0.74595 0.520508 0.00417186 5.95442s
114 0.74595 0.520262 0.0049269 5.94108s
115 0.74595 0.519219 0.00455595 6.27823s
116 0.74595 0.521152 0.00439959 5.91674s
117 0.74595 0.518695 0.00471415 6.06588s
118 0.74595 0.519205 0.00457616 6.00339s
119 0.74595 0.520174 0.00456022 6.0325s
120 0.74595 0.517763 0.00490325 5.96755s
121 0.74595 0.521372 0.00430557 5.89125s
122 0.74595 0.516074 0.00459857 5.91958s
123 0.74595 0.518667 0.0044777 5.91201s
124 0.74595 0.521045 0.00498012 5.98085s
125 0.74595 0.517566 0.00479756 6.04321s
126 0.74595 0.51896 0.00520381 5.94712s
127 0.74595 0.524302 0.0052029 5.90978s
128 0.74595 0.521891 0.00482382 5.94283s
129 0.74595 0.52378 0.00439684 6.04564s
130 0.74595 0.522534 0.00469993 5.93519s
131 0.74595 0.522068 0.0049142 5.86739s
132 0.74595 0.520626 0.00464476 6.0493s
133 0.74595 0.523839 0.00479434 6.02125s
134 0.74595 0.521999 0.00479113 5.85096s
135 0.74595 0.518691 0.00503719 5.91874s
136 0.74595 0.520015 0.00544417 5.99885s
137 0.74595 0.523206 0.00494398 6.11104s
138 0.74595 0.522948 0.00495958 5.9459s
139 0.74595 0.521349 0.00515816 6.0714s
140 0.74595 0.520255 0.00494497 5.95974s
141 0.74595 0.518611 0.0052827 5.96557s
142 0.74595 0.521849 0.00496125 5.8629s
143 0.74595 0.523228 0.0056905 6.08122s
144 0.74595 0.521117 0.00501551 6.14593s
145 0.74595 0.52122 0.00513431 5.92458s
146 0.74595 0.524409 0.00491409 6.03117s
147 0.74595 0.522127 0.00520417 5.87624s
148 0.74595 0.518924 0.00535879 5.8867s
149 0.74595 0.523163 0.00529875 5.96026s
150 0.74595 0.523567 0.00517164 5.99735s
151 0.74595 0.529431 0.00566905 6.14881s
152 0.74595 0.524023 0.00535606 6.17942s
153 0.74595 0.52591 0.00544795 6.04604s
154 0.74595 0.524687 0.0052604 5.97431s
155 0.74595 0.524297 0.00567113 5.95009s
156 0.74595 0.525794 0.00545507 6.07678s
157 0.74595 0.522162 0.00562513 6.09998s
158 0.74595 0.52468 0.00567367 6.08813s
159 0.74595 0.52246 0.00585923 5.95591s
160 0.74595 0.524155 0.00570574 6.06237s
161 0.74595 0.526303 0.00514595 5.95183s
162 0.74595 0.525844 0.00516003 5.9421s
163 0.74595 0.525004 0.00577269 6.02274s
164 0.74595 0.524037 0.00560677 5.90387s
165 0.74595 0.525054 0.00523396 5.98195s
166 0.74595 0.524265 0.0056078 5.90295s
167 0.74595 0.526271 0.00539609 5.97107s
168 0.74595 0.527483 0.00566737 5.98847s
169 0.74595 0.531605 0.00535284 6.24234s
170 0.74595 0.523672 0.00632705 6.04314s
171 0.74595 0.526579 0.00657174 6.08295s
172 0.74595 0.525664 0.00574412 5.9704s
173 0.74595 0.52527 0.00674702 6.00589s
174 0.74595 0.525671 0.00581871 6.07576s
175 0.74595 0.5313 0.00577125 5.95423s
176 0.74595 0.525691 0.00598196 6.11875s
177 0.74595 0.529892 0.00607272 6.07954s
178 0.74595 0.52762 0.00629123 6.09069s
179 0.74595 0.528304 0.00635252 5.96969s
180 0.74595 0.528665 0.0060317 6.14138s
181 0.74595 0.530281 0.00579157 6.45331s
182 0.74595 0.526658 0.00549618 6.2847s
183 0.74595 0.525686 0.00567678 6.02334s
184 0.74595 0.524259 0.00639447 5.86465s
185 0.74595 0.528033 0.00670877 5.82668s
186 0.74595 0.524035 0.00643507 5.85597s
187 0.74595 0.521522 0.00660235 5.87119s
188 0.74595 0.526073 0.00660588 5.93498s
189 0.74595 0.527008 0.00634687 5.85807s
190 0.74595 0.522434 0.00598713 5.85853s
191 0.74595 0.526266 0.00632234 5.8479s
192 0.74595 0.529884 0.00627482 5.82945s
193 0.74595 0.525082 0.00610853 5.94696s
194 0.74595 0.524993 0.00617099 5.83928s
195 0.74595 0.531919 0.00602494 5.82912s
196 0.74595 0.525132 0.00654081 5.84899s
197 0.74595 0.529202 0.00702742 5.89293s
198 0.74595 0.525073 0.00653132 5.80669s
199 0.74595 0.529174 0.00703934 5.93949s
200 0.74595 0.526988 0.00628057 5.81907s
201 0.74595 0.527208 0.00635766 5.92193s
202 0.74595 0.52644 0.00627611 6.14172s
203 0.74595 0.528474 0.00638633 6.11645s
204 0.74595 0.531175 0.00621571 5.8967s
205 0.74595 0.528256 0.00676329 5.86332s
206 0.74595 0.529003 0.00605199 5.91252s
207 0.74595 0.526774 0.00634368 5.87213s
208 0.74595 0.529024 0.00712513 5.86732s
209 0.74595 0.528299 0.00754282 5.87993s
210 0.74595 0.525831 0.00661119 5.84088s
211 0.74595 0.52604 0.00695819 5.8679s
212 0.74595 0.52577 0.00624603 5.81003s
213 0.74595 0.522784 0.00620077 5.91791s
214 0.74595 0.530978 0.00690727 5.8782s
215 0.770722 0.525736 0.00689246 5.8703s
216 0.770722 0.531899 0.00692654 6.10742s
217 0.770722 0.528772 0.00688782 5.84126s
218 0.770722 0.529106 0.00662371 5.91436s
219 0.770722 0.533555 0.00669441 5.864s
220 0.770722 0.527167 0.00712872 5.85311s
221 0.770722 0.529845 0.00663435 5.83387s
222 0.770722 0.5299 0.00646818 5.87557s
223 0.770722 0.529796 0.00685002 5.85493s
224 0.770722 0.531897 0.00716089 5.9159s
225 0.770722 0.529901 0.00715898 5.92613s
226 0.770722 0.523273 0.00697053 5.90854s
227 0.770722 0.52773 0.00705289 5.83579s
228 0.770722 0.531796 0.00718529 5.81125s
229 0.770722 0.523497 0.007208 5.92929s
230 0.770722 0.527547 0.00695735 6.02064s
231 0.770722 0.532777 0.0067893 6.03594s
232 0.770722 0.537096 0.00740271 6.1897s
233 0.770722 0.532321 0.00727741 6.19992s
234 0.770722 0.530555 0.00729713 6.05488s
235 0.770722 0.526431 0.00710457 6.10607s
236 0.770722 0.530585 0.00715454 6.19649s
237 0.770722 0.531999 0.00634365 6.30931s
238 0.770722 0.529988 0.00724678 6.18951s
239 0.770722 0.523402 0.00732624 6.03112s
240 0.770722 0.533185 0.00701672 6.05508s
241 0.770722 0.532487 0.00689319 6.0094s
242 0.770722 0.534255 0.00685734 5.99863s
243 0.770722 0.533276 0.00669512 6.10988s
244 0.770722 0.535094 0.00680724 6.05203s
245 0.770722 0.52724 0.00694757 6.19364s
246 0.770722 0.532197 0.00644422 6.01763s
247 0.770722 0.530233 0.00647327 5.9595s
248 0.770722 0.529474 0.00669429 6.03419s
249 0.770722 0.534817 0.0068001 6.02707s
250 0.770722 0.531986 0.00648204 6.01245s
251 0.770722 0.53312 0.00682718 6.04537s
252 0.770722 0.533678 0.00726107 6.02499s
253 0.770722 0.534265 0.00666275 5.98597s
254 0.770722 0.530234 0.00676943 6.01329s
255 0.770722 0.532917 0.00726824 6.05922s
256 0.770722 0.53207 0.00643323 6.04388s
257 0.770722 0.527863 0.00681872 6.06618s
258 0.770722 0.527421 0.0064314 6.06833s
259 0.770722 0.529582 0.00677065 5.96223s
260 0.770722 0.535874 0.0071692 6.12409s
261 0.770722 0.532583 0.00729199 5.97832s
262 0.770722 0.535546 0.0070702 6.11124s
263 0.770722 0.534415 0.00678057 6.59648s
264 0.770722 0.535005 0.00726128 6.04798s
265 0.770722 0.531145 0.00705192 6.04461s
266 0.770722 0.532067 0.00743252 6.05583s
267 0.770722 0.534969 0.0071997 6.02325s
268 0.770722 0.527945 0.00759963 6.06852s
269 0.770722 0.527176 0.00720791 6.04964s
270 0.770722 0.529045 0.00706119 6.21795s
271 0.770722 0.525751 0.00692037 5.95539s
272 0.770722 0.533966 0.0074767 6.10814s
273 0.770722 0.53098 0.00698258 6.04246s
274 0.770722 0.525734 0.00710823 5.97262s
275 0.770722 0.535014 0.00747887 6.01146s
276 0.770722 0.527294 0.00668885 6.0402s
277 0.770722 0.525096 0.00761682 5.94687s
278 0.770722 0.531506 0.00700146 5.99832s
279 0.770722 0.529653 0.00685239 6.01841s
280 0.770722 0.532869 0.00626733 5.94203s
281 0.770722 0.531203 0.00719855 6.0316s
282 0.770722 0.530818 0.00666751 6.35499s
283 0.770722 0.528396 0.00708129 6.08401s
284 0.770722 0.53306 0.0069037 6.01232s
285 0.770722 0.532233 0.00746754 6.03027s
286 0.770722 0.531172 0.00731157 6.10086s
287 0.770722 0.530318 0.00673953 6.00976s
288 0.770722 0.533489 0.0069088 6.24303s
289 0.770722 0.531566 0.0074687 5.99233s
290 0.770722 0.532406 0.00694678 6.07901s
291 0.770722 0.524929 0.00730544 5.99747s
292 0.770722 0.529589 0.00742276 6.07759s
293 0.770722 0.53052 0.00732512 6.01769s
294 0.770722 0.53348 0.00695622 6.02754s
295 0.770722 0.535908 0.00749391 6.00498s
296 0.770722 0.531604 0.00752282 6.12013s
297 0.770722 0.531573 0.00681583 6.17423s
298 0.770722 0.534331 0.00693311 6.11011s
299 0.770722 0.533526 0.00746136 6.03862s
300 0.770722 0.528018 0.00739488 6.00254s
301 0.770722 0.531631 0.00714564 5.98821s
302 0.770722 0.533821 0.00737682 6.10055s
303 0.770722 0.533626 0.0077123 6.1238s
304 0.770722 0.531366 0.007454 6.12007s
305 0.770722 0.533398 0.00754193 6.12244s
306 0.770722 0.532212 0.00718003 6.0668s
307 0.770722 0.533291 0.00745289 6.08667s
308 0.770722 0.537278 0.00831777 6.00686s
309 0.770722 0.541512 0.00760117 6.12547s
310 0.770722 0.537413 0.00715977 6.04786s
311 0.770722 0.538238 0.00709176 6.08039s
312 0.770722 0.533739 0.00739591 6.10856s
313 0.770722 0.537406 0.00772837 6.16017s
314 0.770722 0.537246 0.00703105 6.08322s
315 0.770722 0.53946 0.00736047 6.06591s
316 0.770722 0.53843 0.00758203 6.06498s
317 0.770722 0.538664 0.00738118 6.08144s
318 0.770722 0.536297 0.00736098 6.01534s
319 0.770722 0.540053 0.00693764 6.1619s
320 0.770722 0.533358 0.00747691 6.11482s
321 0.770722 0.535503 0.00747778 6.15762s
322 0.770722 0.534637 0.00714272 6.13075s
323 0.770722 0.534231 0.0074554 6.05856s
324 0.770722 0.529648 0.00730706 6.02753s
325 0.770722 0.537533 0.00707718 6.08782s
326 0.770722 0.529505 0.00724409 6.1141s
327 0.770722 0.534284 0.00762009 6.3422s
328 0.770722 0.535667 0.00694056 6.11125s
329 0.770722 0.534653 0.00723133 6.07182s
330 0.770722 0.541243 0.0068918 6.10497s
331 0.770722 0.532247 0.00747991 6.00114s
332 0.770722 0.537116 0.00729897 6.11776s
333 0.770722 0.536549 0.00771669 6.25597s
334 0.770722 0.532347 0.00747719 6.08542s
335 0.770722 0.535691 0.00747923 6.00035s
336 0.770722 0.531352 0.00746801 6.09081s
337 0.770722 0.534898 0.0079805 6.02332s
338 0.770722 0.535516 0.00761879 6.07008s
339 0.770722 0.539761 0.00811529 6.05384s
340 0.770722 0.533053 0.0079772 6.00612s
341 0.770722 0.536491 0.00786987 6.09674s
342 0.770722 0.535594 0.00788819 6.02379s
343 0.770722 0.540459 0.0078896 6.13014s
344 0.770722 0.540325 0.00730377 6.03599s
345 0.770722 0.538608 0.00768432 6.30292s
346 0.770722 0.535616 0.00778287 6.16068s
347 0.770722 0.536288 0.00779818 6.04755s
348 0.770722 0.541871 0.00725662 6.00035s
349 0.770722 0.538914 0.00762276 6.0033s
350 0.770722 0.536939 0.00768868 6.0882s
351 0.770722 0.536162 0.00765853 6.06062s
352 0.770722 0.531376 0.00760722 6.16971s
353 0.770722 0.529926 0.00764518 6.08504s
354 0.770722 0.538571 0.00732028 6.01782s
355 0.770722 0.534889 0.00740943 6.03174s
356 0.770722 0.535448 0.00727384 6.02883s
357 0.770722 0.541608 0.00770855 6.03205s
358 0.770722 0.540661 0.00811459 6.08827s
359 0.770722 0.543554 0.00748086 6.15779s
360 0.770722 0.537382 0.00797158 6.17495s
361 0.770722 0.537287 0.00752715 6.30223s
362 0.770722 0.536389 0.00763984 6.11896s
363 0.770722 0.541717 0.00741929 6.01307s
364 0.770722 0.542257 0.00736793 6.10335s
365 0.770722 0.542382 0.00722614 6.25621s
366 0.770722 0.538978 0.00743521 6.03942s
367 0.770722 0.534686 0.00741037 6.11119s
368 0.770722 0.543632 0.00747611 6.00837s
369 0.770722 0.541383 0.00751442 6.16982s
370 0.770722 0.537071 0.00758739 6.02502s
371 0.770722 0.536868 0.00764576 6.38336s
372 0.770722 0.532857 0.0076343 5.98907s
373 0.770722 0.540912 0.00737903 6.10065s
374 0.770722 0.531458 0.00789197 6.08324s
375 0.770722 0.531965 0.00788397 6.08553s
376 0.770722 0.530665 0.00737849 6.13975s
377 0.770722 0.538532 0.00733371 6.02191s
378 0.770722 0.533199 0.00738938 6.18077s
379 0.770722 0.542859 0.00726586 6.07217s
380 0.770722 0.537906 0.00746132 6.15314s
381 0.770722 0.535273 0.0071606 6.13387s
382 0.770722 0.540072 0.00732399 6.03665s
383 0.770722 0.539756 0.00726626 6.01213s
384 0.770722 0.538825 0.00714897 6.05993s
385 0.770722 0.536026 0.00749261 6.00761s
386 0.770722 0.534331 0.00762482 6.15586s
387 0.770722 0.535547 0.00757999 6.05931s
388 0.770722 0.531696 0.00767137 6.03349s
389 0.770722 0.533151 0.00795841 6.07064s
390 0.770722 0.533101 0.0075829 6.1574s
391 0.770722 0.534014 0.00832317 6.10005s
392 0.770722 0.533016 0.00747128 6.03248s
393 0.770722 0.529683 0.00764436 6.06122s
394 0.770722 0.532714 0.00758664 6.02682s
395 0.770722 0.53605 0.00735184 6.03553s
396 0.770722 0.537488 0.00731705 6.1065s
397 0.770722 0.533695 0.00784931 6.0436s
398 0.770722 0.537927 0.00748818 6.07455s
399 0.770722 0.533274 0.00706101 6.00394s
400 0.770722 0.536147 0.00796975 6.1182s
401 0.770722 0.536982 0.00805243 6.02102s
402 0.770722 0.530992 0.007712 6.20469s
403 0.770722 0.532888 0.00788216 6.33553s
404 0.770722 0.534663 0.0073637 6.10933s
405 0.770722 0.538878 0.00867585 6.09314s
406 0.770722 0.536228 0.00803803 6.14476s
407 0.770722 0.539057 0.00772483 6.16578s
408 0.770722 0.537295 0.00819402 6.07067s
409 0.770722 0.537744 0.00869045 6.01716s
410 0.770722 0.535705 0.00793113 5.99571s
411 0.770722 0.542415 0.00816322 6.28785s
412 0.770722 0.545664 0.0077136 6.04099s
413 0.770722 0.542684 0.00769764 6.19347s
414 0.770722 0.546308 0.00773121 6.09011s
415 0.770722 0.540183 0.00824059 6.15343s
416 0.770722 0.53738 0.00779877 6.11345s
417 0.770722 0.540146 0.0078532 6.3582s
418 0.770722 0.538511 0.00761954 6.16708s
419 0.770722 0.544026 0.00762316 6.12091s
420 0.770722 0.540014 0.00828774 6.09014s
421 0.770722 0.539877 0.00788355 6.07849s
422 0.770722 0.543244 0.00752234 6.07948s
423 0.770722 0.541023 0.00833875 6.07954s
424 0.786732 0.537566 0.00801094 6.10246s
425 0.786732 0.534793 0.00823604 6.09556s
426 0.786732 0.533653 0.00774062 6.07323s
427 0.786732 0.540537 0.00783567 6.07882s
428 0.786732 0.537998 0.0084001 5.99031s
429 0.786732 0.54374 0.00824818 6.10854s
430 0.786732 0.540187 0.0081528 6.33296s
431 0.786732 0.542802 0.00833011 6.08369s
432 0.786732 0.547815 0.00839197 6.09589s
433 0.786732 0.539141 0.00761175 6.0267s
434 0.786732 0.535825 0.0081505 6.09289s
435 0.786732 0.542689 0.00763164 6.16232s
436 0.786732 0.546943 0.00805653 6.09884s
437 0.786732 0.547425 0.00852362 6.07717s
438 0.786732 0.542672 0.00804975 6.06318s
439 0.786732 0.538045 0.00803759 6.03832s
440 0.786732 0.537765 0.00817859 6.09992s
441 0.786732 0.539868 0.00762202 5.92991s
442 0.786732 0.538355 0.00772569 5.893s
443 0.786732 0.537899 0.00764383 5.92424s
444 0.786732 0.538912 0.00803324 5.90144s
445 0.786732 0.532868 0.00766395 5.95021s
446 0.786732 0.543 0.00753268 6.11161s
447 0.786732 0.540242 0.00823458 5.99968s
448 0.786732 0.540884 0.0079302 5.92666s
449 0.786732 0.538729 0.00795553 5.93031s
450 0.786732 0.535814 0.00873026 6.17371s
451 0.786732 0.537592 0.00853164 5.93391s
452 0.786732 0.534434 0.00903716 5.96307s
453 0.786732 0.543094 0.00808615 5.95655s
454 0.786732 0.542296 0.00811867 5.92867s
455 0.786732 0.538851 0.00796361 5.90437s
456 0.786732 0.538582 0.00856001 5.88549s
457 0.786732 0.538147 0.00849168 5.88848s
458 0.786732 0.540354 0.00848426 5.91472s
459 0.786732 0.538211 0.00820115 5.89155s
460 0.786732 0.541639 0.00839556 5.88243s
461 0.786732 0.540188 0.00826212 5.89675s
462 0.786732 0.540156 0.00825613 5.97773s
463 0.786732 0.544042 0.00818892 5.90871s
464 0.786732 0.540526 0.00805284 5.90732s
465 0.786732 0.547379 0.00861118 5.92201s
466 0.786732 0.545542 0.00854899 5.90099s
467 0.786732 0.54124 0.00807377 5.93373s
468 0.786732 0.54271 0.00812211 5.92218s
469 0.786732 0.542198 0.00834614 5.93163s
470 0.786732 0.545577 0.00843603 5.88746s
471 0.786732 0.546906 0.00853706 5.90558s
472 0.786732 0.544043 0.00776722 5.94966s
473 0.786732 0.544739 0.00813449 5.96243s
474 0.786732 0.543766 0.00824625 5.88905s
475 0.786732 0.541352 0.00880191 5.91054s
476 0.786732 0.538539 0.00828735 5.89824s
477 0.786732 0.54289 0.00844587 5.93127s
478 0.786732 0.532275 0.00859853 5.95895s
479 0.786732 0.538795 0.00812987 5.96912s
480 0.786732 0.548337 0.00845242 5.95921s
481 0.786732 0.539418 0.00837892 6.08049s
482 0.786732 0.544562 0.00920224 5.979s
483 0.786732 0.543127 0.00812221 5.9035s
484 0.786732 0.543508 0.0081287 5.88923s
485 0.786732 0.535471 0.00868651 6.00084s
486 0.786732 0.539149 0.00808776 5.89912s
487 0.786732 0.543727 0.00823903 5.96558s
488 0.786732 0.534814 0.00845436 5.93008s
489 0.786732 0.539 0.00840244 5.8943s
490 0.786732 0.546054 0.00841686 5.86712s
491 0.786732 0.540486 0.00849585 6.20863s
492 0.786732 0.53329 0.00815635 6.01682s
493 0.786732 0.540757 0.00779133 5.98604s
494 0.786732 0.539295 0.00850815 5.94891s
495 0.786732 0.541531 0.00812137 5.89602s
496 0.786732 0.544189 0.00757806 5.94042s
497 0.786732 0.531412 0.00851356 6.06239s
498 0.786732 0.544108 0.00840758 5.93716s
499 0.786732 0.530368 0.00884091 5.89154s
500 0.786732 0.535635 0.00893788 5.91596s
501 0.786732 0.541067 0.00810217 5.94252s
502 0.786732 0.53555 0.00847892 5.90719s
503 0.786732 0.532863 0.00845267 5.95694s
504 0.786732 0.535141 0.0085529 5.96648s
505 0.786732 0.537074 0.00835127 5.93979s
506 0.786732 0.541868 0.00857593 5.95235s
507 0.786732 0.538327 0.00831856 5.90859s
508 0.786732 0.535262 0.00921879 5.91593s
509 0.786732 0.54056 0.00826436 6.10465s
510 0.786732 0.534955 0.00850515 5.88476s
511 0.786732 0.535563 0.00878567 5.91007s
512 0.786732 0.534357 0.00857655 5.91291s
513 0.786732 0.537633 0.00837885 5.95191s
514 0.786732 0.5467 0.00825003 5.91325s
515 0.786732 0.538855 0.0081773 5.92325s
516 0.786732 0.539774 0.00800651 5.95436s
517 0.786732 0.544016 0.00807285 6.13063s
518 0.786732 0.539669 0.00862004 5.94896s
519 0.786732 0.538789 0.00846928 5.88907s
520 0.786732 0.535387 0.00838998 5.91796s
521 0.786732 0.541995 0.00817733 5.90353s
522 0.786732 0.542784 0.00846696 5.94519s
523 0.786732 0.538284 0.00790986 5.92548s
524 0.786732 0.537051 0.00917271 5.91777s
525 0.786732 0.538951 0.00800816 5.8822s
526 0.786732 0.543671 0.0081661 6.14394s
527 0.786732 0.535348 0.0084453 5.97748s
528 0.786732 0.543344 0.00806701 5.89339s
529 0.786732 0.548148 0.00737611 5.94909s
530 0.786732 0.536593 0.00873003 5.93876s
531 0.786732 0.543411 0.00858946 5.88895s
532 0.786732 0.545142 0.00846456 5.90161s
533 0.786732 0.539051 0.00829841 6.0473s
534 0.786732 0.540583 0.0078141 6.00666s
535 0.786732 0.53977 0.00806716 5.90606s
536 0.786732 0.535935 0.00809894 5.90941s
537 0.786732 0.541294 0.00836558 5.94848s
538 0.786732 0.536866 0.0080177 5.94669s
539 0.786732 0.541766 0.00802527 5.93514s
540 0.786732 0.539124 0.00817177 5.87325s
541 0.786732 0.5378 0.00794304 5.89289s
542 0.786732 0.536981 0.0085403 5.95912s
543 0.786732 0.531385 0.00831748 5.94859s
544 0.786732 0.539043 0.00799996 5.93914s
545 0.786732 0.541209 0.00842563 5.92615s
546 0.786732 0.54007 0.00890144 5.90025s
547 0.786732 0.539699 0.00848551 5.89249s
548 0.786732 0.536416 0.00855083 5.96081s
549 0.786732 0.54538 0.00882615 5.89264s
550 0.786732 0.535947 0.00860381 5.93183s
551 0.786732 0.542749 0.00855778 5.91226s
552 0.786732 0.535909 0.00844197 5.92524s
553 0.786732 0.53474 0.0089895 5.90049s
554 0.786732 0.542008 0.00875087 5.93984s
555 0.786732 0.540461 0.00916339 5.93766s
556 0.786732 0.543646 0.00832716 5.90524s
557 0.786732 0.539658 0.00950479 5.95608s
558 0.786732 0.541486 0.0089934 5.86157s
559 0.786732 0.54011 0.00819876 5.88429s
560 0.786732 0.540006 0.00835479 5.92482s
561 0.786732 0.544532 0.00884473 6.12565s
562 0.786732 0.539073 0.00888037 5.93768s
563 0.786732 0.5437 0.00868987 5.90555s
564 0.786732 0.540379 0.00796664 5.91126s
565 0.786732 0.536406 0.00867612 5.98006s
566 0.786732 0.54271 0.00789552 5.95915s
567 0.786732 0.539293 0.00869547 5.87496s
568 0.786732 0.538812 0.00870346 5.9412s
569 0.786732 0.540018 0.00867807 5.88271s
570 0.786732 0.54053 0.00834174 5.93573s
571 0.786732 0.537687 0.00859881 5.90679s
572 0.786732 0.541231 0.00856338 5.90291s
573 0.786732 0.544543 0.00845927 5.9016s
574 0.786732 0.541059 0.00820514 5.92453s
575 0.786732 0.544771 0.00824057 5.92917s
576 0.786732 0.538882 0.00887093 5.92152s
577 0.786732 0.544743 0.00845083 5.90664s
578 0.786732 0.541367 0.00855858 5.93232s
579 0.786732 0.538566 0.0086601 5.89156s
580 0.786732 0.539564 0.00858292 5.87129s
581 0.786732 0.540542 0.00800899 6.02859s
582 0.786732 0.538394 0.00853277 5.92516s
583 0.786732 0.537092 0.00913952 5.91857s
584 0.786732 0.536337 0.00866412 5.89863s
585 0.786732 0.540716 0.00878186 5.96286s
586 0.786732 0.536995 0.00877944 5.86882s
587 0.786732 0.54182 0.00856106 5.8738s
588 0.786732 0.537213 0.00858113 5.92464s
589 0.786732 0.543256 0.00865517 5.91366s
590 0.786732 0.543251 0.00850043 5.91548s
591 0.786732 0.540634 0.00845765 5.92428s
592 0.786732 0.539456 0.00904089 5.91969s
593 0.786732 0.542299 0.00907565 5.94644s
594 0.786732 0.540965 0.00859171 5.95161s
595 0.786732 0.542279 0.00841982 5.88081s
596 0.786732 0.542252 0.00834109 5.89837s
597 0.786732 0.540968 0.00835072 5.89988s
598 0.786732 0.542156 0.00842361 5.88456s
599 0.786732 0.544467 0.00879412 5.90173s
600 0.786732 0.5358 0.00909878 5.91689s
601 0.786732 0.539332 0.00942118 5.8798s
602 0.786732 0.5358 0.00929686 5.89108s
603 0.786732 0.540388 0.00851628 5.90604s
604 0.786732 0.534741 0.00840843 5.88526s
605 0.786732 0.53662 0.00838424 5.87534s
606 0.786732 0.542525 0.00931527 5.87277s
607 0.786732 0.537542 0.00919428 6.34679s
608 0.786732 0.536009 0.00905417 5.95888s
609 0.786732 0.53217 0.00901591 5.85757s
610 0.786732 0.536283 0.00900094 5.91359s
611 0.786732 0.534819 0.00878718 6.12685s
612 0.786732 0.538574 0.00890386 5.91697s
613 0.786732 0.53478 0.00859451 5.95125s
614 0.786732 0.532275 0.00881101 5.89745s
615 0.786732 0.541025 0.00876079 5.9055s
616 0.786732 0.543757 0.00930374 5.92894s
617 0.786732 0.539812 0.00905762 5.89485s
618 0.786732 0.541091 0.00892583 5.9465s
619 0.786732 0.542342 0.00864381 5.86715s
620 0.786732 0.541003 0.00920388 6.15823s
621 0.786732 0.539533 0.00883359 5.86131s
622 0.786732 0.53435 0.00959501 5.92254s
623 0.786732 0.534004 0.00854924 5.91327s
624 0.786732 0.539592 0.00865525 5.9313s
625 0.786732 0.540283 0.00894576 5.91379s
626 0.786732 0.533721 0.00908645 5.88965s
627 0.786732 0.541345 0.00901542 5.87959s
628 0.786732 0.535756 0.00814542 5.85842s
629 0.786732 0.542868 0.00881284 5.92411s
630 0.786732 0.535064 0.00908314 5.91314s
631 0.786732 0.536211 0.00899682 5.92929s
632 0.786732 0.540256 0.00867949 5.90279s
633 0.786732 0.535414 0.00860491 5.89318s
634 0.786732 0.537586 0.00854941 5.89567s
635 0.786732 0.537913 0.00893105 5.92s
636 0.786732 0.547902 0.00886584 5.9209s
637 0.786732 0.540751 0.00833522 5.93942s
638 0.786732 0.53907 0.00871874 5.90431s
639 0.786732 0.537093 0.00882766 5.91074s
640 0.786732 0.546857 0.00850704 5.92081s
641 0.786732 0.543354 0.00830912 5.93452s
642 0.786732 0.535826 0.00894545 5.89815s
643 0.786732 0.541363 0.00848941 5.95083s
644 0.786732 0.541117 0.00912132 5.92223s
645 0.786732 0.542092 0.00907151 5.91489s
646 0.786732 0.536715 0.00826429 5.91904s
647 0.786732 0.534281 0.00845815 5.90021s
648 0.786732 0.541454 0.0082611 5.94276s
649 0.786732 0.535778 0.00855309 5.91947s
650 0.786732 0.539425 0.00890041 5.89624s
651 0.786732 0.544559 0.00838161 5.96949s
652 0.786732 0.542499 0.00868692 5.903s
653 0.786732 0.539397 0.00885731 5.92233s
654 0.786732 0.537575 0.00875567 5.95328s
655 0.786732 0.539276 0.00877565 5.94466s
656 0.786732 0.548873 0.0085086 5.93116s
657 0.786732 0.545513 0.00908151 5.89886s
658 0.786732 0.540674 0.00807398 5.90503s
659 0.786732 0.542675 0.00847535 5.89068s
660 0.786732 0.538543 0.00881933 5.92756s
661 0.786732 0.543827 0.00890938 5.92989s
662 0.786732 0.545989 0.00887927 5.92316s
663 0.786732 0.542662 0.0086295 5.96146s
664 0.786732 0.540369 0.00891103 5.89508s
665 0.786732 0.54329 0.00858109 5.9124s
666 0.786732 0.544275 0.00831598 5.93331s
667 0.786732 0.540718 0.00834171 6.09786s
668 0.786732 0.543408 0.0089897 5.92101s
669 0.786732 0.540611 0.00944289 5.99291s
670 0.786732 0.535581 0.00865592 5.94068s
671 0.786732 0.541184 0.00905326 5.91482s
672 0.786732 0.54266 0.00903433 5.93579s
673 0.786732 0.539196 0.00986586 5.95129s
674 0.786732 0.536074 0.00934872 5.91413s
675 0.786732 0.540028 0.00865768 5.93351s
676 0.786732 0.53527 0.00929179 5.96262s
677 0.786732 0.547714 0.00855502 5.92161s
678 0.786732 0.535818 0.00910163 5.94244s
679 0.786732 0.537612 0.00886066 6.15879s
680 0.786732 0.542307 0.00891867 5.90322s
681 0.786732 0.545536 0.00929597 5.88657s
682 0.786732 0.539402 0.00909162 5.88592s
683 0.786732 0.539635 0.00929446 5.89366s
684 0.786732 0.542833 0.00917164 5.9039s
685 0.786732 0.535063 0.00941701 5.91448s
686 0.786732 0.544504 0.00841796 5.9032s
687 0.786732 0.541396 0.00881832 5.91883s
688 0.786732 0.538768 0.00902199 5.89827s
689 0.786732 0.542424 0.00871087 5.93783s
690 0.786732 0.540331 0.00857561 5.89498s
691 0.786732 0.540429 0.00843928 5.88579s
692 0.786732 0.537367 0.00902104 5.91997s
693 0.786732 0.540274 0.00957416 5.91289s
694 0.790038 0.541636 0.00908387 5.91057s
695 0.790038 0.540017 0.00910291 5.94442s
696 0.790038 0.54228 0.00863176 5.87171s
697 0.790038 0.544761 0.00879522 5.94652s
698 0.790038 0.539535 0.00938026 5.9154s
699 0.790038 0.534824 0.00902933 5.88961s
700 0.790038 0.538837 0.00874715 5.90199s
701 0.790038 0.537595 0.00949042 5.90725s
702 0.790038 0.538933 0.00881886 6.20809s
703 0.790038 0.543287 0.00841503 5.89935s
704 0.790038 0.539953 0.00866363 5.89829s
705 0.790038 0.5365 0.00919897 5.92443s
706 0.790038 0.533393 0.00909283 5.92858s
707 0.790038 0.536452 0.00893052 6.21162s
708 0.790038 0.535144 0.00852918 5.88512s
709 0.790038 0.537831 0.00953335 5.91376s
710 0.790038 0.541148 0.00896395 5.92497s
711 0.790038 0.538228 0.00945036 5.90799s
712 0.790038 0.536852 0.00918494 6.06769s
713 0.790038 0.537654 0.00917219 5.94516s
714 0.790038 0.537017 0.00900399 6.01203s
715 0.790038 0.539147 0.00884222 5.86506s
716 0.790038 0.544266 0.00948731 5.86196s
717 0.790038 0.544868 0.00977835 6.06976s
718 0.790721 0.553356 0.00898835 5.89181s
719 0.790721 0.547273 0.00921727 5.91649s
720 0.790721 0.543136 0.00944024 5.97775s
721 0.790721 0.547841 0.00896962 5.93418s
722 0.790721 0.538322 0.00926225 5.96201s
723 0.790721 0.541256 0.00863113 5.95785s
724 0.790721 0.540399 0.00906872 5.904s
725 0.790721 0.537417 0.00945477 5.88436s
726 0.790721 0.545206 0.0090257 5.92844s
727 0.790721 0.551861 0.00893634 5.87018s
728 0.790721 0.540589 0.00925349 5.94145s
729 0.790721 0.54087 0.00897544 5.89131s
730 0.790721 0.537043 0.00886606 5.89255s
731 0.790721 0.541215 0.00949985 5.88839s
732 0.790721 0.540533 0.00903305 5.88141s
733 0.790721 0.542688 0.00857308 5.88375s
734 0.790721 0.545303 0.00892616 5.96223s
735 0.790721 0.541819 0.00942109 5.97526s
736 0.790721 0.536612 0.00884333 5.9248s
737 0.790721 0.54378 0.00912931 6.00452s
738 0.790721 0.544443 0.00911373 5.93171s
739 0.790721 0.539482 0.00964793 5.91783s
740 0.790721 0.542703 0.00906099 5.90838s
741 0.790721 0.543745 0.00874703 5.92468s
742 0.790721 0.54304 0.00895257 5.95387s
743 0.790721 0.538523 0.00868978 5.90132s
744 0.790721 0.541611 0.00910328 5.89131s
745 0.790721 0.541494 0.0092896 5.97116s
746 0.790721 0.551164 0.00875407 5.95382s
747 0.790721 0.54794 0.00911959 5.88192s
748 0.790721 0.548316 0.00931552 5.86258s
749 0.790721 0.541955 0.00895725 5.89981s
750 0.790721 0.548301 0.00898637 5.88305s
751 0.790721 0.546512 0.00939292 5.94739s
752 0.790721 0.546364 0.00939446 5.86496s
753 0.790721 0.549035 0.00965012 5.92859s
754 0.790721 0.546373 0.00940748 5.91764s
755 0.790721 0.540995 0.00932112 5.90961s
756 0.790721 0.543077 0.00978741 5.95063s
757 0.790721 0.538377 0.00906002 5.87007s
758 0.790721 0.539206 0.00871735 5.89385s
759 0.790721 0.541421 0.00887956 5.9585s
760 0.790721 0.545891 0.00901901 5.87458s
761 0.790721 0.537528 0.00876117 5.94292s
762 0.790721 0.536753 0.00874246 6.21273s
763 0.790721 0.540083 0.00882171 5.88502s
764 0.790721 0.536457 0.00861566 5.89481s
765 0.790721 0.532973 0.0088895 5.90533s
766 0.790721 0.536221 0.00879103 5.93102s
767 0.790721 0.537041 0.00953472 5.90616s
768 0.790721 0.540332 0.00921832 5.92732s
769 0.790721 0.537689 0.00929227 5.89173s
770 0.790721 0.542129 0.00944663 5.90781s
771 0.790721 0.541342 0.00909685 5.9558s
772 0.790721 0.543024 0.00971571 5.87071s
773 0.790721 0.535272 0.00873442 5.89157s
774 0.790721 0.542329 0.00857892 5.92718s
775 0.790721 0.546339 0.00931713 5.94637s
776 0.790721 0.54306 0.00917842 5.898s
777 0.790721 0.541623 0.00834166 5.91439s
778 0.790721 0.541059 0.00869057 5.93396s
779 0.790721 0.544173 0.0086533 5.90872s
780 0.790721 0.536011 0.00908796 5.90852s
781 0.790721 0.539733 0.00939062 5.88513s
782 0.790721 0.539286 0.00899298 5.91839s
783 0.790721 0.541257 0.00929619 5.85045s
784 0.790721 0.540157 0.00896285 5.90259s
785 0.790721 0.537642 0.00908577 5.90378s
786 0.790721 0.541506 0.00949911 5.8963s
787 0.790721 0.542204 0.00922846 5.90237s
788 0.790721 0.545294 0.00922053 6.13931s
789 0.790721 0.545298 0.00877673 5.90284s
790 0.790721 0.543296 0.0087108 6.00094s
791 0.790721 0.541302 0.00877369 5.88665s
792 0.790721 0.545074 0.00851026 5.91181s
793 0.790721 0.54194 0.00892813 5.87276s
794 0.790721 0.541466 0.00919126 6.17435s
795 0.790721 0.544758 0.00880262 5.84396s
796 0.790721 0.543595 0.00862828 5.88748s
797 0.790721 0.541854 0.00894187 5.88862s
798 0.790721 0.54014 0.00916599 5.89819s
799 0.790721 0.5373 0.00917028 5.9665s
800 0.790721 0.541213 0.00849664 5.88359s
801 0.790721 0.537265 0.00890839 5.8562s
802 0.790721 0.538289 0.00872343 5.86486s
803 0.790721 0.537515 0.00878438 5.88822s
804 0.790721 0.535377 0.00868554 5.90843s
805 0.790721 0.537078 0.00857789 6.08041s
806 0.790721 0.539411 0.00852719 5.89119s
807 0.790721 0.538793 0.00864851 5.95215s
808 0.790721 0.536529 0.00899929 5.88397s
809 0.790721 0.533466 0.00867898 5.96627s
810 0.790721 0.545172 0.00869216 6.16202s
811 0.790721 0.542468 0.00898453 5.88726s
812 0.790721 0.540419 0.00935018 6.00584s
813 0.790721 0.548228 0.00915141 5.85467s
814 0.790721 0.540471 0.00922355 6.13415s
815 0.790721 0.549217 0.00960127 5.99546s
816 0.790721 0.542347 0.0092481 6.00829s
817 0.790721 0.546625 0.0091467 5.98725s
818 0.790721 0.539676 0.00952226 5.95911s
819 0.790721 0.539423 0.00896787 5.9326s
820 0.790721 0.54081 0.0083461 5.89819s
821 0.790721 0.539006 0.00897222 5.87913s
822 0.790721 0.540523 0.00860037 5.8977s
823 0.790721 0.543857 0.00891546 5.94897s
824 0.790721 0.540647 0.00850637 5.93433s
825 0.790721 0.542953 0.00892464 6.12894s
826 0.790721 0.547721 0.00893137 5.92214s
827 0.790721 0.545922 0.00959804 6.19s
828 0.790721 0.54065 0.00949876 5.88137s
829 0.790721 0.544403 0.0090412 5.89162s
830 0.790721 0.539667 0.00928816 5.85908s
831 0.790721 0.54001 0.00937091 5.91021s
832 0.790721 0.545372 0.00872299 5.87583s
833 0.790721 0.542596 0.00890717 5.89216s
834 0.790721 0.542775 0.00944522 6.12253s
835 0.790721 0.544096 0.00880939 5.9386s
836 0.790721 0.541025 0.00924216 5.86242s
837 0.790721 0.53678 0.00926793 5.89554s
838 0.790721 0.541545 0.00939768 5.89428s
839 0.790721 0.544845 0.00910369 5.93423s
840 0.790721 0.543384 0.00897895 5.89764s
841 0.790721 0.546379 0.00832813 6.1638s
842 0.790721 0.538237 0.00929461 5.89139s
843 0.790721 0.541274 0.00900229 6.12734s
844 0.790721 0.544532 0.00926616 6.00244s
845 0.790721 0.542781 0.00947066 5.93477s
846 0.790721 0.542039 0.0093712 5.94563s
847 0.790721 0.543475 0.00874296 5.95505s
848 0.790721 0.545792 0.00908627 5.90284s
849 0.790721 0.540039 0.00924555 5.90791s
850 0.790721 0.538992 0.00905146 5.8991s
851 0.790721 0.541093 0.00898374 5.92588s
852 0.790721 0.542737 0.00906889 5.89505s
853 0.790721 0.540583 0.0091707 5.90432s
854 0.790721 0.540122 0.00939611 5.9423s
855 0.790721 0.540313 0.00941412 5.90772s
856 0.790721 0.540392 0.00896757 5.88996s
857 0.790721 0.537857 0.00905474 5.96677s
858 0.790721 0.536105 0.00922426 5.93974s
859 0.790721 0.544351 0.0090041 5.85551s
860 0.790721 0.540184 0.00912502 5.90155s
861 0.790721 0.533907 0.00907508 6.06015s
862 0.790721 0.536485 0.00877601 5.95684s
863 0.790721 0.543744 0.00924973 5.97612s
864 0.790721 0.541219 0.0094448 5.86971s
865 0.790721 0.541275 0.00940444 5.89285s
866 0.790721 0.542185 0.00914564 5.89853s
867 0.790721 0.543711 0.00855605 5.91496s
868 0.790721 0.540715 0.00990043 5.90218s
869 0.790721 0.547074 0.00905389 5.90786s
870 0.790721 0.538881 0.00890423 5.94686s
871 0.790721 0.54762 0.00877455 5.89807s
872 0.790721 0.546479 0.00923591 5.94108s
873 0.790721 0.537036 0.0093556 5.93496s
874 0.790721 0.548803 0.00935855 5.92574s
875 0.790721 0.543758 0.00910905 5.92655s
876 0.790721 0.542578 0.00971673 5.88453s
877 0.790721 0.539777 0.0103163 6.20896s
878 0.790721 0.545091 0.00900242 5.917s
879 0.790721 0.545327 0.00881919 5.88046s
880 0.790721 0.544883 0.00922414 6.18792s
881 0.790721 0.552897 0.00931525 5.94658s
882 0.790721 0.549871 0.00910156 5.94688s
883 0.790721 0.548356 0.0094982 5.87941s
884 0.790721 0.550324 0.00934623 6.17076s
885 0.790721 0.538303 0.00933905 5.9419s
886 0.790721 0.541759 0.00907146 5.9216s
887 0.790721 0.537885 0.0100969 5.96196s
888 0.790721 0.534562 0.00943551 5.87323s
889 0.790721 0.539611 0.00877775 5.91714s
890 0.790721 0.541308 0.0087838 5.94185s
891 0.790721 0.541033 0.00888345 5.97628s
892 0.790721 0.539619 0.00889524 5.89285s
893 0.790721 0.541002 0.00948424 5.96554s
894 0.790721 0.54204 0.00898955 5.92096s
895 0.790721 0.535239 0.00929166 5.93889s
896 0.790721 0.537943 0.00959737 6.00565s
897 0.790721 0.545495 0.00947336 5.97497s
898 0.790721 0.543387 0.00910526 5.90896s
899 0.790721 0.540198 0.00976131 5.90815s
900 0.804522 0.536801 0.00965755 5.92277s
901 0.804522 0.542739 0.00915955 5.90384s
902 0.804522 0.543584 0.00868528 5.96232s
903 0.804522 0.539312 0.00845445 5.9732s
904 0.804522 0.537912 0.00931148 5.93578s
905 0.804522 0.540399 0.00959408 5.9577s
906 0.804522 0.54407 0.00927311 5.95931s
907 0.804522 0.541402 0.00915878 5.89346s
908 0.804522 0.545006 0.00915186 5.90676s
909 0.804522 0.544083 0.00903813 5.91858s
910 0.804522 0.540993 0.00946313 5.93089s
911 0.809762 0.540153 0.00982955 5.93083s
912 0.809762 0.547656 0.0095928 5.90493s
913 0.809762 0.539864 0.00983872 5.86568s
914 0.809762 0.546854 0.00988598 5.88676s
915 0.809762 0.540989 0.0104072 5.9082s
916 0.809762 0.539785 0.00984609 5.89513s
917 0.809762 0.543302 0.00968285 5.91705s
918 0.809762 0.542757 0.00912679 5.9124s
919 0.809762 0.536617 0.0102177 6.05065s
920 0.809762 0.542581 0.00999241 5.88785s
921 0.809762 0.535558 0.00957975 5.90591s
922 0.809762 0.538776 0.0100318 5.91881s
923 0.809762 0.540027 0.0100311 5.8733s
924 0.809762 0.539927 0.00953391 5.95055s
925 0.809762 0.54335 0.00935539 5.9118s
926 0.809762 0.538074 0.00953203 5.94787s
927 0.812254 0.545031 0.00977375 5.89546s
928 0.812254 0.541488 0.00959592 5.93368s
929 0.812254 0.537357 0.0100484 5.934s
930 0.812254 0.5463 0.00941568 5.87197s
931 0.812254 0.542714 0.0101616 5.90349s
932 0.812254 0.538393 0.00980381 5.92993s
933 0.812254 0.537309 0.0104627 5.9385s
934 0.812254 0.545721 0.0100945 6.14439s
935 0.812254 0.540559 0.00944262 5.90727s
936 0.812254 0.535883 0.0103683 5.95821s
937 0.812254 0.54676 0.0100202 5.91554s
938 0.812254 0.5365 0.0102077 5.9046s
939 0.812254 0.537533 0.00932128 5.90026s
940 0.812254 0.540638 0.0100761 5.88674s
941 0.812254 0.540323 0.00995036 5.90483s
942 0.812254 0.539835 0.0105592 5.92097s
943 0.812254 0.536803 0.009666 6.08212s
944 0.812254 0.541182 0.0096742 5.92769s
945 0.812254 0.539269 0.00984951 5.86872s
946 0.812254 0.546945 0.0102532 5.94408s
947 0.812254 0.53977 0.00988508 5.91407s
948 0.812254 0.543529 0.0110758 5.87091s
949 0.812254 0.54062 0.00947905 5.91832s
950 0.812254 0.540423 0.0100187 6.12546s
951 0.812254 0.538682 0.0105966 5.87901s
952 0.812254 0.541368 0.0104622 5.95352s
953 0.812254 0.543621 0.0102553 5.87942s
954 0.812254 0.543923 0.0103157 5.93818s
955 0.812254 0.545817 0.00994628 5.92179s
956 0.812254 0.547926 0.00950905 5.89466s
957 0.812254 0.541039 0.0102613 5.92093s
958 0.812254 0.548572 0.0105566 5.90449s
959 0.812254 0.547404 0.0101704 6.12997s
960 0.812254 0.546699 0.00969018 5.89353s
961 0.812254 0.542441 0.00975142 5.92903s
962 0.812254 0.543388 0.00959835 5.8736s
963 0.812254 0.540477 0.00986813 5.90061s
964 0.812254 0.540389 0.00985473 5.86869s
965 0.812254 0.544661 0.00988146 5.89269s
966 0.812254 0.542375 0.00915683 5.91157s
967 0.812254 0.542302 0.00976606 5.95757s
968 0.812254 0.543376 0.00967728 5.91159s
969 0.812254 0.545589 0.00990546 5.85281s
970 0.812254 0.539875 0.00976058 5.92306s
971 0.812254 0.543765 0.0104664 5.92285s
972 0.812254 0.544622 0.0102279 5.90814s
973 0.812254 0.548785 0.00955275 5.9066s
974 0.812254 0.546282 0.0101574 5.96223s
975 0.812254 0.5466 0.0109708 5.90067s
976 0.812254 0.551091 0.0101132 5.90476s
977 0.812254 0.542841 0.010274 5.86955s
978 0.812254 0.541206 0.0101079 5.95506s
979 0.812254 0.545738 0.0108716 5.9075s
980 0.812254 0.54456 0.0106092 5.91695s
981 0.812254 0.54135 0.0104561 5.86904s
982 0.812254 0.539991 0.0102346 6.13981s
983 0.812254 0.540286 0.0097013 5.8652s
984 0.812254 0.539702 0.0100377 5.90033s
985 0.812254 0.543378 0.00956018 5.88679s
986 0.812254 0.538401 0.00970364 5.89319s
987 0.812254 0.542637 0.0100013 5.87219s
988 0.812254 0.5401 0.00955456 5.986s
989 0.812254 0.542811 0.00977857 5.89174s
990 0.812254 0.54517 0.00983014 5.91299s
991 0.812254 0.541457 0.0094106 5.91258s
992 0.812254 0.545296 0.00943321 5.88165s
993 0.812254 0.545462 0.0096676 5.89113s
994 0.812254 0.542852 0.00987306 5.88514s
995 0.812254 0.548124 0.00972701 5.89801s
996 0.812254 0.543539 0.00957307 5.88642s
997 0.812254 0.541991 0.00933338 5.89498s
998 0.812254 0.54525 0.00970727 5.90989s
999 0.812254 0.541365 0.0102712 5.96022s
1000 0.812254 0.546533 0.00938028 5.87323s
1001 0.812254 0.551465 0.00964077 5.90232s
1002 0.812254 0.54694 0.00944178 5.86897s
1003 0.812254 0.544509 0.0104753 5.87481s
1004 0.812254 0.541627 0.0102309 5.90117s
1005 0.812254 0.537872 0.00947008 5.94392s
1006 0.812254 0.53585 0.00998765 5.92319s
1007 0.812254 0.537347 0.0100563 5.93974s
1008 0.812254 0.545808 0.00962692 5.99485s
1009 0.812254 0.542401 0.00968468 5.92778s
1010 0.812254 0.542261 0.00987387 5.93167s
1011 0.812254 0.541554 0.00975776 5.89538s
1012 0.812254 0.540877 0.0099428 5.88721s
1013 0.812254 0.540623 0.00935254 5.8699s
1014 0.812254 0.545324 0.0107548 5.89155s
1015 0.812254 0.539824 0.00989464 5.91657s
1016 0.812254 0.546852 0.00957766 5.86735s
1017 0.812254 0.545851 0.00987829 5.88641s
1018 0.812254 0.542302 0.0100806 5.9022s
1019 0.812254 0.546905 0.00927311 5.9279s
1020 0.812254 0.542208 0.0100691 5.9174s
1021 0.812254 0.543484 0.00999347 6.0632s
1022 0.812254 0.545161 0.00986978 5.90534s
1023 0.812254 0.540578 0.00998185 5.90229s
1024 0.812254 0.540008 0.0106548 5.94835s
1025 0.812254 0.545797 0.0102129 6.14458s
1026 0.812254 0.547202 0.010194 5.8706s
1027 0.812254 0.549779 0.0101833 5.88957s
1028 0.812254 0.544773 0.0100879 5.90731s
1029 0.812254 0.548314 0.0100042 5.90261s
1030 0.812254 0.546432 0.00992592 5.95187s
1031 0.812254 0.540305 0.010403 5.93636s
1032 0.812254 0.543899 0.00977367 5.93736s
1033 0.812254 0.541654 0.0100739 5.88414s
1034 0.812254 0.5404 0.0102496 6.22523s
1035 0.812254 0.538171 0.010443 5.91058s
1036 0.812254 0.538543 0.011387 6.12287s
1037 0.812254 0.543368 0.0104684 5.89552s
1038 0.812254 0.543307 0.0101183 5.9219s
1039 0.812254 0.53954 0.0103886 5.97787s
1040 0.812254 0.54018 0.0102933 5.95867s
1041 0.812254 0.543433 0.00994547 5.95611s
1042 0.812254 0.542219 0.0100691 5.93976s
1043 0.812254 0.543427 0.00965487 5.92868s
1044 0.812254 0.544127 0.00969209 5.90483s
1045 0.812254 0.54699 0.00941706 5.91372s
1046 0.812254 0.546726 0.00984675 5.9098s
1047 0.812254 0.543737 0.00996566 5.9004s
1048 0.812254 0.549214 0.00977953 5.89162s
1049 0.812254 0.547647 0.00998369 5.8684s
1050 0.812254 0.546407 0.00958817 5.86551s
1051 0.812254 0.542838 0.00972781 5.89546s
1052 0.812254 0.539664 0.00986029 5.92906s
1053 0.812254 0.548138 0.0103706 5.93208s
1054 0.812254 0.542283 0.0101984 5.92045s
1055 0.812254 0.544755 0.00952265 5.93375s
1056 0.812254 0.545822 0.0100224 5.86702s
1057 0.812254 0.541228 0.00994822 5.96411s
1058 0.812254 0.538493 0.0100887 5.97041s
1059 0.812254 0.538536 0.00967325 5.95766s
1060 0.812254 0.540518 0.0114322 5.94281s
1061 0.812254 0.545373 0.010225 5.89432s
1062 0.812254 0.54103 0.00952671 5.91105s
1063 0.812254 0.541646 0.0104895 5.93812s
1064 0.812254 0.537859 0.00920375 5.91673s
1065 0.812254 0.536203 0.0100402 5.88741s
1066 0.812254 0.54264 0.0102508 5.89043s
1067 0.812254 0.543943 0.0105066 5.9044s
1068 0.812254 0.54186 0.0103802 5.8877s
1069 0.812254 0.549105 0.0096259 5.99965s
1070 0.812254 0.546906 0.00952121 5.91902s
1071 0.812254 0.544486 0.00968764 5.90569s
1072 0.812254 0.547311 0.00989575 6.08948s
1073 0.812254 0.547028 0.0102852 5.91992s
1074 0.812254 0.543811 0.0100904 5.93421s
1075 0.812254 0.547278 0.010916 5.90788s
1076 0.812254 0.539343 0.0102459 5.93177s
1077 0.812254 0.544556 0.0104116 5.87059s
1078 0.812254 0.544775 0.010144 5.86259s
1079 0.812254 0.546146 0.00991063 5.876s
1080 0.812254 0.54231 0.010092 5.92264s
1081 0.812254 0.538817 0.0101231 5.92067s
1082 0.812254 0.538267 0.00972126 5.92349s
1083 0.812254 0.53771 0.00975372 5.91186s
1084 0.812254 0.545071 0.00981568 5.91034s
1085 0.812254 0.5481 0.0101482 5.90468s
1086 0.812254 0.545357 0.00986879 5.88787s
1087 0.812254 0.548054 0.00944784 5.92008s
1088 0.812254 0.539417 0.0103956 6.0097s
1089 0.812254 0.540101 0.0101183 5.88371s
1090 0.812254 0.551074 0.0101777 6.1186s
1091 0.812254 0.539982 0.00996881 6.18241s
1092 0.812254 0.540057 0.0104618 5.87535s
1093 0.812254 0.543544 0.0110981 5.91802s
1094 0.812254 0.546038 0.0102134 5.91382s
1095 0.812254 0.5396 0.010203 6.23609s
1096 0.812254 0.546906 0.0103308 5.97494s
1097 0.812254 0.539347 0.00996067 6.11889s
1098 0.812254 0.550577 0.00978413 5.97726s
1099 0.812254 0.542175 0.0103132 6.1437s
1100 0.812254 0.541466 0.0100997 5.97462s
1101 0.812254 0.540634 0.0109205 5.95438s
1102 0.812254 0.544273 0.0104831 6.01569s
1103 0.812254 0.546488 0.00975411 5.89502s
1104 0.812254 0.541946 0.00939764 5.9186s
1105 0.812254 0.543824 0.00986258 5.94906s
1106 0.812254 0.542416 0.0101646 5.88793s
1107 0.812254 0.542462 0.0100982 5.93006s
1108 0.812254 0.541307 0.00976257 5.91294s
1109 0.812254 0.545152 0.00945585 5.93038s
1110 0.812254 0.536528 0.0104151 5.98165s
1111 0.812254 0.538948 0.0104915 5.97068s
1112 0.812254 0.543014 0.010843 5.91851s
1113 0.812254 0.552113 0.0108244 6.11371s
1114 0.812254 0.545356 0.0107767 5.94007s
1115 0.812254 0.544842 0.00993361 5.90379s
1116 0.812254 0.548476 0.00975249 5.93687s
1117 0.812254 0.547766 0.0101751 5.93716s
1118 0.812254 0.541443 0.0101347 5.97251s
1119 0.812254 0.541568 0.0104587 5.90078s
1120 0.812254 0.547022 0.0104864 5.96622s
1121 0.812254 0.546204 0.0102772 5.92926s
1122 0.812254 0.545567 0.00979506 6.00772s
1123 0.812254 0.540504 0.00997757 6.02067s
1124 0.812254 0.546421 0.00993638 6.53452s
1125 0.812254 0.548148 0.00989392 5.91779s
1126 0.812254 0.547665 0.0102376 5.93568s
1127 0.812254 0.542274 0.01047 5.91932s
1128 0.812254 0.54241 0.0102775 5.89191s
1129 0.812254 0.544129 0.010247 5.88099s
1130 0.812254 0.543664 0.0105415 5.90734s
1131 0.812254 0.546754 0.010661 5.92116s
1132 0.812254 0.544546 0.0100307 5.92164s
1133 0.812254 0.550859 0.00947923 5.93988s
1134 0.812254 0.545781 0.0100552 5.89812s
1135 0.812254 0.545226 0.0105612 5.93833s
1136 0.812254 0.54465 0.0105231 5.91488s
1137 0.812254 0.548675 0.0107628 6.13201s
1138 0.812254 0.542246 0.0108753 5.94961s
1139 0.812254 0.547386 0.0102455 5.87177s
1140 0.812254 0.55165 0.0101131 5.8888s
1141 0.812254 0.542208 0.0101841 5.90927s
1142 0.812254 0.547453 0.00968182 5.91089s
1143 0.812254 0.541594 0.0104348 5.94253s
1144 0.812254 0.5382 0.0100371 5.96226s
1145 0.812254 0.540871 0.0105048 5.92275s
1146 0.812254 0.544063 0.0100732 5.88549s
1147 0.812254 0.546714 0.0102012 5.93724s
1148 0.812254 0.545046 0.0110026 6.16541s
1149 0.812254 0.551734 0.0105295 5.96188s
1150 0.812254 0.54776 0.00977566 5.92186s
1151 0.812254 0.546908 0.0107261 5.83372s
1152 0.812254 0.544248 0.0107322 5.90339s
1153 0.813325 0.547727 0.010084 5.90327s
1154 0.813325 0.538623 0.00986285 6.16164s
1155 0.813325 0.544344 0.010802 5.93806s
1156 0.813325 0.537297 0.0111675 5.89305s
1157 0.813325 0.549242 0.0111365 5.92316s
1158 0.813325 0.537913 0.0109677 5.91186s
1159 0.813325 0.543763 0.0113321 5.89093s
1160 0.813325 0.543019 0.010672 5.91046s
1161 0.813325 0.536629 0.0109573 5.92317s
1162 0.813325 0.54115 0.0104447 5.96639s
1163 0.813325 0.545567 0.0104629 5.92416s
1164 0.813325 0.544417 0.0104045 5.91028s
1165 0.813325 0.548172 0.0106675 5.89548s
1166 0.813325 0.543945 0.0109352 5.8897s
1167 0.813325 0.547741 0.0105802 6.18234s
1168 0.813325 0.543558 0.0108908 5.90089s
1169 0.813325 0.55075 0.0103577 5.87985s
1170 0.813325 0.537499 0.0103288 5.88456s
1171 0.813325 0.544342 0.0110849 5.88513s
1172 0.813325 0.54507 0.0112295 5.87059s
1173 0.813325 0.53735 0.0102284 5.94328s
1174 0.813325 0.536956 0.0105788 5.97543s
1175 0.813325 0.547982 0.0110357 5.95735s
1176 0.813325 0.545932 0.0109925 5.94806s
1177 0.813325 0.547733 0.0111099 5.91817s
1178 0.813325 0.546624 0.00975541 5.92544s
1179 0.813325 0.544825 0.0101518 5.90953s
1180 0.813325 0.537806 0.0102391 5.87118s
1181 0.813325 0.540631 0.0108249 5.90804s
1182 0.813325 0.539091 0.0108172 5.91026s
1183 0.813325 0.543867 0.00975155 5.9332s
1184 0.813325 0.550376 0.00993087 5.90104s
1185 0.813325 0.543648 0.0117904 5.8665s
1186 0.813325 0.544314 0.0110165 5.94599s
1187 0.813325 0.546724 0.0101422 5.94215s
1188 0.813325 0.548439 0.0105268 5.89672s
1189 0.813325 0.545462 0.0103251 5.91701s
1190 0.813325 0.543664 0.0105401 5.94184s
1191 0.813325 0.540905 0.00992652 6.16829s
1192 0.813325 0.54413 0.0102702 5.92607s
1193 0.813325 0.549268 0.0103512 5.89225s
1194 0.813325 0.545302 0.0110421 5.90304s
1195 0.813325 0.5467 0.0102121 5.88332s
1196 0.813325 0.549785 0.0102139 5.93266s
1197 0.813325 0.547168 0.0108423 5.92305s
1198 0.813325 0.552151 0.0102511 5.97308s
1199 0.813325 0.546145 0.0103892 5.90347s
1200 0.813325 0.541367 0.0107283 5.91794s
1201 0.813325 0.547142 0.0107533 5.92622s
1202 0.813325 0.545742 0.0114536 5.98712s
1203 0.813325 0.544685 0.0105835 5.88223s
1204 0.813325 0.547543 0.0106395 5.90641s
1205 0.813325 0.542946 0.0111404 5.90487s
1206 0.813325 0.54168 0.0105235 5.87949s
1207 0.813325 0.543472 0.010235 5.90815s
1208 0.813325 0.551942 0.00983674 5.91027s
1209 0.813325 0.542896 0.0108057 5.86013s
1210 0.813325 0.542308 0.0104136 5.8736s
1211 0.813325 0.545861 0.0112883 5.85413s
1212 0.813325 0.541964 0.0106307 5.87952s
1213 0.813325 0.537325 0.0114093 5.8887s
1214 0.813325 0.546636 0.0108323 5.8773s
1215 0.813325 0.546378 0.0103179 5.92023s
1216 0.823003 0.547814 0.0106313 5.93284s
1217 0.823003 0.543457 0.0102257 5.92337s
1218 0.823003 0.539693 0.0106893 5.8808s
1219 0.823003 0.540223 0.0105162 5.90272s
1220 0.823003 0.542382 0.010294 5.88205s
1221 0.823003 0.543258 0.010765 5.87469s
1222 0.823003 0.547639 0.0107149 5.95256s
1223 0.823003 0.546818 0.0107394 5.88839s
1224 0.823003 0.542942 0.010834 5.99782s
1225 0.823003 0.539967 0.0102979 5.88706s
1226 0.823003 0.542359 0.0106834 6.02416s
1227 0.823003 0.538489 0.0105949 5.89162s
1228 0.823003 0.541466 0.0102413 5.9136s
1229 0.823003 0.537716 0.0107986 5.88241s
1230 0.823003 0.544176 0.0113589 5.89587s
1231 0.823003 0.545875 0.0114057 5.92003s
1232 0.823003 0.545262 0.0103379 5.9019s
1233 0.823003 0.542067 0.0103415 5.92709s
1234 0.823003 0.545043 0.0109415 5.90863s
1235 0.823003 0.540516 0.01042 5.93959s
1236 0.823003 0.549094 0.0112668 5.92962s
1237 0.823003 0.547397 0.0102039 5.91701s
1238 0.823003 0.545891 0.010259 5.88866s
1239 0.823003 0.543159 0.0117497 6.12999s
1240 0.823003 0.546292 0.0114045 5.97619s
1241 0.823003 0.548671 0.0103276 6.00188s
1242 0.823003 0.543477 0.0109251 6.01015s
1243 0.823003 0.547089 0.0114209 5.93174s
1244 0.823003 0.545318 0.0106239 5.93652s
1245 0.823003 0.547046 0.0102294 5.94306s
1246 0.83214 0.543549 0.0103062 5.93334s
1247 0.83214 0.541207 0.0101296 5.98844s
1248 0.83214 0.545435 0.0109362 5.95415s
1249 0.83214 0.544943 0.0106396 5.93412s
1250 0.83214 0.544423 0.0109287 5.90813s
1251 0.83214 0.545232 0.0109855 5.9057s
1252 0.83214 0.542769 0.0107155 5.93542s
1253 0.83214 0.543386 0.0107789 5.8818s
1254 0.83214 0.548731 0.0109012 5.95928s
1255 0.83214 0.547016 0.0109678 5.92936s
1256 0.83214 0.545373 0.0106428 5.92716s
1257 0.83214 0.538474 0.0113977 5.92286s
1258 0.83214 0.543155 0.010195 5.92252s
1259 0.83214 0.540313 0.0106282 5.91212s
1260 0.83214 0.543851 0.010646 5.88737s
1261 0.83214 0.552298 0.0109081 5.91429s
1262 0.83214 0.55094 0.0108392 5.89589s
1263 0.83214 0.543058 0.0105335 5.96522s
1264 0.83214 0.546098 0.0114446 5.94038s
1265 0.83214 0.544817 0.0106253 5.92299s
1266 0.83214 0.547423 0.0109858 5.96833s
1267 0.83214 0.54387 0.010802 5.90383s
1268 0.83214 0.542825 0.010727 5.86098s
1269 0.83214 0.541999 0.0110083 5.96319s
1270 0.83214 0.547351 0.0101113 5.9171s
1271 0.83214 0.546954 0.0110462 5.87388s
1272 0.83214 0.540018 0.0109883 5.89596s
1273 0.83214 0.542789 0.0109698 5.88253s
1274 0.83214 0.548924 0.0114684 6.13477s
1275 0.83214 0.546212 0.0113199 5.88966s
1276 0.83214 0.554036 0.0114378 5.87713s
1277 0.83214 0.542247 0.010674 5.90827s
1278 0.83214 0.552003 0.0115593 5.9429s
1279 0.83214 0.549245 0.0109084 5.9418s
1280 0.83214 0.548394 0.0107741 5.90145s
1281 0.83214 0.553472 0.0110239 5.88257s
1282 0.83214 0.552371 0.0116511 5.92862s
1283 0.83214 0.553965 0.0106464 5.95073s
1284 0.83214 0.544249 0.0111456 5.9172s
1285 0.83214 0.546645 0.0108093 5.99245s
1286 0.83214 0.547026 0.0113131 5.94702s
1287 0.83214 0.549152 0.0109955 5.89797s
1288 0.83214 0.549661 0.0104422 5.9391s
1289 0.83214 0.548493 0.0108969 5.89181s
1290 0.83214 0.547831 0.010522 5.92099s
1291 0.83214 0.546729 0.0110525 5.90465s
1292 0.83214 0.547445 0.0113157 5.92264s
1293 0.83214 0.549266 0.0107257 5.86931s
1294 0.83214 0.546966 0.0112915 5.93603s
1295 0.83214 0.543806 0.0109865 5.92611s
1296 0.83214 0.546505 0.0109549 5.8856s
1297 0.83214 0.548202 0.0112298 5.90822s
1298 0.83214 0.551943 0.0115745 6.16102s
1299 0.83214 0.54899 0.0116591 5.88232s
1300 0.83214 0.547113 0.010944 5.91209s
1301 0.83214 0.549854 0.0117512 5.89621s
1302 0.83214 0.55268 0.0106533 5.93835s
1303 0.83214 0.548294 0.0101923 5.8858s
1304 0.83214 0.550026 0.0113008 5.95461s
1305 0.83214 0.549429 0.011158 5.89648s
1306 0.83214 0.54788 0.0108628 5.91308s
1307 0.83214 0.549755 0.0108137 5.91156s
1308 0.83214 0.554674 0.0113664 5.91458s
1309 0.83214 0.553129 0.0109814 5.94527s
1310 0.83214 0.551765 0.0113585 5.95569s
1311 0.83214 0.549885 0.0108382 5.87126s
1312 0.83214 0.551657 0.0106342 5.98258s
1313 0.83214 0.559732 0.011445 5.98162s
1314 0.83214 0.556923 0.010846 5.88673s
1315 0.83214 0.559362 0.011413 5.95034s
1316 0.83214 0.548674 0.0108676 5.9248s
1317 0.83214 0.549634 0.0108521 5.89633s
1318 0.83214 0.550515 0.0108396 5.89036s
1319 0.83214 0.54825 0.01091 5.88384s
1320 0.83214 0.551971 0.0109913 5.92296s
1321 0.83214 0.547828 0.0112837 5.91891s
1322 0.83214 0.553285 0.0109148 5.92491s
1323 0.83214 0.549475 0.0111989 5.89315s
1324 0.83214 0.546143 0.010998 5.92225s
1325 0.83214 0.552184 0.0112258 5.91416s
1326 0.83214 0.551427 0.0108857 6.10042s
1327 0.83214 0.553795 0.0107115 5.93141s
1328 0.83214 0.548462 0.010737 5.99029s
1329 0.83214 0.551814 0.0106221 6.19838s
1330 0.83214 0.552578 0.0104517 5.90805s
1331 0.83214 0.556221 0.0110853 5.92075s
1332 0.83214 0.551167 0.011078 5.8938s
1333 0.83214 0.560989 0.0104809 5.9263s
1334 0.83214 0.556789 0.0109576 5.88905s
1335 0.83214 0.556197 0.0109485 5.91743s
1336 0.83214 0.562012 0.0108181 5.94117s
1337 0.83214 0.560803 0.0101416 5.93425s
1338 0.83214 0.5569 0.0107432 5.88118s
1339 0.83214 0.55051 0.0111495 5.90161s
1340 0.838452 0.550166 0.0116351 5.89975s
1341 0.838452 0.555348 0.0117162 5.90866s
1342 0.838452 0.551367 0.0113769 5.96469s
1343 0.838452 0.548312 0.0115661 5.96098s
1344 0.838452 0.545918 0.0114288 6.16652s
1345 0.838452 0.551507 0.0112099 5.92889s
1346 0.838452 0.550717 0.010754 5.94757s
1347 0.838452 0.543385 0.0113119 5.88139s
1348 0.838452 0.543014 0.0110629 5.87011s
1349 0.838452 0.546346 0.011689 5.90401s
1350 0.838452 0.541394 0.0111704 5.90385s
1351 0.838452 0.548231 0.0109946 5.92151s
1352 0.838452 0.545662 0.0106343 6.13728s
1353 0.838452 0.555235 0.0114653 5.91645s
1354 0.838452 0.54806 0.0109816 5.93547s
1355 0.838452 0.551869 0.01149 5.86349s
1356 0.838452 0.543953 0.0112992 5.86481s
1357 0.838452 0.546657 0.0111634 5.96747s
1358 0.838452 0.547255 0.0113061 5.87353s
1359 0.838452 0.544547 0.0117073 5.97026s
1360 0.838452 0.541432 0.0113483 5.9272s
1361 0.838452 0.545993 0.0105853 5.91659s
1362 0.838452 0.54913 0.0114074 5.90464s
1363 0.838452 0.542267 0.0115037 5.93323s
1364 0.838452 0.546003 0.0114174 5.93937s
1365 0.838452 0.543078 0.0119278 5.95014s
1366 0.838452 0.54442 0.0109167 5.94199s
1367 0.838452 0.55175 0.0113516 5.98571s
1368 0.838452 0.547726 0.0113206 5.93465s
1369 0.838452 0.545048 0.011448 5.97653s
1370 0.838452 0.544199 0.0116524 5.92255s
1371 0.838452 0.554847 0.0109476 5.90332s
1372 0.838452 0.54531 0.0117161 5.92449s
1373 0.838452 0.543225 0.0121862 5.89004s
1374 0.838452 0.544006 0.0115139 6.14575s
1375 0.838452 0.544552 0.0118809 5.964s
1376 0.838452 0.550222 0.0112638 5.97378s
1377 0.838452 0.548053 0.0110087 5.90425s
1378 0.838452 0.551406 0.010938 5.8818s
1379 0.838452 0.544278 0.0113166 5.89046s
1380 0.838452 0.54361 0.0114035 5.88383s
1381 0.838452 0.54178 0.0109511 5.86871s
1382 0.838452 0.542211 0.0115701 5.9019s
1383 0.838452 0.545679 0.011058 5.89579s
1384 0.838452 0.544957 0.0116544 5.91699s
1385 0.838452 0.549156 0.0117041 5.91071s
1386 0.838452 0.549567 0.0117302 5.90335s
1387 0.838452 0.549318 0.0110511 5.92595s
1388 0.838452 0.544478 0.0111008 5.9221s
1389 0.838452 0.543002 0.0113086 5.8982s
1390 0.838452 0.547493 0.0117374 5.87961s
1391 0.838452 0.551621 0.0114336 6.03238s
1392 0.838452 0.547609 0.0113963 5.90331s
1393 0.838452 0.555994 0.011662 5.85661s
1394 0.838452 0.54927 0.0118704 5.91442s
1395 0.838452 0.550256 0.0114564 5.90334s
1396 0.838452 0.547165 0.011001 5.91501s
1397 0.838452 0.541411 0.0117897 5.92782s
1398 0.838452 0.548588 0.0118486 5.88707s
1399 0.838452 0.543682 0.011355 5.92568s
1400 0.838452 0.549473 0.0116485 5.95095s
1401 0.838452 0.551171 0.0118824 5.86564s
1402 0.838452 0.546957 0.0123114 5.92332s
1403 0.838452 0.544934 0.0117115 5.93195s
1404 0.838452 0.54919 0.0119362 5.92744s
1405 0.838452 0.54862 0.0115484 5.90466s
1406 0.838452 0.553549 0.012167 5.91927s
1407 0.838452 0.555339 0.0114404 5.91293s
1408 0.838452 0.547234 0.0117693 6.17369s
1409 0.838452 0.548647 0.0120782 5.9002s
1410 0.838452 0.548163 0.0115477 5.87894s
1411 0.838452 0.548828 0.0119508 5.91115s
1412 0.838452 0.549005 0.0123979 5.88947s
1413 0.838452 0.54945 0.0114469 5.91185s
1414 0.838452 0.55551 0.0117154 5.91969s
1415 0.838452 0.551887 0.0118516 5.92059s
1416 0.838452 0.55015 0.0122031 5.92496s
1417 0.838452 0.558302 0.0115795 5.92832s
1418 0.838452 0.553412 0.0120361 6.1666s
1419 0.838452 0.553961 0.0119331 5.85447s
1420 0.838452 0.552472 0.012074 5.87234s
1421 0.838452 0.557712 0.0116694 5.92265s
1422 0.838452 0.556328 0.0118849 5.9411s
1423 0.838452 0.555069 0.012198 5.89477s
1424 0.838452 0.552043 0.0119958 5.90772s
1425 0.838452 0.553918 0.011224 5.85126s
1426 0.838452 0.5528 0.012154 5.90977s
1427 0.838452 0.551284 0.0124537 5.87367s
1428 0.838452 0.549319 0.0118417 5.898s
1429 0.838452 0.550968 0.0114509 5.87679s
1430 0.838452 0.548652 0.0126032 5.94236s
1431 0.838452 0.555475 0.012041 6.03553s
1432 0.838452 0.55572 0.0134202 5.86892s
1433 0.838452 0.554626 0.0125469 5.88678s
1434 0.838452 0.55697 0.0127067 5.88817s
1435 0.838452 0.555836 0.0121731 5.88271s
1436 0.838452 0.555187 0.0122466 5.9184s
1437 0.838452 0.546778 0.0121542 5.93301s
1438 0.838452 0.549166 0.0131852 5.8851s
1439 0.838452 0.551092 0.0117391 5.89817s
1440 0.838452 0.555571 0.0114013 5.9461s
1441 0.838452 0.552254 0.0126139 5.92041s
1442 0.838452 0.543669 0.0121653 5.91507s
1443 0.838452 0.549744 0.0119135 5.86464s
1444 0.838452 0.551567 0.012185 6.1135s
1445 0.838452 0.553716 0.0116513 5.88956s
1446 0.838452 0.551879 0.0126382 5.8842s
1447 0.838452 0.561479 0.0135262 5.92312s
1448 0.838452 0.552538 0.0112787 6.19191s
1449 0.838452 0.552576 0.0125221 5.91615s
1450 0.838452 0.55753 0.0126931 5.87933s
1451 0.838452 0.55522 0.0124624 5.88091s
1452 0.838452 0.554555 0.0119475 5.96585s
1453 0.838452 0.548505 0.0122533 5.90276s
1454 0.838452 0.549494 0.0127616 5.92601s
1455 0.838452 0.552866 0.0116347 5.96855s
1456 0.838452 0.545321 0.0113034 5.96006s
1457 0.838452 0.55005 0.0118808 5.91004s
1458 0.838452 0.55424 0.0116811 5.94628s
1459 0.838452 0.554143 0.0123762 5.89883s
1460 0.838452 0.555307 0.0121108 5.89351s
1461 0.838452 0.549248 0.0119396 5.96657s
1462 0.838452 0.548478 0.0121014 5.93679s
1463 0.838452 0.551906 0.0126119 5.9333s
1464 0.838452 0.555627 0.0122547 5.94434s
1465 0.838452 0.548997 0.0128187 5.90722s
1466 0.838452 0.548589 0.0123165 5.87734s
1467 0.838452 0.557937 0.0126339 5.92392s
1468 0.838452 0.553809 0.0131998 5.90674s
1469 0.838452 0.560218 0.0128433 5.90904s
1470 0.838452 0.55366 0.0124519 5.88398s
1471 0.838452 0.550352 0.0118091 5.95241s
1472 0.838452 0.552714 0.0130347 5.93747s
1473 0.838452 0.550991 0.0121664 6.20818s
1474 0.838452 0.548583 0.012671 5.88796s
1475 0.838452 0.551108 0.0113981 5.92067s
1476 0.838452 0.550222 0.0124165 5.87123s
1477 0.838452 0.552307 0.0129247 5.96199s
1478 0.838452 0.5552 0.0117967 5.94162s
1479 0.838452 0.550744 0.0121626 5.91616s
1480 0.838452 0.5591 0.012159 5.91704s
1481 0.838452 0.56091 0.0132619 5.88929s
1482 0.838452 0.552713 0.0124856 5.89566s
1483 0.838452 0.558429 0.0121368 5.87813s
1484 0.838452 0.553227 0.012313 5.84622s
1485 0.838452 0.5455 0.0122087 5.9004s
1486 0.838452 0.554521 0.0130692 5.94177s
1487 0.838452 0.552617 0.0130328 5.84664s
1488 0.838452 0.54326 0.0123572 5.94919s
1489 0.838452 0.540613 0.0127089 5.93753s
1490 0.838452 0.550242 0.0138555 5.90401s
1491 0.838452 0.549192 0.0126471 5.89739s
1492 0.838452 0.552822 0.0123933 5.89822s
1493 0.838452 0.554816 0.0123984 5.93078s
1494 0.838452 0.552254 0.0122239 5.90679s
1495 0.838452 0.555027 0.0129622 5.94249s
1496 0.838452 0.552096 0.013282 5.87555s
1497 0.838452 0.555596 0.0126095 5.91712s
1498 0.838452 0.554962 0.0120563 5.86246s
1499 0.838452 0.562277 0.0125708 5.91894s
1500 0.838452 0.556931 0.0119385 5.87426s
1501 0.838452 0.556567 0.0120768 5.89767s
1502 0.838452 0.549025 0.0125482 5.89048s
1503 0.838452 0.54833 0.0119061 5.96586s
1504 0.838452 0.547962 0.0129467 6.10461s
1505 0.838452 0.550795 0.0122192 5.90768s
1506 0.838452 0.548632 0.0127846 5.87591s
1507 0.838452 0.555608 0.0120583 5.87843s
1508 0.838452 0.543659 0.0124467 5.84938s
1509 0.838452 0.548305 0.012312 5.89792s
1510 0.838452 0.547052 0.0121184 5.902s
1511 0.838452 0.546213 0.0119942 6.13457s
1512 0.838452 0.550622 0.0128125 5.93433s
1513 0.838452 0.54864 0.0119447 6.14156s
1514 0.838452 0.550163 0.0119774 5.91291s
1515 0.838452 0.544402 0.0116717 5.88765s
1516 0.838452 0.546254 0.0119684 5.88986s
1517 0.838452 0.549631 0.0119379 5.89499s
1518 0.838452 0.550467 0.0128407 5.89624s
1519 0.838452 0.550347 0.0120413 5.91315s
1520 0.838452 0.542012 0.0120408 5.86405s
1521 0.838452 0.55959 0.0138277 5.92701s
1522 0.838452 0.555828 0.0125953 5.91789s
1523 0.838452 0.552656 0.0124991 5.92063s
1524 0.838452 0.553349 0.0119606 5.95098s
1525 0.838452 0.551145 0.0126908 5.92732s
1526 0.838452 0.548047 0.0123875 5.88767s
1527 0.838452 0.551981 0.0120928 5.89476s
1528 0.838452 0.550366 0.012121 5.89368s
1529 0.838452 0.557964 0.0125837 5.88905s
1530 0.838452 0.550864 0.0126345 6.14559s
1531 0.838452 0.551564 0.012611 5.87924s
1532 0.838452 0.554156 0.0124903 5.94149s
1533 0.838452 0.54745 0.0124505 6.08247s
1534 0.838452 0.55124 0.0119778 5.90603s
1535 0.838452 0.550755 0.0130671 5.88992s
1536 0.838452 0.552228 0.0128776 5.97598s
1537 0.838452 0.553195 0.0123156 5.88157s
1538 0.838452 0.54862 0.0121112 5.88763s
1539 0.838452 0.547749 0.0119585 6.14705s
1540 0.838452 0.549948 0.0123319 5.88429s
1541 0.838452 0.548949 0.0127582 5.88925s
1542 0.838452 0.547657 0.0128882 5.85708s
1543 0.838452 0.549885 0.0125795 5.93943s
1544 0.838452 0.55477 0.012114 6.09137s
1545 0.838452 0.556507 0.012804 5.93244s
1546 0.838452 0.549948 0.0127131 5.88682s
1547 0.838452 0.545817 0.0119445 5.86657s
1548 0.838452 0.544652 0.0122087 5.92999s
1549 0.838452 0.549501 0.0120159 5.85089s
1550 0.838452 0.554275 0.0128472 5.89471s
1551 0.838452 0.555587 0.0129797 5.91044s
1552 0.838452 0.552868 0.0125046 5.93156s
1553 0.838452 0.550388 0.0121436 5.92581s
1554 0.838452 0.554867 0.0123194 5.88412s
1555 0.838452 0.554593 0.0115939 5.89562s
1556 0.838452 0.560085 0.0131698 6.20684s
1557 0.838452 0.550389 0.0125403 5.90493s
1558 0.838452 0.554001 0.0125673 5.88448s
1559 0.838452 0.557853 0.0124878 5.91459s
1560 0.838452 0.561298 0.0128121 6.10633s
1561 0.838452 0.563159 0.0119221 5.89454s
1562 0.838452 0.561401 0.0126669 5.8892s
1563 0.838452 0.55781 0.0124154 5.86773s
1564 0.838452 0.549306 0.0127758 5.89311s
1565 0.838452 0.549496 0.0115645 5.91612s
1566 0.838452 0.549389 0.0133833 5.88519s
1567 0.838452 0.551683 0.0122714 5.87867s
1568 0.838452 0.551049 0.0123932 5.94104s
1569 0.838452 0.547081 0.0126482 5.97677s
1570 0.838452 0.546334 0.012682 5.92867s
1571 0.838452 0.546306 0.0125533 5.96618s
1572 0.838452 0.550164 0.0125316 5.93345s
1573 0.838452 0.557113 0.0121756 5.95691s
1574 0.838452 0.552667 0.0117388 5.9295s
1575 0.838452 0.551591 0.0116194 5.93636s
1576 0.838452 0.550224 0.0131247 6.04422s
1577 0.838452 0.548099 0.0119763 5.89721s
1578 0.838452 0.548391 0.0126503 5.91371s
1579 0.838452 0.553204 0.0136581 5.95444s
1580 0.838452 0.55407 0.013314 5.90958s
1581 0.838452 0.558236 0.0127232 5.91676s
1582 0.838452 0.547719 0.012862 5.9418s
1583 0.838452 0.549548 0.0129892 5.97569s
1584 0.838452 0.551035 0.0120857 5.92458s
1585 0.838452 0.553528 0.0121397 5.89696s
1586 0.838452 0.552403 0.0116248 5.88226s
1587 0.838452 0.548635 0.0119334 5.99081s
1588 0.838452 0.555471 0.0121422 5.88473s
1589 0.838452 0.552832 0.0113103 5.93412s
1590 0.838452 0.556728 0.012379 5.98918s
1591 0.838452 0.555399 0.0132246 5.91894s
1592 0.838452 0.552252 0.0128394 5.86799s
1593 0.838452 0.554478 0.0125317 5.90792s
1594 0.838452 0.555521 0.0121863 5.91362s
1595 0.838452 0.553881 0.0136718 5.88036s
1596 0.838452 0.553358 0.0133108 5.94651s
1597 0.838452 0.556152 0.0134768 5.90898s
1598 0.838452 0.550594 0.0130155 5.88498s
1599 0.838452 0.555999 0.0124611 5.89813s
1600 0.838452 0.553259 0.0125509 6.15474s
1601 0.838452 0.5554 0.0127535 5.88449s
1602 0.838452 0.55464 0.0124493 5.85426s
1603 0.838452 0.550006 0.0121137 5.90055s
1604 0.838452 0.548794 0.0122777 5.87995s
1605 0.838452 0.544011 0.0118548 5.93321s
1606 0.838452 0.548274 0.0120963 5.92537s
1607 0.838452 0.556187 0.0125054 5.91433s
1608 0.838452 0.553065 0.0125487 5.92657s
1609 0.838452 0.550998 0.0122931 5.92258s
1610 0.838452 0.553924 0.0134819 5.90236s
1611 0.838452 0.55181 0.0136183 5.92639s
1612 0.838452 0.558702 0.0127992 5.88349s
1613 0.838452 0.557258 0.0129122 5.86924s
1614 0.838452 0.550604 0.0115388 5.86941s
1615 0.838452 0.550327 0.0124342 5.84194s
1616 0.838452 0.556236 0.0129132 5.89779s
1617 0.838452 0.554599 0.0127237 5.88341s
1618 0.838452 0.56251 0.0118337 5.89155s
1619 0.838452 0.559868 0.0121603 6.17385s
1620 0.838452 0.551031 0.0118946 5.92904s
1621 0.838452 0.551803 0.0123227 5.90982s
1622 0.838452 0.552042 0.0122834 5.88861s
1623 0.838452 0.552364 0.0127527 5.94801s
1624 0.838452 0.558285 0.0132499 5.89677s
1625 0.838452 0.558241 0.0130652 5.89261s
1626 0.838452 0.558331 0.0123339 5.92705s
1627 0.838452 0.55078 0.0127318 5.86636s
1628 0.838452 0.557532 0.0137411 5.91662s
1629 0.838452 0.55518 0.0132196 5.89449s
1630 0.838452 0.564879 0.0130481 5.95521s
1631 0.838452 0.555136 0.0123313 5.97749s
1632 0.838452 0.552788 0.0123374 5.87406s
1633 0.838452 0.553106 0.012534 5.9176s
1634 0.838452 0.552281 0.0119507 5.94266s
1635 0.838452 0.560494 0.0125102 5.95227s
1636 0.838452 0.557525 0.0129793 6.10944s
1637 0.838452 0.557801 0.0127055 5.91872s
1638 0.838452 0.552444 0.0122911 5.92183s
1639 0.838452 0.549905 0.0121354 5.89129s
1640 0.838452 0.554133 0.012505 5.91923s
1641 0.838452 0.547896 0.0122592 5.89797s
1642 0.838452 0.553721 0.0127967 6.09629s
1643 0.838452 0.55029 0.0123233 5.91161s
1644 0.838452 0.553904 0.0119307 5.91196s
1645 0.838452 0.54938 0.0120432 5.87399s
1646 0.838452 0.549208 0.0122107 5.94025s
1647 0.838452 0.552853 0.0121121 5.88237s
1648 0.838452 0.544078 0.0124757 6.1674s
1649 0.838452 0.546021 0.0122818 5.89336s
1650 0.838452 0.548187 0.0118991 5.91155s
1651 0.838452 0.559794 0.0127591 5.90579s
1652 0.838452 0.556062 0.0125009 5.87378s
1653 0.838452 0.542218 0.0119078 5.90224s
1654 0.838452 0.547084 0.0132397 5.96115s
1655 0.838452 0.551045 0.0128529 5.93762s
1656 0.838452 0.5576 0.0121782 5.91151s
1657 0.838452 0.554699 0.0123982 5.91759s
1658 0.838452 0.551973 0.0128052 5.93479s
1659 0.838452 0.550383 0.0124903 6.00031s
1660 0.838452 0.547967 0.0122328 5.9594s
1661 0.838452 0.551063 0.0120774 5.91396s
1662 0.838452 0.552639 0.0127586 5.89457s
1663 0.838452 0.543816 0.0120914 5.86982s
1664 0.838452 0.547251 0.0125568 5.91572s
1665 0.838452 0.544552 0.0124316 5.87308s
1666 0.838452 0.54128 0.0129096 5.85784s
1667 0.838452 0.545917 0.0139008 5.87958s
1668 0.838452 0.551408 0.0128126 5.8844s
1669 0.838452 0.551448 0.0131928 6.09582s
1670 0.838452 0.553715 0.0121308 5.923s
1671 0.838452 0.549022 0.012364 5.87913s
1672 0.838452 0.545443 0.0126441 5.91715s
1673 0.838452 0.55408 0.0128479 5.93408s
1674 0.838452 0.54497 0.0128656 5.88204s
1675 0.838452 0.545903 0.0135019 5.88995s
1676 0.838452 0.546405 0.0119587 6.15703s
1677 0.838452 0.553036 0.0125817 5.87976s
1678 0.838452 0.55248 0.012062 5.89631s
1679 0.838452 0.553676 0.0125887 5.92626s
1680 0.838452 0.549418 0.0119862 5.90359s
1681 0.838452 0.5565 0.0126853 5.93908s
1682 0.838452 0.549625 0.0119 5.91697s
1683 0.838452 0.548428 0.0123017 5.9065s
1684 0.838452 0.555981 0.0125585 5.89261s
1685 0.838452 0.550715 0.0131875 5.87976s
1686 0.838452 0.55054 0.0123493 5.87109s
1687 0.838452 0.561594 0.01301 5.90628s
1688 0.838452 0.55773 0.0128257 5.89955s
1689 0.838452 0.556118 0.0129678 5.9277s
1690 0.838452 0.551739 0.0126443 5.8929s
1691 0.838452 0.551135 0.0126169 5.88175s
1692 0.838452 0.551431 0.0122653 5.8835s
1693 0.838452 0.548427 0.0130381 5.89073s
1694 0.838452 0.550525 0.0125522 5.87895s
1695 0.838452 0.551172 0.0118943 5.86174s
1696 0.838452 0.547255 0.0118825 6.00438s
1697 0.838452 0.557301 0.0132608 5.87437s
1698 0.838452 0.549604 0.0123317 5.93647s
1699 0.838452 0.549997 0.0123276 5.86627s
1700 0.838452 0.548228 0.0121578 5.84587s
1701 0.838452 0.554534 0.0135046 5.91086s
1702 0.838452 0.557723 0.0138583 5.91809s
1703 0.838452 0.551931 0.0132925 5.91302s
1704 0.838452 0.561065 0.012508 5.88359s
1705 0.838452 0.552811 0.0133991 5.94042s
1706 0.838452 0.55268 0.0127099 5.9078s
1707 0.838452 0.557895 0.0127274 5.90019s
1708 0.838452 0.55433 0.0123684 5.85384s
1709 0.838452 0.552043 0.0124966 5.9493s
1710 0.838452 0.550418 0.0124615 5.86618s
1711 0.838452 0.561545 0.0128436 5.90953s
1712 0.838452 0.56219 0.0129841 5.90411s
1713 0.838452 0.559653 0.0128969 5.86423s
1714 0.838452 0.558259 0.0134297 5.89587s
1715 0.838452 0.556881 0.0120717 6.23206s
1716 0.838452 0.556735 0.0119445 5.9189s
1717 0.838452 0.555909 0.0129602 5.86862s
1718 0.838452 0.560336 0.0126249 5.91064s
1719 0.838452 0.551494 0.0126029 5.86017s
1720 0.838452 0.55029 0.0126637 5.90727s
1721 0.838452 0.558402 0.0123107 5.93624s
1722 0.838452 0.559431 0.0128815 5.89153s
1723 0.838452 0.565527 0.0121092 5.88533s
1724 0.838452 0.567619 0.0132673 5.86742s
1725 0.838452 0.567027 0.0118932 5.91414s
1726 0.838452 0.555264 0.0121689 5.89527s
1727 0.838452 0.555091 0.0124332 6.08201s
1728 0.838452 0.560275 0.0121476 6.10005s
1729 0.838452 0.555487 0.0125455 5.91815s
1730 0.838452 0.558461 0.0127157 5.9135s
1731 0.838452 0.558829 0.0137538 5.90297s
1732 0.838452 0.560586 0.011594 5.92521s
1733 0.838452 0.558864 0.013296 5.9086s
1734 0.838452 0.562231 0.0127701 5.87329s
1735 0.838452 0.560798 0.0136524 5.87004s
1736 0.838452 0.549534 0.0127464 5.93158s
1737 0.838452 0.551522 0.0123564 5.8871s
1738 0.838452 0.554631 0.0131508 5.94473s
1739 0.838452 0.554585 0.0134603 5.95228s
1740 0.838452 0.548699 0.0124449 6.28516s
1741 0.838452 0.548782 0.0133575 5.89728s
1742 0.838452 0.547923 0.0127821 5.8668s
1743 0.838452 0.54923 0.0118781 5.89445s
1744 0.838452 0.551417 0.0121232 5.90587s
1745 0.838452 0.553657 0.0122018 5.90567s
1746 0.838452 0.546489 0.0121459 6.10984s
1747 0.838452 0.553607 0.0128028 5.94521s
1748 0.838452 0.552547 0.0118647 5.85948s
1749 0.838452 0.553871 0.0127077 5.90556s
1750 0.838452 0.548725 0.0120724 5.93226s
1751 0.838452 0.546377 0.0120918 5.89263s
1752 0.838452 0.548296 0.0121843 5.88224s
1753 0.838452 0.548698 0.0122366 5.90419s
1754 0.838452 0.553463 0.0126212 5.94491s
1755 0.838452 0.548924 0.0127933 5.90326s
1756 0.838452 0.553424 0.014501 5.93438s
1757 0.838452 0.551065 0.0123739 5.99454s
1758 0.838452 0.552743 0.0127126 5.87336s
1759 0.838452 0.552331 0.0127464 6.13741s
1760 0.838452 0.552994 0.0115226 5.90942s
1761 0.838452 0.556563 0.0120989 5.9002s
1762 0.838452 0.55341 0.0119971 5.90113s
1763 0.838452 0.556004 0.0123428 5.8795s
1764 0.838452 0.562002 0.012992 5.90757s
1765 0.838452 0.557476 0.0118225 5.91365s
1766 0.838452 0.556509 0.0123125 5.97576s
1767 0.838452 0.557698 0.0135826 5.91785s
1768 0.838452 0.556085 0.013055 5.91007s
1769 0.838452 0.551504 0.012341 5.91914s
1770 0.838452 0.553337 0.0127623 5.88093s
1771 0.838452 0.545106 0.0126326 5.92911s
1772 0.838452 0.558985 0.0132367 5.92944s
1773 0.838452 0.555793 0.012425 5.88587s
1774 0.838452 0.550788 0.012724 6.19699s
1775 0.838452 0.54505 0.0130018 5.95557s
1776 0.838452 0.544076 0.0131057 5.8826s
1777 0.838452 0.553961 0.0127583 6.1432s
1778 0.838452 0.547364 0.012748 5.91352s
1779 0.838452 0.550444 0.0119599 5.86699s
1780 0.838452 0.552707 0.0138907 6.12747s
1781 0.838452 0.549222 0.0126704 5.89543s
1782 0.838452 0.553998 0.0127279 5.8648s
1783 0.838452 0.552262 0.0125183 5.90116s
1784 0.838452 0.552358 0.0137683 5.90877s
1785 0.838452 0.549479 0.0121437 5.91864s
1786 0.838452 0.543624 0.0128475 5.89611s
1787 0.838452 0.544344 0.01267 5.93017s
1788 0.838452 0.552165 0.0124011 5.87114s
1789 0.838452 0.555531 0.0126115 6.18239s
1790 0.838452 0.547775 0.0132612 5.88088s
1791 0.838452 0.546387 0.012634 5.8943s
1792 0.838452 0.546535 0.0121017 5.9072s
1793 0.838452 0.551683 0.0123796 5.86271s
1794 0.838452 0.5475 0.0121607 5.91666s
1795 0.838452 0.548161 0.0120401 5.89275s
1796 0.838452 0.555046 0.0125324 5.85688s
1797 0.838452 0.555742 0.0133949 5.90659s
1798 0.838452 0.555159 0.0124217 5.93966s
1799 0.838452 0.551523 0.0127096 5.8875s
1800 0.838452 0.55132 0.0133096 5.90838s
1801 0.838452 0.554444 0.0132858 5.90456s
1802 0.838452 0.551534 0.012701 5.90925s
1803 0.838452 0.558178 0.0128305 5.91396s
1804 0.838452 0.554566 0.0125122 5.88706s
1805 0.838452 0.55293 0.0127217 5.88042s
1806 0.838452 0.557447 0.0131331 5.93343s
1807 0.838452 0.552713 0.0123214 5.92497s
1808 0.838452 0.558111 0.0131333 5.91354s
1809 0.838452 0.558943 0.0129033 5.89063s
1810 0.838452 0.555112 0.0124225 5.92342s
1811 0.838452 0.546201 0.0125961 5.95402s
1812 0.838452 0.555666 0.0121042 5.89511s
1813 0.838452 0.548153 0.0130471 5.88986s
1814 0.838452 0.54729 0.0129459 5.92243s
1815 0.838452 0.550036 0.0123909 5.89668s
1816 0.838452 0.552496 0.0129761 5.88463s
1817 0.838452 0.549659 0.0136363 5.8958s
1818 0.838452 0.548807 0.0127661 5.93491s
1819 0.838452 0.553473 0.0128772 5.8551s
1820 0.838452 0.552718 0.0128401 5.90212s
1821 0.838452 0.555667 0.0130225 6.02031s
1822 0.838452 0.552161 0.0130487 5.88021s
1823 0.838452 0.550508 0.0125816 5.89955s
1824 0.838452 0.55231 0.0127279 5.94797s
1825 0.838452 0.551161 0.0117621 5.95179s
1826 0.838452 0.550382 0.0126987 5.87464s
1827 0.838452 0.544283 0.0123081 5.88033s
1828 0.838452 0.551093 0.0119711 5.90967s
1829 0.838452 0.548229 0.0126919 5.93232s
1830 0.838452 0.547855 0.0128904 6.1522s
1831 0.838452 0.548281 0.012365 5.89995s
1832 0.838452 0.549996 0.0127294 5.90704s
1833 0.838452 0.561578 0.0118851 5.8977s
1834 0.838452 0.555992 0.013926 5.90026s
1835 0.838452 0.554305 0.0125379 5.87606s
1836 0.838452 0.559856 0.0119499 5.89906s
1837 0.838452 0.559589 0.0127375 5.87026s
1838 0.838452 0.558057 0.0126308 5.8969s
1839 0.838452 0.556563 0.0123742 5.92888s
1840 0.838452 0.549852 0.0131148 5.94927s
1841 0.838452 0.557706 0.0118293 5.91799s
1842 0.838452 0.554278 0.0131443 5.9141s
1843 0.838452 0.555419 0.0124036 6.27557s
1844 0.838452 0.555289 0.0121174 5.86438s
1845 0.838452 0.552032 0.0117412 5.9182s
1846 0.838452 0.557264 0.0130945 5.88639s
1847 0.838452 0.550823 0.0135282 5.92213s
1848 0.838452 0.555551 0.0128972 5.88655s
1849 0.838452 0.558608 0.0137231 5.95785s
1850 0.838452 0.55368 0.0123795 5.92102s
1851 0.838452 0.551963 0.0122376 5.8789s
1852 0.838452 0.552969 0.01198 5.99503s
1853 0.838452 0.550137 0.0126163 5.91277s
1854 0.838452 0.554417 0.0122884 5.9203s
1855 0.838452 0.544593 0.0129942 6.18525s
1856 0.838452 0.546094 0.0122713 5.91148s
1857 0.838452 0.550791 0.0128373 5.93175s
1858 0.838452 0.558773 0.013532 5.91887s
1859 0.838452 0.553378 0.0125568 6.14157s
1860 0.838452 0.54668 0.0125693 5.89102s
1861 0.838452 0.548939 0.0120951 5.89802s
1862 0.838452 0.554303 0.0124116 5.92099s
1863 0.838452 0.555309 0.0131464 5.91603s
1864 0.838452 0.559302 0.0120834 5.89882s
1865 0.838452 0.557463 0.013425 5.94156s
1866 0.838452 0.560517 0.0128234 5.91883s
1867 0.838452 0.564256 0.0122079 5.92811s
1868 0.838452 0.55703 0.0122673 5.87155s
1869 0.838452 0.557636 0.0125517 5.90501s
1870 0.838452 0.557516 0.0127297 5.94135s
1871 0.838452 0.561829 0.0117913 5.941s
1872 0.838452 0.557503 0.011954 5.88041s
1873 0.838452 0.56161 0.0121496 5.89929s
1874 0.838452 0.557486 0.0118205 5.93297s
1875 0.838452 0.555299 0.0124253 6.17366s
1876 0.838452 0.560878 0.0126696 5.88111s
1877 0.838452 0.559602 0.0125624 5.91996s
1878 0.838452 0.548164 0.0121471 5.9523s
1879 0.838452 0.551635 0.0118387 5.95086s
1880 0.838452 0.558815 0.0122439 5.93066s
1881 0.838452 0.552587 0.01192 5.94261s
1882 0.838452 0.554084 0.0121745 5.90443s
1883 0.838452 0.552056 0.0124082 5.90146s
1884 0.838452 0.55216 0.0121356 5.88542s
1885 0.838452 0.548389 0.0121424 5.8783s
1886 0.838452 0.550114 0.0126367 5.8967s
1887 0.838452 0.553834 0.0128928 5.88511s
1888 0.838452 0.55478 0.0133397 5.91204s
1889 0.838452 0.55358 0.0122843 5.87753s
1890 0.838452 0.549592 0.0126831 5.90809s
1891 0.838452 0.55468 0.0132706 5.9124s
1892 0.838452 0.557189 0.0128341 5.931s
1893 0.838452 0.55681 0.0121857 5.91047s
1894 0.838452 0.556591 0.0127242 5.88482s
1895 0.838452 0.551209 0.0137338 5.92544s
1896 0.838452 0.555205 0.0135891 5.92459s
1897 0.838452 0.555131 0.0122874 5.91201s
1898 0.838452 0.55491 0.0124229 5.86973s
1899 0.838452 0.558278 0.013616 5.97822s
1900 0.838452 0.562413 0.0125981 5.90958s
1901 0.838452 0.554281 0.01193 5.90896s
1902 0.838452 0.548304 0.012538 5.99534s
1903 0.838452 0.557579 0.0130895 5.95567s
1904 0.838452 0.550353 0.0127115 5.92322s
1905 0.838452 0.56191 0.0128931 6.10824s
1906 0.838452 0.558883 0.0126096 5.9336s
1907 0.838452 0.557776 0.0130418 5.89222s
1908 0.838452 0.555328 0.0124795 5.91324s
1909 0.838452 0.559362 0.01232 5.90812s
1910 0.838452 0.555454 0.0126288 5.86798s
1911 0.838452 0.555503 0.012535 5.9216s
1912 0.838452 0.553633 0.0125502 5.88111s
1913 0.838452 0.552245 0.0130846 5.91145s
1914 0.838452 0.554552 0.0124149 5.91971s
1915 0.838452 0.545549 0.0127278 5.8923s
1916 0.838452 0.550504 0.0120077 5.85755s
1917 0.838452 0.55482 0.0119979 5.91194s
1918 0.838452 0.553751 0.0119781 5.90667s
1919 0.838452 0.550235 0.0121443 6.11842s
1920 0.838452 0.555192 0.0118176 5.89481s
1921 0.838452 0.556729 0.0122497 5.92114s
1922 0.838452 0.555301 0.0122606 5.89317s
1923 0.838452 0.553252 0.012085 5.95069s
1924 0.838452 0.554357 0.0134393 5.87128s
1925 0.838452 0.552042 0.012028 5.94346s
1926 0.838452 0.545929 0.013547 5.88662s
1927 0.838452 0.558889 0.0125365 5.89781s
1928 0.838452 0.55646 0.0124046 5.90819s
1929 0.838452 0.553559 0.0124537 5.94098s
1930 0.838452 0.557931 0.0125255 5.95506s
1931 0.838452 0.555068 0.0128484 5.90534s
1932 0.838452 0.545889 0.0127759 6.10457s
1933 0.838452 0.55047 0.0129955 5.92036s
1934 0.838452 0.551173 0.0131385 5.88772s
1935 0.838452 0.549453 0.0123598 6.19559s
1936 0.838452 0.551936 0.012816 5.88177s
1937 0.838452 0.550382 0.0126212 5.88186s
1938 0.838452 0.550802 0.0124672 5.87794s
1939 0.838452 0.555372 0.0131987 5.91733s
1940 0.850738 0.55917 0.0136817 5.90747s
1941 0.850738 0.562745 0.0135385 5.8976s
1942 0.850738 0.557684 0.0126988 5.89102s
1943 0.850738 0.552739 0.0117687 5.92773s
1944 0.850738 0.553025 0.0119737 5.94465s
1945 0.850738 0.551515 0.0118247 6.20387s
1946 0.850738 0.548508 0.0127178 5.88016s
1947 0.850738 0.550821 0.0124161 5.90325s
1948 0.850738 0.544681 0.0123537 5.88237s
1949 0.850738 0.552773 0.0123341 5.93623s
1950 0.850738 0.552247 0.0132977 5.93361s
1951 0.850738 0.547746 0.0124085 5.88694s
1952 0.850738 0.544475 0.0118655 5.92771s
1953 0.850738 0.549622 0.0123784 6.16641s
1954 0.850738 0.550984 0.012872 5.97671s
1955 0.850738 0.55097 0.0132472 5.94647s
1956 0.850738 0.548234 0.0130385 5.96023s
1957 0.850738 0.552541 0.0120425 5.91686s
1958 0.850738 0.556101 0.0122195 5.88475s
1959 0.850738 0.550027 0.0122452 5.90311s
1960 0.850738 0.54785 0.012403 5.93834s
1961 0.850738 0.553272 0.0132925 5.91605s
1962 0.850738 0.557463 0.0136874 5.91745s
1963 0.850738 0.553831 0.0128107 5.86193s
1964 0.850738 0.552766 0.0124114 5.89618s
1965 0.850738 0.556224 0.013061 5.89038s
1966 0.850738 0.550827 0.0125136 5.98946s
1967 0.850738 0.550144 0.0124095 5.92414s
1968 0.850738 0.549224 0.0120004 5.94192s
1969 0.850738 0.547144 0.0118936 5.87678s
1970 0.850738 0.55038 0.0123936 5.89923s
1971 0.850738 0.546303 0.0118579 5.91417s
1972 0.850738 0.554719 0.0135581 5.8754s
1973 0.850738 0.554288 0.0121994 5.88859s
1974 0.850738 0.551422 0.0122839 5.92757s
1975 0.850738 0.559004 0.0128869 5.90196s
1976 0.850738 0.55114 0.012241 5.88739s
1977 0.850738 0.556472 0.0127146 5.88793s
1978 0.850738 0.550986 0.0128931 5.90978s
1979 0.850738 0.54998 0.0121457 5.91577s
1980 0.850738 0.550824 0.0116157 5.86256s
1981 0.850738 0.556613 0.0120393 5.93504s
1982 0.850738 0.552848 0.0118549 5.93255s
1983 0.850738 0.555544 0.0134119 5.96445s
1984 0.850738 0.550938 0.0120403 5.91414s
1985 0.850738 0.557084 0.0132598 5.87546s
1986 0.850738 0.554332 0.0120887 5.96992s
1987 0.850738 0.553188 0.0127081 5.88035s
1988 0.850738 0.551179 0.0131546 6.13857s
1989 0.850738 0.555435 0.0127725 5.9378s
1990 0.850738 0.554724 0.0117379 5.90542s
1991 0.850738 0.54511 0.0133984 5.90684s
1992 0.850738 0.551588 0.0128597 5.85494s
1993 0.850738 0.551858 0.0139296 5.88146s
1994 0.850738 0.550885 0.0123416 5.92957s
1995 0.850738 0.556168 0.0129118 5.89693s
1996 0.850738 0.551709 0.0126283 5.87268s
1997 0.850738 0.547207 0.012379 5.9114s
1998 0.850738 0.552387 0.0126743 5.89071s
1999 0.850738 0.552434 0.0125643 5.91236s
2000 0.850738 0.555268 0.0133446 6.07587s
