26  37
26  42
34  29
34  50
35  4
35  75
36  17
36  62
38  33
38  46
39  82
39  97
40  81
40  98
44  10
44  69
58  14
58  65
63  6
63  37
63  42
63  73
69  28
69  51
70  21
70  58
71  19
71  60
75  88
75  91
88  29
88  50
88  86
88  93
90  27
90  52
93  82
93  97
100  7
100  72
107  81
107  98
108  37
108  42
111  8
111  71
113  38
113  41
137  33
137  46
146  29
146  50
158  37
158  42
159  10
159  69
168  14
168  65
185  82
185  97
190  29
190  50
202  37
202  42
205  81
205  98
238  42
239  4
242  29
242  50
246  73
247  37
247  93
251  60
254  4
255  42
259  7
259  65
259  79
260  14
267  33
268  69
272  10
273  88
277  46
279  75
281  82
284  93
285  97
289  91
290  41
292  37
293  50
294  29
296  86
300  75
301  6
304  19
307  37
309  72
311  0
313  1
313  98
314  86
315  38
315  81
316  75
317  6
321  19
324  37
332  42
334  86
340  4
340  73
342  93
344  24
346  60
347  42
350  72
352  7
357  4
358  73
359  93
361  29
362  50
363  78
364  42
364  79
368  17
368  62
369  60
370  41
370  55
373  14
374  65
376  97
378  4
378  93
379  73
382  82
384  42
385  7
386  37
388  86
389  6
392  33
392  75
395  69
398  93
401  19
403  60
403  98
404  37
405  0
407  4
407  86
408  38
408  81
409  10
409  42
411  6
412  72
413  75
415  73
416  36
418  93
419  88
422  46
426  37
427  19
428  86
432  43
436  50
438  29
440  75
442  6
449  86
453  37
454  38
465  91
466  97
472  86
476  72
482  75
483  82
489  6
489  37
495  86
510  19
514  93
514  98
515  81
516  42
517  86
527  29
529  4
529  50
531  14
533  93
535  37
535  65
536  73
537  42
540  86
542  75
543  7
543  21
543  51
544  46
544  91
547  60
547  62
548  81
548  93
550  0
551  41
552  80
554  79
556  21
556  51
557  75
557  91
558  46
561  4
563  42
563  86
564  62
565  93
566  63
566  81
566  97
571  21
571  51
571  80
571  91
575  46
575  75
579  73
581  93
582  6
582  82
584  69
585  33
585  81
585  91
586  62
587  37
588  86
589  7
589  10
590  21
590  51
595  46
596  75
596  80
597  42
599  91
599  93
605  81
606  38
606  88
610  47
611  60
611  72
611  86
613  98
614  91
615  4
615  21
615  51
617  93
618  62
619  28
619  58
621  19
622  29
623  50
623  88
624  46
624  80
625  81
626  75
629  17
629  33
629  91
631  86
636  93
637  58
637  99
638  28
639  37
639  88
639  97
641  4
643  98
645  42
645  91
647  16
647  81
649  41
653  21
653  82
654  80
656  86
656  93
658  98
659  51
660  8
661  75
661  91
663  17
663  97
664  82
665  27
666  46
667  69
668  95
669  81
669  98
670  52
674  73
675  8
676  82
676  93
678  91
679  17
679  97
680  78
681  98
682  86
685  27
686  80
687  37
688  82
689  62
691  69
692  6
692  42
692  81
692  95
692  98
693  14
694  8
694  91
696  93
696  97
699  17
699  52
700  82
704  65
704  75
704  98
706  86
708  79
711  91
713  82
714  97
715  81
715  93
716  95
717  27
717  80
717  98
718  50
721  8
724  69
726  82
727  17
727  29
728  91
729  0
730  78
730  86
730  98
732  21
732  97
735  7
735  37
735  63
735  93
738  81
739  82
741  19
742  98
744  91
746  42
746  95
747  46
748  51
751  80
751  86
751  97
753  60
753  82
753  93
753  98
757  17
758  4
759  88
761  33
761  81
761  91
762  72
762  75
763  98
764  28
764  58
766  82
768  97
768  99
770  86
770  93
771  8
771  17
771  81
772  73
772  88
773  4
773  62
773  98
775  10
775  71
775  82
777  33
777  97
778  52
778  91
778  95
780  58
780  81
781  28
783  27
783  84
783  98
785  62
785  69
785  80
785  82
785  88
786  17
786  97
787  1
790  4
790  71
790  81
790  86
790  99
791  6
791  93
793  98
794  37
795  10
795  82
795  91
795  97
796  33
797  52
799  62
799  81
799  88
800  58
801  28
801  42
803  98
804  97
805  82
806  17
807  84
808  95
809  27
809  71
809  81
810  4
810  86
812  46
812  91
812  93
813  41
813  88
813  98
814  38
814  97
815  62
815  82
815  99
817  75
819  33
819  80
819  81
821  10
821  21
821  29
822  50
823  52
823  98
824  97
825  82
826  1
828  28
828  58
828  88
829  81
829  91
830  24
830  86
832  17
832  93
833  98
834  60
834  84
834  97
835  16
835  71
835  82
836  62
840  51
841  4
841  37
841  81
844  32
845  95
846  91
846  99
847  65
847  98
848  42
850  93
851  82
853  80
858  97
861  7
862  98
864  91
865  14
867  82
868  93
873  73
876  8
877  98
878  81
882  91
883  82
883  95
883  97
