0 0.5 0.5 0
1 0.5 0.5 0
2 0.5 0.5 0
3 0.5 0.5 0
4 0.5 0.5 0
5 0.5 0.5 0
6 0.5 0.5 0
7 0.5 0.5 0
8 0.5 0.5 0
9 0.5 0.5 0
10 0.5 0.5 0
11 0.5 0.5 0
12 0.5 0.5 0
13 0.5 0.5 0
14 0.5 0.5 0
15 0.5 0.5 0
16 0.5 0.5 0
17 0.5 0.5 0
18 0.5 0.5 0
19 0.5 0.5 0
20 0.5 0.5 0
21 0.5 0.5 0
22 0.5 0.5 0
23 0.5 0.5 0
24 0.5 0.5 0
25 0.5 0.5 0
26 0.5 0.5 0
27 0.5 0.5 0
28 0.5 0.5 0
29 0.5 0.5 0
30 0.5 0.5 0
31 0.5 0.5 0
32 0.5 0.5 0
33 0.5 0.5 0
34 0.5 0.5 0
35 0.5 0.5 0
36 0.5 0.5 0
37 0.5 0.5 0
38 0.5 0.5 0
39 0.5 0.5 0
40 0.5 0.5 0
41 0.5 0.5 0
42 0.5 0.5 0
43 0.5 0.5 0
44 0.5 0.5 0
45 0.5 0.5 0
46 0.5 0.5 0
47 0.5 0.5 0
48 0.5 0.5 0
49 0.5 0.5 0
50 0.5 0.5 0
51 0.5 0.5 0
52 0.5 0.5 0
53 0.5 0.5 0
54 0.5 0.5 0
55 0.5 0.5 0
56 0.5 0.5 0
57 0.5 0.5 0
58 0.5 0.5 0
59 0.5 0.5 0
60 0.5 0.5 0
61 0.5 0.5 0
62 0.5 0.5 0
63 0.5 0.5 0
64 0.5 0.5 0
65 0.5 0.5 0
66 0.5 0.5 0
67 0.5 0.5 0
68 0.5 0.5 0
69 0.5 0.5 0
70 0.5 0.5 0
71 0.5 0.5 0
72 0.5 0.5 0
73 0.5 0.5 0
74 0.5 0.5 0
75 0.5 0.5 0
76 0.5 0.5 0
77 0.5 0.5 0
78 0.5 0.5 0
79 0.5 0.5 0
80 0.5 0.5 0
81 0.5 0.5 0
82 0.5 0.5 0
83 0.5 0.5 0
84 0.5 0.5 0
85 0.5 0.5 0
86 0.5 0.5 0
87 0.5 0.5 0
88 0.5 0.5 0
89 0.5 0.5 0
90 0.5 0.5 0
91 0.5 0.5 0
92 0.5 0.5 0
93 0.5 0.5 0
94 0.5 0.5 0
95 0.5 0.5 0
96 0.5 0.5 0
97 0.5 0.5 0
98 0.5 0.5 0
99 0.5 0.5 0
100 0.5 0.5 0
101 0.5 0.5 0
102 0.5 0.5 0
103 0.5 0.5 0
104 0.5 0.5 0
105 0.5 0.5 0
106 0.5 0.5 0
107 0.5 0.5 0
108 0.5 0.5 0
109 0.5 0.5 0
110 0.5 0.5 0
111 0.5 0.5 0
112 0.5 0.5 0
113 0.5 0.5 0
114 0.5 0.5 0
115 0.5 0.5 0
116 0.5 0.5 0
117 0.5 0.5 0
118 0.5 0.5 0
119 0.5 0.5 0
120 0.5 0.5 0
121 0.5 0.5 0
122 0.5 0.5 0
123 0.5 0.5 0
124 0.5 0.5 0
125 0.5 0.5 0
126 0.5 0.5 0
127 0.5 0.5 0
128 0.5 0.5 0
129 0.5 0.5 0
130 0.5 0.5 0
131 0.5 0.5 0
132 0.5 0.5 0
133 0.5 0.5 0
134 0.5 0.5 0
135 0.5 0.5 0
136 0.5 0.5 0
137 0.5 0.5 0
138 0.5 0.5 0
139 0.5 0.5 0
140 0.5 0.5 0
141 0.5 0.5 0
142 0.5 0.5 0
143 0.5 0.5 0
144 0.5 0.5 0
145 0.5 0.5 0
146 0.5 0.5 0
147 0.5 0.5 0
148 0.5 0.5 0
149 0.5 0.5 0
150 0.5 0.5 0
151 0.5 0.5 0
152 0.5 0.5 0
153 0.5 0.5 0
154 0.5 0.5 0
155 0.5 0.5 0
156 0.5 0.5 0
157 0.5 0.5 0
158 0.5 0.5 0
159 0.5 0.5 0
160 0.5 0.5 0
161 0.5 0.5 0
162 0.5 0.5 0
163 0.5 0.5 0
164 0.5 0.5 0
165 0.5 0.5 0
166 0.5 0.5 0
167 0.5 0.5 0
168 0.5 0.5 0
169 0.5 0.5 0
170 0.5 0.5 0
171 0.5 0.5 0
172 0.5 0.5 0
173 0.5 0.5 0
174 0.5 0.5 0
175 0.5 0.5 0
176 0.5 0.5 0
177 0.5 0.5 0
178 0.5 0.5 0
179 0.5 0.5 0
180 0.5 0.5 0
181 0.5 0.5 0
182 0.5 0.5 0
183 0.5 0.5 0
184 0.5 0.5 0
185 0.5 0.5 0
186 0.5 0.5 0
187 0.5 0.5 0
188 0.5 0.5 0
189 0.5 0.5 0
190 0.5 0.5 0
191 0.5 0.5 0
192 0.5 0.5 0
193 0.5 0.5 0
194 0.5 0.5 0
195 0.5 0.5 0
196 0.5 0.5 0
197 0.5 0.5 0
198 0.5 0.5 0
199 0.5 0.5 0
200 0.5 0.5 0
201 0.5 0.5 0
202 0.5 0.5 0
203 0.5 0.5 0
204 0.5 0.5 0
205 0.5 0.5 0
206 0.5 0.5 0
207 0.5 0.5 0
208 0.5 0.5 0
209 0.5 0.5 0
210 0.5 0.5 0
211 0.5 0.5 0
212 0.5 0.5 0
213 0.5 0.5 0
214 0.5 0.5 0
215 0.5 0.5 0
216 0.5 0.5 0
217 0.5 0.5 0
218 0.5 0.5 0
219 0.5 0.5 0
220 0.5 0.5 0
221 0.5 0.5 0
222 0.5 0.5 0
223 0.5 0.5 0
224 0.5 0.5 0
225 0.5 0.5 0
226 0.5 0.5 0
227 0.5 0.5 0
228 0.5 0.5 0
229 0.5 0.5 0
230 0.5 0.5 0
231 0.5 0.5 0
232 0.5 0.5 0
233 0.5 0.5 0
234 0.5 0.5 0
235 0.5 0.5 0
236 0.5 0.5 0
237 0.5 0.5 0
238 0.5 0.5 0
239 0.5 0.5 0
240 0.5 0.5 0
241 0.5 0.5 0
242 0.5 0.5 0
243 0.5 0.5 0
244 0.5 0.5 0
245 0.5 0.5 0
246 0.5 0.5 0
247 0.5 0.5 0
248 0.5 0.5 0
249 0.5 0.5 0
250 0.5 0.5 0
251 0.5 0.5 0
252 0.5 0.5 0
253 0.5 0.5 0
254 0.5 0.5 0
255 0.5 0.5 0
256 0.5 0.5 0
257 0.5 0.5 0
258 0.5 0.5 0
259 0.5 0.5 0
260 0.5 0.5 0
261 0.5 0.5 0
262 0.5 0.5 0
263 0.5 0.5 0
264 0.5 0.5 0
265 0.5 0.5 0
266 0.5 0.5 0
267 0.5 0.5 0
268 0.5 0.5 0
269 0.5 0.5 0
270 0.5 0.5 0
271 0.5 0.5 0
272 0.5 0.5 0
273 0.5 0.5 0
274 0.5 0.5 0
275 0.5 0.5 0
276 0.5 0.5 0
277 0.5 0.5 0
278 0.5 0.5 0
279 0.5 0.5 0
280 0.5 0.5 0
281 0.5 0.5 0
282 0.5 0.5 0
283 0.5 0.5 0
284 0.5 0.5 0
285 0.5 0.5 0
286 0.5 0.5 0
287 0.5 0.5 0
288 0.5 0.5 0
289 0.5 0.5 0
290 0.5 0.5 0
291 0.5 0.5 0
292 0.5 0.5 0
293 0.5 0.5 0
294 0.5 0.5 0
295 0.5 0.5 0
296 0.5 0.5 0
297 0.5 0.5 0
298 0.5 0.5 0
299 0.5 0.5 0
300 0.5 0.5 0
301 0.5 0.5 0
302 0.5 0.5 0
303 0.5 0.5 0
304 0.5 0.5 0
305 0.5 0.5 0
306 0.5 0.5 0
307 0.5 0.5 0
308 0.5 0.5 0
309 0.5 0.5 0
310 0.5 0.5 0
311 0.5 0.5 0
312 0.5 0.5 0
313 0.5 0.5 0
314 0.5 0.5 0
315 0.5 0.5 0
316 0.5 0.5 0
317 0.5 0.5 0
318 0.5 0.5 0
319 0.5 0.5 0
320 0.5 0.5 0
321 0.5 0.5 0
322 0.5 0.5 0
323 0.5 0.5 0
324 0.5 0.5 0
325 0.5 0.5 0
326 0.5 0.5 0
327 0.5 0.5 0
328 0.5 0.5 0
329 0.5 0.5 0
330 0.5 0.5 0
331 0.5 0.5 0
332 0.5 0.5 0
333 0.5 0.5 0
334 0.5 0.5 0
335 0.5 0.5 0
336 0.5 0.5 0
337 0.5 0.5 0
338 0.5 0.5 0
339 0.5 0.5 0
340 0.5 0.5 0
341 0.5 0.5 0
342 0.5 0.5 0
343 0.5 0.5 0
344 0.5 0.5 0
345 0.5 0.5 0
346 0.5 0.5 0
347 0.5 0.5 0
348 0.5 0.5 0
349 0.5 0.5 0
350 0.5 0.5 0
351 0.5 0.5 0
352 0.5 0.5 0
353 0.5 0.5 0
354 0.5 0.5 0
355 0.5 0.5 0
356 0.5 0.5 0
357 0.5 0.5 0
358 0.5 0.5 0
359 0.5 0.5 0
360 0.5 0.5 0
361 0.5 0.5 0
362 0.5 0.5 0
363 0.5 0.5 0
364 0.5 0.5 0
365 0.5 0.5 0
366 0.5 0.5 0
367 0.5 0.5 0
368 0.5 0.5 0
369 0.5 0.5 0
370 0.5 0.5 0
371 0.5 0.5 0
372 0.5 0.5 0
373 0.5 0.5 0
374 0.5 0.5 0
375 0.5 0.5 0
376 0.5 0.5 0
377 0.5 0.5 0
378 0.5 0.5 0
379 0.5 0.5 0
380 0.5 0.5 0
381 0.5 0.5 0
382 0.5 0.5 0
383 0.5 0.5 0
384 0.5 0.5 0
385 0.5 0.5 0
386 0.5 0.5 0
387 0.5 0.5 0
388 0.5 0.5 0
389 0.5 0.5 0
390 0.5 0.5 0
391 0.5 0.5 0
392 0.5 0.5 0
393 0.5 0.5 0
394 0.5 0.5 0
395 0.5 0.5 0
396 0.5 0.5 0
397 0.5 0.5 0
398 0.5 0.5 0
399 0.5 0.5 0
400 0.5 0.5 0
401 0.5 0.5 0
402 0.5 0.5 0
403 0.5 0.5 0
404 0.5 0.5 0
405 0.5 0.5 0
406 0.5 0.5 0
407 0.5 0.5 0
408 0.5 0.5 0
409 0.5 0.5 0
410 0.5 0.5 0
411 0.5 0.5 0
412 0.5 0.5 0
413 0.5 0.5 0
414 0.5 0.5 0
415 0.5 0.5 0
416 0.5 0.5 0
417 0.5 0.5 0
418 0.5 0.5 0
419 0.5 0.5 0
420 0.5 0.5 0
421 0.5 0.5 0
422 0.5 0.5 0
423 0.5 0.5 0
424 0.5 0.5 0
425 0.5 0.5 0
426 0.5 0.5 0
427 0.5 0.5 0
428 0.5 0.5 0
429 0.5 0.5 0
430 0.5 0.5 0
431 0.5 0.5 0
432 0.5 0.5 0
433 0.5 0.5 0
434 0.5 0.5 0
435 0.5 0.5 0
436 0.5 0.5 0
437 0.5 0.5 0
438 0.5 0.5 0
439 0.5 0.5 0
440 0.5 0.5 0
441 0.5 0.5 0
442 0.5 0.5 0
443 0.5 0.5 0
444 0.5 0.5 0
445 0.5 0.5 0
446 0.5 0.5 0
447 0.5 0.5 0
448 0.5 0.5 0
449 0.5 0.5 0
450 0.5 0.5 0
451 0.5 0.5 0
452 0.5 0.5 0
453 0.5 0.5 0
454 0.5 0.5 0
455 0.5 0.5 0
456 0.5 0.5 0
457 0.5 0.5 0
458 0.5 0.5 0
459 0.5 0.5 0
460 0.5 0.5 0
461 0.5 0.5 0
462 0.5 0.5 0
463 0.5 0.5 0
464 0.5 0.5 0
465 0.5 0.5 0
466 0.5 0.5 0
467 0.5 0.5 0
468 0.5 0.5 0
469 0.5 0.5 0
470 0.5 0.5 0
471 0.5 0.5 0
472 0.5 0.5 0
473 0.5 0.5 0
474 0.5 0.5 0
475 0.5 0.5 1.24505e-34
476 0.5 0.5 1.24505e-34
477 0.5 0.5 1.24505e-34
478 0.5 0.5 1.24505e-34
479 0.5 0.5 1.24505e-34
480 0.5 0.5 1.24505e-34
481 0.5 0.5 1.24505e-34
482 0.5 0.5 1.24505e-34
483 0.5 0.5 1.24505e-34
484 0.5 0.5 1.24505e-34
485 0.5 0.5 1.24505e-34
486 0.5 0.5 1.24505e-34
487 0.5 0.5 1.24505e-34
488 0.5 0.5 1.24505e-34
489 0.5 0.5 1.24505e-34
490 0.5 0.5 1.24505e-34
491 0.5 0.5 1.24505e-34
492 0.5 0.5 1.24505e-34
493 0.5 0.5 1.24505e-34
494 0.5 0.5 1.24505e-34
495 0.5 0.5 1.24505e-34
496 0.5 0.5 1.24505e-34
497 0.5 0.5 1.24505e-34
498 0.5 0.5 1.24505e-34
499 0.5 0.5 1.24505e-34
500 0.5 0.5 1.24505e-34
501 0.5 0.5 1.24505e-34
502 0.5 0.5 1.24505e-34
503 0.5 0.5 1.24505e-34
504 0.5 0.5 1.24505e-34
505 0.5 0.5 1.24505e-34
506 0.5 0.5 1.24505e-34
507 0.5 0.5 1.24505e-34
508 0.5 0.5 1.24505e-34
509 0.5 0.5 1.24505e-34
510 0.5 0.5 1.24505e-34
511 0.5 0.5 1.24505e-34
512 0.5 0.5 1.24505e-34
513 0.5 0.5 1.24505e-34
514 0.5 0.5 1.24505e-34
515 0.5 0.5 1.24505e-34
516 0.5 0.5 1.24505e-34
517 0.5 0.5 1.24505e-34
518 0.5 0.5 1.24505e-34
519 0.5 0.5 1.24505e-34
520 0.5 0.5 1.24505e-34
521 0.5 0.5 1.24505e-34
522 0.5 0.5 1.24505e-34
523 0.5 0.5 1.24505e-34
524 0.5 0.5 1.24505e-34
525 0.5 0.5 1.24505e-34
526 0.5 0.5 1.24505e-34
527 0.5 0.5 1.24505e-34
528 0.5 0.5 1.24505e-34
529 0.5 0.5 1.24505e-34
530 0.5 0.5 1.24505e-34
531 0.5 0.5 1.24505e-34
532 0.5 0.5 1.24505e-34
533 0.5 0.5 1.24505e-34
534 0.5 0.5 1.24505e-34
535 0.5 0.5 1.24505e-34
536 0.5 0.5 1.24505e-34
537 0.5 0.5 1.24505e-34
538 0.5 0.5 1.24505e-34
539 0.5 0.5 1.24505e-34
540 0.5 0.5 1.24505e-34
541 0.5 0.5 1.24505e-34
542 0.5 0.5 1.24505e-34
543 0.5 0.5 1.24505e-34
544 0.5 0.5 1.24505e-34
545 0.5 0.5 1.24505e-34
546 0.5 0.5 1.24505e-34
547 0.5 0.5 1.24505e-34
548 0.5 0.5 1.24505e-34
549 0.5 0.5 1.24505e-34
550 0.5 0.5 1.24505e-34
551 0.5 0.5 1.24505e-34
552 0.5 0.5 1.24505e-34
553 0.5 0.5 1.24505e-34
554 0.5 0.5 1.24505e-34
555 0.5 0.5 1.24505e-34
556 0.5 0.5 1.24505e-34
557 0.5 0.5 1.24505e-34
558 0.5 0.5 1.24505e-34
559 0.5 0.5 1.24505e-34
560 0.5 0.5 1.24505e-34
561 0.5 0.5 1.24505e-34
562 0.5 0.5 1.24505e-34
563 0.5 0.5 1.24505e-34
564 0.5 0.5 1.24505e-34
565 0.5 0.5 1.24505e-34
566 0.5 0.5 1.24505e-34
567 0.5 0.5 1.24505e-34
568 0.5 0.5 1.24505e-34
569 0.5 0.5 1.24505e-34
570 0.5 0.5 1.24505e-34
571 0.5 0.5 1.24505e-34
572 0.5 0.5 1.24505e-34
573 0.5 0.5 1.24505e-34
574 0.5 0.5 1.24505e-34
575 0.5 0.5 1.24505e-34
576 0.5 0.5 1.24505e-34
577 0.5 0.5 1.24505e-34
578 0.5 0.5 1.24505e-34
579 0.5 0.5 1.24505e-34
580 0.5 0.5 1.24505e-34
581 0.5 0.5 1.24505e-34
582 0.5 0.5 1.24505e-34
583 0.5 0.5 1.24505e-34
584 0.5 0.5 1.24505e-34
585 0.5 0.5 1.24505e-34
586 0.5 0.5 1.24505e-34
587 0.5 0.5 1.24505e-34
588 0.5 0.5 1.24505e-34
589 0.5 0.5 1.24505e-34
590 0.5 0.5 1.24505e-34
591 0.5 0.5 1.24505e-34
592 0.5 0.5 1.24505e-34
593 0.5 0.5 1.24505e-34
594 0.5 0.5 1.24505e-34
595 0.5 0.5 1.24505e-34
596 0.5 0.5 1.24505e-34
597 0.5 0.5 1.24505e-34
598 0.5 0.5 1.55631e-34
599 0.5 0.5 1.24505e-34
600 0.5 0.5 1.24505e-34
601 0.5 0.5 1.24505e-34
602 0.5 0.5 1.24505e-34
603 0.5 0.5 1.55631e-34
604 0.5 0.5 1.24505e-34
605 0.5 0.5 1.24505e-34
606 0.5 0.5 1.24505e-34
607 0.5 0.5 1.24505e-34
608 0.5 0.5 1.24505e-34
609 0.5 0.5 1.24505e-34
610 0.5 0.5 1.24505e-34
611 0.5 0.5 1.24505e-34
612 0.5 0.5 1.24505e-34
613 0.5 0.5 1.24505e-34
614 0.5 0.5 1.24505e-34
615 0.5 0.5 1.24505e-34
616 0.5 0.5 1.24505e-34
617 0.5 0.5 1.24505e-34
618 0.5 0.5 1.24505e-34
619 0.5 0.5 1.24505e-34
620 0.5 0.5 1.24505e-34
621 0.5 0.5 1.24505e-34
622 0.5 0.5 1.24505e-34
623 0.5 0.5 1.24505e-34
624 0.5 0.5 1.24505e-34
625 0.5 0.5 1.24505e-34
626 0.5 0.5 1.24505e-34
627 0.5 0.5 1.24505e-34
628 0.5 0.5 1.24505e-34
629 0.5 0.5 1.24505e-34
630 0.5 0.5 1.24505e-34
631 0.5 0.5 1.24505e-34
632 0.5 0.5 1.24505e-34
633 0.5 0.5 1.24505e-34
634 0.5 0.5 1.24505e-34
635 0.5 0.5 1.24505e-34
636 0.5 0.5 1.24505e-34
637 0.5 0.5 1.24505e-34
638 0.5 0.5 1.24505e-34
639 0.5 0.5 1.24505e-34
640 0.5 0.5 1.24505e-34
641 0.5 0.5 1.24505e-34
642 0.5 0.5 1.24505e-34
643 0.5 0.5 1.24505e-34
644 0.5 0.5 1.24505e-34
645 0.5 0.5 1.24505e-34
646 0.5 0.5 1.24505e-34
647 0.5 0.5 1.24505e-34
648 0.5 0.5 1.24505e-34
649 0.5 0.5 1.24505e-34
650 0.5 0.5 1.24505e-34
651 0.5 0.5 1.24505e-34
652 0.5 0.5 1.24505e-34
653 0.5 0.5 1.24505e-34
654 0.5 0.5 1.24505e-34
655 0.5 0.5 1.24505e-34
656 0.5 0.5 1.24505e-34
657 0.5 0.5 1.24505e-34
658 0.5 0.5 1.24505e-34
659 0.5 0.5 1.24505e-34
660 0.5 0.5 1.24505e-34
661 0.5 0.5 1.24505e-34
662 0.5 0.5 1.24505e-34
663 0.5 0.5 1.24505e-34
664 0.5 0.5 1.24505e-34
665 0.5 0.5 1.24505e-34
666 0.5 0.5 1.24505e-34
667 0.5 0.5 1.24505e-34
668 0.5 0.5 1.24505e-34
669 0.5 0.5 1.24505e-34
670 0.5 0.5 1.24505e-34
671 0.5 0.5 1.24505e-34
672 0.5 0.5 1.24505e-34
673 0.5 0.5 1.24505e-34
674 0.5 0.5 1.24505e-34
675 0.5 0.5 1.24505e-34
676 0.5 0.5 1.24505e-34
677 0.5 0.5 1.24505e-34
678 0.5 0.5 1.24505e-34
679 0.5 0.5 1.24505e-34
680 0.5 0.5 1.24505e-34
681 0.5 0.5 1.24505e-34
682 0.5 0.5 1.24505e-34
683 0.5 0.5 1.24505e-34
684 0.5 0.5 1.24505e-34
685 0.5 0.5 1.24505e-34
686 0.5 0.5 1.24505e-34
687 0.5 0.5 1.24505e-34
688 0.5 0.5 1.24505e-34
689 0.5 0.5 1.24505e-34
690 0.5 0.5 1.24505e-34
691 0.5 0.5 1.24505e-34
692 0.5 0.5 1.24505e-34
693 0.5 0.5 1.24505e-34
694 0.5 0.5 1.24505e-34
695 0.5 0.5 1.24505e-34
696 0.5 0.5 1.24505e-34
697 0.5 0.5 1.24505e-34
698 0.5 0.5 1.24505e-34
699 0.5 0.5 1.24505e-34
700 0.5 0.5 1.24505e-34
701 0.5 0.5 1.24505e-34
702 0.5 0.5 1.24505e-34
703 0.5 0.5 1.24505e-34
704 0.5 0.5 1.24505e-34
705 0.5 0.5 1.24505e-34
706 0.5 0.5 1.24505e-34
707 0.5 0.5 1.55631e-34
708 0.5 0.5 1.24505e-34
709 0.5 0.5 1.24505e-34
710 0.5 0.5 1.24505e-34
711 0.5 0.5 1.24505e-34
712 0.5 0.5 1.24505e-34
713 0.5 0.5 1.24505e-34
714 0.5 0.5 1.24505e-34
715 0.5 0.5 1.24505e-34
716 0.5 0.5 1.24505e-34
717 0.5 0.5 1.24505e-34
718 0.5 0.5 1.24505e-34
719 0.5 0.5 1.24505e-34
720 0.5 0.5 1.24505e-34
721 0.5 0.5 1.24505e-34
722 0.5 0.5 1.24505e-34
723 0.5 0.5 1.24505e-34
724 0.5 0.5 1.24505e-34
725 0.5 0.5 1.24505e-34
726 0.5 0.5 1.24505e-34
727 0.5 0.5 1.24505e-34
728 0.5 0.5 1.24505e-34
729 0.5 0.5 1.24505e-34
730 0.5 0.5 1.24505e-34
731 0.5 0.5 1.24505e-34
732 0.5 0.5 1.24505e-34
733 0.5 0.5 1.24505e-34
734 0.5 0.5 1.24505e-34
735 0.5 0.5 1.24505e-34
736 0.5 0.5 1.24505e-34
737 0.5 0.5 1.24505e-34
738 0.5 0.5 1.24505e-34
739 0.5 0.5 1.24505e-34
740 0.5 0.5 1.24505e-34
741 0.5 0.5 1.24505e-34
742 0.5 0.5 1.24505e-34
743 0.5 0.5 1.24505e-34
744 0.5 0.5 1.24505e-34
745 0.5 0.5 1.24505e-34
746 0.5 0.5 1.24505e-34
747 0.5 0.5 1.24505e-34
748 0.5 0.5 1.24505e-34
749 0.5 0.5 1.55631e-34
750 0.5 0.5 1.24505e-34
751 0.5 0.5 1.24505e-34
752 0.5 0.5 1.24505e-34
753 0.5 0.5 1.24505e-34
754 0.5 0.5 1.24505e-34
755 0.5 0.5 1.24505e-34
756 0.5 0.5 1.24505e-34
757 0.5 0.5 1.24505e-34
758 0.5 0.5 1.24505e-34
759 0.5 0.5 1.24505e-34
760 0.5 0.5 1.24505e-34
761 0.5 0.5 1.24505e-34
762 0.5 0.5 1.24505e-34
763 0.5 0.5 1.24505e-34
764 0.5 0.5 1.24505e-34
765 0.5 0.5 1.24505e-34
766 0.5 0.5 1.24505e-34
767 0.5 0.5 1.24505e-34
768 0.5 0.5 1.24505e-34
769 0.5 0.5 1.24505e-34
770 0.5 0.5 1.24505e-34
771 0.5 0.5 1.24505e-34
772 0.5 0.5 1.24505e-34
773 0.5 0.5 1.24505e-34
774 0.5 0.5 1.24505e-34
775 0.5 0.5 1.24505e-34
776 0.5 0.5 1.24505e-34
777 0.5 0.5 1.24505e-34
778 0.5 0.5 1.24505e-34
779 0.5 0.5 1.24505e-34
780 0.5 0.5 1.24505e-34
781 0.5 0.5 1.24505e-34
782 0.5 0.5 1.24505e-34
783 0.5 0.5 1.24505e-34
784 0.5 0.5 1.24505e-34
785 0.5 0.5 1.24505e-34
786 0.5 0.5 1.24505e-34
787 0.5 0.5 1.24505e-34
788 0.5 0.5 1.24505e-34
789 0.5 0.5 1.24505e-34
790 0.5 0.5 1.24505e-34
791 0.5 0.5 1.24505e-34
792 0.5 0.5 1.24505e-34
793 0.5 0.5 1.24505e-34
794 0.5 0.5 1.24505e-34
795 0.5 0.5 1.24505e-34
796 0.5 0.5 1.24505e-34
797 0.5 0.5 1.24505e-34
798 0.5 0.5 1.24505e-34
799 0.5 0.5 1.24505e-34
800 0.5 0.5 1.55631e-34
801 0.5 0.5 1.24505e-34
802 0.5 0.5 1.24505e-34
803 0.5 0.5 1.24505e-34
804 0.5 0.5 1.24505e-34
805 0.5 0.5 1.24505e-34
806 0.5 0.5 1.55631e-34
807 0.5 0.5 1.24505e-34
808 0.5 0.5 1.24505e-34
809 0.5 0.5 1.24505e-34
810 0.5 0.5 1.24505e-34
811 0.5 0.5 1.24505e-34
812 0.5 0.5 1.24505e-34
813 0.5 0.5 1.24505e-34
814 0.5 0.5 1.24505e-34
815 0.5 0.5 1.24505e-34
816 0.5 0.5 1.24505e-34
817 0.5 0.5 1.24505e-34
818 0.5 0.5 1.24505e-34
819 0.5 0.5 1.24505e-34
820 0.5 0.5 1.24505e-34
821 0.5 0.5 1.24505e-34
822 0.5 0.5 1.24505e-34
823 0.5 0.5 1.24505e-34
824 0.5 0.5 1.24505e-34
825 0.5 0.5 1.24505e-34
826 0.5 0.5 1.24505e-34
827 0.5 0.5 1.24505e-34
828 0.5 0.5 1.24505e-34
829 0.5 0.5 1.24505e-34
830 0.5 0.5 1.24505e-34
831 0.5 0.5 1.24505e-34
832 0.5 0.5 1.24505e-34
833 0.5 0.5 1.24505e-34
834 0.5 0.5 1.24505e-34
835 0.5 0.5 1.24505e-34
836 0.5 0.5 1.24505e-34
837 0.5 0.5 1.24505e-34
838 0.5 0.5 1.24505e-34
839 0.5 0.5 1.24505e-34
840 0.5 0.5 1.24505e-34
841 0.5 0.5 1.24505e-34
842 0.5 0.5 1.24505e-34
843 0.5 0.5 1.24505e-34
844 0.5 0.5 1.24505e-34
845 0.5 0.5 1.24505e-34
846 0.5 0.5 1.24505e-34
847 0.5 0.5 1.24505e-34
848 0.5 0.5 1.24505e-34
849 0.5 0.5 1.24505e-34
850 0.5 0.5 1.24505e-34
851 0.5 0.5 1.24505e-34
852 0.5 0.5 1.24505e-34
853 0.5 0.5 1.24505e-34
854 0.5 0.5 1.24505e-34
855 0.5 0.5 1.24505e-34
856 0.5 0.5 1.24505e-34
857 0.5 0.5 1.24505e-34
858 0.5 0.5 1.24505e-34
859 0.5 0.5 1.24505e-34
860 0.5 0.5 1.24505e-34
861 0.5 0.5 1.24505e-34
862 0.5 0.5 1.24505e-34
863 0.5 0.5 1.24505e-34
864 0.5 0.5 1.24505e-34
865 0.5 0.5 1.24505e-34
866 0.5 0.5 1.24505e-34
867 0.5 0.5 1.24505e-34
868 0.5 0.5 1.24505e-34
869 0.5 0.5 1.24505e-34
870 0.5 0.5 1.24505e-34
871 0.5 0.5 1.24505e-34
872 0.5 0.5 1.24505e-34
873 0.5 0.5 1.24505e-34
874 0.5 0.5 1.24505e-34
875 0.5 0.5 1.24505e-34
876 0.5 0.5 1.24505e-34
877 0.5 0.5 1.24505e-34
878 0.5 0.5 1.24505e-34
879 0.5 0.5 1.24505e-34
880 0.5 0.5 1.24505e-34
881 0.5 0.5 1.24505e-34
882 0.5 0.5 1.24505e-34
883 0.5 0.5 1.24505e-34
884 0.5 0.5 1.24505e-34
885 0.5 0.5 1.24505e-34
886 0.5 0.5 1.24505e-34
887 0.5 0.5 1.24505e-34
888 0.5 0.5 1.24505e-34
889 0.5 0.5 1.24505e-34
890 0.5 0.5 1.24505e-34
891 0.5 0.5 1.24505e-34
892 0.5 0.5 1.24505e-34
893 0.5 0.5 1.24505e-34
894 0.5 0.5 1.24505e-34
895 0.5 0.5 1.24505e-34
896 0.5 0.5 1.24505e-34
897 0.5 0.5 1.24505e-34
898 0.5 0.5 1.24505e-34
899 0.5 0.5 1.24505e-34
900 0.5 0.5 1.24505e-34
901 0.5 0.5 1.24505e-34
902 0.5 0.5 1.24505e-34
903 0.5 0.5 1.24505e-34
904 0.5 0.5 1.24505e-34
905 0.5 0.5 1.24505e-34
906 0.5 0.5 1.24505e-34
907 0.5 0.5 1.24505e-34
908 0.5 0.5 1.24505e-34
909 0.5 0.5 1.24505e-34
910 0.5 0.5 1.24505e-34
911 0.5 0.5 1.24505e-34
912 0.5 0.5 2.49009e-34
913 0.5 0.5 2.49009e-34
914 0.5 0.5 2.49009e-34
915 0.5 0.5 2.49009e-34
916 0.5 0.5 2.49009e-34
917 0.5 0.5 2.49009e-34
918 0.5 0.499928 5.14984e-07
919 0.5 0.5 2.49009e-34
920 0.5 0.5 2.49009e-34
921 0.5 0.5 2.49009e-34
922 0.5 0.5 2.49009e-34
923 0.5 0.5 2.49009e-34
924 0.5 0.5 2.49009e-34
925 0.5 0.5 2.49009e-34
926 0.5 0.5 2.49009e-34
927 0.5 0.5 2.49009e-34
928 0.5 0.5 2.49009e-34
929 0.5 0.5 2.49009e-34
930 0.500209 0.500002 4.38674e-10
931 0.500209 0.500002 4.38674e-10
932 0.500209 0.500002 4.38674e-10
933 0.500209 0.500002 4.38674e-10
934 0.500209 0.500002 4.38674e-10
935 0.500209 0.500002 4.38674e-10
936 0.500209 0.500002 4.38674e-10
937 0.500209 0.500002 4.38674e-10
938 0.500209 0.500002 4.38674e-10
939 0.500209 0.500002 4.38674e-10
940 0.500209 0.500002 4.38674e-10
941 0.500209 0.500002 4.38674e-10
942 0.500209 0.500002 4.38674e-10
943 0.500209 0.500002 4.38674e-10
944 0.500209 0.500002 4.38674e-10
945 0.500209 0.500002 4.38674e-10
946 0.500209 0.500002 4.38674e-10
947 0.500209 0.500002 4.38674e-10
948 0.500209 0.500002 4.38674e-10
949 0.500209 0.500002 4.38674e-10
950 0.500209 0.500002 4.38674e-10
951 0.500209 0.500002 4.38674e-10
952 0.500209 0.500002 4.38674e-10
953 0.500209 0.500002 4.38674e-10
954 0.500209 0.500002 4.38674e-10
955 0.500209 0.500002 4.38674e-10
956 0.5016 0.500018 2.59601e-08
957 0.5016 0.500018 2.59601e-08
958 0.5016 0.500018 2.59601e-08
959 0.5016 0.500018 2.59601e-08
960 0.5016 0.500018 2.59601e-08
961 0.5016 0.500018 2.59601e-08
962 0.5016 0.500018 2.59601e-08
963 0.5016 0.500018 2.59601e-08
964 0.5016 0.500018 2.59601e-08
965 0.5016 0.500018 2.59601e-08
966 0.5016 0.500018 2.59601e-08
967 0.5016 0.500018 2.59601e-08
968 0.5016 0.500018 2.59601e-08
969 0.5016 0.500018 2.59601e-08
970 0.5016 0.500018 2.59601e-08
971 0.5016 0.500018 2.59601e-08
972 0.5016 0.500018 2.59601e-08
973 0.5016 0.500018 2.59601e-08
974 0.5016 0.500018 2.59601e-08
975 0.5016 0.500018 2.59601e-08
976 0.5016 0.500018 2.59601e-08
977 0.5016 0.500018 2.59601e-08
978 0.5016 0.500018 2.59601e-08
979 0.5016 0.500018 2.59601e-08
980 0.5016 0.500018 2.59601e-08
981 0.5016 0.500018 2.59601e-08
982 0.5016 0.500018 2.59601e-08
983 0.5016 0.500018 2.59601e-08
984 0.5016 0.500018 2.59601e-08
985 0.5016 0.500018 2.59601e-08
986 0.5016 0.500018 2.59601e-08
987 0.5016 0.500018 2.59601e-08
988 0.5016 0.500018 2.59601e-08
989 0.5016 0.500018 2.59601e-08
990 0.5016 0.500018 2.59601e-08
991 0.5016 0.500018 2.59601e-08
992 0.5016 0.500018 2.59601e-08
993 0.5016 0.500018 2.59601e-08
994 0.5016 0.500018 2.59601e-08
995 0.5016 0.500018 2.59601e-08
996 0.5016 0.500018 2.59601e-08
997 0.5016 0.500018 2.59601e-08
998 0.5016 0.500018 2.59601e-08
999 0.5016 0.500018 2.59601e-08
1000 0.5016 0.500018 2.59601e-08
1001 0.5016 0.500018 2.59601e-08
1002 0.5016 0.500018 2.59601e-08
1003 0.5016 0.500018 2.59601e-08
1004 0.5016 0.500018 2.59601e-08
1005 0.5016 0.500018 2.59601e-08
1006 0.5016 0.500018 2.59601e-08
1007 0.5016 0.500018 2.59601e-08
1008 0.5016 0.500018 2.59601e-08
1009 0.5016 0.500018 2.59601e-08
1010 0.5016 0.500018 2.59601e-08
1011 0.5016 0.500018 2.59601e-08
1012 0.5016 0.500017 2.60755e-08
1013 0.5016 0.500018 2.59601e-08
1014 0.5016 0.500018 2.59601e-08
1015 0.5016 0.500018 2.59601e-08
1016 0.5016 0.500018 2.59601e-08
1017 0.504697 0.500065 2.44851e-07
1018 0.504697 0.500065 2.44851e-07
1019 0.504697 0.500065 2.44851e-07
1020 0.504697 0.500065 2.44851e-07
1021 0.504697 0.500065 2.44851e-07
1022 0.504697 0.500065 2.44851e-07
1023 0.504697 0.500065 2.44851e-07
1024 0.504697 0.500065 2.44851e-07
1025 0.504697 0.500065 2.44851e-07
1026 0.504697 0.500065 2.44851e-07
1027 0.504697 0.500065 2.44851e-07
1028 0.504697 0.500065 2.44851e-07
1029 0.504697 0.500065 2.44851e-07
1030 0.504697 0.500065 2.44851e-07
1031 0.504697 0.499735 1.11815e-05
1032 0.504697 0.500065 2.44851e-07
1033 0.504697 0.500065 2.44851e-07
1034 0.504697 0.500065 2.44851e-07
1035 0.504697 0.500065 2.44851e-07
1036 0.504697 0.500065 2.44851e-07
1037 0.504697 0.500065 2.44851e-07
1038 0.504697 0.500065 2.44851e-07
1039 0.504697 0.500065 2.44851e-07
1040 0.504697 0.500065 2.44851e-07
1041 0.514641 0.500211 2.36906e-06
1042 0.514641 0.500211 2.36906e-06
1043 0.514641 0.500211 2.36906e-06
1044 0.561398 0.500825 3.98042e-05
1045 0.561398 0.500823 3.98073e-05
1046 0.561398 0.500823 3.98073e-05
1047 0.561398 0.500823 3.98073e-05
1048 0.561398 0.500823 3.98073e-05
1049 0.561398 0.500823 3.98073e-05
1050 0.561398 0.500769 4.01921e-05
1051 0.561398 0.500149 8.51445e-05
1052 0.561398 0.500499 5.08469e-05
1053 0.561398 0.500823 3.98073e-05
1054 0.561398 0.500823 3.98073e-05
1055 0.561398 0.500823 3.98073e-05
1056 0.561398 0.500823 3.98073e-05
1057 0.652875 0.502352 0.000270971
1058 0.652875 0.502336 0.000271021
1059 0.652875 0.502322 0.000271105
1060 0.652875 0.502338 0.000271014
1061 0.652875 0.502265 0.000271858
1062 0.652875 0.502336 0.000271021
1063 0.652875 0.502336 0.000271021
1064 0.652875 0.502242 0.00027643
1065 0.652875 0.502374 0.000271707
1066 0.652875 0.502392 0.000271594
1067 0.652875 0.502392 0.000271594
1068 0.652875 0.502392 0.000271594
1069 0.652875 0.502392 0.000271594
1070 0.652875 0.502392 0.000271594
1071 0.652875 0.502392 0.000271594
1072 0.652875 0.50281 0.000287098
1073 0.652875 0.502708 0.000286609
1074 0.652875 0.502837 0.000287579
1075 0.652875 0.502708 0.000286609
1076 0.652875 0.502708 0.000286609
1077 0.652875 0.502708 0.000286609
1078 0.652875 0.502714 0.000286578
1079 0.652875 0.502708 0.000286609
1080 0.652875 0.502708 0.000286609
1081 0.652875 0.502761 0.000286603
1082 0.652875 0.502708 0.000286609
1083 0.652875 0.502708 0.000286609
1084 0.652875 0.502568 0.00028933
1085 0.652875 0.502708 0.000286609
1086 0.652875 0.502708 0.000286609
1087 0.652875 0.502708 0.000286609
1088 0.652875 0.502708 0.000286609
1089 0.652875 0.502941 0.000290781
1090 0.652875 0.502672 0.000291655
1091 0.652875 0.502484 0.000296014
1092 0.652875 0.502978 0.000291797
1093 0.652875 0.502795 0.000289464
1094 0.652875 0.502822 0.000289385
1095 0.652875 0.502758 0.000289805
1096 0.652875 0.502795 0.000289464
1097 0.652875 0.502651 0.000301524
1098 0.652875 0.502794 0.000289469
1099 0.652875 0.502926 0.000290452
1100 0.652875 0.502795 0.000289464
1101 0.652875 0.502811 0.000289399
1102 0.652875 0.502795 0.000289464
1103 0.652875 0.502809 0.000289404
1104 0.652875 0.502802 0.00028943
1105 0.652875 0.503193 0.000291793
1106 0.652875 0.502776 0.000289609
1107 0.652875 0.502795 0.000289464
1108 0.652875 0.503099 0.000298447
1109 0.652875 0.502708 0.000296585
1110 0.652875 0.502977 0.00029262
1111 0.652875 0.502668 0.000295427
1112 0.652875 0.502746 0.00029292
1113 0.652875 0.502839 0.000291509
1114 0.652875 0.502839 0.000291509
1115 0.652875 0.502839 0.000291509
1116 0.652875 0.502839 0.000291509
1117 0.652875 0.502816 0.0002917
1118 0.652875 0.502839 0.000291509
1119 0.652875 0.502839 0.000291509
1120 0.652875 0.502839 0.000291509
1121 0.652875 0.502978 0.00029264
1122 0.652875 0.502839 0.000291509
1123 0.652875 0.502839 0.000291509
1124 0.652875 0.502839 0.000291509
1125 0.652875 0.502839 0.000291509
1126 0.652875 0.502863 0.000291429
1127 0.652875 0.50285 0.000291452
1128 0.652875 0.502548 0.000306988
1129 0.652875 0.502839 0.000291509
1130 0.652875 0.502577 0.000299867
1131 0.652875 0.502839 0.000291509
1132 0.652875 0.502839 0.000291509
1133 0.652875 0.502839 0.000291509
1134 0.652875 0.502825 0.000291613
1135 0.652875 0.50285 0.000291459
1136 0.652875 0.503014 0.000295149
1137 0.652875 0.50288 0.000291442
1138 0.652875 0.502839 0.000291509
1139 0.652875 0.502833 0.000291546
1140 0.652875 0.502839 0.000291509
1141 0.652875 0.502839 0.000291509
1142 0.652875 0.502562 0.000300817
1143 0.652875 0.502839 0.000291509
1144 0.652875 0.503561 0.0003394
1145 0.652875 0.503283 0.000333519
1146 0.652875 0.503283 0.000333519
1147 0.652875 0.503306 0.00033342
1148 0.652875 0.503283 0.000333519
1149 0.652875 0.503283 0.000333519
1150 0.652875 0.503283 0.000333519
1151 0.652875 0.503283 0.000333519
1152 0.652875 0.503153 0.000336049
1153 0.652875 0.503283 0.000333519
1154 0.652875 0.503283 0.000333519
1155 0.652875 0.503378 0.000333793
1156 0.652875 0.503283 0.000333519
1157 0.652875 0.503283 0.000333519
1158 0.652875 0.503269 0.000333628
1159 0.652875 0.503283 0.000333519
1160 0.652875 0.503219 0.000334339
1161 0.652875 0.503283 0.000333519
1162 0.652875 0.502963 0.000345885
1163 0.652875 0.503208 0.000334579
1164 0.652875 0.503283 0.000333519
1165 0.652875 0.503283 0.000333519
1166 0.652875 0.503283 0.000333519
1167 0.652875 0.503283 0.000333519
1168 0.652875 0.503283 0.000333519
1169 0.652875 0.503283 0.000333519
1170 0.652875 0.503283 0.000333519
1171 0.652875 0.503283 0.000333519
1172 0.652875 0.503283 0.000333519
1173 0.652875 0.503283 0.000333519
1174 0.652875 0.50356 0.000339389
1175 0.652875 0.503283 0.000333519
1176 0.652875 0.503283 0.000333519
1177 0.652875 0.503283 0.000333519
1178 0.652875 0.50295 0.000346814
1179 0.652875 0.503283 0.000333519
1180 0.652875 0.503283 0.000333519
1181 0.652875 0.503283 0.000333519
1182 0.652875 0.503283 0.000333519
1183 0.652875 0.503283 0.000333519
1184 0.652875 0.502932 0.000348161
1185 0.652875 0.503283 0.000333519
1186 0.652875 0.503258 0.000333747
1187 0.652875 0.502846 0.000355518
1188 0.652875 0.503513 0.000337308
1189 0.652875 0.503283 0.000333519
1190 0.652875 0.503283 0.000333519
1191 0.652875 0.503102 0.000337941
1192 0.652875 0.503283 0.000333519
1193 0.652875 0.503283 0.000333519
1194 0.652875 0.503513 0.000337284
1195 0.652875 0.503283 0.000333519
1196 0.652875 0.503283 0.000333519
1197 0.652875 0.503122 0.00033717
1198 0.652875 0.503283 0.000333519
1199 0.652875 0.503283 0.000333519
1200 0.652875 0.503283 0.000333519
1201 0.652875 0.503283 0.000333519
1202 0.652875 0.503044 0.000349493
1203 0.652875 0.503283 0.000333519
1204 0.652875 0.503283 0.000333519
1205 0.652875 0.503088 0.000338618
1206 0.652875 0.503568 0.000339745
1207 0.652875 0.503283 0.000333519
1208 0.652875 0.503283 0.000333519
1209 0.652875 0.503418 0.000334443
1210 0.652875 0.503726 0.000350197
1211 0.652875 0.503307 0.000335467
1212 0.652875 0.502878 0.000356721
1213 0.652875 0.503307 0.000335467
1214 0.652875 0.503307 0.000335467
1215 0.652875 0.503302 0.000335501
1216 0.652875 0.503423 0.000336032
1217 0.652875 0.503307 0.000335467
1218 0.652875 0.503164 0.000338463
1219 0.652875 0.503307 0.000335467
1220 0.652875 0.503307 0.000335467
1221 0.652875 0.503307 0.000335467
1222 0.652875 0.503307 0.000335467
1223 0.652875 0.503307 0.000335467
1224 0.652875 0.503134 0.000339623
1225 0.652875 0.503307 0.000335467
1226 0.652875 0.503307 0.000335467
1227 0.652875 0.503348 0.000335361
1228 0.652875 0.503307 0.000335467
1229 0.652875 0.503307 0.000335467
1230 0.652875 0.503436 0.000336264
1231 0.652875 0.50374 0.000341362
1232 0.652875 0.503332 0.000335362
1233 0.652875 0.503307 0.000335467
1234 0.652875 0.503307 0.000335467
1235 0.652875 0.503307 0.000335467
1236 0.652875 0.503366 0.000335424
1237 0.652875 0.503307 0.000335467
1238 0.652875 0.503307 0.000335467
1239 0.652875 0.503187 0.000337716
1240 0.652875 0.503307 0.000335467
1241 0.652875 0.502986 0.000347903
1242 0.652875 0.503307 0.000335467
1243 0.652875 0.503809 0.000355202
1244 0.652875 0.503344 0.000338697
1245 0.652875 0.503322 0.0003389
1246 0.652875 0.503344 0.000338697
1247 0.652875 0.503344 0.000338697
1248 0.652875 0.503344 0.000338697
1249 0.652875 0.503344 0.000338697
1250 0.652875 0.503344 0.000338697
1251 0.652875 0.503344 0.000338697
1252 0.652875 0.503344 0.000338697
1253 0.652875 0.503258 0.000340036
1254 0.652875 0.503344 0.000338697
1255 0.652875 0.503344 0.000338697
1256 0.652875 0.503344 0.000338697
1257 0.652875 0.503344 0.000338697
1258 0.652875 0.503344 0.000338697
1259 0.652875 0.503344 0.000338697
1260 0.652875 0.503344 0.000338697
1261 0.652875 0.503207 0.000341512
1262 0.652875 0.503597 0.000343394
1263 0.652875 0.503424 0.00033879
1264 0.652875 0.503344 0.000338697
1265 0.652875 0.503354 0.00033864
1266 0.652875 0.503344 0.000338697
1267 0.652875 0.503344 0.000338697
1268 0.652875 0.503408 0.00033867
1269 0.652875 0.503344 0.000338697
1270 0.652875 0.503344 0.000338697
1271 0.652875 0.50442 0.000393959
1272 0.652875 0.503563 0.000363262
1273 0.652875 0.503563 0.000363262
1274 0.652875 0.503563 0.000363262
1275 0.652875 0.503563 0.000363262
1276 0.652875 0.503563 0.000363262
1277 0.652875 0.503563 0.000363262
1278 0.652875 0.503563 0.000363262
1279 0.652875 0.503563 0.000363262
1280 0.652875 0.503563 0.000363262
1281 0.652875 0.503563 0.000363262
1282 0.652875 0.503563 0.000363262
1283 0.652875 0.503563 0.000363262
1284 0.652875 0.503563 0.000363262
1285 0.652875 0.504425 0.000431245
1286 0.652875 0.503811 0.000398274
1287 0.652875 0.503747 0.000399163
1288 0.652875 0.503811 0.000398274
1289 0.652875 0.50383 0.000398164
1290 0.652875 0.504442 0.000433277
1291 0.652875 0.504058 0.000402499
1292 0.652875 0.503811 0.000398274
1293 0.652875 0.503811 0.000398274
1294 0.652875 0.503811 0.000398274
1295 0.652875 0.505079 0.000549301
1296 0.652875 0.504559 0.000508229
1297 0.652875 0.504379 0.000506595
1298 0.652875 0.504052 0.000516336
1299 0.652875 0.504379 0.000506595
1300 0.652875 0.504379 0.000506595
1301 0.652875 0.504379 0.000506595
1302 0.652875 0.504355 0.000506875
1303 0.652875 0.504379 0.000506595
1304 0.652875 0.504379 0.000506595
1305 0.652875 0.504379 0.000506595
1306 0.652875 0.50491 0.000530061
1307 0.652875 0.504379 0.000506595
1308 0.652875 0.504379 0.000506595
1309 0.652875 0.504379 0.000506595
1310 0.652875 0.504179 0.000510452
1311 0.652875 0.504417 0.000506404
1312 0.652875 0.504379 0.000506595
1313 0.652875 0.504379 0.000506595
1314 0.652875 0.504733 0.000515955
1315 0.652875 0.504379 0.000506595
1316 0.652875 0.504308 0.000507734
1317 0.652875 0.504379 0.000506595
1318 0.652875 0.504379 0.000506595
1319 0.652875 0.504379 0.000506595
1320 0.652875 0.505418 0.000605318
1321 0.652875 0.504737 0.00055997
1322 0.652875 0.504697 0.000560134
1323 0.652875 0.504697 0.000560134
1324 0.652875 0.504697 0.000560134
1325 0.652875 0.504166 0.000593358
1326 0.652875 0.504727 0.000559938
1327 0.652875 0.504888 0.000561962
1328 0.652875 0.504697 0.000560134
1329 0.652875 0.504697 0.000560134
1330 0.652875 0.504697 0.000560134
1331 0.652875 0.504697 0.000560134
1332 0.652875 0.504697 0.000560134
1333 0.652875 0.504697 0.000560134
1334 0.652875 0.504697 0.000560134
1335 0.652875 0.504697 0.000560134
1336 0.652875 0.504697 0.000560134
1337 0.652875 0.50393 0.000637142
1338 0.652875 0.50418 0.00059093
1339 0.652875 0.504697 0.000560134
1340 0.652875 0.504697 0.000560134
1341 0.652875 0.504754 0.00058918
1342 0.652875 0.504697 0.000560134
1343 0.652875 0.504697 0.000560134
1344 0.652875 0.504697 0.000560134
1345 0.652875 0.505049 0.000569186
1346 0.652875 0.504697 0.000560134
1347 0.652875 0.504697 0.000560134
1348 0.652875 0.504697 0.000560134
1349 0.652875 0.504128 0.000597874
1350 0.652875 0.504687 0.000560234
1351 0.652875 0.504907 0.000562543
1352 0.652875 0.504697 0.000560134
1353 0.652875 0.504697 0.000560134
1354 0.652875 0.504697 0.000560134
1355 0.652875 0.504697 0.000560134
1356 0.652875 0.504697 0.000560134
1357 0.652875 0.504622 0.000561412
1358 0.652875 0.504697 0.000560134
1359 0.652875 0.504697 0.000560134
1360 0.652875 0.504949 0.000564082
1361 0.652875 0.504697 0.000560134
1362 0.652875 0.504729 0.000559982
1363 0.652875 0.504697 0.000560134
1364 0.652875 0.504697 0.000560134
1365 0.652875 0.504697 0.000560134
1366 0.652875 0.504697 0.000560134
1367 0.652875 0.504697 0.000560134
1368 0.652875 0.504684 0.000560269
1369 0.652875 0.504697 0.000560134
1370 0.652875 0.504697 0.000560134
1371 0.652875 0.50484 0.00056083
1372 0.652875 0.504697 0.000560134
1373 0.652875 0.504697 0.000560134
1374 0.652875 0.50466 0.000560621
1375 0.652875 0.504373 0.000568431
1376 0.652875 0.504697 0.000560134
1377 0.652875 0.504697 0.000560134
1378 0.652875 0.50468 0.000560329
1379 0.652875 0.504697 0.000560134
1380 0.652875 0.504697 0.000560134
1381 0.652875 0.504644 0.00056172
1382 0.652875 0.504697 0.000560134
1383 0.652875 0.504881 0.00056177
1384 0.652875 0.504697 0.000560134
1385 0.652875 0.50486 0.000561242
1386 0.652875 0.504697 0.000560134
1387 0.652875 0.504697 0.000560134
1388 0.652875 0.504697 0.000560134
1389 0.652875 0.504697 0.000560134
1390 0.652875 0.504435 0.000674468
1391 0.652875 0.504754 0.000559919
1392 0.652875 0.504697 0.000560134
1393 0.652875 0.504365 0.00057428
1394 0.652875 0.504121 0.00064824
1395 0.652875 0.506505 0.000730457
1396 0.652875 0.505094 0.000641707
1397 0.652875 0.504897 0.000647681
1398 0.652875 0.50474 0.000658005
1399 0.652875 0.504989 0.000697214
1400 0.652875 0.505231 0.000642131
1401 0.652875 0.505079 0.000641896
1402 0.652875 0.505096 0.000641689
1403 0.652875 0.505096 0.000641689
1404 0.652875 0.505096 0.000641689
1405 0.652875 0.505444 0.000650246
1406 0.652875 0.505533 0.000650218
1407 0.652875 0.505096 0.000641689
1408 0.652875 0.504597 0.000672765
1409 0.652875 0.505173 0.00064261
1410 0.652875 0.505096 0.000641689
1411 0.652875 0.505096 0.000641689
1412 0.652875 0.505096 0.000641689
1413 0.652875 0.505096 0.000641689
1414 0.652875 0.504909 0.000645841
1415 0.652875 0.50529 0.00064184
1416 0.652875 0.50509 0.00064175
1417 0.652875 0.505194 0.000642488
1418 0.652875 0.505096 0.000641689
1419 0.652875 0.504838 0.000650979
1420 0.652875 0.505096 0.000641689
1421 0.652875 0.505095 0.000641703
1422 0.652875 0.505318 0.000644325
1423 0.652875 0.504774 0.000650173
1424 0.652875 0.505096 0.000641689
1425 0.652875 0.505181 0.000641536
1426 0.652875 0.505127 0.000641425
1427 0.652875 0.50489 0.000648033
1428 0.652875 0.505096 0.000641689
1429 0.652875 0.505096 0.000641689
1430 0.652875 0.505167 0.000641465
1431 0.652875 0.505064 0.000642123
1432 0.652875 0.50522 0.000641959
1433 0.652875 0.505063 0.000642137
1434 0.652875 0.505076 0.000641938
1435 0.652875 0.505184 0.000641558
1436 0.652875 0.505096 0.000641689
1437 0.652875 0.504471 0.000687214
1438 0.652875 0.505096 0.000641689
1439 0.652875 0.505096 0.000641689
1440 0.652875 0.505096 0.000641689
1441 0.652875 0.505096 0.000641689
1442 0.652875 0.505096 0.000641689
1443 0.652875 0.505093 0.00064172
1444 0.652875 0.504612 0.000670091
1445 0.652875 0.505096 0.000641689
1446 0.652875 0.505096 0.000641689
1447 0.652875 0.504996 0.000643722
1448 0.652875 0.505096 0.000641689
1449 0.652875 0.505065 0.000650583
1450 0.652875 0.505227 0.000641192
1451 0.652875 0.505418 0.000648759
1452 0.652875 0.505096 0.000641689
1453 0.652875 0.505087 0.000641791
1454 0.652875 0.505174 0.000641247
1455 0.652875 0.505096 0.000641689
1456 0.652875 0.505096 0.000641689
1457 0.652875 0.505096 0.000641689
1458 0.652875 0.505096 0.000641689
1459 0.652875 0.505698 0.000710119
1460 0.652875 0.505096 0.000641689
1461 0.652875 0.506114 0.00073485
1462 0.652875 0.505092 0.000641731
1463 0.652875 0.505096 0.000641689
1464 0.652875 0.505096 0.000641689
1465 0.652875 0.505096 0.000641689
1466 0.652875 0.506036 0.000720436
1467 0.652875 0.505096 0.000641689
1468 0.652875 0.505096 0.000641689
1469 0.652875 0.505158 0.000641435
1470 0.652875 0.50409 0.000718224
1471 0.652875 0.505096 0.000641689
1472 0.652875 0.5054 0.00064781
1473 0.652875 0.505096 0.000641689
1474 0.652875 0.505096 0.000641689
1475 0.652875 0.505091 0.000641886
1476 0.652875 0.505096 0.000641689
1477 0.652875 0.505096 0.000641689
1478 0.652875 0.505096 0.000641689
1479 0.652875 0.504414 0.00069516
1480 0.652875 0.505096 0.000641689
1481 0.652875 0.504985 0.000644064
1482 0.652875 0.505096 0.000641689
1483 0.652875 0.505096 0.000641689
1484 0.652875 0.505096 0.000641689
1485 0.652875 0.505159 0.000641439
1486 0.652875 0.505049 0.000642391
1487 0.652875 0.505379 0.000646802
1488 0.652875 0.506342 0.000784263
1489 0.652875 0.505268 0.000687996
1490 0.652875 0.505074 0.000695215
1491 0.652875 0.505729 0.000697649
1492 0.652875 0.505304 0.000687479
1493 0.652875 0.505304 0.000687479
1494 0.652875 0.505608 0.0006935
1495 0.652875 0.505304 0.000687479
1496 0.652875 0.505304 0.000687479
1497 0.652875 0.505304 0.000687479
1498 0.652875 0.505355 0.000687192
1499 0.652875 0.503761 0.000942027
1500 0.652875 0.505304 0.000687479
1501 0.652875 0.505304 0.000687479
1502 0.652875 0.505304 0.000687479
1503 0.652875 0.504828 0.000700142
1504 0.652875 0.505359 0.000687192
1505 0.652875 0.505304 0.000687479
1506 0.652875 0.505472 0.000688518
1507 0.652875 0.505304 0.000687479
1508 0.652875 0.505304 0.000687479
1509 0.652875 0.505304 0.000687479
1510 0.652875 0.505301 0.000687504
1511 0.652875 0.505304 0.000687479
1512 0.652875 0.505304 0.000687479
1513 0.652875 0.505304 0.000687479
1514 0.652875 0.505173 0.00069059
1515 0.652875 0.505304 0.000687479
1516 0.652875 0.505375 0.000687224
1517 0.652875 0.505015 0.000698936
1518 0.652875 0.505346 0.000687205
1519 0.652875 0.505304 0.000687479
1520 0.652875 0.505304 0.000687479
1521 0.657864 0.506932 0.000919332
1522 0.657864 0.505636 0.000778562
1523 0.657864 0.505636 0.000778562
1524 0.657864 0.50568 0.000793363
1525 0.657864 0.505636 0.000778562
1526 0.657864 0.505626 0.000778679
1527 0.657864 0.505637 0.000781487
1528 0.657864 0.505636 0.000778562
1529 0.657864 0.505636 0.000778562
1530 0.657864 0.505514 0.000781423
1531 0.657864 0.505636 0.000778562
1532 0.657864 0.505636 0.000778562
1533 0.657864 0.505538 0.000780643
1534 0.657864 0.505433 0.000790319
1535 0.657864 0.505636 0.000778562
1536 0.657864 0.505797 0.000779333
1537 0.657864 0.505636 0.000778562
1538 0.657864 0.505713 0.000778278
1539 0.657864 0.505564 0.000779886
1540 0.657864 0.505486 0.000793843
1541 0.657864 0.505619 0.000780117
1542 0.657864 0.505445 0.000784357
1543 0.657864 0.505521 0.000781183
1544 0.657864 0.505636 0.000778562
1545 0.657864 0.505636 0.000778562
1546 0.657864 0.505974 0.000805679
1547 0.657864 0.505636 0.000778562
1548 0.657864 0.50538 0.00078525
1549 0.657864 0.505636 0.000778562
1550 0.657864 0.505658 0.000778358
1551 0.657864 0.505551 0.000780255
1552 0.657864 0.505636 0.000778562
1553 0.657864 0.505236 0.000798558
1554 0.657864 0.505535 0.000780721
1555 0.657864 0.505453 0.000783991
1556 0.657864 0.505747 0.000778538
1557 0.657864 0.506063 0.000791923
1558 0.657864 0.505688 0.00077824
1559 0.657864 0.505811 0.000778504
1560 0.657864 0.505636 0.000778562
1561 0.657864 0.505636 0.000778562
1562 0.657864 0.505057 0.000818627
1563 0.657864 0.505208 0.000801753
1564 0.657864 0.505636 0.000778562
1565 0.657864 0.505636 0.000778562
1566 0.657864 0.505636 0.000778562
1567 0.657864 0.505636 0.000778562
1568 0.657864 0.505416 0.000785872
1569 0.657864 0.505688 0.000778465
1570 0.657864 0.506214 0.000791901
1571 0.657864 0.505574 0.000812062
1572 0.657864 0.505636 0.000778562
1573 0.657864 0.505817 0.000779783
1574 0.657864 0.505636 0.000778562
1575 0.657864 0.506146 0.000798794
1576 0.657864 0.505085 0.000831403
1577 0.657864 0.503582 0.00100188
1578 0.657864 0.505722 0.000778324
1579 0.657864 0.506878 0.000918748
1580 0.657864 0.505636 0.000778562
1581 0.657864 0.505586 0.000779382
1582 0.657864 0.50523 0.000800434
1583 0.657864 0.506179 0.000801921
1584 0.657864 0.506081 0.000793287
1585 0.657864 0.505636 0.000778562
1586 0.657864 0.505636 0.000778562
1587 0.657864 0.504985 0.000828271
1588 0.657864 0.505636 0.000778562
1589 0.657864 0.505382 0.000787863
1590 0.657864 0.505583 0.000779431
1591 0.657864 0.504675 0.000837312
1592 0.657864 0.505139 0.000808901
1593 0.657864 0.505636 0.000778562
1594 0.657864 0.505919 0.000783381
1595 0.657864 0.505636 0.000778562
1596 0.657864 0.505636 0.000778562
1597 0.657864 0.505636 0.000778562
1598 0.657864 0.50609 0.000794061
1599 0.657864 0.505636 0.000778562
1600 0.657864 0.505636 0.000778562
1601 0.657864 0.505515 0.000781402
1602 0.657864 0.50521 0.000801543
1603 0.657864 0.505636 0.000778562
1604 0.657864 0.505636 0.000778562
1605 0.657864 0.505436 0.000784848
1606 0.657864 0.505451 0.000784083
1607 0.657864 0.505636 0.000778562
1608 0.657864 0.505636 0.000778562
1609 0.657864 0.505689 0.000778239
1610 0.657864 0.505636 0.000778562
1611 0.657864 0.505601 0.000779083
1612 0.657864 0.504913 0.000839063
1613 0.657864 0.505636 0.000778562
1614 0.657864 0.505636 0.000778562
1615 0.657864 0.505779 0.000857463
1616 0.657864 0.505803 0.00077946
1617 0.657864 0.50527 0.000796066
1618 0.657864 0.505636 0.000778562
1619 0.657864 0.504852 0.000848888
1620 0.657864 0.505636 0.000778562
1621 0.657864 0.505636 0.000778562
1622 0.657864 0.505636 0.000778562
1623 0.657864 0.505636 0.000778562
1624 0.657864 0.505657 0.000778362
1625 0.657864 0.505636 0.000778562
1626 0.657864 0.505636 0.000778562
1627 0.657864 0.505831 0.00078016
1628 0.657864 0.505636 0.000778562
1629 0.657864 0.505458 0.000827778
1630 0.657864 0.505636 0.000778562
1631 0.657864 0.505636 0.000778562
1632 0.657864 0.505636 0.000778562
1633 0.657864 0.505776 0.000779295
1634 0.657864 0.505818 0.000779806
1635 0.657864 0.505633 0.000778591
1636 0.657864 0.505851 0.000780733
1637 0.657864 0.506076 0.000792972
1638 0.657864 0.505468 0.000781953
1639 0.657864 0.505636 0.000778562
1640 0.657864 0.505636 0.000778562
1641 0.657864 0.505636 0.000778562
1642 0.657864 0.505636 0.000778562
1643 0.657864 0.50533 0.000791404
1644 0.657864 0.504828 0.000852932
1645 0.657864 0.505636 0.000778562
1646 0.657864 0.505636 0.000778562
1647 0.657864 0.505636 0.000778562
1648 0.657864 0.505636 0.000778562
1649 0.657864 0.506164 0.000800491
1650 0.657864 0.505546 0.000780383
1651 0.657864 0.505636 0.000778562
1652 0.657864 0.505636 0.000778562
1653 0.657864 0.505636 0.000778562
1654 0.657864 0.505636 0.000778562
1655 0.657864 0.505236 0.000791035
1656 0.657864 0.505636 0.000778562
1657 0.657864 0.50545 0.000784141
1658 0.657864 0.505636 0.000778562
1659 0.657864 0.505636 0.000778562
1660 0.657864 0.505709 0.000778264
1661 0.657864 0.505724 0.000778335
1662 0.657864 0.505041 0.000820718
1663 0.657864 0.505608 0.000781011
1664 0.657864 0.505841 0.000780442
1665 0.657864 0.505636 0.000778562
1666 0.657864 0.505636 0.000778562
1667 0.657864 0.506079 0.000794762
1668 0.657864 0.506073 0.000829124
1669 0.657864 0.505344 0.000790394
1670 0.657864 0.506244 0.000808676
1671 0.657864 0.505636 0.000778562
1672 0.657864 0.505297 0.000794885
1673 0.657864 0.505636 0.000778562
1674 0.657864 0.505636 0.000778562
1675 0.657864 0.505474 0.000783005
1676 0.657864 0.505883 0.000781876
1677 0.657864 0.505606 0.000778981
1678 0.657864 0.505636 0.000778562
1679 0.657864 0.505636 0.000778562
1680 0.657864 0.505636 0.000778562
1681 0.657864 0.505636 0.000778562
1682 0.657864 0.505831 0.000780155
1683 0.657864 0.506018 0.000795038
1684 0.657864 0.505636 0.000778562
1685 0.657864 0.506486 0.000878387
1686 0.657864 0.507475 0.000946483
1687 0.657864 0.50568 0.000789601
1688 0.657864 0.505204 0.000817725
1689 0.657864 0.505676 0.00078965
1690 0.657864 0.505953 0.000793662
1691 0.657864 0.505689 0.000789509
1692 0.657864 0.505605 0.000791019
1693 0.657864 0.506232 0.000813698
1694 0.657864 0.506112 0.000994091
1695 0.657864 0.50568 0.000789601
1696 0.657864 0.506093 0.000801907
1697 0.657864 0.505809 0.000789786
1698 0.657864 0.50568 0.000789601
1699 0.657864 0.50568 0.000789601
1700 0.657864 0.505883 0.000791392
1701 0.657864 0.50568 0.000789601
1702 0.657864 0.50568 0.000789601
1703 0.657864 0.505173 0.000821129
1704 0.657864 0.50568 0.000789601
1705 0.657864 0.50568 0.000789601
1706 0.657864 0.506325 0.00082379
1707 0.657864 0.505709 0.000789355
1708 0.657864 0.50568 0.000789601
1709 0.657864 0.50568 0.000789601
1710 0.657864 0.505666 0.000789782
1711 0.657864 0.505702 0.0007894
1712 0.657864 0.50568 0.000789601
1713 0.657864 0.505415 0.000796421
1714 0.657864 0.505762 0.000810558
1715 0.657864 0.505655 0.000795125
1716 0.657864 0.50568 0.000789601
1717 0.657864 0.506186 0.000809381
1718 0.657864 0.506011 0.000796743
1719 0.657864 0.50568 0.000789601
1720 0.657864 0.50568 0.000789601
1721 0.657864 0.50568 0.000789601
1722 0.657864 0.505695 0.00078945
1723 0.657864 0.505641 0.000836036
1724 0.657864 0.505879 0.000791258
1725 0.657864 0.50568 0.000789601
1726 0.657864 0.505837 0.000790258
1727 0.657864 0.506067 0.000800134
1728 0.657864 0.50568 0.000789601
1729 0.657864 0.50568 0.000789601
1730 0.657864 0.50568 0.000789601
1731 0.657864 0.505617 0.000790727
1732 0.657864 0.50568 0.000789601
1733 0.657864 0.50568 0.000789601
1734 0.657864 0.50568 0.000789601
1735 0.657864 0.50568 0.000789601
1736 0.657864 0.506147 0.000841473
1737 0.657864 0.50568 0.000789601
1738 0.657864 0.506051 0.000795509
1739 0.657864 0.50568 0.000789601
1740 0.657864 0.50568 0.000789601
1741 0.657864 0.50606 0.00079967
1742 0.657864 0.505386 0.000801632
1743 0.657864 0.506762 0.000894195
1744 0.657864 0.505765 0.000789347
1745 0.657864 0.505971 0.000794699
1746 0.657864 0.505162 0.000822352
1747 0.657864 0.505477 0.000796045
1748 0.657864 0.506622 0.000867501
1749 0.657864 0.505598 0.000791218
1750 0.657864 0.50568 0.000789601
1751 0.657864 0.50568 0.000789601
1752 0.657864 0.50565 0.000790036
1753 0.657864 0.50568 0.000789601
1754 0.657864 0.50568 0.000789601
1755 0.657864 0.505843 0.000790372
1756 0.657864 0.50568 0.000789601
1757 0.657864 0.505848 0.000790487
1758 0.657864 0.505104 0.000816587
1759 0.657864 0.50568 0.000789601
1760 0.657864 0.505922 0.000804748
1761 0.657864 0.50568 0.000789601
1762 0.657864 0.50568 0.000789601
1763 0.657864 0.505804 0.000789715
1764 0.657864 0.50568 0.000789601
1765 0.657864 0.505686 0.000789535
1766 0.657864 0.505655 0.000792108
1767 0.657864 0.505961 0.00080444
1768 0.657864 0.505358 0.000803663
1769 0.657864 0.50568 0.000789601
1770 0.657864 0.50568 0.000789601
1771 0.657864 0.505805 0.000789732
1772 0.657864 0.505958 0.000813528
1773 0.657864 0.50575 0.000789288
1774 0.657864 0.505792 0.000789564
1775 0.657864 0.505668 0.000789755
1776 0.657864 0.50568 0.000789601
1777 0.657864 0.505982 0.000795245
1778 0.657864 0.50568 0.000789601
1779 0.657864 0.505587 0.000791548
1780 0.657864 0.50568 0.000789601
1781 0.657864 0.506176 0.00080846
1782 0.657864 0.505226 0.000815448
1783 0.657864 0.50568 0.000789601
1784 0.657864 0.505656 0.000801126
1785 0.657864 0.50561 0.000790908
1786 0.657864 0.50568 0.000789601
1787 0.657864 0.50568 0.000789601
1788 0.657864 0.50568 0.000789601
1789 0.657864 0.50568 0.000789601
1790 0.657864 0.50568 0.000789601
1791 0.657864 0.505885 0.000791435
1792 0.657864 0.505946 0.000793627
1793 0.657864 0.506238 0.000805132
1794 0.657864 0.505701 0.000791764
1795 0.657864 0.506287 0.000819496
1796 0.657864 0.50568 0.000789601
1797 0.657864 0.50568 0.000789601
1798 0.657864 0.50568 0.000789601
1799 0.657864 0.506067 0.000800115
1800 0.657864 0.50568 0.000789601
1801 0.657864 0.50568 0.000789601
1802 0.657864 0.505512 0.000794382
1803 0.657864 0.505922 0.000792021
1804 0.657864 0.50568 0.000789601
1805 0.657864 0.5059 0.000797494
1806 0.657864 0.50568 0.000789601
1807 0.657864 0.50568 0.000789601
1808 0.657864 0.505692 0.000789476
1809 0.657864 0.50568 0.000789601
1810 0.657864 0.505565 0.000792267
1811 0.657864 0.505305 0.000807976
1812 0.657864 0.50568 0.000789601
1813 0.657864 0.505747 0.000917182
1814 0.657864 0.505428 0.00079884
1815 0.657864 0.505641 0.000790199
1816 0.657864 0.50568 0.000789601
1817 0.657864 0.50568 0.000789601
1818 0.657864 0.50568 0.000789601
1819 0.657864 0.50568 0.000789601
1820 0.657864 0.50568 0.000789601
1821 0.657864 0.50568 0.000789601
1822 0.657864 0.505529 0.000793637
1823 0.657864 0.505521 0.000793974
1824 0.657864 0.505655 0.00078996
1825 0.657864 0.505563 0.000793629
1826 0.657864 0.506099 0.000796262
1827 0.657864 0.505177 0.000820691
1828 0.657864 0.505417 0.000799522
1829 0.657864 0.505054 0.00081873
1830 0.657864 0.506227 0.000813213
1831 0.657864 0.50568 0.000789601
1832 0.657864 0.504857 0.000821517
1833 0.657864 0.50568 0.000789601
1834 0.657864 0.50568 0.000789601
1835 0.657864 0.50568 0.000789601
1836 0.657864 0.50568 0.000789601
1837 0.657864 0.506189 0.000809659
1838 0.657864 0.50568 0.000789601
1839 0.657864 0.506389 0.000803281
1840 0.657864 0.505617 0.000790725
1841 0.657864 0.50568 0.000789601
1842 0.657864 0.50568 0.000789601
1843 0.657864 0.505659 0.000789896
1844 0.657864 0.505091 0.000831147
1845 0.657864 0.505355 0.00080301
1846 0.657864 0.505438 0.000814022
1847 0.657864 0.50568 0.000789601
1848 0.657864 0.506754 0.000866886
1849 0.657864 0.50612 0.000803915
1850 0.657864 0.505699 0.000789424
1851 0.657864 0.505586 0.000793935
1852 0.657864 0.505849 0.00079055
1853 0.657864 0.506397 0.000832795
1854 0.657864 0.505637 0.000790284
1855 0.657864 0.506107 0.000802945
1856 0.657864 0.50574 0.00081113
1857 0.657864 0.50568 0.000789601
1858 0.657864 0.50568 0.000789601
1859 0.657864 0.505559 0.000792468
1860 0.657864 0.505786 0.00082086
1861 0.657864 0.50568 0.000789601
1862 0.657864 0.506147 0.000810743
1863 0.657864 0.50568 0.000789601
1864 0.657864 0.504704 0.000860028
1865 0.657864 0.50568 0.000789601
1866 0.657864 0.506053 0.000796838
1867 0.657864 0.505674 0.000789676
1868 0.657864 0.50568 0.000789601
1869 0.657864 0.505587 0.000791548
1870 0.657864 0.50568 0.000789601
1871 0.657864 0.505759 0.000789318
1872 0.657864 0.505904 0.000792026
1873 0.657864 0.505769 0.000789369
1874 0.657864 0.50568 0.000789601
1875 0.657864 0.50568 0.000789601
1876 0.657864 0.506004 0.000796386
1877 0.657864 0.506372 0.000829492
1878 0.657864 0.504859 0.000891275
1879 0.657864 0.506243 0.00081543
1880 0.657864 0.50568 0.000789601
1881 0.657864 0.505755 0.000789302
1882 0.657864 0.50568 0.000789601
1883 0.657864 0.50501 0.000881543
1884 0.657864 0.50551 0.000835748
1885 0.657864 0.506007 0.000796512
1886 0.657864 0.50568 0.000789601
1887 0.657864 0.505241 0.000813922
1888 0.657864 0.50568 0.000789601
1889 0.657864 0.50568 0.000789601
1890 0.657864 0.506704 0.000882562
1891 0.657864 0.50568 0.000789601
1892 0.657864 0.506178 0.000822708
1893 0.657864 0.50568 0.000789601
1894 0.657864 0.505538 0.000797084
1895 0.657864 0.50568 0.000789601
1896 0.657864 0.50568 0.000789601
1897 0.657864 0.50519 0.000819239
1898 0.657864 0.50568 0.000789601
1899 0.657864 0.505828 0.00079009
1900 0.657864 0.505626 0.000790527
1901 0.657864 0.50568 0.000789601
1902 0.657864 0.50568 0.000789601
1903 0.657864 0.50568 0.000789601
1904 0.657864 0.50568 0.000789601
1905 0.657864 0.505675 0.00078967
1906 0.657864 0.50568 0.000789601
1907 0.657864 0.505551 0.00079276
1908 0.657864 0.505594 0.000791329
1909 0.657864 0.50516 0.000809816
1910 0.657864 0.505719 0.000789307
1911 0.657864 0.50568 0.000789601
1912 0.657864 0.50568 0.000789601
1913 0.657864 0.505893 0.000791682
1914 0.657864 0.505788 0.000789556
1915 0.657864 0.505405 0.000799728
1916 0.657864 0.505871 0.000791045
1917 0.657864 0.506153 0.000806533
1918 0.657864 0.50568 0.000789601
1919 0.657864 0.505383 0.000801822
1920 0.657864 0.504924 0.000855487
1921 0.657864 0.505397 0.00080088
1922 0.657864 0.50568 0.000789601
1923 0.657864 0.50568 0.000789601
1924 0.657864 0.50568 0.000789601
1925 0.657864 0.50568 0.000789601
1926 0.657864 0.505702 0.000789396
1927 0.657864 0.50568 0.000789601
1928 0.657864 0.505422 0.000799218
1929 0.657864 0.505694 0.000789459
1930 0.657864 0.505832 0.000790171
1931 0.657864 0.50568 0.000789601
1932 0.657864 0.505625 0.000790636
1933 0.657864 0.505508 0.000794548
1934 0.657864 0.505602 0.000791125
1935 0.657864 0.50568 0.000789601
1936 0.657864 0.506558 0.00085654
1937 0.657864 0.50568 0.000789601
1938 0.657864 0.505841 0.000790341
1939 0.657864 0.505921 0.000792639
1940 0.657864 0.50568 0.000789601
1941 0.657864 0.50595 0.000811498
1942 0.657864 0.504564 0.00092698
1943 0.657864 0.50568 0.000789601
1944 0.657864 0.505689 0.000797562
1945 0.657864 0.506025 0.000797553
1946 0.657864 0.505607 0.000791664
1947 0.657864 0.505794 0.000792369
1948 0.657864 0.50568 0.000789601
1949 0.657864 0.50568 0.000789601
1950 0.657864 0.50568 0.000789601
1951 0.657864 0.505981 0.000795184
1952 0.657864 0.505728 0.000798281
1953 0.657864 0.50568 0.000789601
1954 0.657864 0.50568 0.000789601
1955 0.657864 0.505418 0.000797269
1956 0.657864 0.505431 0.000797371
1957 0.657864 0.505747 0.00078928
1958 0.657864 0.506018 0.000808196
1959 0.657864 0.505598 0.000924805
1960 0.657864 0.505752 0.000796227
1961 0.657864 0.505664 0.000789815
1962 0.657864 0.505788 0.000789524
1963 0.657864 0.504819 0.000848276
1964 0.657864 0.50568 0.000789601
1965 0.657864 0.506169 0.000810313
1966 0.657864 0.50568 0.000789601
1967 0.657864 0.50568 0.000789601
1968 0.657864 0.50568 0.000789601
1969 0.657864 0.50568 0.000789601
1970 0.657864 0.50568 0.000789601
1971 0.657864 0.505818 0.000789915
1972 0.657864 0.50568 0.000789601
1973 0.657864 0.50568 0.000789601
1974 0.657864 0.50568 0.000789601
1975 0.657864 0.50568 0.000789601
1976 0.657864 0.50568 0.000789601
1977 0.657864 0.50568 0.000789601
1978 0.657864 0.506197 0.000810388
1979 0.657864 0.504663 0.000904835
1980 0.657864 0.505688 0.000796492
1981 0.696151 0.507711 0.00115125
1982 0.696151 0.506394 0.00100717
1983 0.696151 0.507408 0.00110517
1984 0.696151 0.506258 0.00101022
1985 0.696151 0.506374 0.00100738
1986 0.696151 0.506436 0.00100697
1987 0.696151 0.506374 0.00100738
1988 0.696151 0.506374 0.00100738
1989 0.696151 0.506374 0.00100738
1990 0.696151 0.506374 0.00100738
1991 0.696151 0.505161 0.00115054
1992 0.696151 0.506184 0.00101397
1993 0.696151 0.506374 0.00100738
1994 0.696151 0.506178 0.00101374
1995 0.696151 0.505752 0.0010626
1996 0.696151 0.506374 0.00100738
1997 0.696151 0.506258 0.00101024
1998 0.696151 0.506461 0.00100702
1999 0.696151 0.505885 0.00103182
2000 0.696151 0.506644 0.00101119
2001 0.696151 0.506978 0.00102402
2002 0.696151 0.506374 0.00100738
2003 0.696151 0.506374 0.00100738
2004 0.696151 0.506368 0.00100746
2005 0.696151 0.506654 0.00101508
2006 0.696151 0.506119 0.00101713
2007 0.696151 0.507217 0.00106758
2008 0.696151 0.506338 0.00100796
2009 0.696151 0.506589 0.00101005
2010 0.696151 0.506587 0.0010092
2011 0.696151 0.506374 0.00100738
2012 0.696151 0.506374 0.00100738
2013 0.696151 0.506337 0.001008
2014 0.696151 0.506374 0.00100738
2015 0.696151 0.506433 0.00101361
2016 0.696151 0.506374 0.00100738
2017 0.696151 0.505166 0.00118052
2018 0.696151 0.506374 0.00100738
2019 0.696151 0.506374 0.00100738
2020 0.696151 0.506449 0.00100698
2021 0.696151 0.506374 0.00100738
2022 0.696151 0.506374 0.00100738
2023 0.696151 0.506374 0.00100738
2024 0.696151 0.506055 0.00102576
2025 0.696151 0.506374 0.00100738
2026 0.696151 0.506319 0.00100839
2027 0.696151 0.506478 0.00100713
2028 0.696151 0.505543 0.00108703
2029 0.696151 0.506374 0.00100738
2030 0.696151 0.506374 0.00100738
2031 0.696151 0.506374 0.00100738
2032 0.696151 0.507196 0.00102251
2033 0.696151 0.506207 0.0010123
2034 0.696151 0.50734 0.00108826
2035 0.696151 0.506374 0.00100738
2036 0.696151 0.506152 0.00101517
2037 0.696151 0.506374 0.00100738
2038 0.696151 0.506374 0.00100738
2039 0.696151 0.506374 0.00100738
2040 0.696151 0.506374 0.00100738
2041 0.696151 0.506347 0.00100781
2042 0.696151 0.506374 0.00100738
2043 0.696151 0.506374 0.00100738
2044 0.696151 0.506374 0.00100738
2045 0.696151 0.506374 0.00100738
2046 0.696151 0.506374 0.00100738
2047 0.696151 0.506374 0.00100738
2048 0.696151 0.506966 0.00103515
2049 0.696151 0.506374 0.00100738
2050 0.696151 0.506838 0.00102098
2051 0.696151 0.506374 0.00100738
2052 0.696151 0.506374 0.00100738
2053 0.696151 0.506347 0.00100779
2054 0.696151 0.506351 0.00100772
2055 0.696151 0.506548 0.00100817
2056 0.696151 0.506374 0.00100738
2057 0.696151 0.506172 0.00101407
2058 0.696151 0.506374 0.00100738
2059 0.696151 0.506374 0.00100738
2060 0.696151 0.506263 0.00101002
2061 0.696151 0.506374 0.00100738
2062 0.696151 0.506374 0.00100738
2063 0.696151 0.506374 0.00100738
2064 0.696151 0.506374 0.00100738
2065 0.696151 0.506374 0.00100738
2066 0.696151 0.506374 0.00100738
2067 0.696151 0.505802 0.0010371
2068 0.696151 0.506374 0.00100738
2069 0.696151 0.506374 0.00100738
2070 0.696151 0.50555 0.00108587
2071 0.696151 0.506374 0.00100738
2072 0.696151 0.506374 0.00100738
2073 0.696151 0.506374 0.00100738
2074 0.696151 0.506119 0.00102699
2075 0.696151 0.507051 0.00102887
2076 0.696151 0.506663 0.00101205
2077 0.696151 0.506374 0.00100738
2078 0.696151 0.506374 0.00100738
2079 0.696151 0.506161 0.00101466
2080 0.696151 0.506374 0.00100738
2081 0.696151 0.506374 0.00100738
2082 0.696151 0.506374 0.00100738
2083 0.696151 0.506374 0.00100738
2084 0.696151 0.50664 0.00100802
2085 0.696151 0.506116 0.00101734
2086 0.696151 0.506427 0.00100698
2087 0.696151 0.506374 0.00100738
2088 0.696151 0.506374 0.00100738
2089 0.696151 0.506374 0.00100738
2090 0.696151 0.506902 0.00102849
2091 0.696151 0.506245 0.0010107
2092 0.696151 0.506383 0.00100727
2093 0.696151 0.506696 0.0010136
2094 0.696151 0.506374 0.00100738
2095 0.696151 0.507021 0.0010409
2096 0.696151 0.506154 0.00102262
2097 0.696151 0.506298 0.00100892
2098 0.696151 0.506494 0.00100728
2099 0.696151 0.506374 0.00100738
2100 0.696151 0.506396 0.00100715
2101 0.696151 0.506289 0.00100908
2102 0.696151 0.506374 0.00100738
2103 0.696151 0.506971 0.00102272
2104 0.696151 0.506563 0.00100805
2105 0.696151 0.506491 0.00100725
2106 0.696151 0.506374 0.00100738
2107 0.696151 0.506476 0.00100711
2108 0.696151 0.506345 0.00100784
2109 0.696151 0.506082 0.00101965
2110 0.696151 0.506374 0.00100738
2111 0.696151 0.506374 0.00100738
2112 0.696151 0.506374 0.00100738
2113 0.696151 0.506374 0.00100738
2114 0.696151 0.506374 0.00100738
2115 0.696151 0.506374 0.00100738
2116 0.696151 0.505026 0.00120628
2117 0.696151 0.506374 0.00100738
2118 0.696151 0.506374 0.00100738
2119 0.696151 0.506374 0.00100738
2120 0.696151 0.506374 0.00100738
2121 0.696151 0.506374 0.00100738
2122 0.696151 0.506287 0.00100924
2123 0.696151 0.506374 0.00100738
2124 0.696151 0.505741 0.00103761
2125 0.696151 0.505224 0.00125091
2126 0.696151 0.506503 0.00100788
2127 0.696151 0.506374 0.00100738
2128 0.696151 0.506262 0.00101008
2129 0.696151 0.506031 0.00102356
2130 0.696151 0.505306 0.00113514
2131 0.696151 0.506374 0.00100738
2132 0.696151 0.506374 0.00100738
2133 0.696151 0.506374 0.00100738
2134 0.696151 0.506914 0.00101652
2135 0.696151 0.506374 0.00100738
2136 0.696151 0.506374 0.00100738
2137 0.696151 0.50632 0.00100836
2138 0.696151 0.506374 0.00100738
2139 0.696151 0.506374 0.00100738
2140 0.696151 0.506374 0.00100738
2141 0.696151 0.506374 0.00100738
2142 0.696151 0.506117 0.00101729
2143 0.696151 0.506524 0.00100771
2144 0.696151 0.505751 0.00109518
2145 0.696151 0.506465 0.00100704
2146 0.696151 0.506374 0.00100738
2147 0.696151 0.506374 0.00100738
2148 0.696151 0.506374 0.00100738
2149 0.696151 0.505494 0.00109334
2150 0.696151 0.506503 0.00100739
2151 0.696151 0.506081 0.0010197
2152 0.696151 0.506374 0.00100738
2153 0.696151 0.506372 0.0010074
2154 0.696151 0.505953 0.00103049
2155 0.696151 0.506346 0.00100781
2156 0.696151 0.507606 0.0011433
2157 0.696151 0.506028 0.00103584
2158 0.696151 0.505657 0.00106795
2159 0.696151 0.506374 0.00100738
2160 0.696151 0.506286 0.00100928
2161 0.696151 0.506374 0.00100738
2162 0.696151 0.506472 0.00100708
2163 0.696151 0.506374 0.00100738
2164 0.696151 0.506607 0.00104141
2165 0.696151 0.506071 0.00102045
2166 0.696151 0.506554 0.00100831
2167 0.696151 0.506369 0.00100745
2168 0.696151 0.506289 0.00101336
2169 0.696151 0.506374 0.00100738
2170 0.696151 0.506164 0.00101448
2171 0.696151 0.506643 0.00101115
2172 0.696151 0.506693 0.00101132
2173 0.696151 0.506374 0.00100738
2174 0.696151 0.506406 0.00100707
2175 0.696151 0.506212 0.00101207
2176 0.696151 0.506073 0.00102032
2177 0.696151 0.506374 0.00100738
2178 0.696151 0.506331 0.00100812
2179 0.696151 0.506374 0.00100738
2180 0.696151 0.506378 0.00100733
2181 0.696151 0.506374 0.00100738
2182 0.696151 0.506374 0.00100738
2183 0.696151 0.506374 0.00100738
2184 0.696151 0.506467 0.00100705
2185 0.696151 0.506374 0.00100738
2186 0.696151 0.506334 0.00100805
2187 0.696151 0.506549 0.00100819
2188 0.696151 0.506382 0.00100728
2189 0.696151 0.505689 0.00106313
2190 0.696151 0.505757 0.00103441
2191 0.696151 0.506198 0.00101182
2192 0.696151 0.506374 0.00100738
2193 0.696151 0.505983 0.0010236
2194 0.696151 0.506671 0.00101237
2195 0.696151 0.505518 0.00109235
2196 0.696151 0.506973 0.00103562
2197 0.696151 0.506374 0.00100738
2198 0.696151 0.506373 0.00100739
2199 0.696151 0.506338 0.00100833
2200 0.696151 0.506374 0.00100738
2201 0.696151 0.506374 0.00100738
2202 0.696151 0.506374 0.00100738
2203 0.696151 0.506922 0.00103038
2204 0.696151 0.50567 0.00108157
2205 0.696151 0.50644 0.00100697
2206 0.696151 0.506471 0.00100708
2207 0.696151 0.505249 0.00114848
2208 0.696151 0.506374 0.00100738
2209 0.696151 0.506374 0.00100738
2210 0.696151 0.506592 0.00101622
2211 0.696151 0.506374 0.00100738
2212 0.696151 0.506374 0.00100738
2213 0.696151 0.506374 0.00100738
2214 0.696151 0.506308 0.00101161
2215 0.696151 0.506698 0.00101372
2216 0.696151 0.506374 0.00100738
2217 0.696151 0.506267 0.00100936
2218 0.696151 0.506361 0.00100756
2219 0.696151 0.506374 0.00100738
2220 0.696151 0.506374 0.00100738
2221 0.696151 0.506374 0.00100738
2222 0.696151 0.506374 0.00100738
2223 0.696151 0.506374 0.00100738
2224 0.696151 0.506374 0.00100738
2225 0.696151 0.506374 0.00100738
2226 0.696151 0.506381 0.00100729
2227 0.696151 0.506374 0.00100738
2228 0.696151 0.505802 0.00104747
2229 0.696151 0.50653 0.00100781
2230 0.696151 0.505846 0.00104208
2231 0.696151 0.506374 0.00100738
2232 0.696151 0.506972 0.00102186
2233 0.696151 0.506374 0.00100738
2234 0.696151 0.506545 0.00100812
2235 0.696151 0.506374 0.00100738
2236 0.696151 0.506759 0.00103866
2237 0.696151 0.506374 0.00100738
2238 0.696151 0.506219 0.00101179
2239 0.696151 0.506374 0.00100738
2240 0.696151 0.506374 0.00100738
2241 0.696151 0.506374 0.00100738
2242 0.696151 0.506837 0.00101372
2243 0.696151 0.506374 0.00100738
2244 0.696151 0.50653 0.00100782
2245 0.696151 0.506374 0.00100738
2246 0.696151 0.506374 0.00100738
2247 0.696151 0.506423 0.00101191
2248 0.696151 0.506374 0.00100738
2249 0.696151 0.506374 0.00100738
2250 0.696151 0.506398 0.00100713
2251 0.696151 0.507321 0.00106074
2252 0.696151 0.505819 0.00103061
2253 0.696151 0.507431 0.0011175
2254 0.696151 0.506374 0.00100738
2255 0.696151 0.506567 0.00101409
2256 0.696151 0.506374 0.00100738
2257 0.696151 0.506374 0.00100738
2258 0.696151 0.506374 0.00100738
2259 0.696151 0.506129 0.00101652
2260 0.696151 0.506635 0.00101083
2261 0.696151 0.506374 0.00100738
2262 0.696151 0.506374 0.00100738
2263 0.696151 0.505874 0.00102705
2264 0.696151 0.505051 0.00108542
2265 0.696151 0.505445 0.00110565
2266 0.696151 0.506349 0.00100777
2267 0.696151 0.506454 0.00100675
2268 0.696151 0.506374 0.00100738
2269 0.696151 0.506237 0.00101103
2270 0.696151 0.506534 0.00101115
2271 0.696151 0.506374 0.00100738
2272 0.696151 0.506473 0.00101788
2273 0.696151 0.505252 0.00114766
2274 0.696151 0.506374 0.00100738
2275 0.696151 0.506463 0.00101005
2276 0.696151 0.506374 0.00100738
2277 0.696151 0.506342 0.0010079
2278 0.696151 0.506374 0.00100738
2279 0.696151 0.506374 0.00100738
2280 0.696151 0.506374 0.00100738
2281 0.696151 0.506374 0.00100738
2282 0.696151 0.506215 0.00101195
2283 0.696151 0.506478 0.00100713
2284 0.696151 0.506804 0.00101261
2285 0.696151 0.506023 0.00102419
2286 0.696151 0.506374 0.00100738
2287 0.696151 0.506374 0.00100738
2288 0.696151 0.506374 0.00100738
2289 0.696151 0.506374 0.00100738
2290 0.696151 0.506374 0.00100738
2291 0.696151 0.506374 0.00100738
2292 0.696151 0.506374 0.00100738
2293 0.696151 0.506374 0.00100738
2294 0.696151 0.507342 0.00104919
2295 0.696151 0.506719 0.00101488
2296 0.696151 0.506374 0.00100738
2297 0.696151 0.506374 0.00100738
2298 0.696151 0.50653 0.00100781
2299 0.696151 0.506739 0.001016
2300 0.696151 0.505754 0.00105375
2301 0.696151 0.506831 0.00104166
2302 0.696151 0.506163 0.00101453
2303 0.696151 0.506374 0.00100738
2304 0.696151 0.506872 0.00102575
2305 0.696151 0.506621 0.00101033
2306 0.696151 0.506374 0.00100738
2307 0.696151 0.506512 0.00103297
2308 0.696151 0.506295 0.00100902
2309 0.696151 0.506766 0.00104275
2310 0.696151 0.506374 0.00100738
2311 0.696151 0.505852 0.00102832
2312 0.696151 0.506516 0.00100757
2313 0.696151 0.50653 0.00100781
2314 0.696151 0.507733 0.00112473
2315 0.696151 0.506679 0.00101277
2316 0.696151 0.506374 0.00100738
2317 0.696151 0.506374 0.00100738
2318 0.696151 0.506374 0.00100738
2319 0.696151 0.506374 0.00100738
2320 0.696151 0.506974 0.00103573
2321 0.696151 0.506997 0.0010382
2322 0.696151 0.506374 0.00100738
2323 0.696151 0.506283 0.00100938
2324 0.696151 0.50617 0.00101415
2325 0.696151 0.506512 0.00100751
2326 0.696151 0.506504 0.00100741
2327 0.696151 0.506946 0.00101955
2328 0.696151 0.506491 0.00100704
2329 0.696151 0.506374 0.00100738
2330 0.696151 0.506374 0.00100738
2331 0.696151 0.506435 0.00100697
2332 0.696151 0.506374 0.00100738
2333 0.696151 0.506374 0.00100738
2334 0.696151 0.506374 0.00100738
2335 0.696151 0.506374 0.00100738
2336 0.696151 0.506374 0.00100738
2337 0.696151 0.506374 0.00100738
2338 0.696151 0.506374 0.00100738
2339 0.696151 0.506374 0.00100738
2340 0.696151 0.506374 0.00100738
2341 0.696151 0.507084 0.00104868
2342 0.696151 0.505769 0.00109906
2343 0.696151 0.50655 0.00100821
2344 0.696151 0.506374 0.00100738
2345 0.696151 0.506442 0.00101165
2346 0.696151 0.506374 0.00100738
2347 0.696151 0.506374 0.00100738
2348 0.696151 0.506374 0.00100738
2349 0.696151 0.506374 0.00100738
2350 0.696151 0.506519 0.00100762
2351 0.696151 0.506626 0.00100926
2352 0.696151 0.505451 0.00110443
2353 0.696151 0.506365 0.0010075
2354 0.696151 0.506652 0.001012
2355 0.696151 0.506374 0.00100738
2356 0.696151 0.506374 0.00100738
2357 0.696151 0.506557 0.00100838
2358 0.696151 0.506374 0.00100738
2359 0.696151 0.506465 0.00100704
2360 0.696151 0.506374 0.00100738
2361 0.696151 0.506653 0.00101159
2362 0.696151 0.506374 0.00100738
2363 0.696151 0.506374 0.00100738
2364 0.696151 0.505866 0.00121196
2365 0.696151 0.506654 0.00101497
2366 0.696151 0.506369 0.00103726
2367 0.696151 0.506374 0.00100738
2368 0.696151 0.506374 0.00100738
2369 0.696151 0.506302 0.00100883
2370 0.696151 0.506374 0.00100738
2371 0.696151 0.506342 0.00101058
2372 0.696151 0.507438 0.00114416
2373 0.696151 0.507033 0.0010423
2374 0.696151 0.506076 0.00102011
2375 0.696151 0.506374 0.00100738
2376 0.696151 0.506374 0.00100738
2377 0.696151 0.506471 0.00100708
2378 0.696151 0.506997 0.0010305
2379 0.696151 0.50655 0.00100823
2380 0.696151 0.506629 0.00101063
2381 0.696151 0.506374 0.00100738
2382 0.696151 0.506374 0.00100738
2383 0.696151 0.50625 0.00101051
2384 0.696151 0.506374 0.00100738
2385 0.696151 0.506087 0.00101927
2386 0.696151 0.506374 0.00100738
2387 0.696151 0.506412 0.00100704
2388 0.696151 0.506374 0.00100738
2389 0.696151 0.506136 0.00101611
2390 0.696151 0.506478 0.00100988
2391 0.696151 0.506374 0.00100738
2392 0.696151 0.506374 0.00100738
2393 0.696151 0.506114 0.00101749
2394 0.696151 0.505628 0.00106101
2395 0.696151 0.506374 0.00100738
2396 0.696151 0.506374 0.00100738
2397 0.696151 0.506374 0.00100738
2398 0.696151 0.506374 0.00100738
2399 0.696151 0.506374 0.00100738
2400 0.696151 0.506313 0.00101706
2401 0.696151 0.505551 0.00108568
2402 0.696151 0.505415 0.0011146
2403 0.696151 0.506374 0.00100738
2404 0.696151 0.506463 0.00111059
2405 0.696151 0.506737 0.00101621
2406 0.696151 0.505931 0.00102723
2407 0.696151 0.506374 0.00100738
2408 0.696151 0.507574 0.00113601
2409 0.696151 0.506313 0.00100853
2410 0.696151 0.506374 0.00100738
2411 0.696151 0.506374 0.00100738
2412 0.696151 0.506336 0.00100801
2413 0.696151 0.506374 0.00100738
2414 0.696151 0.506374 0.00100738
2415 0.696151 0.506374 0.00100738
2416 0.696151 0.506374 0.00100738
2417 0.696151 0.506368 0.00100746
2418 0.696151 0.506364 0.00100751
2419 0.696151 0.506374 0.00100738
2420 0.696151 0.506374 0.00100738
2421 0.696151 0.506374 0.00100738
2422 0.696151 0.506374 0.00100738
2423 0.696151 0.506374 0.00100738
2424 0.696151 0.506621 0.00101032
2425 0.696151 0.506374 0.00100738
2426 0.696151 0.506374 0.00100738
2427 0.696151 0.506374 0.00100738
2428 0.696151 0.506374 0.00100738
2429 0.696151 0.506374 0.00100738
2430 0.696151 0.506374 0.00100738
2431 0.696151 0.505362 0.00112284
2432 0.696151 0.506374 0.00100738
2433 0.696151 0.506465 0.00100704
2434 0.696151 0.506353 0.00100769
2435 0.696151 0.506374 0.00100738
2436 0.696151 0.506374 0.00100738
2437 0.696151 0.506369 0.00100745
2438 0.696151 0.505273 0.00110234
2439 0.696151 0.506131 0.00101354
2440 0.696151 0.506342 0.0010079
2441 0.696151 0.506242 0.0010108
2442 0.696151 0.506542 0.00100805
2443 0.696151 0.506374 0.00100738
2444 0.696151 0.506351 0.00100773
2445 0.696151 0.506496 0.00103461
2446 0.696151 0.506402 0.0010071
2447 0.696151 0.506216 0.00101189
2448 0.696151 0.506421 0.001007
2449 0.696151 0.506374 0.00100738
2450 0.696151 0.506374 0.00100738
2451 0.696151 0.506374 0.00100738
2452 0.696151 0.506374 0.00100738
2453 0.696151 0.506374 0.00100738
2454 0.696151 0.506374 0.00100738
2455 0.696151 0.506374 0.00100738
2456 0.696151 0.505973 0.00102857
2457 0.696151 0.506658 0.00101434
2458 0.696151 0.506883 0.00102676
2459 0.696151 0.506319 0.00106659
2460 0.696151 0.506374 0.00100738
2461 0.696151 0.506374 0.00100738
2462 0.696151 0.506328 0.00100817
2463 0.696151 0.506322 0.00100831
2464 0.696151 0.506374 0.00100738
2465 0.696151 0.506374 0.00100738
2466 0.696151 0.506374 0.00100738
2467 0.696151 0.506374 0.00100738
2468 0.696151 0.507478 0.00105351
2469 0.696151 0.506374 0.00100738
2470 0.696151 0.506773 0.00101816
2471 0.696151 0.506374 0.00100738
2472 0.696151 0.506374 0.00100738
2473 0.696151 0.506374 0.00100738
2474 0.696151 0.506374 0.00100738
2475 0.696151 0.505755 0.00105368
2476 0.696151 0.506045 0.00102244
2477 0.696151 0.506148 0.00101539
2478 0.696151 0.506374 0.00100738
2479 0.696151 0.506374 0.00100738
2480 0.696151 0.507078 0.00102289
2481 0.696151 0.506374 0.00100738
2482 0.696151 0.506374 0.00100738
2483 0.696151 0.506374 0.00100738
2484 0.696151 0.506406 0.00100707
2485 0.696151 0.506374 0.00100738
2486 0.696151 0.506374 0.00100738
2487 0.696151 0.506374 0.00100738
2488 0.696151 0.506374 0.00100738
2489 0.696151 0.506374 0.00100738
2490 0.696151 0.506374 0.00100738
2491 0.696151 0.506372 0.0010074
2492 0.696151 0.506374 0.00100738
2493 0.696151 0.506448 0.00100687
2494 0.696151 0.506374 0.00100738
2495 0.696151 0.506374 0.00100738
2496 0.696151 0.506374 0.00100738
2497 0.696151 0.506192 0.00101304
2498 0.696151 0.507162 0.00103617
2499 0.696151 0.505826 0.00103321
2500 0.696151 0.508132 0.00129385
2501 0.696151 0.506664 0.00114516
2502 0.696151 0.507252 0.00115378
2503 0.696151 0.506827 0.00114158
2504 0.696151 0.507513 0.00117145
2505 0.696151 0.506305 0.00117602
2506 0.696151 0.507131 0.00117711
2507 0.696151 0.507109 0.00114278
2508 0.696151 0.506956 0.00114147
2509 0.696151 0.506827 0.00114158
2510 0.696151 0.50751 0.00117876
2511 0.696151 0.506464 0.0011598
2512 0.696151 0.506827 0.00114158
2513 0.696151 0.506543 0.00115354
2514 0.696151 0.506827 0.00114158
2515 0.696151 0.506827 0.00114158
2516 0.696151 0.506827 0.00114158
2517 0.696151 0.506827 0.00114158
2518 0.696151 0.506856 0.00114127
2519 0.696151 0.506827 0.00114158
2520 0.696151 0.506827 0.00114158
2521 0.696151 0.507206 0.00115069
2522 0.696151 0.507361 0.00116276
2523 0.696151 0.506827 0.00114158
2524 0.696151 0.506827 0.00114158
2525 0.696151 0.506934 0.00114126
2526 0.696151 0.506992 0.00114203
2527 0.696151 0.506899 0.00114111
2528 0.696151 0.506827 0.00114158
2529 0.696151 0.506712 0.00114449
2530 0.696151 0.506827 0.00114158
2531 0.696151 0.506827 0.00114158
2532 0.696151 0.506827 0.00114158
2533 0.696151 0.506214 0.00118769
2534 0.696151 0.506827 0.00114158
2535 0.696151 0.50678 0.00114244
2536 0.696151 0.506881 0.00114113
2537 0.696151 0.506706 0.00114479
2538 0.696151 0.508411 0.00125475
2539 0.696151 0.506827 0.00114158
2540 0.696151 0.506827 0.00114158
2541 0.696151 0.506964 0.00114157
2542 0.696151 0.506249 0.00117572
2543 0.696151 0.506827 0.00114158
2544 0.696151 0.506205 0.00118892
2545 0.696151 0.506888 0.00114111
2546 0.696151 0.506771 0.00114391
2547 0.696151 0.506827 0.00114158
2548 0.696151 0.505486 0.00134004
2549 0.696151 0.507961 0.00125442
2550 0.696151 0.507554 0.00118445
2551 0.696151 0.507403 0.00127487
2552 0.696151 0.506261 0.00118143
2553 0.696151 0.506827 0.00114158
2554 0.696151 0.506827 0.00114158
2555 0.696151 0.506827 0.00114158
2556 0.696151 0.507093 0.00116177
2557 0.696151 0.507213 0.00116979
2558 0.696151 0.507357 0.00115162
2559 0.696151 0.506837 0.00117932
2560 0.696151 0.506827 0.00114158
2561 0.696151 0.506827 0.00114158
2562 0.696151 0.506827 0.00114158
2563 0.696151 0.506967 0.00114161
2564 0.696151 0.506595 0.00115017
2565 0.696151 0.506822 0.00114167
2566 0.696151 0.506654 0.00114696
2567 0.696151 0.506827 0.00114158
2568 0.696151 0.506827 0.00114158
2569 0.696151 0.506781 0.00114243
2570 0.696151 0.506827 0.00114158
2571 0.696151 0.506877 0.00114114
2572 0.696151 0.506827 0.00114158
2573 0.696151 0.506873 0.00114116
2574 0.696151 0.506827 0.00114158
2575 0.696151 0.506827 0.00114158
2576 0.696151 0.506827 0.00114158
2577 0.696151 0.506245 0.00117293
2578 0.696151 0.507254 0.00115392
2579 0.696151 0.50641 0.0011579
2580 0.696151 0.506827 0.00114158
2581 0.696151 0.506798 0.00114207
2582 0.696151 0.506827 0.00114158
2583 0.696151 0.507271 0.00117006
2584 0.696151 0.507179 0.00114911
2585 0.696151 0.506827 0.00114158
2586 0.696151 0.506711 0.00114454
2587 0.696151 0.507851 0.00123222
2588 0.696151 0.506827 0.00114158
2589 0.696151 0.50721 0.00115097
2590 0.696151 0.506827 0.00114158
2591 0.696151 0.506827 0.00114158
2592 0.696151 0.506827 0.00114158
2593 0.696151 0.506827 0.00114158
2594 0.696151 0.506827 0.00114158
2595 0.696151 0.505908 0.00120122
2596 0.696151 0.506827 0.00114158
2597 0.696151 0.507177 0.00114283
2598 0.696151 0.50586 0.00127906
2599 0.696151 0.506827 0.00114158
2600 0.696151 0.506827 0.00114158
2601 0.696151 0.507077 0.00114438
2602 0.696151 0.505193 0.00143103
2603 0.696151 0.50701 0.00114241
2604 0.696151 0.50662 0.00114873
2605 0.696151 0.507501 0.00123775
2606 0.696151 0.507334 0.00115347
2607 0.696151 0.506827 0.00114158
2608 0.696151 0.506787 0.00114231
2609 0.696151 0.506823 0.00114163
2610 0.696151 0.506827 0.00114158
2611 0.696151 0.506827 0.00114158
2612 0.696151 0.506827 0.00114158
2613 0.696151 0.506827 0.00114158
2614 0.696151 0.507287 0.001148
2615 0.696151 0.506827 0.00114158
2616 0.696151 0.506887 0.00114112
2617 0.696151 0.506921 0.00114117
2618 0.696151 0.506827 0.00114158
2619 0.696151 0.506698 0.00114503
2620 0.696151 0.507676 0.0011912
2621 0.696151 0.507151 0.00116324
2622 0.696151 0.506512 0.00117235
2623 0.696151 0.507018 0.00114259
2624 0.696151 0.506853 0.00114129
2625 0.696151 0.506843 0.00114139
2626 0.696151 0.506618 0.00114886
2627 0.696151 0.506775 0.00114258
2628 0.696151 0.50677 0.0011427
2629 0.696151 0.506827 0.00114158
2630 0.696151 0.506827 0.00114158
2631 0.696151 0.506827 0.00114158
2632 0.696151 0.506827 0.00114158
2633 0.696151 0.506827 0.00114158
2634 0.696151 0.506827 0.00114158
2635 0.696151 0.507023 0.00114273
2636 0.696151 0.506827 0.00114158
2637 0.696151 0.506827 0.00114158
2638 0.696151 0.506701 0.00114492
2639 0.696151 0.507441 0.00115889
2640 0.696151 0.506564 0.0011494
2641 0.696151 0.508286 0.00122716
2642 0.696151 0.506965 0.00114158
2643 0.696151 0.506308 0.00116088
2644 0.696151 0.506827 0.00114158
2645 0.696151 0.506827 0.00114158
2646 0.696151 0.506827 0.00114158
2647 0.696151 0.507092 0.00114496
2648 0.696151 0.506827 0.00114158
2649 0.696151 0.506827 0.00114158
2650 0.696151 0.506827 0.00114158
2651 0.696151 0.506827 0.00114158
2652 0.696151 0.506403 0.00116545
2653 0.696151 0.506827 0.00114158
2654 0.696151 0.50666 0.00114667
2655 0.696151 0.506827 0.00114158
2656 0.696151 0.506827 0.00114158
2657 0.696151 0.506759 0.00114299
2658 0.696151 0.506827 0.00114158
2659 0.696151 0.506827 0.00114158
2660 0.696151 0.506827 0.00114158
2661 0.696151 0.506827 0.00114158
2662 0.696151 0.506565 0.00115207
2663 0.696151 0.506827 0.00114158
2664 0.696151 0.506827 0.00114158
2665 0.696151 0.506676 0.00114595
2666 0.696151 0.506827 0.00114158
2667 0.696151 0.507903 0.00124261
2668 0.696151 0.506827 0.00114158
2669 0.696151 0.506483 0.00115818
2670 0.696151 0.507035 0.00114305
2671 0.696151 0.506827 0.00114158
2672 0.696151 0.506827 0.00114158
2673 0.696151 0.506827 0.00114158
2674 0.696151 0.506827 0.00114158
2675 0.696151 0.506827 0.00114158
2676 0.696151 0.508114 0.00121498
2677 0.696151 0.506827 0.00114158
2678 0.696151 0.506827 0.00114158
2679 0.696151 0.507755 0.00117416
2680 0.696151 0.506998 0.00114214
2681 0.696151 0.506827 0.00114158
2682 0.696151 0.506888 0.00114111
2683 0.696151 0.506935 0.00114126
2684 0.696151 0.506803 0.00114197
2685 0.696151 0.506827 0.00114158
2686 0.696151 0.507557 0.00118476
2687 0.696151 0.506924 0.00114732
2688 0.696151 0.506827 0.00114158
2689 0.696151 0.506827 0.00114158
2690 0.696151 0.507255 0.00115402
2691 0.696151 0.506827 0.00114158
2692 0.696151 0.506827 0.00114158
2693 0.696151 0.506827 0.00114158
2694 0.696151 0.50583 0.0012547
2695 0.696151 0.506827 0.00114158
2696 0.696151 0.505968 0.00120502
2697 0.696151 0.507368 0.00116342
2698 0.696151 0.507812 0.00124038
2699 0.696151 0.506099 0.00119984
2700 0.696151 0.506827 0.00114158
2701 0.696151 0.506924 0.00114119
2702 0.696151 0.506827 0.00114158
2703 0.696151 0.506224 0.00120363
2704 0.696151 0.506827 0.00114158
2705 0.696151 0.507281 0.00115593
2706 0.696151 0.506827 0.00114158
2707 0.696151 0.506827 0.00114158
2708 0.696151 0.506827 0.00114158
2709 0.696151 0.507598 0.00119033
2710 0.696151 0.506827 0.00114158
2711 0.696151 0.50735 0.00116169
2712 0.696151 0.506837 0.00114401
2713 0.696151 0.506827 0.00114158
2714 0.696151 0.506549 0.00115195
2715 0.696151 0.506827 0.00114158
2716 0.696151 0.506827 0.00114158
2717 0.696151 0.507025 0.00114641
2718 0.696151 0.506827 0.00114158
2719 0.696151 0.507434 0.00117007
2720 0.696151 0.506547 0.00115326
2721 0.696151 0.506827 0.00114158
2722 0.696151 0.507497 0.0011772
2723 0.696151 0.506827 0.00114158
2724 0.696151 0.506827 0.00114158
2725 0.696151 0.507375 0.00116401
2726 0.696151 0.506827 0.00114158
2727 0.696151 0.506827 0.00114158
2728 0.696151 0.506827 0.00114158
2729 0.696151 0.507244 0.0011532
2730 0.696151 0.506827 0.00114158
2731 0.696151 0.506601 0.00114984
2732 0.696151 0.506819 0.0011417
2733 0.696151 0.506827 0.00114158
2734 0.696151 0.506633 0.00114803
2735 0.696151 0.506827 0.00114158
2736 0.696151 0.507554 0.00118441
2737 0.696151 0.50607 0.00129571
2738 0.696151 0.506827 0.00114158
2739 0.696151 0.506647 0.00114568
2740 0.696151 0.506827 0.00114158
2741 0.696151 0.506875 0.00114263
2742 0.696151 0.506827 0.00114158
2743 0.696151 0.506803 0.00114197
2744 0.696151 0.507174 0.00114885
2745 0.696151 0.506827 0.00114158
2746 0.696151 0.506827 0.00114158
2747 0.696151 0.506347 0.00117122
2748 0.696151 0.507073 0.00115614
2749 0.696151 0.506827 0.00114158
2750 0.696151 0.507159 0.00114802
2751 0.696151 0.506827 0.00114158
2752 0.696151 0.506827 0.00114158
2753 0.696151 0.507484 0.00117795
2754 0.696151 0.506829 0.00114156
2755 0.696151 0.50646 0.00116011
2756 0.696151 0.506827 0.00114158
2757 0.696151 0.506827 0.00114158
2758 0.696151 0.506421 0.00116469
2759 0.696151 0.506664 0.0011465
2760 0.696151 0.506827 0.00114158
2761 0.696151 0.506706 0.00114472
2762 0.696151 0.506827 0.00114158
2763 0.696151 0.508075 0.00124128
2764 0.696151 0.507169 0.00114855
2765 0.696151 0.506827 0.00114158
2766 0.696151 0.506427 0.00116308
2767 0.696151 0.506885 0.00114112
2768 0.696151 0.506825 0.00114161
2769 0.696151 0.506503 0.00117108
2770 0.696151 0.506665 0.00114646
2771 0.696151 0.506668 0.00114633
2772 0.696151 0.506827 0.00114158
2773 0.696151 0.506827 0.00114158
2774 0.696151 0.506701 0.0011449
2775 0.696151 0.506827 0.00114158
2776 0.696151 0.506917 0.00114079
2777 0.696151 0.506827 0.00114158
2778 0.696151 0.506827 0.00114158
2779 0.696151 0.50685 0.00114132
2780 0.696151 0.506286 0.00117044
2781 0.696151 0.506827 0.00114158
2782 0.696151 0.506827 0.00114158
2783 0.696151 0.506827 0.00114158
2784 0.696151 0.506907 0.00114133
2785 0.696151 0.50715 0.00114789
2786 0.696151 0.506827 0.00114158
2787 0.696151 0.507032 0.00114322
2788 0.696151 0.506827 0.00114158
2789 0.696151 0.506827 0.00114158
2790 0.696151 0.506812 0.00114181
2791 0.696151 0.506827 0.00114158
2792 0.696151 0.506697 0.00114441
2793 0.696151 0.505982 0.00122468
2794 0.696151 0.507199 0.0011503
2795 0.696151 0.506827 0.00114158
2796 0.696151 0.506827 0.00114158
2797 0.696151 0.506827 0.00114158
2798 0.696151 0.506678 0.00114473
2799 0.696151 0.506827 0.00114158
2800 0.696151 0.506851 0.00114131
2801 0.696151 0.506779 0.00114247
2802 0.696151 0.506827 0.00114158
2803 0.696151 0.506827 0.00114158
2804 0.696151 0.506827 0.00114158
2805 0.696151 0.506827 0.00114158
2806 0.696151 0.507087 0.00114147
2807 0.696151 0.506827 0.00114158
2808 0.696151 0.506924 0.00114119
2809 0.696151 0.506827 0.00114158
2810 0.696151 0.507009 0.00114237
2811 0.696151 0.506997 0.00114242
2812 0.696151 0.506827 0.00114158
2813 0.696151 0.506827 0.00114158
2814 0.696151 0.50706 0.00116245
2815 0.696151 0.506827 0.00114158
2816 0.696151 0.506636 0.00114788
2817 0.696151 0.506842 0.0011414
2818 0.696151 0.508791 0.00133579
2819 0.696151 0.506086 0.001218
2820 0.696151 0.506827 0.00114158
2821 0.696151 0.506617 0.00114888
2822 0.696151 0.508097 0.00128532
2823 0.696151 0.506768 0.00114275
2824 0.696151 0.506827 0.00114158
2825 0.696151 0.506499 0.00115687
2826 0.696151 0.506966 0.00115359
2827 0.696151 0.506803 0.00114197
2828 0.696151 0.506827 0.00114158
2829 0.696151 0.506827 0.00114158
2830 0.696151 0.506827 0.00114158
2831 0.696151 0.506928 0.00114383
2832 0.696151 0.506711 0.00114453
2833 0.696151 0.507011 0.00114243
2834 0.696151 0.506827 0.00114158
2835 0.696151 0.505763 0.00121701
2836 0.696151 0.506827 0.00114158
2837 0.696151 0.506827 0.00114158
2838 0.696151 0.506827 0.00114158
2839 0.696151 0.507269 0.001155
2840 0.696151 0.506453 0.00117356
2841 0.696151 0.505385 0.00132943
2842 0.696151 0.506827 0.00114158
2843 0.696151 0.506874 0.00114116
2844 0.696151 0.506827 0.00114158
2845 0.696151 0.506607 0.00114944
2846 0.696151 0.506836 0.00114147
2847 0.696151 0.507204 0.00115062
2848 0.696151 0.506317 0.00117463
2849 0.696151 0.506827 0.00114158
2850 0.696151 0.50547 0.0012551
2851 0.696151 0.507671 0.00120113
2852 0.696151 0.506636 0.00114786
2853 0.696151 0.506827 0.00114158
2854 0.696151 0.505916 0.00120006
2855 0.696151 0.506827 0.00114158
2856 0.696151 0.506827 0.00114158
2857 0.696151 0.506827 0.00114158
2858 0.696151 0.506872 0.00114117
2859 0.696151 0.506633 0.00114841
2860 0.696151 0.507368 0.00116334
2861 0.696151 0.506642 0.00114852
2862 0.696151 0.506827 0.00114158
2863 0.696151 0.506827 0.00114158
2864 0.696151 0.506644 0.00114669
2865 0.696151 0.506724 0.00114405
2866 0.696151 0.50747 0.00117403
2867 0.696151 0.507297 0.00115716
2868 0.696151 0.507263 0.00115721
2869 0.696151 0.506149 0.00119687
2870 0.696151 0.506359 0.0011688
2871 0.696151 0.506822 0.00114165
2872 0.696151 0.506384 0.00116736
2873 0.696151 0.507177 0.00114899
2874 0.696151 0.506827 0.00114158
2875 0.696151 0.506365 0.00116929
2876 0.696151 0.506827 0.00114158
2877 0.696151 0.506827 0.00114158
2878 0.696151 0.506827 0.00114158
2879 0.696151 0.506888 0.00114111
2880 0.696151 0.506419 0.00116382
2881 0.696151 0.506803 0.00114197
2882 0.696151 0.506827 0.00114158
2883 0.696151 0.506955 0.00114146
2884 0.696151 0.506457 0.00116038
2885 0.696151 0.507618 0.00120489
2886 0.696151 0.506982 0.00114185
2887 0.696151 0.506918 0.00127593
2888 0.696151 0.506825 0.00114161
2889 0.696151 0.506827 0.00114158
2890 0.696151 0.507336 0.00116047
2891 0.696151 0.506827 0.00114158
2892 0.696151 0.506827 0.00114158
2893 0.696151 0.506827 0.00114158
2894 0.696151 0.507376 0.00115675
2895 0.696151 0.506827 0.00114158
2896 0.696151 0.506827 0.00114158
2897 0.696151 0.506827 0.00114158
2898 0.696151 0.506827 0.00114158
2899 0.696151 0.506786 0.00114233
2900 0.696151 0.506432 0.00116268
2901 0.696151 0.505954 0.00120072
2902 0.696151 0.507258 0.00116516
2903 0.696151 0.506827 0.00114158
2904 0.696151 0.506827 0.00114158
2905 0.696151 0.506979 0.0011418
2906 0.696151 0.506827 0.00114158
2907 0.696151 0.507309 0.00115816
2908 0.696151 0.506646 0.00114738
2909 0.696151 0.506827 0.00114158
2910 0.696151 0.506298 0.00126444
2911 0.696151 0.508323 0.0013807
2912 0.696151 0.507228 0.00117703
2913 0.696151 0.50665 0.00117525
2914 0.696151 0.507155 0.00116796
2915 0.696151 0.506805 0.0011676
2916 0.696151 0.507231 0.00118944
2917 0.696151 0.506718 0.00117131
2918 0.696151 0.506905 0.00116521
2919 0.696151 0.506905 0.00116521
2920 0.696151 0.506905 0.00116521
2921 0.696151 0.506814 0.00117922
2922 0.696151 0.506613 0.00117784
2923 0.696151 0.507253 0.00116706
2924 0.696151 0.507067 0.00116589
2925 0.696151 0.506608 0.00117477
2926 0.696151 0.506905 0.00116521
2927 0.696151 0.506902 0.00116525
2928 0.696151 0.50729 0.00118852
2929 0.696151 0.506905 0.00116521
2930 0.696151 0.507165 0.00116833
2931 0.696151 0.507089 0.00116602
2932 0.696151 0.506256 0.00121636
2933 0.696151 0.506898 0.00116532
2934 0.696151 0.508116 0.00122324
2935 0.696151 0.506084 0.0012441
2936 0.696151 0.506842 0.0011665
2937 0.696151 0.507957 0.00119332
2938 0.696151 0.506905 0.00116521
2939 0.696151 0.506714 0.00117151
2940 0.696151 0.506905 0.00116521
2941 0.696151 0.506919 0.00116504
2942 0.696151 0.5065 0.00119404
2943 0.696151 0.506758 0.00117574
2944 0.696151 0.505991 0.00123997
2945 0.696151 0.506905 0.00116521
2946 0.696151 0.507353 0.00117907
2947 0.696151 0.506905 0.00116521
2948 0.696151 0.506905 0.00116521
2949 0.696151 0.507026 0.00116499
2950 0.696151 0.506577 0.00118052
2951 0.696151 0.506603 0.00117857
2952 0.696151 0.506905 0.00116521
2953 0.696151 0.506905 0.00116521
2954 0.696151 0.506408 0.00118438
2955 0.696151 0.506905 0.00116521
2956 0.696151 0.506905 0.00116521
2957 0.696151 0.507362 0.00117164
2958 0.696151 0.506962 0.00116474
2959 0.696151 0.506905 0.00116521
2960 0.696151 0.507958 0.0012308
2961 0.696151 0.506905 0.00116521
2962 0.696151 0.506718 0.00119347
2963 0.696151 0.507539 0.00118224
2964 0.696151 0.506532 0.00118433
2965 0.696151 0.506926 0.00118437
2966 0.696151 0.506769 0.00116896
2967 0.696151 0.506744 0.00116879
2968 0.696151 0.50651 0.00123798
2969 0.696151 0.507402 0.00118297
2970 0.696151 0.507462 0.0011728
2971 0.696151 0.507018 0.00116491
2972 0.696151 0.506905 0.00116521
2973 0.696151 0.506905 0.00116521
2974 0.696151 0.507046 0.00117057
2975 0.696151 0.506774 0.00116874
2976 0.696151 0.50747 0.00118924
2977 0.696151 0.506762 0.00116829
2978 0.696151 0.506905 0.00116521
2979 0.696151 0.506905 0.00116521
2980 0.696151 0.506905 0.00116521
2981 0.696151 0.506773 0.00118266
2982 0.696151 0.50704 0.00116515
2983 0.696151 0.507126 0.00117125
2984 0.696151 0.506096 0.00122795
2985 0.696151 0.506623 0.00117752
2986 0.696151 0.506799 0.00119309
2987 0.696151 0.506905 0.00116521
2988 0.696151 0.50709 0.00116605
2989 0.696151 0.506918 0.00116505
2990 0.696151 0.506905 0.00116521
2991 0.696151 0.506905 0.00116521
2992 0.696151 0.506905 0.00116521
2993 0.696151 0.50584 0.00132821
2994 0.696151 0.507354 0.00117914
2995 0.696151 0.506078 0.00124519
2996 0.696151 0.506905 0.00116521
2997 0.696151 0.506997 0.00116477
2998 0.696151 0.506905 0.00116521
2999 0.696151 0.50698 0.00116838
3000 0.696151 0.506832 0.001167
