0 0.670796 0.503262 0.00142571 0s
1 0.670796 0.499745 0.00253204 96.3186s
2 0.670796 0.497281 0.00281485 97.9436s
3 0.670796 0.499256 0.00253828 95.6462s
4 0.670796 0.50782 0.00249482 97.375s
5 0.670796 0.507606 0.00197552 96.0766s
6 0.670796 0.512923 0.00263183 97.6425s
7 0.670796 0.509313 0.00270443 97.5681s
8 0.670796 0.50484 0.00247968 97.2516s
9 0.670796 0.506636 0.00258751 97.2327s
10 0.670796 0.508975 0.00319684 96.7012s
11 0.671511 0.506004 0.0033573 97.527s
12 0.671511 0.510795 0.00310058 96.6644s
13 0.671511 0.504144 0.00389885 96.4527s
14 0.671511 0.511313 0.00290773 97.3507s
15 0.671511 0.500196 0.00342783 97.5566s
16 0.672839 0.506334 0.0042093 96.8805s
17 0.672839 0.507018 0.00381549 97.4815s
18 0.672839 0.504438 0.00332632 97.9287s
19 0.681476 0.496927 0.00396419 97.7692s
20 0.681476 0.509713 0.00414411 97.5382s
21 0.681476 0.504939 0.00413244 95.3817s
22 0.681476 0.506242 0.00342515 99.1405s
23 0.695154 0.505784 0.00358477 97.0444s
24 0.695154 0.50884 0.00344668 97.7556s
25 0.695154 0.504403 0.00361882 98.1351s
26 0.695154 0.51081 0.00413575 97.3097s
27 0.695154 0.504692 0.00333833 97.7221s
28 0.695154 0.500605 0.00397198 97.3554s
29 0.695154 0.497397 0.00479817 97.8069s
30 0.695154 0.503631 0.00468438 97.6206s
31 0.695154 0.503227 0.00579229 97.2649s
32 0.695154 0.511293 0.00399584 96.972s
33 0.701576 0.5107 0.00477533 95.4216s
34 0.701576 0.51 0.00427413 97.5065s
35 0.701576 0.501956 0.00437838 97.0168s
36 0.701576 0.507411 0.00409474 97.4008s
37 0.701576 0.498492 0.00445214 97.2083s
38 0.701576 0.495328 0.00445035 97.8516s
39 0.701576 0.50846 0.00397905 97.5174s
40 0.701576 0.507652 0.00453438 96.7033s
41 0.701576 0.515342 0.00400375 96.8411s
42 0.701576 0.512639 0.004013 96.6436s
43 0.701576 0.51086 0.00388696 97.4335s
44 0.701576 0.504042 0.00404919 97.1149s
45 0.701576 0.51235 0.00445563 97.0739s
46 0.701576 0.516176 0.00355707 97.2271s
47 0.701576 0.503218 0.00393006 97.5246s
48 0.701576 0.501353 0.00422414 97.6123s
49 0.701576 0.514112 0.00419708 97.8484s
50 0.701576 0.510548 0.00373508 97.0034s
51 0.701576 0.511681 0.00411695 97.9845s
52 0.701576 0.513011 0.00360728 98.0837s
53 0.701576 0.508098 0.00394281 97.5539s
54 0.740208 0.510523 0.004796 96.9987s
55 0.740208 0.502099 0.00532888 94.5223s
56 0.740208 0.518958 0.00442918 100.281s
57 0.740208 0.498574 0.00527429 100.764s
58 0.740208 0.515322 0.00400752 100.455s
59 0.740208 0.511067 0.00488939 100.123s
60 0.740208 0.511263 0.00451048 100.567s
61 0.740208 0.518207 0.00433861 100.653s
62 0.740208 0.514634 0.00374068 100.343s
63 0.740208 0.513533 0.00411737 100.604s
64 0.740208 0.506178 0.00476672 100.56s
65 0.740208 0.505838 0.00521294 100.84s
66 0.740208 0.500162 0.00573527 101.964s
67 0.740208 0.507223 0.0048208 101.443s
68 0.740208 0.508768 0.00461616 101.199s
69 0.740208 0.509088 0.0046777 100.929s
70 0.740208 0.51268 0.00495813 98.2456s
71 0.740208 0.508302 0.00553891 98.235s
72 0.740208 0.521456 0.0049931 98.012s
73 0.740208 0.507801 0.00574611 97.4517s
74 0.740208 0.510282 0.00481002 97.2904s
75 0.740208 0.512001 0.00454518 97.3821s
76 0.740208 0.518129 0.00430146 98.1861s
77 0.740208 0.514701 0.00483045 97.1609s
78 0.740208 0.511342 0.00478047 97.9962s
79 0.740208 0.514586 0.00556015 96.8242s
80 0.740208 0.516762 0.00475518 96.8913s
81 0.740208 0.517126 0.00466756 98.5552s
82 0.740208 0.511998 0.00606272 98.2439s
83 0.740208 0.518932 0.00455772 98.4368s
84 0.740208 0.509536 0.00542755 97.8634s
85 0.740208 0.507254 0.00557128 98.222s
86 0.740208 0.510215 0.00450182 95.5237s
87 0.740208 0.52286 0.00366194 95.2168s
88 0.740208 0.505099 0.00500125 98.8791s
89 0.740208 0.514262 0.00567929 98.5282s
90 0.740208 0.510142 0.00516407 96.7331s
91 0.740208 0.513207 0.00589828 96.5222s
92 0.740208 0.509702 0.00567025 97.1162s
93 0.740208 0.515857 0.0048354 97.2236s
94 0.740208 0.518266 0.00543139 97.6425s
95 0.740208 0.511428 0.00418775 97.441s
96 0.740208 0.513445 0.00559616 97.6371s
97 0.740208 0.50628 0.00556923 97.4193s
98 0.740208 0.509539 0.00537771 99.1719s
99 0.740208 0.514262 0.00438111 97.9061s
100 0.740208 0.509342 0.00624432 98.3316s
101 0.740208 0.514057 0.00589233 98.4994s
102 0.740208 0.509997 0.00511041 98.0288s
103 0.740208 0.507639 0.0044758 97.4575s
104 0.740208 0.51937 0.00473374 97.7251s
105 0.740208 0.511486 0.00531928 98.0995s
106 0.740208 0.510952 0.00488243 98.5705s
107 0.740208 0.498749 0.00537405 95.9744s
108 0.740208 0.50943 0.00517788 101.751s
109 0.755982 0.504461 0.00503021 100.895s
110 0.755982 0.512726 0.00528274 101.456s
111 0.755982 0.514558 0.00515262 100.934s
112 0.755982 0.51622 0.00622003 101.028s
113 0.755982 0.514166 0.00546282 101.185s
114 0.755982 0.510981 0.00559683 101.138s
115 0.755982 0.508782 0.00515043 101.375s
116 0.755982 0.505964 0.00578047 100.908s
117 0.755982 0.518196 0.00438056 100.471s
118 0.755982 0.518934 0.00666677 100.888s
119 0.755982 0.500521 0.00598875 101.162s
120 0.755982 0.520748 0.00561713 101.134s
121 0.755982 0.50792 0.00682584 100.225s
122 0.755982 0.513697 0.00489255 97.7722s
123 0.755982 0.50776 0.00548582 96.0173s
124 0.755982 0.507557 0.0065283 97.9672s
125 0.755982 0.515183 0.00637618 97.938s
126 0.755982 0.520142 0.00513747 98.1271s
127 0.755982 0.501761 0.00555219 98.2471s
128 0.755982 0.519661 0.00619192 96.0961s
129 0.755982 0.516266 0.00524612 96.8811s
130 0.755982 0.525043 0.00629199 97.4713s
131 0.755982 0.515716 0.00558903 95.8657s
132 0.755982 0.523901 0.00491992 97.8501s
133 0.755982 0.500597 0.00584518 97.5853s
134 0.755982 0.517454 0.00592292 97.3968s
135 0.755982 0.515865 0.00521528 97.5305s
136 0.755982 0.512765 0.00648069 97.748s
137 0.755982 0.512801 0.00619941 98.5171s
138 0.755982 0.515676 0.00642044 98.2356s
139 0.755982 0.517988 0.0052107 98.1153s
140 0.755982 0.511508 0.00526842 97.2104s
141 0.755982 0.527549 0.00608531 98.0459s
142 0.755982 0.510532 0.00659758 98.1282s
143 0.755982 0.522377 0.00646217 98.5265s
144 0.755982 0.520937 0.00622507 97.4547s
145 0.755982 0.518405 0.00672716 98.0013s
146 0.755982 0.530654 0.00594073 97.9707s
147 0.755982 0.514672 0.00659058 98.2215s
148 0.755982 0.520296 0.00618059 98.2386s
149 0.755982 0.512274 0.00503173 99.0819s
150 0.755982 0.520702 0.00652765 98.8105s
151 0.755982 0.517872 0.0059844 97.836s
152 0.755982 0.531754 0.00525525 97.8726s
153 0.755982 0.521757 0.00594804 98.1921s
154 0.755982 0.523663 0.00594477 97.4729s
155 0.755982 0.524795 0.00508372 97.1938s
156 0.755982 0.52817 0.00537833 98.2344s
157 0.755982 0.519619 0.0062667 100.254s
158 0.755982 0.531649 0.00525733 99.9856s
159 0.755982 0.533783 0.00537123 96.9895s
160 0.755982 0.527466 0.00541994 95.6064s
161 0.755982 0.522931 0.00553796 97.5951s
162 0.755982 0.524777 0.00673978 98.1009s
163 0.755982 0.523273 0.00717211 97.693s
164 0.755982 0.524051 0.00556923 96.9805s
165 0.755982 0.528824 0.00605054 97.8935s
166 0.755982 0.516924 0.00537878 95.2152s
167 0.755982 0.518856 0.00584427 101.391s
168 0.755982 0.525075 0.00519097 100.7s
169 0.755982 0.514641 0.00688408 100.592s
170 0.755982 0.523174 0.00601589 100.687s
171 0.755982 0.52026 0.00492828 100.933s
172 0.755982 0.524513 0.0050999 100.588s
173 0.755982 0.523813 0.00576503 101.08s
174 0.755982 0.528248 0.00563545 101.139s
175 0.755982 0.528866 0.00539126 100.321s
176 0.755982 0.526144 0.0066638 100.776s
177 0.755982 0.529293 0.00566015 100.634s
178 0.755982 0.525655 0.00577015 101.026s
179 0.755982 0.533138 0.00556542 100.295s
180 0.755982 0.514412 0.0055058 100.005s
181 0.755982 0.534276 0.00522876 100.116s
182 0.755982 0.523 0.00521877 99.5111s
183 0.755982 0.527305 0.00684892 99.4987s
184 0.755982 0.524996 0.00659424 99.275s
185 0.755982 0.524166 0.00625771 99.8354s
186 0.755982 0.518586 0.00535883 100.411s
187 0.755982 0.534749 0.00547628 100.851s
188 0.755982 0.528576 0.00577642 101.29s
189 0.755982 0.531685 0.00505372 101.328s
190 0.755982 0.529658 0.00579715 101.588s
191 0.755982 0.53605 0.00535218 101.215s
192 0.755982 0.53169 0.00483168 101.273s
193 0.755982 0.526103 0.00676256 100.566s
194 0.755982 0.527955 0.00520746 101.756s
195 0.755982 0.524274 0.0063365 97.1876s
196 0.755982 0.537808 0.00562109 95.5758s
197 0.755982 0.541459 0.00465268 98.1835s
198 0.755982 0.527365 0.00471628 98.2397s
199 0.755982 0.547543 0.00591871 97.2209s
200 0.755982 0.542785 0.00458241 96.0877s
201 0.755982 0.544083 0.00541204 97.6457s
202 0.755982 0.537016 0.00686733 95.1252s
203 0.755982 0.536302 0.00503592 97.7609s
204 0.755982 0.530475 0.00609991 98.1162s
205 0.755982 0.529958 0.00718255 97.4369s
206 0.755982 0.52672 0.00579999 97.3674s
207 0.755982 0.530824 0.0058656 96.9401s
208 0.755982 0.524593 0.00584585 97.3355s
209 0.755982 0.54374 0.00552116 97.221s
210 0.755982 0.531504 0.00534147 96.7048s
211 0.770555 0.533616 0.00676287 98.6091s
212 0.770555 0.539859 0.00588432 96.7681s
213 0.770555 0.531401 0.00631545 96.9857s
214 0.770555 0.539094 0.00715447 96.4311s
215 0.770555 0.540665 0.00580857 97.7258s
216 0.770555 0.551781 0.00519804 96.7028s
217 0.770555 0.54327 0.00572462 98.1156s
218 0.770555 0.537752 0.00601034 98.0173s
219 0.770555 0.535607 0.00594745 97.6346s
220 0.770555 0.553739 0.00586345 97.6676s
221 0.770555 0.541828 0.00581408 97.2756s
222 0.770555 0.533428 0.00616884 100.66s
223 0.770555 0.547118 0.00623158 97.3506s
224 0.770555 0.537082 0.0056102 98.0488s
225 0.770555 0.545309 0.00565544 97.9368s
226 0.770555 0.545654 0.00562235 98.0921s
227 0.770555 0.535655 0.00626798 98.3711s
228 0.770555 0.556104 0.00553672 98.33s
229 0.770555 0.543627 0.00600589 97.7121s
230 0.770555 0.542167 0.0068926 98.1198s
231 0.770555 0.549692 0.00520613 97.7293s
232 0.770555 0.55198 0.00634642 95.6183s
233 0.777156 0.553518 0.00566664 95.0975s
234 0.777156 0.543737 0.00591483 97.6729s
235 0.777156 0.54927 0.00617416 98.0242s
236 0.777156 0.540911 0.00624073 96.609s
237 0.777156 0.54331 0.00720605 97.3609s
238 0.777156 0.552019 0.00648741 97.9626s
239 0.777156 0.540919 0.00576549 94.9687s
240 0.777156 0.547174 0.00631351 97.8269s
241 0.777156 0.552869 0.00613723 95.7226s
242 0.777156 0.55059 0.00506567 97.0361s
243 0.777156 0.559915 0.00569594 98.3478s
244 0.777156 0.546155 0.00564872 97.7176s
245 0.777156 0.547293 0.00596905 97.6704s
246 0.777156 0.546918 0.00582976 98.2809s
247 0.777156 0.552562 0.00618756 98.1292s
248 0.777156 0.535196 0.00559028 98.0924s
249 0.777156 0.551479 0.00601794 97.285s
250 0.777156 0.546357 0.00545015 97.4058s
251 0.777156 0.554426 0.00633772 97.9877s
252 0.777156 0.550107 0.0060837 98.3239s
253 0.777156 0.558262 0.00613941 98.1122s
254 0.777156 0.553442 0.00626659 97.9751s
255 0.777156 0.554473 0.00660169 97.7827s
256 0.777156 0.55724 0.00675932 97.9814s
257 0.777156 0.55242 0.00586907 98.202s
258 0.777156 0.550902 0.00617062 98.0117s
259 0.777156 0.554243 0.00675191 97.9784s
260 0.777156 0.563137 0.00608389 97.1806s
261 0.777156 0.554677 0.00606699 97.4871s
262 0.777156 0.563074 0.00635989 97.9308s
263 0.777156 0.55318 0.00647072 97.7141s
264 0.777156 0.550213 0.00601613 97.827s
265 0.777156 0.554611 0.00696808 97.8235s
266 0.777156 0.565555 0.005729 97.5776s
267 0.777156 0.556278 0.00596873 97.29s
268 0.777156 0.54874 0.0068713 98.2016s
269 0.777156 0.563295 0.00624665 95.8533s
270 0.777156 0.561493 0.00759733 98.3536s
271 0.777156 0.544968 0.00685294 97.7829s
272 0.777156 0.555141 0.00826856 98.3829s
273 0.777156 0.560013 0.00698671 98.1386s
274 0.777156 0.55391 0.00584054 98.1226s
275 0.777156 0.556113 0.00685701 97.7915s
276 0.777156 0.550891 0.00662109 97.5783s
277 0.777156 0.55265 0.0060697 97.7111s
278 0.777156 0.55911 0.0068057 98.3214s
279 0.777156 0.552182 0.00671595 94.9996s
280 0.782237 0.563506 0.00768699 97.7473s
281 0.782237 0.563164 0.00582435 97.7089s
282 0.782237 0.54419 0.00583128 97.8096s
283 0.782237 0.552081 0.00649897 97.9356s
284 0.782237 0.561696 0.00678013 97.4989s
285 0.782237 0.550324 0.00619366 97.6871s
286 0.782237 0.558452 0.00661889 97.688s
287 0.782237 0.559569 0.00519657 97.8723s
288 0.782237 0.559111 0.00545203 97.4896s
289 0.813371 0.563899 0.00624737 97.9652s
290 0.813371 0.558502 0.00669214 97.2796s
291 0.813371 0.564684 0.00612126 97.9415s
292 0.813371 0.552855 0.00704815 97.3885s
293 0.813371 0.565238 0.00587488 97.7352s
294 0.813371 0.554976 0.00656851 97.7548s
295 0.813371 0.562033 0.00682788 96.8979s
296 0.813371 0.558528 0.00744151 98.4823s
297 0.813371 0.575118 0.00618635 97.5801s
298 0.813371 0.561644 0.00532555 97.5499s
299 0.813371 0.566824 0.00635146 97.5452s
300 0.813371 0.578388 0.0053715 98.1693s
301 0.813371 0.570697 0.00609385 97.9038s
302 0.813371 0.562171 0.00760842 97.5366s
303 0.813371 0.566124 0.00593967 95.0705s
304 0.813371 0.567645 0.00706365 100.43s
305 0.813371 0.568656 0.00666995 100.388s
306 0.813371 0.569854 0.00621249 96.0583s
307 0.813371 0.573725 0.0061207 100.369s
308 0.813371 0.570979 0.00720534 100.497s
309 0.813371 0.568212 0.00641712 100.669s
310 0.813371 0.564965 0.00665034 100.668s
311 0.813371 0.573183 0.00657995 100.356s
312 0.813371 0.566278 0.00667925 100.419s
313 0.813371 0.568385 0.00598268 100.803s
314 0.813371 0.565635 0.00543336 101.383s
315 0.813371 0.565596 0.00749682 99.5542s
316 0.813371 0.569609 0.00658535 99.1919s
317 0.813371 0.564171 0.00692912 99.9633s
318 0.813371 0.565174 0.00611236 99.5171s
319 0.813371 0.559843 0.00715037 99.3912s
320 0.813371 0.55823 0.00726661 100.692s
321 0.813371 0.560193 0.00764718 100.522s
322 0.813371 0.56884 0.00684837 100.622s
323 0.813371 0.571136 0.00644159 100.479s
324 0.813371 0.556061 0.00681745 100.313s
325 0.813371 0.563673 0.00724144 100.49s
326 0.813371 0.561173 0.00714838 102.256s
327 0.813371 0.572452 0.00689546 95.2316s
328 0.813371 0.557424 0.00692297 98.3973s
329 0.813371 0.552957 0.0062288 97.5044s
330 0.813371 0.550432 0.0075696 97.6447s
331 0.813371 0.560097 0.00741253 98.5738s
332 0.813371 0.562678 0.00684122 97.7615s
333 0.813371 0.567782 0.0066725 97.8758s
334 0.813371 0.575147 0.0070966 97.67s
335 0.813371 0.573564 0.00598354 97.2862s
336 0.813371 0.570642 0.00663379 97.4307s
337 0.813371 0.563329 0.0062628 97.2707s
338 0.813371 0.57031 0.00682313 97.8828s
339 0.813371 0.5626 0.00604803 97.8166s
340 0.813371 0.569543 0.00712964 97.452s
341 0.813371 0.553491 0.00843681 97.6024s
342 0.813371 0.554566 0.0061999 96.27s
343 0.813371 0.56931 0.00686277 95.5866s
344 0.813371 0.555889 0.00674575 97.7756s
345 0.813371 0.561817 0.0060967 98.1359s
346 0.813371 0.552338 0.00752018 99.3984s
347 0.813371 0.564358 0.0065944 97.6669s
348 0.813371 0.567088 0.00636838 97.4908s
349 0.813371 0.556711 0.00736143 97.5326s
350 0.813371 0.566947 0.00689994 97.9289s
351 0.813371 0.564157 0.00637959 95.7117s
352 0.813371 0.569219 0.00698956 97.4342s
353 0.813371 0.567343 0.0062129 98.2593s
354 0.813371 0.568669 0.00670776 97.3637s
355 0.813371 0.568001 0.007331 97.8159s
356 0.813371 0.579679 0.0062782 97.9138s
357 0.813371 0.569551 0.00557276 98.1307s
358 0.813371 0.568303 0.0054448 97.2825s
359 0.813371 0.572418 0.00631135 97.4248s
360 0.813371 0.562415 0.00633885 97.9668s
361 0.813371 0.559441 0.00566886 97.7726s
362 0.813371 0.558852 0.00622352 97.6137s
363 0.813371 0.565186 0.00709093 98.1417s
364 0.813371 0.560018 0.00737701 97.9382s
365 0.813371 0.56392 0.00768452 98.1846s
366 0.835262 0.558554 0.00766466 97.8869s
367 0.835262 0.569521 0.00680757 97.4634s
368 0.835262 0.560615 0.00741493 97.7945s
369 0.835262 0.56404 0.00656438 96.8559s
370 0.835262 0.56653 0.00754475 96.9575s
371 0.835262 0.57333 0.00642615 97.039s
372 0.835262 0.56498 0.00779721 97.5829s
373 0.835262 0.559347 0.00794361 97.4021s
374 0.835262 0.56291 0.00791217 98.252s
375 0.835262 0.570617 0.00642273 97.3553s
376 0.835262 0.554599 0.00823184 97.8424s
377 0.835262 0.561157 0.00678842 97.899s
378 0.835262 0.558476 0.00757423 97.6393s
379 0.835262 0.560018 0.00841423 96.3321s
380 0.835262 0.560166 0.00836903 95.6332s
381 0.835262 0.556058 0.00752696 97.6305s
382 0.835262 0.56264 0.0064453 98.4285s
383 0.835262 0.551376 0.00940677 97.3564s
384 0.835262 0.543951 0.0107274 97.3981s
385 0.835262 0.555627 0.00757785 97.9103s
386 0.835262 0.552417 0.00806388 97.4618s
387 0.835262 0.558068 0.0065227 100.123s
388 0.835262 0.563261 0.00764321 100.953s
389 0.835262 0.579273 0.00797716 96.1494s
390 0.835262 0.558029 0.00773035 97.381s
391 0.835262 0.567109 0.00792387 96.2077s
392 0.835262 0.567809 0.00762299 97.2799s
393 0.835262 0.562427 0.00646304 97.6817s
394 0.835262 0.56526 0.00783279 97.007s
395 0.835262 0.554244 0.00743382 96.6221s
396 0.835262 0.553517 0.00734664 97.4197s
397 0.835262 0.553379 0.00648093 97.3177s
398 0.835262 0.569651 0.00746828 95.208s
399 0.835262 0.563254 0.00698149 99.4402s
400 0.835262 0.556223 0.00769268 96.8378s
401 0.835262 0.565711 0.00697546 94.3372s
402 0.835262 0.556033 0.00752136 97.8081s
403 0.835262 0.559614 0.00721988 97.9179s
404 0.835262 0.558816 0.0085234 98.0375s
405 0.835262 0.56534 0.00729212 97.2963s
406 0.835262 0.56312 0.00698894 97.8699s
407 0.835262 0.552543 0.00839085 97.9015s
408 0.835262 0.560156 0.00792732 98.116s
409 0.835262 0.557317 0.00825605 97.841s
410 0.835262 0.56596 0.00775553 98.0458s
411 0.835262 0.556478 0.00762021 97.4875s
412 0.835262 0.564406 0.00700292 97.9108s
413 0.835262 0.562548 0.00698009 98.4555s
414 0.835262 0.571041 0.00719949 97.4327s
415 0.835262 0.578898 0.00740928 97.4371s
416 0.835262 0.569584 0.00790493 96.1306s
417 0.835262 0.571287 0.00767347 95.3893s
418 0.835262 0.571514 0.00756041 97.5533s
419 0.835262 0.579373 0.00722972 98.599s
420 0.835262 0.568586 0.00771159 97.8814s
421 0.835262 0.564243 0.00752547 96.3085s
422 0.835262 0.570214 0.00670653 96.2862s
423 0.835262 0.573477 0.00675102 96.7722s
424 0.835262 0.572573 0.00691023 96.5241s
425 0.835262 0.561851 0.00713864 96.8576s
426 0.835262 0.570216 0.00802157 95.921s
427 0.835262 0.576444 0.00817366 97.6615s
428 0.835262 0.57052 0.00792451 97.9796s
429 0.835262 0.571648 0.00732638 98.6585s
430 0.835262 0.569788 0.00704943 98.0459s
431 0.835262 0.575997 0.00743771 98.1331s
432 0.835262 0.562995 0.00762043 97.5674s
433 0.835262 0.57084 0.00782961 98.2672s
434 0.835262 0.5746 0.00754617 97.9931s
435 0.835262 0.553182 0.00842615 97.5724s
436 0.835262 0.566489 0.00718142 97.9115s
437 0.835262 0.575597 0.00729695 97.8199s
438 0.835262 0.572984 0.00768432 98.0345s
439 0.835262 0.580075 0.00749698 98.4813s
440 0.835262 0.58591 0.00699958 97.4612s
441 0.835262 0.563565 0.0074241 98.5002s
442 0.835262 0.558187 0.00810529 97.4768s
443 0.835262 0.568159 0.00823206 97.7267s
444 0.835262 0.564445 0.00746166 95.21s
445 0.835262 0.570975 0.00713201 97.1107s
446 0.835262 0.574848 0.00727526 96.7498s
447 0.835262 0.56038 0.00779582 97.671s
448 0.835262 0.562504 0.00635262 98.3065s
449 0.835262 0.563016 0.0072613 98.5574s
450 0.835262 0.571763 0.00695271 96.5226s
451 0.835262 0.561267 0.00700468 100.055s
452 0.835262 0.573405 0.00821003 100.68s
453 0.835262 0.566018 0.00737568 96.2996s
454 0.835262 0.57361 0.00768405 100.906s
455 0.835262 0.55847 0.00788517 101.129s
456 0.835262 0.561575 0.00820307 101.1s
457 0.835262 0.586349 0.00685235 101.456s
458 0.835262 0.579212 0.00740712 101.358s
459 0.835262 0.560137 0.00717697 101.262s
460 0.835262 0.564775 0.00975559 101.122s
461 0.835262 0.576673 0.00899109 98.865s
462 0.835262 0.569603 0.00709762 98.7523s
463 0.835262 0.569905 0.00723661 98.1207s
464 0.835262 0.566949 0.00761368 97.912s
465 0.835262 0.559432 0.0071296 98.3796s
466 0.835262 0.556398 0.00765859 98.2846s
467 0.837925 0.565649 0.00767493 97.872s
468 0.837925 0.546231 0.00837267 98.2276s
469 0.837925 0.551042 0.00756134 98.1306s
470 0.837925 0.555078 0.00829847 98.2138s
471 0.837925 0.557998 0.0100462 97.5724s
472 0.837925 0.552986 0.00771111 97.8679s
473 0.837925 0.566259 0.00689463 97.7122s
474 0.837925 0.561673 0.00798755 95.9616s
475 0.837925 0.55876 0.00737343 98.245s
476 0.837925 0.560995 0.00860363 97.0763s
477 0.837925 0.574151 0.00736997 97.1898s
478 0.837925 0.565279 0.00812711 96.6588s
479 0.837925 0.56963 0.00850648 97.5508s
480 0.837925 0.5651 0.00815323 97.872s
481 0.837925 0.578588 0.0079725 97.7611s
482 0.837925 0.567664 0.00775509 98.0695s
483 0.837925 0.563679 0.00731802 97.8038s
484 0.837925 0.571178 0.00720166 96.6087s
485 0.837925 0.57121 0.00701431 97.5552s
486 0.837925 0.569281 0.0070402 98.44s
487 0.837925 0.566925 0.00609422 98.1399s
488 0.837925 0.574615 0.00755139 97.5076s
489 0.837925 0.570397 0.00722435 96.9924s
490 0.837925 0.567285 0.0073395 96.719s
491 0.837925 0.571023 0.00829494 97.5336s
492 0.837925 0.563901 0.00836123 97.5564s
493 0.837925 0.570942 0.00749387 97.8575s
494 0.837925 0.558753 0.00819423 96.8403s
495 0.837925 0.568546 0.00677085 97.1184s
496 0.837925 0.564698 0.00784781 97.7583s
497 0.837925 0.575504 0.00738763 97.9491s
498 0.837925 0.579134 0.00722918 97.389s
499 0.837925 0.572617 0.00862916 97.6773s
500 0.837925 0.574149 0.00863924 97.3026s
501 0.837925 0.579359 0.00796582 97.6368s
502 0.837925 0.580281 0.00766256 97.9893s
503 0.837925 0.583275 0.00679005 97.3351s
504 0.837925 0.583237 0.00691659 97.2304s
505 0.837925 0.581443 0.00810035 98.0778s
506 0.837925 0.577182 0.00788706 98.4391s
507 0.837925 0.570846 0.00856884 97.7817s
508 0.837925 0.579801 0.00795626 98.42s
509 0.837925 0.568059 0.00772549 99.8347s
510 0.837925 0.580331 0.0070888 97.5827s
511 0.837925 0.573009 0.00745435 97.7503s
512 0.837925 0.579324 0.00821975 97.2896s
513 0.837925 0.568874 0.00932615 97.7191s
514 0.837925 0.569488 0.0070702 97.6127s
515 0.837925 0.575032 0.00740474 97.3107s
516 0.837925 0.574709 0.00692066 97.237s
517 0.837925 0.57293 0.00714723 97.1993s
518 0.837925 0.575198 0.00726565 97.3217s
519 0.837925 0.578458 0.00776359 97.1529s
520 0.837925 0.576819 0.00836768 96.058s
521 0.837925 0.572542 0.00790535 96.8122s
522 0.837925 0.57573 0.0084061 96.7993s
523 0.837925 0.577386 0.00788443 97.3511s
524 0.837925 0.573128 0.00696362 97.6258s
525 0.837925 0.583274 0.0077455 97.4351s
526 0.837925 0.571354 0.00684785 96.9689s
527 0.837925 0.575704 0.00705257 95.6766s
528 0.837925 0.576194 0.00920071 97.9406s
529 0.837925 0.580224 0.00769104 97.9344s
530 0.837925 0.572676 0.00692751 97.814s
531 0.837925 0.5717 0.00795619 97.9527s
532 0.837925 0.580626 0.00720301 98.1847s
533 0.837925 0.574335 0.00680383 98.0242s
534 0.837925 0.569598 0.00800327 98.0088s
535 0.837925 0.561344 0.00840163 97.1954s
536 0.837925 0.559663 0.00764342 97.5249s
537 0.837925 0.560169 0.00821864 97.4544s
538 0.837925 0.557389 0.00860316 94.7986s
539 0.837925 0.570658 0.00790164 97.2743s
540 0.837925 0.573417 0.00819169 97.2214s
541 0.837925 0.571922 0.00841312 97.1002s
542 0.837925 0.55091 0.00776001 97.3501s
543 0.837925 0.567362 0.00656765 97.4065s
544 0.837925 0.569011 0.00757529 96.7478s
545 0.837925 0.574333 0.00777913 97.4908s
546 0.837925 0.560104 0.00724042 98.1888s
547 0.837925 0.573872 0.00694374 97.4805s
548 0.837925 0.550692 0.0081788 97.961s
549 0.837925 0.568899 0.00603488 97.804s
550 0.837925 0.56389 0.00767788 98.1147s
551 0.837925 0.571555 0.00815339 97.1596s
552 0.837925 0.572013 0.00856212 97.9677s
553 0.837925 0.570323 0.00823149 95.6647s
554 0.837925 0.577513 0.00792513 97.6236s
555 0.837925 0.568799 0.00712436 98.1253s
556 0.837925 0.571136 0.00691004 98.4168s
557 0.837925 0.581702 0.00774928 97.7665s
558 0.837925 0.575031 0.00800971 97.952s
559 0.837925 0.566097 0.0085521 95.5632s
560 0.837925 0.566003 0.00771612 98.0026s
561 0.85996 0.556041 0.00912527 98.0327s
562 0.85996 0.560543 0.00782394 96.5539s
563 0.85996 0.569359 0.00783165 96.7895s
564 0.85996 0.567867 0.00842211 97.0674s
565 0.85996 0.568417 0.00740182 98.0348s
566 0.85996 0.55997 0.00810418 99.3837s
567 0.85996 0.574304 0.00762272 98.0038s
568 0.85996 0.56327 0.00750171 97.9874s
569 0.85996 0.561814 0.00835625 97.2393s
570 0.85996 0.567949 0.0076466 98.0979s
571 0.85996 0.558219 0.00738641 94.5935s
572 0.85996 0.57296 0.00951275 98.1757s
573 0.85996 0.574352 0.00735639 98.0271s
574 0.85996 0.568683 0.00814982 98.4112s
575 0.85996 0.563978 0.00760664 97.628s
576 0.85996 0.5774 0.00804726 98.0446s
577 0.85996 0.561175 0.00765686 97.7316s
578 0.85996 0.558464 0.00873721 97.9806s
579 0.85996 0.570161 0.00680644 97.9415s
580 0.85996 0.568621 0.00817362 98.0425s
581 0.85996 0.561217 0.00833543 97.7155s
582 0.85996 0.570778 0.00694105 97.9715s
583 0.85996 0.565149 0.00801616 98.3403s
584 0.85996 0.569332 0.00803183 98.0924s
585 0.85996 0.564122 0.00833827 98.4001s
586 0.85996 0.564946 0.00784901 97.7573s
587 0.85996 0.560452 0.00876317 96.0985s
588 0.85996 0.578224 0.00721729 98.5996s
589 0.85996 0.572089 0.00810752 98.092s
590 0.85996 0.575121 0.00757536 98.4934s
591 0.85996 0.575594 0.00794429 98.5821s
592 0.85996 0.56922 0.0074058 98.2544s
593 0.85996 0.572521 0.00689794 98.6246s
594 0.85996 0.578106 0.00683266 98.1968s
595 0.85996 0.576735 0.00852978 98.0592s
596 0.85996 0.572402 0.00826052 98.3954s
597 0.85996 0.572974 0.00820696 97.6336s
598 0.85996 0.57796 0.0071893 98.1189s
599 0.85996 0.577127 0.00726706 98.1244s
600 0.85996 0.586398 0.00711691 96.2799s
601 0.85996 0.578471 0.00755088 97.6039s
602 0.85996 0.582178 0.00773689 98.0444s
603 0.85996 0.584381 0.00780857 97.8237s
604 0.85996 0.569107 0.00776445 98.0402s
605 0.85996 0.561368 0.00782043 97.5806s
606 0.85996 0.567966 0.00783124 98.0352s
607 0.85996 0.573654 0.00670686 97.6957s
608 0.85996 0.571485 0.00773008 97.71s
609 0.85996 0.584409 0.00674227 98.0245s
610 0.85996 0.570106 0.00711547 97.6416s
611 0.85996 0.581879 0.00627048 96.4475s
612 0.85996 0.582542 0.00728415 97.0527s
613 0.85996 0.569733 0.00796405 96.6618s
614 0.85996 0.570013 0.00846488 97.1506s
615 0.85996 0.57065 0.00786248 97.13s
616 0.85996 0.574296 0.00699208 96.7039s
617 0.85996 0.579672 0.0073368 98.0504s
618 0.85996 0.576754 0.00702988 97.6875s
619 0.85996 0.57937 0.00843583 97.2783s
620 0.85996 0.580897 0.00937026 98.1545s
621 0.85996 0.569818 0.00845677 96.6881s
622 0.85996 0.570211 0.00988387 99.1493s
623 0.85996 0.560813 0.00714431 97.5721s
624 0.85996 0.5823 0.00760599 98.1827s
625 0.85996 0.575066 0.00672912 98.6711s
626 0.85996 0.572298 0.00734901 97.7861s
627 0.85996 0.57384 0.00852728 97.7042s
628 0.85996 0.582794 0.00771224 98.2393s
629 0.85996 0.575993 0.00794447 101.458s
630 0.85996 0.580451 0.00818526 100.79s
631 0.85996 0.57932 0.00776581 100.992s
632 0.85996 0.572202 0.00644347 100.652s
633 0.85996 0.571414 0.00821836 100.107s
634 0.85996 0.584594 0.00789858 100.33s
635 0.85996 0.577461 0.0081976 98.0665s
636 0.85996 0.573563 0.00896206 98.2824s
637 0.85996 0.567748 0.00844845 95.7687s
638 0.85996 0.573033 0.00733491 100.957s
639 0.85996 0.580262 0.00854876 101.486s
640 0.85996 0.574142 0.0072987 100.812s
641 0.85996 0.573782 0.00790248 99.128s
642 0.85996 0.573972 0.00745697 99.5788s
643 0.85996 0.579793 0.00816809 100.304s
644 0.85996 0.578581 0.00802006 100.323s
645 0.85996 0.585331 0.00746209 97.1391s
646 0.85996 0.57426 0.00778369 100.318s
647 0.85996 0.571705 0.00748864 100.729s
648 0.85996 0.577139 0.00880123 100.384s
649 0.85996 0.581405 0.00672423 100.457s
650 0.85996 0.580322 0.00725624 101.138s
651 0.85996 0.58422 0.00838185 100.857s
652 0.85996 0.582863 0.00787645 100.53s
653 0.85996 0.576687 0.00751246 99.5089s
654 0.85996 0.576449 0.00797094 100.092s
655 0.85996 0.580059 0.00851478 99.9704s
656 0.85996 0.574727 0.00900251 101.307s
657 0.85996 0.587202 0.00719927 99.6179s
658 0.85996 0.581122 0.00654439 98.5696s
659 0.85996 0.589221 0.00739272 98.4006s
660 0.85996 0.589269 0.00742719 98.2837s
661 0.85996 0.590863 0.00712735 98.2395s
662 0.85996 0.591188 0.00657168 97.9478s
663 0.85996 0.596638 0.00775281 97.5765s
664 0.85996 0.594806 0.00624193 98.3381s
665 0.85996 0.584327 0.00713505 97.8824s
666 0.85996 0.593695 0.00760359 98.5276s
667 0.85996 0.58679 0.00808286 98.4225s
668 0.85996 0.58733 0.007909 97.3107s
669 0.85996 0.586943 0.00632143 98.1804s
670 0.85996 0.584673 0.00812603 98.0263s
671 0.85996 0.583085 0.00823076 97.6289s
672 0.85996 0.58196 0.00800087 98.1702s
673 0.85996 0.587129 0.00825088 96.0179s
674 0.85996 0.59161 0.00703204 96.0988s
675 0.85996 0.594728 0.00752667 98.4789s
676 0.85996 0.580714 0.00781176 97.7187s
677 0.85996 0.590405 0.00707057 98.0844s
678 0.85996 0.57745 0.00749123 97.9797s
679 0.85996 0.577991 0.00841161 98.4912s
680 0.85996 0.585305 0.00838538 98.0131s
681 0.85996 0.586133 0.00788446 98.4704s
682 0.85996 0.586091 0.00682721 95.6923s
683 0.85996 0.588166 0.00728772 97.7124s
684 0.85996 0.576044 0.00769479 98.3613s
685 0.85996 0.579242 0.00760717 97.5594s
686 0.85996 0.595129 0.00599941 98.2271s
687 0.85996 0.56968 0.0076236 97.3706s
688 0.85996 0.583354 0.00779344 97.4768s
689 0.85996 0.581093 0.00765146 97.4121s
690 0.85996 0.573542 0.00813873 97.3742s
691 0.85996 0.574895 0.00692502 96.8036s
692 0.85996 0.577062 0.00722258 95.9711s
693 0.85996 0.579994 0.00793956 96.251s
694 0.85996 0.58571 0.00686869 95.4167s
695 0.85996 0.578476 0.00713135 96.8063s
696 0.85996 0.569085 0.00756834 97.5213s
697 0.85996 0.569769 0.006884 97.9084s
698 0.85996 0.583581 0.00703149 98.0118s
699 0.85996 0.578778 0.00746966 97.7743s
700 0.85996 0.58541 0.00757752 98.5469s
701 0.85996 0.581445 0.00791863 97.5489s
702 0.85996 0.585092 0.00711384 97.9699s
703 0.85996 0.576633 0.0071 97.9479s
704 0.85996 0.569471 0.00716236 98.8221s
705 0.85996 0.572994 0.00806656 99.178s
706 0.85996 0.569302 0.00787074 97.1733s
707 0.85996 0.571487 0.00838824 97.3919s
708 0.85996 0.570933 0.00660296 97.5285s
709 0.85996 0.579638 0.00809488 97.9247s
710 0.85996 0.564772 0.00784568 96.0193s
711 0.85996 0.568741 0.00718665 97.5738s
712 0.85996 0.583101 0.00629556 98.0048s
713 0.85996 0.568936 0.00618119 97.9144s
714 0.85996 0.583207 0.00819274 97.6423s
715 0.85996 0.582881 0.00773683 96.8713s
716 0.85996 0.560913 0.00866512 97.2003s
717 0.85996 0.574371 0.00873204 97.1787s
718 0.85996 0.571762 0.00853155 98.316s
719 0.85996 0.566846 0.00733663 98.0081s
720 0.85996 0.566508 0.00596298 98.2907s
721 0.85996 0.564984 0.00773643 97.8219s
722 0.85996 0.572805 0.00762816 97.7501s
723 0.85996 0.573751 0.00766448 96.0675s
724 0.85996 0.576508 0.0078657 97.7881s
725 0.85996 0.570301 0.00815314 97.7737s
726 0.85996 0.573774 0.00742651 97.7033s
727 0.85996 0.57992 0.00850392 97.4797s
728 0.85996 0.575059 0.00767349 98.0236s
729 0.85996 0.585191 0.00775608 97.6683s
730 0.85996 0.572863 0.00728867 97.5118s
731 0.85996 0.572975 0.00727136 97.87s
732 0.85996 0.580507 0.00740891 97.7497s
733 0.85996 0.576951 0.00703731 97.3708s
734 0.85996 0.585155 0.00694713 97.9111s
735 0.85996 0.574001 0.00861195 97.409s
736 0.85996 0.57273 0.00757463 97.7719s
737 0.85996 0.578572 0.00730946 99.6039s
738 0.85996 0.580995 0.00825931 97.4539s
739 0.85996 0.5936 0.00686078 97.1963s
740 0.85996 0.584809 0.00641373 98.0847s
741 0.85996 0.579127 0.00691382 97.4022s
742 0.85996 0.581665 0.00849624 97.6052s
743 0.85996 0.581477 0.00599244 97.3592s
744 0.85996 0.5744 0.00695233 96.0533s
745 0.85996 0.579968 0.00639549 96.3942s
746 0.85996 0.576801 0.00830869 96.9161s
747 0.85996 0.579318 0.00786588 94.8696s
748 0.85996 0.584576 0.00655095 99.7282s
749 0.85996 0.595124 0.00704763 100.035s
750 0.85996 0.587467 0.0081609 100.182s
751 0.85996 0.575044 0.00789648 101.035s
752 0.85996 0.574391 0.00732118 94.5098s
753 0.85996 0.570254 0.00710186 97.9613s
754 0.85996 0.575447 0.0086982 97.8426s
755 0.85996 0.553175 0.00817419 95.498s
756 0.85996 0.55594 0.00810192 98.356s
757 0.85996 0.570263 0.00741718 98.5391s
758 0.85996 0.569753 0.00758985 98.2066s
759 0.85996 0.570837 0.0087584 97.8086s
760 0.85996 0.569869 0.00961985 97.6141s
761 0.85996 0.573507 0.00942721 98.182s
762 0.85996 0.571636 0.00897845 98.1136s
763 0.85996 0.575769 0.00792351 98.0495s
764 0.85996 0.572158 0.00849869 98.0099s
765 0.85996 0.560306 0.00943673 98.3844s
766 0.85996 0.572335 0.0076074 98.3273s
767 0.85996 0.574347 0.00738482 98.3908s
768 0.85996 0.573272 0.00719408 98.5064s
769 0.85996 0.572319 0.00928151 99.0651s
770 0.85996 0.568549 0.00824975 97.4909s
771 0.85996 0.570795 0.00897979 97.5368s
772 0.85996 0.583768 0.00834939 95.9739s
773 0.85996 0.574668 0.00948235 97.3173s
774 0.85996 0.565099 0.0090029 98.3221s
775 0.85996 0.57866 0.00805184 97.8795s
776 0.85996 0.575686 0.00623739 98.4336s
777 0.85996 0.57852 0.00721326 97.6505s
778 0.85996 0.580229 0.00865408 97.8295s
779 0.85996 0.58264 0.00751522 98.1685s
780 0.85996 0.582129 0.00859095 98.1695s
781 0.85996 0.577454 0.00742299 97.7235s
782 0.85996 0.576527 0.00841683 98.3707s
783 0.85996 0.588699 0.00646293 97.5592s
784 0.85996 0.577094 0.00675447 94.4267s
785 0.85996 0.57836 0.00720255 98.1841s
786 0.85996 0.583263 0.00794409 97.2878s
787 0.85996 0.578145 0.00749997 96.91s
788 0.85996 0.587214 0.00763456 96.8951s
789 0.85996 0.594376 0.00692091 97.4019s
790 0.85996 0.585978 0.00821025 98.0266s
791 0.85996 0.577776 0.00673018 98.2419s
792 0.85996 0.588624 0.00879212 98.2656s
793 0.85996 0.59412 0.00908635 95.1684s
794 0.85996 0.575348 0.00782475 98.4937s
795 0.85996 0.577901 0.00736141 98.4653s
796 0.85996 0.574418 0.00781827 97.9693s
797 0.85996 0.583194 0.00734967 97.7595s
798 0.85996 0.576371 0.00685356 97.9274s
799 0.85996 0.578721 0.00863826 97.8849s
800 0.85996 0.592254 0.00622561 97.7539s
801 0.85996 0.583784 0.00606287 98.0672s
802 0.85996 0.588476 0.00743974 98.1446s
803 0.85996 0.578929 0.0067788 97.9442s
804 0.85996 0.58825 0.0072541 98.0193s
805 0.85996 0.589813 0.00816864 97.4595s
806 0.85996 0.58147 0.00689524 98.1367s
807 0.85996 0.58046 0.00637436 97.5773s
808 0.85996 0.580602 0.00741202 97.8581s
809 0.85996 0.574553 0.00715314 97.74s
810 0.85996 0.567843 0.00682153 97.5522s
811 0.85996 0.578728 0.00704383 97.5956s
812 0.85996 0.591349 0.00631998 98.5096s
813 0.85996 0.58776 0.00778334 98.0384s
814 0.85996 0.581873 0.00859513 98.1183s
815 0.85996 0.585502 0.00794943 99.3357s
816 0.85996 0.583442 0.00904733 97.989s
817 0.85996 0.575865 0.00789508 98.2137s
818 0.85996 0.582219 0.00797255 97.88s
819 0.85996 0.579798 0.00816703 97.9737s
820 0.85996 0.581903 0.00863905 97.444s
821 0.85996 0.571631 0.00811786 96.4537s
822 0.85996 0.583934 0.00772273 97.8631s
823 0.85996 0.572649 0.00905449 98.1861s
824 0.85996 0.577063 0.00832209 98.3749s
825 0.85996 0.572312 0.00805662 98.0055s
826 0.85996 0.582627 0.00811773 98.1075s
827 0.85996 0.582497 0.00798508 98.338s
828 0.85996 0.580877 0.00665496 96.7428s
829 0.85996 0.577902 0.00656659 97.9202s
830 0.85996 0.595025 0.0067935 98.007s
831 0.85996 0.585094 0.00614922 98.2002s
832 0.85996 0.592125 0.00763857 98.058s
833 0.85996 0.581161 0.00785379 98.4187s
834 0.85996 0.570147 0.00656478 97.9322s
835 0.85996 0.57589 0.00792914 98.2137s
836 0.85996 0.580336 0.00866914 97.5753s
837 0.85996 0.577745 0.00723756 98.4244s
838 0.85996 0.580546 0.00725164 97.9758s
839 0.85996 0.574932 0.00828019 97.7989s
840 0.85996 0.568993 0.00872467 97.8205s
841 0.85996 0.565503 0.00766343 98.1341s
842 0.85996 0.581874 0.00760727 97.989s
843 0.85996 0.585463 0.00709999 97.882s
844 0.85996 0.579502 0.00787507 97.3075s
845 0.85996 0.576183 0.0080495 97.8752s
846 0.85996 0.585244 0.00706053 97.9437s
847 0.85996 0.581768 0.00701853 97.3776s
848 0.85996 0.583351 0.00970101 97.4594s
849 0.85996 0.593031 0.00858331 96.725s
850 0.85996 0.580188 0.00776313 96.929s
851 0.85996 0.583913 0.00749299 96.7969s
852 0.85996 0.582861 0.00755247 96.6567s
853 0.85996 0.583031 0.00707205 96.7454s
854 0.85996 0.583665 0.00885068 94.9782s
855 0.85996 0.591673 0.0085001 98.878s
856 0.85996 0.585526 0.0071107 101.07s
857 0.85996 0.58239 0.00863638 98.7642s
858 0.85996 0.585134 0.00842081 95.624s
859 0.85996 0.589693 0.00766101 98.2511s
860 0.85996 0.583168 0.00676175 97.9586s
861 0.85996 0.586285 0.0077896 98.3791s
862 0.85996 0.57625 0.00847572 97.3954s
863 0.85996 0.582166 0.00752135 97.298s
864 0.85996 0.595717 0.00678366 97.3406s
865 0.85996 0.586088 0.00699239 97.7209s
866 0.85996 0.58345 0.00741072 96.8841s
867 0.85996 0.589887 0.00764407 96.1085s
868 0.85996 0.579026 0.00974012 96.7798s
869 0.85996 0.574716 0.00763496 96.8902s
870 0.85996 0.582448 0.00824011 96.6442s
871 0.85996 0.587158 0.00822989 97.3301s
872 0.85996 0.578843 0.00677218 97.0822s
873 0.85996 0.57837 0.00725373 97.6456s
874 0.85996 0.583307 0.00732309 98.8703s
875 0.85996 0.591113 0.00678826 97.8672s
876 0.85996 0.578644 0.00847645 98.0331s
877 0.85996 0.574722 0.00782943 97.5939s
878 0.85996 0.580205 0.0069487 98.0542s
879 0.85996 0.57936 0.00848007 98.3063s
880 0.85996 0.579616 0.00711473 98.0068s
881 0.85996 0.581316 0.00682527 97.7508s
882 0.85996 0.571206 0.00665943 98.0719s
883 0.85996 0.581924 0.00674806 98.4281s
884 0.85996 0.574966 0.00779637 97.0616s
885 0.85996 0.578831 0.00736539 99.4307s
886 0.85996 0.579831 0.00653814 98.3619s
887 0.85996 0.575086 0.0073842 97.5393s
888 0.85996 0.576419 0.00629191 97.1287s
889 0.85996 0.579452 0.00851516 97.6468s
890 0.85996 0.583564 0.00659222 97.5109s
891 0.85996 0.586745 0.00734712 97.582s
892 0.85996 0.58071 0.00691544 96.7201s
893 0.85996 0.582795 0.00651162 96.6899s
894 0.85996 0.582373 0.00739722 96.6967s
895 0.85996 0.585331 0.00702246 98.3186s
896 0.85996 0.58519 0.00593791 99.7944s
897 0.85996 0.582551 0.00673575 99.7274s
898 0.85996 0.580768 0.00822717 99.6824s
899 0.85996 0.579665 0.00723196 100.023s
900 0.85996 0.583838 0.00747183 100.117s
901 0.85996 0.571627 0.00768311 100.133s
902 0.85996 0.571723 0.00842814 99.8597s
903 0.85996 0.574575 0.00712424 96.9753s
904 0.85996 0.56802 0.00774015 95.9269s
905 0.85996 0.576948 0.00785595 100.535s
906 0.85996 0.569514 0.00728739 100.332s
907 0.85996 0.562874 0.00744863 99.6789s
908 0.85996 0.573505 0.00766992 100.534s
909 0.85996 0.585624 0.00660927 100.304s
910 0.85996 0.585211 0.00713723 100.07s
911 0.85996 0.582035 0.00668746 100.239s
912 0.85996 0.580595 0.00714298 98.8015s
913 0.85996 0.578385 0.00726436 100.688s
914 0.85996 0.585851 0.00685603 94.3521s
915 0.85996 0.571019 0.0090391 93.6282s
916 0.85996 0.580521 0.00807701 92.536s
917 0.85996 0.588576 0.00643765 95.364s
918 0.85996 0.585372 0.00809529 100.203s
919 0.85996 0.581708 0.0084463 101.175s
920 0.85996 0.582958 0.00778665 100.761s
921 0.85996 0.583199 0.00819864 97.9689s
922 0.85996 0.589417 0.00721297 98.5628s
923 0.85996 0.5831 0.00742858 98.6599s
924 0.85996 0.585448 0.00744555 100.1s
925 0.85996 0.580612 0.00645256 99.5706s
926 0.85996 0.576583 0.00823187 100.668s
927 0.85996 0.582873 0.00726016 98.7947s
928 0.85996 0.585596 0.00715184 94.4738s
929 0.85996 0.576988 0.00753928 95.2273s
930 0.85996 0.588576 0.00783342 99.0046s
931 0.85996 0.590622 0.00672008 95.4449s
932 0.85996 0.579916 0.00887564 98.4601s
933 0.85996 0.575182 0.00840905 98.797s
934 0.85996 0.581193 0.00791689 98.0901s
935 0.85996 0.573283 0.00677148 98.1599s
936 0.85996 0.577736 0.00761511 97.8728s
937 0.85996 0.573883 0.00814739 98.1617s
938 0.85996 0.577474 0.00870443 94.9686s
939 0.85996 0.576668 0.00792602 100.113s
940 0.85996 0.583258 0.00713685 96.9239s
941 0.85996 0.578303 0.00807472 95.0674s
942 0.85996 0.577817 0.00731356 95.5881s
943 0.85996 0.588966 0.0083336 94.9644s
944 0.85996 0.578113 0.00736389 99.5961s
945 0.85996 0.570102 0.00684426 99.5149s
946 0.85996 0.573069 0.00723703 98.8133s
947 0.85996 0.574243 0.00720791 97.7857s
948 0.85996 0.566275 0.00774179 98.8095s
949 0.85996 0.574917 0.00861747 97.9437s
950 0.85996 0.580452 0.00929992 98.0177s
951 0.85996 0.559342 0.00866838 97.8745s
952 0.85996 0.576555 0.00861635 97.6394s
953 0.85996 0.583805 0.00717099 97.6366s
954 0.85996 0.580743 0.00733011 97.6321s
955 0.85996 0.575033 0.00760022 96.93s
956 0.85996 0.581775 0.00798417 97.2755s
957 0.85996 0.578117 0.00636602 96.9336s
958 0.85996 0.582349 0.00722073 97.9864s
959 0.85996 0.588349 0.00680543 97.9141s
960 0.85996 0.568085 0.00760263 96.9512s
961 0.85996 0.575942 0.00830228 99.4754s
962 0.85996 0.581512 0.0078256 98.0146s
963 0.85996 0.583214 0.0067705 98.2529s
964 0.85996 0.59021 0.0076623 97.8626s
965 0.85996 0.579828 0.00892995 98.078s
966 0.85996 0.581792 0.00775183 98.8048s
967 0.85996 0.589837 0.00674496 98.1829s
968 0.85996 0.582906 0.00784845 97.3496s
969 0.85996 0.590137 0.0068429 98.6574s
970 0.85996 0.588 0.00790743 98.485s
971 0.85996 0.583456 0.00672326 99.3879s
972 0.85996 0.591123 0.00805449 98.5508s
973 0.85996 0.585068 0.00701882 98.2599s
974 0.85996 0.596829 0.00701896 98.3803s
975 0.85996 0.587097 0.00721367 98.3241s
976 0.85996 0.566459 0.00870018 98.4405s
977 0.85996 0.579152 0.00766105 98.3751s
978 0.85996 0.592991 0.00751463 94.7557s
979 0.85996 0.583472 0.00804461 97.8888s
980 0.85996 0.579796 0.00824573 98.0033s
981 0.85996 0.579506 0.0073343 98.1484s
982 0.85996 0.58029 0.00781453 98.5238s
983 0.85996 0.574038 0.00850576 98.0555s
984 0.85996 0.576556 0.00714759 98.3663s
985 0.85996 0.57105 0.00712521 98.8589s
986 0.85996 0.568568 0.00713105 98.2755s
987 0.85996 0.588106 0.00718903 95.3782s
988 0.85996 0.581971 0.00711521 100.972s
989 0.85996 0.576117 0.00722071 100.084s
990 0.85996 0.579136 0.00713542 101.066s
991 0.85996 0.576519 0.00773017 95.8367s
992 0.85996 0.576389 0.00838964 100.276s
993 0.85996 0.575971 0.00752204 100.142s
994 0.85996 0.572654 0.00839987 101.497s
995 0.85996 0.584339 0.00827852 100.76s
996 0.85996 0.577811 0.00707728 101.426s
997 0.85996 0.569428 0.00881069 96.4239s
998 0.85996 0.577908 0.00768812 98.3369s
999 0.85996 0.580899 0.00831795 97.6334s
1000 0.85996 0.588577 0.00797493 98.0981s
1001 0.85996 0.582093 0.00718726 95.5122s
1002 0.85996 0.579966 0.00694837 95.0123s
1003 0.85996 0.585005 0.00838854 99.0407s
1004 0.85996 0.589678 0.00678892 96.4143s
1005 0.85996 0.588054 0.00799885 94.6542s
1006 0.85996 0.577765 0.00717353 94.7368s
1007 0.85996 0.580627 0.007891 96.2104s
1008 0.85996 0.579241 0.00751611 94.7903s
1009 0.85996 0.57353 0.00668038 98.5152s
1010 0.85996 0.570757 0.00712123 97.9456s
1011 0.85996 0.577959 0.00777505 98.616s
1012 0.85996 0.570025 0.00819008 98.0411s
1013 0.85996 0.571526 0.00707753 97.7565s
1014 0.85996 0.570843 0.00895367 98.0088s
1015 0.85996 0.567749 0.00795203 98.0257s
1016 0.85996 0.576256 0.00770484 97.7445s
1017 0.85996 0.569735 0.00786394 96.8472s
1018 0.85996 0.581638 0.00705706 96.657s
1019 0.85996 0.574219 0.00778843 97.3706s
1020 0.85996 0.576448 0.00810143 97.8538s
1021 0.85996 0.569056 0.00865849 98.0509s
1022 0.85996 0.573085 0.00699026 98.157s
1023 0.85996 0.57094 0.00749459 98.0559s
1024 0.85996 0.557446 0.00900117 97.4956s
1025 0.85996 0.569584 0.00933165 97.2459s
1026 0.85996 0.566196 0.00907291 97.7123s
1027 0.85996 0.565933 0.00803726 98.0864s
1028 0.85996 0.578161 0.00816086 97.9295s
1029 0.85996 0.573942 0.00716871 97.6675s
1030 0.85996 0.581318 0.00825812 97.9707s
1031 0.85996 0.567554 0.00812436 97.9283s
1032 0.85996 0.566239 0.00698891 98.0311s
1033 0.85996 0.567765 0.00763114 98.688s
1034 0.85996 0.580791 0.00764849 98.7292s
1035 0.85996 0.574546 0.00699341 98.5534s
1036 0.85996 0.580591 0.00762421 97.9351s
1037 0.85996 0.574449 0.00713521 97.6023s
1038 0.85996 0.583043 0.00745926 94.1007s
1039 0.85996 0.586296 0.00799176 91.2099s
1040 0.85996 0.580095 0.00743329 94.4194s
1041 0.85996 0.573378 0.00801495 94.4638s
1042 0.85996 0.57504 0.00772998 96.7123s
1043 0.85996 0.568385 0.00854817 97.8399s
1044 0.85996 0.578106 0.00835403 96.3041s
1045 0.85996 0.574992 0.00824348 100.45s
1046 0.85996 0.571542 0.0092115 100.565s
1047 0.85996 0.574392 0.00782081 100.997s
1048 0.85996 0.573182 0.00780226 98.2661s
1049 0.85996 0.575075 0.00693926 97.0659s
1050 0.85996 0.57909 0.00877024 98.5282s
1051 0.85996 0.571816 0.00900834 98.1116s
1052 0.85996 0.579087 0.00733665 98.2099s
1053 0.85996 0.579521 0.0103627 97.5596s
1054 0.85996 0.57363 0.00761551 97.1692s
1055 0.85996 0.570627 0.00766671 97.4389s
1056 0.85996 0.580148 0.00894654 97.0134s
1057 0.85996 0.57975 0.00758573 97.1626s
1058 0.85996 0.583131 0.00769015 97.6849s
1059 0.85996 0.583157 0.00844534 97.3898s
1060 0.85996 0.588178 0.00811625 97.578s
1061 0.85996 0.585291 0.00759781 98.0931s
1062 0.85996 0.592899 0.00836108 98.4146s
1063 0.85996 0.585518 0.00791665 98.0962s
1064 0.85996 0.592032 0.00676686 97.8883s
1065 0.85996 0.582129 0.00685257 97.9752s
1066 0.85996 0.581255 0.00714316 98.3319s
1067 0.85996 0.574276 0.00800218 98.3552s
1068 0.85996 0.577359 0.00725874 98.1458s
1069 0.85996 0.58053 0.00690441 98.034s
1070 0.85996 0.568918 0.00746806 97.9005s
1071 0.85996 0.57647 0.00866368 96.9142s
1072 0.85996 0.590992 0.00855416 97.1233s
1073 0.85996 0.593565 0.00800649 98.0601s
1074 0.85996 0.582527 0.00800886 98.0796s
1075 0.85996 0.570175 0.00725941 98.1041s
1076 0.85996 0.563619 0.00712568 98.3673s
1077 0.85996 0.568222 0.00812734 98.0219s
1078 0.85996 0.571052 0.00833103 96.5152s
1079 0.85996 0.584039 0.00719133 100.691s
1080 0.85996 0.586907 0.00775429 101.745s
1081 0.85996 0.572454 0.0081478 100.907s
1082 0.85996 0.572596 0.00859326 101.704s
1083 0.85996 0.586816 0.00830242 101.24s
1084 0.85996 0.577703 0.00832607 99.9281s
1085 0.85996 0.583384 0.00764667 95.4578s
1086 0.85996 0.581355 0.00802309 97.7305s
1087 0.85996 0.578602 0.00828977 98.1539s
1088 0.85996 0.574199 0.00754875 97.3626s
1089 0.85996 0.589242 0.00752949 98.1469s
1090 0.85996 0.588318 0.00764056 97.2394s
1091 0.85996 0.576362 0.00753285 97.6806s
1092 0.85996 0.583044 0.0079841 98.3123s
1093 0.85996 0.590994 0.00773959 98.1046s
1094 0.85996 0.591793 0.00777091 97.6795s
1095 0.85996 0.592182 0.0072498 97.9783s
1096 0.85996 0.582139 0.00855742 98.128s
1097 0.85996 0.583078 0.00797784 98.2338s
1098 0.85996 0.581305 0.00757279 98.0553s
1099 0.85996 0.577321 0.00767887 94.5232s
1100 0.85996 0.581226 0.00568982 97.906s
1101 0.85996 0.589461 0.0077738 97.736s
1102 0.85996 0.58089 0.00715273 97.4291s
1103 0.85996 0.596701 0.00732426 96.3587s
1104 0.85996 0.577184 0.00845324 101.102s
1105 0.85996 0.570472 0.00733117 101.136s
1106 0.85996 0.580943 0.00682428 99.8103s
1107 0.85996 0.576152 0.00778046 100.406s
1108 0.85996 0.579654 0.00865206 101.041s
1109 0.85996 0.569201 0.00710338 101.107s
1110 0.85996 0.581225 0.0073649 100.887s
1111 0.85996 0.56173 0.00751437 100.836s
1112 0.85996 0.564026 0.00778502 98.8804s
1113 0.85996 0.564336 0.00791795 97.8335s
1114 0.85996 0.57828 0.00758463 96.6977s
1115 0.85996 0.567518 0.00911015 97.5408s
1116 0.85996 0.576644 0.00772549 96.7983s
1117 0.85996 0.572869 0.00806718 96.4223s
1118 0.85996 0.581293 0.00783427 96.0314s
1119 0.85996 0.575339 0.00847993 96.6505s
1120 0.85996 0.571055 0.00861915 97.4992s
1121 0.85996 0.571978 0.00816826 97.8815s
1122 0.85996 0.568544 0.00712781 96.0217s
1123 0.85996 0.58132 0.00746506 97.558s
1124 0.85996 0.570523 0.00762569 94.7257s
1125 0.85996 0.575794 0.00785125 97.4611s
1126 0.85996 0.583029 0.00876684 97.7546s
1127 0.85996 0.578271 0.00866103 98.059s
1128 0.85996 0.565804 0.00864358 97.8293s
1129 0.85996 0.569435 0.0072292 97.9468s
1130 0.85996 0.561347 0.00804484 98.46s
1131 0.85996 0.579637 0.00735447 97.569s
1132 0.85996 0.587413 0.00708421 98.078s
1133 0.85996 0.578175 0.00768454 97.3491s
1134 0.85996 0.577739 0.00935285 98.2547s
1135 0.85996 0.570613 0.00751072 96.4631s
1136 0.85996 0.573167 0.00768775 97.5926s
1137 0.85996 0.573704 0.00706792 96.6559s
1138 0.85996 0.565783 0.00917665 97.3375s
1139 0.85996 0.571195 0.00709219 97.9613s
1140 0.85996 0.578388 0.00669981 97.6958s
1141 0.85996 0.579367 0.00736713 98.1546s
1142 0.85996 0.576421 0.00816162 97.7933s
1143 0.85996 0.576354 0.00866233 96.0723s
1144 0.85996 0.581969 0.00851395 98.2951s
1145 0.85996 0.570952 0.00758024 98.45s
1146 0.85996 0.558673 0.00815887 98.035s
1147 0.85996 0.56992 0.00765349 97.7466s
1148 0.85996 0.575009 0.00709903 98.0682s
1149 0.85996 0.57602 0.0076358 97.5896s
1150 0.85996 0.580709 0.00836802 97.532s
1151 0.85996 0.589586 0.00683912 96.4085s
1152 0.85996 0.577304 0.0083089 94.4646s
1153 0.85996 0.575569 0.00744296 97.1622s
1154 0.85996 0.588454 0.00653443 97.1943s
1155 0.85996 0.585322 0.00644788 97.4359s
1156 0.85996 0.575745 0.0073724 96.924s
1157 0.85996 0.587251 0.00672386 97.7341s
1158 0.85996 0.571573 0.00693369 97.6625s
1159 0.85996 0.578247 0.00731922 97.2976s
1160 0.85996 0.586802 0.00851376 97.9085s
1161 0.85996 0.586604 0.00745709 97.2397s
1162 0.85996 0.572027 0.00747973 97.1236s
1163 0.85996 0.572602 0.00743535 97.5815s
1164 0.85996 0.574368 0.00713144 97.5184s
1165 0.85996 0.573276 0.00677975 96.9853s
1166 0.85996 0.584037 0.00811801 96.674s
1167 0.85996 0.565938 0.0079503 96.3936s
1168 0.85996 0.57816 0.00727832 96.2539s
1169 0.85996 0.577908 0.00906143 98.0144s
1170 0.85996 0.576087 0.00729318 97.9679s
1171 0.85996 0.586269 0.00575163 97.8759s
1172 0.85996 0.581036 0.00747239 97.3835s
1173 0.85996 0.575115 0.00865714 97.6479s
1174 0.85996 0.58022 0.00774511 98.0926s
1175 0.85996 0.568462 0.0082876 97.5108s
1176 0.85996 0.580953 0.00728276 97.3562s
1177 0.85996 0.567691 0.00780123 97.8492s
1178 0.85996 0.580499 0.00804986 97.4423s
1179 0.85996 0.591231 0.0085598 98.3169s
1180 0.85996 0.575946 0.00715912 97.9034s
1181 0.85996 0.590263 0.00874562 97.3425s
1182 0.85996 0.589924 0.00696567 97.6435s
1183 0.85996 0.575405 0.00795366 97.7576s
1184 0.85996 0.583313 0.00802016 97.6676s
1185 0.85996 0.580881 0.00724266 97.3811s
1186 0.85996 0.583322 0.00871683 97.8065s
1187 0.85996 0.586308 0.00866907 97.6998s
1188 0.85996 0.57998 0.00791103 97.5222s
1189 0.85996 0.581599 0.00882303 96.7385s
1190 0.85996 0.584693 0.00663345 97.5728s
1191 0.85996 0.571097 0.0087338 97.7643s
1192 0.85996 0.577773 0.0082348 97.8391s
1193 0.85996 0.571999 0.00820347 97.3478s
1194 0.85996 0.565267 0.00864956 97.7847s
1195 0.85996 0.581856 0.00784449 96.5598s
1196 0.85996 0.585149 0.00790419 97.8865s
1197 0.85996 0.57279 0.00716901 97.094s
1198 0.85996 0.576351 0.00781424 97.7598s
1199 0.85996 0.5849 0.00780432 96.9639s
1200 0.85996 0.601434 0.00708465 97.2721s
1201 0.85996 0.582654 0.00771264 97.3852s
1202 0.85996 0.596761 0.00801843 97.0208s
1203 0.85996 0.580495 0.00863252 97.0644s
1204 0.85996 0.579267 0.00950716 97.2166s
1205 0.85996 0.585117 0.00828283 97.0766s
1206 0.85996 0.581483 0.00741409 97.4505s
1207 0.85996 0.586819 0.00789522 97.5393s
1208 0.85996 0.589119 0.00642743 97.2976s
1209 0.85996 0.581079 0.00705791 96.407s
1210 0.85996 0.585186 0.00685895 97.3715s
1211 0.85996 0.585153 0.00702549 97.6964s
1212 0.85996 0.579136 0.00728844 97.2879s
1213 0.85996 0.569187 0.00765582 97.5272s
1214 0.85996 0.578371 0.00779986 97.5371s
1215 0.85996 0.583579 0.00753562 97.5556s
1216 0.85996 0.576679 0.00739559 96.6842s
1217 0.85996 0.571439 0.00804398 96.841s
1218 0.85996 0.571944 0.00734688 97.5013s
1219 0.85996 0.557904 0.0077811 98.0917s
1220 0.85996 0.563556 0.00756535 98.88s
1221 0.85996 0.571145 0.00913474 98.0244s
1222 0.85996 0.568558 0.00836202 97.9325s
1223 0.85996 0.577586 0.00841063 97.5662s
1224 0.85996 0.583325 0.00645699 96.1763s
1225 0.85996 0.581672 0.00796065 96.2806s
1226 0.85996 0.580533 0.00716777 95.8087s
1227 0.85996 0.571258 0.00811054 97.044s
1228 0.85996 0.579455 0.00813465 96.9126s
1229 0.85996 0.572567 0.008274 96.8517s
1230 0.85996 0.580598 0.00869785 96.5068s
1231 0.85996 0.576539 0.0080219 96.3887s
1232 0.85996 0.574201 0.00805279 96.2495s
1233 0.85996 0.573552 0.00684737 96.4553s
1234 0.85996 0.57432 0.00749992 97.5717s
1235 0.85996 0.583061 0.00962395 95.5032s
1236 0.85996 0.58286 0.00903245 98.1111s
1237 0.85996 0.578218 0.00765344 98.0728s
1238 0.85996 0.575122 0.00847491 97.8586s
1239 0.85996 0.573158 0.00912536 95.6273s
1240 0.85996 0.576594 0.00728286 101.087s
1241 0.85996 0.574586 0.00869765 100.978s
1242 0.85996 0.589704 0.00822258 100.637s
1243 0.85996 0.590975 0.0068915 99.4825s
1244 0.85996 0.585042 0.00808906 96.4379s
1245 0.85996 0.580247 0.00806974 96.7737s
1246 0.85996 0.574157 0.00832825 96.6307s
1247 0.85996 0.585868 0.00841889 97.5798s
1248 0.85996 0.594 0.00701873 97.6729s
1249 0.85996 0.588982 0.00725554 97.7491s
1250 0.85996 0.588747 0.00750179 97.9677s
1251 0.85996 0.581735 0.00858492 97.9074s
1252 0.85996 0.578484 0.00840105 97.9532s
1253 0.85996 0.578033 0.00694732 97.7161s
1254 0.85996 0.582496 0.00689537 97.5878s
1255 0.85996 0.574138 0.00770383 97.2007s
1256 0.85996 0.587358 0.00773572 94.6703s
1257 0.85996 0.588345 0.00664854 96.998s
1258 0.85996 0.581136 0.00715396 97.5714s
1259 0.85996 0.587949 0.00745158 98.0862s
1260 0.85996 0.579942 0.00735874 98.0223s
1261 0.85996 0.585067 0.00881538 97.949s
1262 0.85996 0.58244 0.00761755 96.8621s
1263 0.85996 0.577642 0.00857022 96.024s
1264 0.85996 0.582181 0.00743124 99.5733s
1265 0.85996 0.602072 0.00697224 97.7153s
1266 0.85996 0.590807 0.00717308 98.0456s
1267 0.85996 0.592636 0.00715101 97.1916s
1268 0.85996 0.574026 0.0071788 98.2233s
1269 0.85996 0.587154 0.00735397 97.9596s
1270 0.85996 0.594106 0.00677901 97.6805s
1271 0.85996 0.576959 0.00784514 98.0265s
1272 0.85996 0.58698 0.00804931 96.9483s
1273 0.85996 0.578251 0.00828451 98.1335s
1274 0.85996 0.578165 0.00705147 98.1343s
1275 0.85996 0.585544 0.00759124 97.6666s
1276 0.85996 0.575507 0.00830147 97.3749s
1277 0.85996 0.586153 0.00782912 96.788s
1278 0.85996 0.582504 0.00868164 96.5942s
1279 0.85996 0.573452 0.00862277 97.0729s
1280 0.85996 0.571054 0.00741113 96.919s
1281 0.85996 0.579658 0.00720651 96.853s
1282 0.85996 0.581598 0.00934163 97.0598s
1283 0.85996 0.580465 0.00801577 97.5307s
1284 0.85996 0.581701 0.00799271 98.013s
1285 0.85996 0.586117 0.00653599 97.6354s
1286 0.85996 0.571143 0.00820242 97.9816s
1287 0.85996 0.57131 0.00760499 98.6691s
1288 0.85996 0.583322 0.00754198 98.2774s
1289 0.85996 0.58355 0.00766668 98.527s
1290 0.85996 0.579113 0.00776763 98.3065s
1291 0.85996 0.577894 0.00683098 97.4329s
1292 0.85996 0.587239 0.00676841 97.4374s
1293 0.85996 0.577026 0.00787445 98.0401s
1294 0.85996 0.584182 0.00812647 97.1383s
1295 0.85996 0.57984 0.00836985 96.4493s
1296 0.85996 0.577672 0.00787098 96.4042s
1297 0.85996 0.573574 0.00823837 96.5123s
1298 0.85996 0.585559 0.00799875 96.7699s
1299 0.85996 0.586716 0.00657472 95.8949s
1300 0.85996 0.579269 0.00838955 95.1599s
1301 0.85996 0.588879 0.00728315 97.1393s
1302 0.85996 0.579057 0.00843464 98.3054s
1303 0.85996 0.593895 0.00804075 97.6563s
1304 0.85996 0.580206 0.00857949 97.3518s
1305 0.85996 0.581687 0.00756187 98.0428s
1306 0.85996 0.57134 0.00711393 97.8381s
1307 0.85996 0.584267 0.00820943 98.1276s
1308 0.85996 0.590125 0.00774277 98.0373s
1309 0.85996 0.594151 0.00822317 97.7649s
1310 0.85996 0.571351 0.00724726 97.9335s
1311 0.85996 0.584248 0.00877434 98.2581s
1312 0.85996 0.575042 0.00809362 98.242s
1313 0.85996 0.572586 0.00793676 98.4331s
1314 0.85996 0.572831 0.00887196 98.958s
1315 0.85996 0.582458 0.00807037 97.7341s
1316 0.85996 0.580996 0.00850461 97.845s
1317 0.85996 0.585539 0.00754375 96.8542s
1318 0.85996 0.571934 0.00786262 97.8534s
1319 0.85996 0.572502 0.00797595 98.6742s
1320 0.85996 0.584598 0.00782423 96.5075s
1321 0.85996 0.592838 0.00715681 98.5643s
1322 0.85996 0.59152 0.00852329 98.1316s
1323 0.85996 0.580616 0.00768968 98.2584s
1324 0.85996 0.581255 0.00765743 98.8433s
1325 0.85996 0.575451 0.00978454 98.4295s
1326 0.85996 0.575774 0.00728543 98.1172s
1327 0.85996 0.578209 0.00857511 97.4668s
1328 0.85996 0.585056 0.00826798 97.554s
1329 0.85996 0.581534 0.00837091 97.3296s
1330 0.85996 0.59438 0.0063652 98.211s
1331 0.85996 0.596079 0.00692689 97.4461s
1332 0.85996 0.586413 0.00709563 97.6437s
1333 0.85996 0.596021 0.00740888 94.7528s
1334 0.85996 0.590903 0.00723185 98.0984s
1335 0.85996 0.586024 0.00669116 97.6548s
1336 0.85996 0.582975 0.00891923 96.7344s
1337 0.85996 0.583475 0.00897236 95.1563s
1338 0.85996 0.584311 0.00830641 98.1124s
1339 0.85996 0.58475 0.00955076 97.5302s
1340 0.85996 0.585192 0.00722417 97.3058s
1341 0.85996 0.589221 0.00717924 98.0164s
1342 0.85996 0.585384 0.00735774 97.9056s
1343 0.85996 0.582793 0.00628043 97.0388s
1344 0.85996 0.577124 0.00802428 98.1336s
1345 0.85996 0.589688 0.00823906 97.34s
1346 0.85996 0.586728 0.00768901 101.037s
1347 0.85996 0.584851 0.00834972 100.306s
1348 0.85996 0.585884 0.00870659 100.648s
1349 0.85996 0.587413 0.00808924 100.053s
1350 0.85996 0.593069 0.00884618 100.684s
1351 0.85996 0.587314 0.00763174 100.791s
1352 0.85996 0.594665 0.00769071 100.212s
1353 0.85996 0.595677 0.00786097 100.391s
1354 0.85996 0.607617 0.00787322 98.6308s
1355 0.85996 0.588532 0.0077017 98.3887s
1356 0.85996 0.597084 0.0073931 98.3495s
1357 0.85996 0.592754 0.00903353 97.9789s
1358 0.85996 0.579909 0.00758589 97.4243s
1359 0.85996 0.574051 0.00807878 98.3328s
1360 0.85996 0.58391 0.0084669 98.6638s
1361 0.85996 0.578776 0.00896829 98.0179s
1362 0.85996 0.587859 0.00893362 98.1008s
1363 0.85996 0.580862 0.00781955 97.8485s
1364 0.85996 0.581148 0.00813318 97.8087s
1365 0.85996 0.580672 0.00811515 98.2021s
1366 0.85996 0.576577 0.00849538 97.6372s
1367 0.85996 0.580636 0.00662848 97.8135s
1368 0.85996 0.576779 0.00839729 97.8144s
1369 0.85996 0.576755 0.00754295 97.5712s
1370 0.85996 0.575426 0.00766727 98.1506s
1371 0.85996 0.573815 0.00706555 97.5787s
1372 0.85996 0.573569 0.00899008 97.7516s
1373 0.85996 0.575057 0.00774881 95.5418s
1374 0.85996 0.575467 0.0079106 97.268s
1375 0.85996 0.575742 0.00758518 97.4904s
1376 0.85996 0.57717 0.00883349 97.1615s
1377 0.85996 0.565714 0.00943116 97.4958s
1378 0.85996 0.583265 0.00766853 95.8296s
1379 0.85996 0.560237 0.00878007 97.5244s
1380 0.85996 0.573443 0.00858258 97.4821s
1381 0.85996 0.574994 0.00920518 98.5334s
1382 0.85996 0.578711 0.00693008 97.5756s
1383 0.85996 0.573883 0.00877095 97.2526s
1384 0.85996 0.575836 0.00888535 97.5224s
1385 0.85996 0.580266 0.0104598 97.8162s
1386 0.85996 0.574313 0.00888527 97.4304s
1387 0.85996 0.580144 0.00845816 97.7593s
1388 0.85996 0.571338 0.00844968 97.6782s
1389 0.85996 0.583225 0.00901222 97.3534s
1390 0.85996 0.577333 0.0074424 97.5693s
1391 0.85996 0.587186 0.0072781 97.38s
1392 0.85996 0.572465 0.00841588 96.7723s
1393 0.85996 0.571562 0.00766477 97.8257s
1394 0.85996 0.57907 0.00832021 95.0003s
1395 0.85996 0.57372 0.00905542 97.8402s
1396 0.85996 0.563246 0.0097574 97.7183s
1397 0.85996 0.584107 0.00769701 98.0762s
1398 0.85996 0.571755 0.00852396 98.0937s
1399 0.85996 0.572929 0.00937086 98.1731s
1400 0.85996 0.586067 0.00767638 98s
1401 0.85996 0.574526 0.00898833 98.1979s
1402 0.85996 0.58612 0.00868736 97.6205s
1403 0.85996 0.584715 0.00858313 98.7201s
1404 0.85996 0.578597 0.00727844 98.5601s
1405 0.85996 0.592732 0.00755934 98.095s
1406 0.85996 0.575007 0.00822851 97.8926s
1407 0.85996 0.573716 0.00901129 97.6539s
1408 0.85996 0.574643 0.00714796 98.0325s
1409 0.85996 0.582018 0.00804817 97.9346s
1410 0.85996 0.562032 0.00936476 95.8146s
1411 0.85996 0.559733 0.00882406 97.9474s
1412 0.85996 0.570236 0.00968698 97.9607s
1413 0.85996 0.573757 0.00901348 99.0402s
1414 0.85996 0.562096 0.00857261 99.0499s
1415 0.85996 0.572494 0.00838281 97.8855s
1416 0.85996 0.574781 0.00813417 98.1804s
1417 0.85996 0.579662 0.00854346 98.1775s
1418 0.85996 0.581035 0.00679623 98.2289s
1419 0.85996 0.579031 0.00790783 97.8217s
1420 0.85996 0.575318 0.00677638 97.869s
1421 0.85996 0.582766 0.00840627 97.1958s
1422 0.85996 0.561003 0.00983088 97.7324s
1423 0.85996 0.5652 0.00764924 94.8001s
1424 0.85996 0.57494 0.00880458 96.5902s
1425 0.85996 0.565453 0.00792161 97.2625s
1426 0.85996 0.579287 0.00765481 97.8203s
1427 0.85996 0.569115 0.00955833 97.2375s
1428 0.85996 0.573724 0.00906825 97.7691s
1429 0.85996 0.580072 0.0085218 97.5514s
1430 0.85996 0.585984 0.00904331 97.061s
1431 0.85996 0.579315 0.00820124 97.2008s
1432 0.85996 0.583342 0.00753969 96.8171s
1433 0.85996 0.587123 0.00921089 97.5355s
1434 0.85996 0.582579 0.00784024 97.4767s
1435 0.85996 0.572529 0.00914799 97.1419s
1436 0.85996 0.586589 0.00778126 97.5308s
1437 0.85996 0.585348 0.00734382 98.0594s
1438 0.85996 0.584369 0.00870177 97.9045s
1439 0.85996 0.583346 0.00748099 97.6644s
1440 0.85996 0.578783 0.00864106 98.1994s
1441 0.85996 0.574601 0.0077253 98.7437s
1442 0.85996 0.584514 0.00849112 97.6581s
1443 0.85996 0.589105 0.00843609 97.6139s
1444 0.85996 0.580294 0.00724091 98.0736s
1445 0.85996 0.590437 0.00620008 97.5209s
1446 0.85996 0.581174 0.00772414 97.2756s
1447 0.85996 0.576408 0.00772755 96.1843s
1448 0.85996 0.579484 0.00801364 97.9463s
1449 0.85996 0.579071 0.00821369 96.7131s
1450 0.85996 0.572488 0.00813765 96.9354s
1451 0.85996 0.591415 0.00697515 97.1324s
1452 0.85996 0.574098 0.00690492 97.3931s
1453 0.85996 0.579934 0.00684307 97.0813s
1454 0.85996 0.583607 0.0084272 97.3601s
1455 0.85996 0.57723 0.00796089 96.6863s
1456 0.85996 0.590324 0.00662146 95.1317s
1457 0.85996 0.581232 0.00726515 97.5015s
1458 0.85996 0.586637 0.0075394 97.6474s
1459 0.85996 0.591972 0.00749602 98.1231s
1460 0.85996 0.579036 0.0071473 97.4611s
1461 0.85996 0.579924 0.00913288 97.4221s
1462 0.85996 0.574587 0.00884308 97.9719s
1463 0.85996 0.576849 0.00713568 97.7262s
1464 0.85996 0.571702 0.0076928 97.9741s
1465 0.85996 0.584669 0.00720094 96.9533s
1466 0.85996 0.576602 0.00807573 96.4497s
1467 0.85996 0.577678 0.007473 96.4188s
1468 0.85996 0.57969 0.00824169 94.3271s
1469 0.85996 0.588359 0.00746902 98.3058s
1470 0.85996 0.579652 0.00858079 98.1762s
1471 0.85996 0.588629 0.00779877 97.6337s
1472 0.85996 0.580878 0.00785364 97.9743s
1473 0.85996 0.593843 0.00704054 97.7529s
1474 0.85996 0.584381 0.00767581 96.3088s
1475 0.85996 0.583956 0.00734367 101.188s
1476 0.85996 0.587398 0.00855362 101.331s
1477 0.85996 0.576466 0.00779728 101.293s
1478 0.85996 0.583674 0.00798791 99.2629s
1479 0.85996 0.594153 0.00889248 96.9993s
1480 0.85996 0.58695 0.00880356 97.9906s
1481 0.85996 0.581507 0.00709889 98.0639s
1482 0.85996 0.586293 0.00806054 98.0354s
1483 0.85996 0.577064 0.00803165 97.2886s
1484 0.85996 0.582037 0.00947879 96.6384s
1485 0.85996 0.560796 0.00978772 95.8436s
1486 0.85996 0.580572 0.00741078 98.6552s
1487 0.85996 0.594092 0.00738272 97.7247s
1488 0.85996 0.571411 0.00805175 98.0573s
1489 0.85996 0.58536 0.00941637 97.9729s
1490 0.85996 0.580448 0.00844213 98.1275s
1491 0.85996 0.590839 0.00799809 97.446s
1492 0.85996 0.58881 0.00690808 97.7738s
1493 0.85996 0.576026 0.00879663 95.7147s
1494 0.85996 0.573089 0.00790596 95.3219s
1495 0.85996 0.56411 0.00728787 98.3769s
1496 0.85996 0.567079 0.00732914 98.3712s
1497 0.85996 0.572464 0.00855226 97.9275s
1498 0.85996 0.569596 0.00802922 97.3275s
1499 0.85996 0.567141 0.00777978 98.1883s
1500 0.85996 0.587598 0.00818245 97.7833s
1501 0.85996 0.571252 0.00678688 98.1856s
1502 0.85996 0.572959 0.0081907 97.7315s
1503 0.85996 0.571334 0.00859538 98.1325s
1504 0.85996 0.570641 0.00854977 97.9825s
1505 0.85996 0.575894 0.00796119 98.3152s
1506 0.85996 0.568916 0.00836139 97.9755s
1507 0.85996 0.571902 0.00948317 97.8074s
1508 0.85996 0.572931 0.00906069 98.4651s
1509 0.85996 0.576696 0.0084061 98.0707s
1510 0.85996 0.577633 0.00782629 98.4819s
1511 0.85996 0.583104 0.00761659 97.8441s
1512 0.85996 0.58224 0.00763857 97.8252s
1513 0.85996 0.580876 0.00752864 97.3159s
1514 0.85996 0.573555 0.00787858 97.8227s
1515 0.85996 0.579249 0.00838442 96.3732s
1516 0.85996 0.575796 0.00656613 97.8459s
1517 0.85996 0.577647 0.00848973 97.7491s
1518 0.85996 0.579514 0.00845027 97.4537s
1519 0.85996 0.584171 0.00829738 97.0024s
1520 0.85996 0.57404 0.00838258 96.8465s
1521 0.85996 0.573623 0.00777628 95.6413s
1522 0.85996 0.574427 0.00872386 97.8813s
1523 0.85996 0.578595 0.00717164 97.0749s
1524 0.85996 0.57698 0.00768766 97.3902s
1525 0.865528 0.588527 0.00820508 97.8076s
1526 0.865528 0.573407 0.00801108 97.2814s
1527 0.865528 0.572966 0.00946859 98.3386s
1528 0.865528 0.5684 0.00954017 97.9774s
1529 0.865528 0.574961 0.00807352 98.3454s
1530 0.865528 0.572733 0.00816243 97.9149s
1531 0.865528 0.562272 0.00954425 97.6055s
1532 0.865528 0.580878 0.00865557 98.0716s
1533 0.865528 0.560617 0.00946175 101.436s
1534 0.865528 0.567821 0.00929418 100.948s
1535 0.865528 0.562116 0.00892641 101.355s
1536 0.865528 0.562399 0.00819204 100.523s
1537 0.865528 0.559866 0.0083872 99.9049s
1538 0.865528 0.568878 0.00849683 100.377s
1539 0.865528 0.564089 0.0100805 100.211s
1540 0.865528 0.56867 0.00775327 100.779s
1541 0.865528 0.580299 0.00806022 96.0276s
1542 0.865528 0.576593 0.00786004 98.2804s
1543 0.865528 0.574007 0.00774167 98.2448s
1544 0.865528 0.567588 0.00790417 98.2847s
1545 0.865528 0.579352 0.00879502 98.2017s
1546 0.865528 0.563262 0.00988025 97.8492s
1547 0.865528 0.554427 0.0101458 97.7378s
1548 0.865528 0.561924 0.00824209 97.7414s
1549 0.865528 0.579519 0.00896715 96.9195s
1550 0.865528 0.553989 0.00824612 97.2633s
1551 0.865528 0.559702 0.00866153 97.8468s
1552 0.865528 0.570199 0.00773402 98.328s
1553 0.865528 0.572926 0.00901552 97.8067s
1554 0.865528 0.5648 0.00844251 98.2671s
1555 0.865528 0.570282 0.00837733 97.6089s
1556 0.865528 0.568195 0.00989743 98.1534s
1557 0.865528 0.559795 0.0108898 96.806s
1558 0.865528 0.561471 0.0095191 98.0671s
1559 0.865528 0.56956 0.00828843 97.6332s
1560 0.865528 0.569065 0.00970432 97.7859s
1561 0.865528 0.571634 0.00776904 97.949s
1562 0.865528 0.566216 0.00933393 97.6547s
1563 0.865528 0.565259 0.00874199 98.0708s
1564 0.865528 0.571391 0.0085879 97.8522s
1565 0.865528 0.56386 0.00903318 97.3149s
1566 0.865528 0.579147 0.00822705 97.3523s
1567 0.865528 0.574232 0.00771003 97.4674s
1568 0.865528 0.565315 0.00908549 97.7194s
1569 0.865528 0.569696 0.00784353 99.0254s
1570 0.865528 0.586667 0.00701118 97.5472s
1571 0.865528 0.586248 0.00745231 97.4661s
1572 0.865528 0.581633 0.0079133 97.9173s
1573 0.865528 0.580854 0.00725732 98.2166s
1574 0.865528 0.579447 0.0087857 97.6915s
1575 0.865528 0.581172 0.00814683 97.9806s
1576 0.865528 0.580944 0.00903656 98.2296s
1577 0.865528 0.590398 0.00718879 97.9471s
1578 0.865528 0.592422 0.00722588 98.1689s
1579 0.865528 0.600048 0.00860169 97.6305s
1580 0.865528 0.581264 0.00775264 97.9068s
1581 0.865528 0.591001 0.00791856 98.257s
1582 0.865528 0.585695 0.00813579 98.0576s
1583 0.865528 0.589507 0.00710761 97.8312s
1584 0.865528 0.580755 0.00817447 98.0274s
1585 0.865528 0.592198 0.00761122 97.9671s
1586 0.865528 0.58345 0.00733278 97.3707s
1587 0.865528 0.600644 0.00770914 97.3819s
1588 0.865528 0.589673 0.0076282 97.9625s
1589 0.865528 0.576275 0.00927153 97.2321s
1590 0.865528 0.593894 0.00717712 97.3049s
1591 0.865528 0.594087 0.00860601 96.8465s
1592 0.865528 0.589725 0.00763057 97.4756s
1593 0.865528 0.581662 0.0069895 97.4494s
1594 0.865528 0.584264 0.00784066 95.1921s
1595 0.865528 0.573661 0.00755575 97.3856s
1596 0.865528 0.584312 0.00737611 97.1918s
1597 0.865528 0.58824 0.00716036 96.9248s
1598 0.865528 0.596766 0.00715909 97.0804s
1599 0.865528 0.586092 0.0086777 95.9672s
1600 0.865528 0.577865 0.00787312 97.4126s
1601 0.865528 0.587165 0.00716343 96.9229s
1602 0.865528 0.590799 0.00695337 97.3343s
1603 0.865528 0.57692 0.00715075 97.1082s
1604 0.865528 0.581584 0.00856675 97.8332s
1605 0.865528 0.576907 0.00761088 97.6093s
1606 0.865528 0.597242 0.00728703 97.6803s
1607 0.865528 0.580672 0.00809996 97.8523s
1608 0.865528 0.581301 0.00750306 97.8742s
1609 0.865528 0.575983 0.00935595 97.6597s
1610 0.865528 0.584287 0.00725383 97.9049s
1611 0.865528 0.579948 0.00794475 97.3613s
1612 0.865528 0.59213 0.00847526 97.8741s
1613 0.865528 0.586509 0.00987948 97.2437s
1614 0.865528 0.571751 0.00776269 98.0142s
1615 0.865528 0.570485 0.00824066 97.2976s
1616 0.865528 0.567729 0.00965115 97.5127s
1617 0.865528 0.579338 0.00726322 97.9182s
1618 0.865528 0.568183 0.00966582 98.4425s
1619 0.865528 0.583993 0.0064072 98.4181s
1620 0.865528 0.576601 0.00818649 98.3236s
1621 0.865528 0.575872 0.00879191 97.5488s
1622 0.865528 0.575155 0.00795563 98.0076s
1623 0.865528 0.572006 0.00961484 98.0537s
1624 0.865528 0.580491 0.00774565 97.9579s
1625 0.865528 0.578055 0.00786979 98.4352s
1626 0.865528 0.582573 0.0071438 97.613s
1627 0.865528 0.571755 0.00761164 98.0386s
1628 0.865528 0.574778 0.00889321 98.2347s
1629 0.865528 0.573262 0.00862655 97.9525s
1630 0.865528 0.582425 0.00649078 98.1326s
1631 0.865528 0.575815 0.00743585 94.9285s
1632 0.865528 0.584388 0.00859246 97.3135s
1633 0.865528 0.580746 0.00785752 97.1109s
1634 0.865528 0.584198 0.00830187 97.044s
1635 0.877833 0.581125 0.00991942 99.6026s
1636 0.877833 0.585784 0.00854035 97.3651s
1637 0.877833 0.581175 0.0087751 96.8825s
1638 0.877833 0.585442 0.009652 97.5205s
1639 0.877833 0.58136 0.00861473 97.6422s
1640 0.877833 0.572226 0.00835184 97.3848s
1641 0.877833 0.581483 0.00896708 98.053s
1642 0.877833 0.584745 0.00717253 97.8101s
1643 0.877833 0.584566 0.00730349 97.6135s
1644 0.877833 0.577279 0.00814259 97.5015s
1645 0.877833 0.589355 0.00836901 97.9589s
1646 0.877833 0.59101 0.0077882 97.699s
1647 0.877833 0.582785 0.00840762 97.4326s
1648 0.877833 0.567646 0.00818824 97.7244s
1649 0.877833 0.58067 0.00872969 98.4639s
1650 0.877833 0.591397 0.00945931 99.7596s
1651 0.877833 0.57355 0.00808576 96.8403s
1652 0.877833 0.576168 0.00819053 97.235s
1653 0.877833 0.590291 0.0062691 95.724s
1654 0.877833 0.57571 0.00753394 95.7118s
1655 0.877833 0.58269 0.0069084 97.0133s
1656 0.877833 0.580788 0.00717317 96.1679s
1657 0.877833 0.591468 0.00779509 97.9518s
1658 0.877833 0.579963 0.00790041 97.2816s
1659 0.877833 0.57401 0.00849369 98.0734s
1660 0.877833 0.568901 0.00888485 97.6003s
1661 0.877833 0.588374 0.00790473 98.2482s
1662 0.877833 0.584986 0.00901222 97.8746s
1663 0.877833 0.576775 0.00743886 97.1303s
1664 0.877833 0.58578 0.00807683 97.332s
1665 0.877833 0.573171 0.00992729 97.6165s
1666 0.877833 0.58016 0.00840305 97.8895s
1667 0.877833 0.581637 0.00761067 97.4303s
1668 0.877833 0.578635 0.00896577 97.4736s
1669 0.877833 0.586819 0.00911658 101.385s
1670 0.877833 0.577595 0.00896486 100.2s
1671 0.877833 0.573187 0.00879961 100.453s
1672 0.877833 0.586418 0.00772343 101.376s
1673 0.877833 0.585881 0.00780503 101.078s
1674 0.877833 0.586717 0.00662881 100.926s
1675 0.877833 0.590852 0.00745925 97.955s
1676 0.877833 0.590594 0.00904048 98.1206s
1677 0.877833 0.584947 0.00782513 96.0803s
1678 0.877833 0.588342 0.00784913 97.9993s
1679 0.877833 0.588178 0.0081889 97.4808s
1680 0.877833 0.583813 0.00746149 97.7537s
1681 0.877833 0.593862 0.00783757 98.0159s
1682 0.877833 0.588035 0.00745387 97.6022s
1683 0.877833 0.594921 0.00701946 97.881s
1684 0.877833 0.58302 0.00900665 98.249s
1685 0.877833 0.585384 0.00877662 97.895s
1686 0.877833 0.573035 0.00782903 98.3258s
1687 0.877833 0.575921 0.0093141 98.4877s
1688 0.877833 0.595502 0.0082032 97.2705s
1689 0.877833 0.594491 0.00810789 98.4426s
1690 0.877833 0.571723 0.00807233 97.8801s
1691 0.877833 0.584545 0.00770384 98.0343s
1692 0.877833 0.594101 0.00706265 98.6561s
1693 0.877833 0.591648 0.00731881 97.7951s
1694 0.877833 0.585592 0.00743936 97.3249s
1695 0.877833 0.583547 0.00763368 98.1385s
1696 0.877833 0.587249 0.0069378 98.0764s
1697 0.877833 0.589597 0.0083027 97.6293s
1698 0.877833 0.58241 0.0080116 97.6467s
1699 0.877833 0.577181 0.00864378 98.0688s
1700 0.877833 0.580034 0.00759915 97.973s
1701 0.877833 0.574853 0.00852949 97.0655s
1702 0.877833 0.588105 0.00773307 96.5873s
1703 0.877833 0.589282 0.00880642 97.086s
1704 0.877833 0.585794 0.00804978 95.7634s
1705 0.877833 0.591363 0.00761778 94.1969s
1706 0.877833 0.584389 0.00756414 97.7824s
1707 0.877833 0.580326 0.00816074 97.5385s
1708 0.877833 0.574662 0.00824017 98.1025s
1709 0.877833 0.586092 0.00866571 98.1253s
1710 0.877833 0.585865 0.0084772 96.1116s
1711 0.877833 0.58426 0.00827324 100.17s
1712 0.877833 0.594463 0.0084023 97.721s
1713 0.877833 0.581488 0.00933459 98.1812s
1714 0.877833 0.594524 0.00777067 97.8383s
1715 0.877833 0.594744 0.00740475 97.5905s
1716 0.877833 0.591179 0.00814598 97.9424s
1717 0.877833 0.587196 0.00713997 97.4087s
1718 0.877833 0.590992 0.00960677 98.2708s
1719 0.877833 0.57898 0.00777825 98.2017s
1720 0.877833 0.577456 0.0079469 97.8551s
1721 0.877833 0.578226 0.00943583 97.9828s
1722 0.877833 0.58378 0.00927662 97.3621s
1723 0.877833 0.597411 0.00825603 97.4447s
1724 0.877833 0.585069 0.00834519 97.6268s
1725 0.877833 0.593733 0.00845018 97.9188s
1726 0.877833 0.588798 0.00708098 97.7095s
1727 0.877833 0.587844 0.0076881 97.3018s
1728 0.877833 0.575411 0.00941635 97.7191s
1729 0.877833 0.572598 0.00834862 97.6996s
1730 0.877833 0.566352 0.00927076 94.7254s
1731 0.877833 0.57361 0.00819892 99.3466s
1732 0.877833 0.585295 0.00798433 101.529s
1733 0.877833 0.57701 0.00847193 100.88s
1734 0.877833 0.57505 0.00810089 100.475s
1735 0.877833 0.567563 0.00851381 101.426s
1736 0.877833 0.576846 0.00773577 101.069s
1737 0.877833 0.561172 0.00848759 101.287s
1738 0.877833 0.562946 0.00784449 101.662s
1739 0.877833 0.578794 0.00832068 100.969s
1740 0.877833 0.562205 0.00910431 101.109s
1741 0.877833 0.573236 0.00822939 96.4146s
1742 0.877833 0.568216 0.00780132 96.0122s
1743 0.877833 0.575073 0.00811616 100.806s
1744 0.877833 0.567697 0.00969037 101.388s
1745 0.877833 0.56611 0.00950089 101.205s
1746 0.877833 0.566934 0.00870837 101.28s
1747 0.877833 0.566666 0.00794224 101.459s
1748 0.877833 0.575337 0.00843591 101.073s
1749 0.877833 0.570211 0.0086129 100.524s
1750 0.877833 0.585869 0.00907414 99.6892s
1751 0.877833 0.568583 0.00881383 96.1669s
1752 0.877833 0.573926 0.00889139 97.8188s
1753 0.877833 0.572963 0.00963191 98.2955s
1754 0.877833 0.578047 0.00897101 97.7704s
1755 0.877833 0.579557 0.00804625 97.454s
1756 0.877833 0.578023 0.00832335 98.0777s
1757 0.877833 0.589489 0.0083866 97.5664s
1758 0.877833 0.581742 0.00686287 97.9479s
1759 0.877833 0.5744 0.00916334 97.6306s
1760 0.877833 0.574838 0.00757871 96.9649s
1761 0.877833 0.577521 0.0080214 97.8421s
1762 0.877833 0.572918 0.00915559 98.1789s
1763 0.877833 0.570345 0.00933239 97.5968s
1764 0.877833 0.577478 0.00838648 97.4686s
1765 0.877833 0.583309 0.00781819 98.0741s
1766 0.877833 0.575456 0.00808555 98.3575s
1767 0.877833 0.585532 0.00775571 97.4741s
1768 0.877833 0.590357 0.00857504 98.0041s
1769 0.877833 0.588051 0.0088277 97.2366s
1770 0.877833 0.584704 0.0078701 97.3025s
1771 0.877833 0.58408 0.00896688 97.6297s
1772 0.877833 0.584515 0.00869302 98.0749s
1773 0.877833 0.591942 0.00870251 97.5572s
1774 0.877833 0.581241 0.0091443 97.9927s
1775 0.877833 0.587526 0.00812979 97.8441s
1776 0.877833 0.583774 0.00779901 97.591s
1777 0.877833 0.581258 0.00840312 97.1986s
1778 0.877833 0.573363 0.00862337 95.9374s
1779 0.877833 0.572237 0.00843125 100.645s
1780 0.877833 0.575634 0.00889887 101.199s
1781 0.877833 0.586758 0.00821477 100.717s
1782 0.877833 0.573252 0.00756097 100.853s
1783 0.877833 0.582062 0.00863468 100.875s
1784 0.877833 0.582556 0.00827408 100.513s
1785 0.877833 0.582392 0.00923208 100.069s
1786 0.877833 0.588628 0.00749233 100.656s
1787 0.877833 0.576791 0.00873891 94.8805s
1788 0.877833 0.58473 0.00813983 96.9352s
1789 0.877833 0.588588 0.00778713 97.3402s
1790 0.877833 0.580144 0.0101784 96.2797s
1791 0.877833 0.585748 0.00847257 96.8603s
1792 0.877833 0.581323 0.00957678 97.6453s
1793 0.877833 0.579891 0.00764387 98.0295s
1794 0.877833 0.572861 0.00957491 97.7853s
1795 0.877833 0.574587 0.00767576 97.6826s
1796 0.877833 0.571086 0.00858134 97.7066s
1797 0.877833 0.575737 0.00768932 100.286s
1798 0.877833 0.576918 0.00805534 96.7533s
1799 0.877833 0.582726 0.00969185 97.7513s
1800 0.877833 0.585289 0.00791986 97.4837s
1801 0.877833 0.582088 0.00882017 97.9835s
1802 0.877833 0.585431 0.00827256 97.1764s
1803 0.877833 0.574082 0.00872003 97.7813s
1804 0.877833 0.579169 0.00853827 97.8721s
1805 0.877833 0.588821 0.00788303 98.7423s
1806 0.877833 0.576102 0.00912594 98.1185s
1807 0.877833 0.570812 0.00874518 97.6039s
1808 0.877833 0.566652 0.00979424 97.2951s
1809 0.877833 0.572274 0.00858644 97.2531s
1810 0.877833 0.585904 0.00905008 96.3321s
1811 0.877833 0.588096 0.00752528 96.286s
1812 0.877833 0.587408 0.00750743 96.7501s
1813 0.877833 0.572091 0.0092643 96.7522s
1814 0.877833 0.585053 0.00951238 95.3624s
1815 0.877833 0.587131 0.00698343 96.97s
1816 0.877833 0.60077 0.00793626 96.7306s
1817 0.877833 0.589032 0.00920856 97.3735s
1818 0.877833 0.577712 0.00895538 97.4706s
1819 0.877833 0.575627 0.00839128 96.96s
1820 0.877833 0.584704 0.00813619 97.4752s
1821 0.877833 0.582494 0.00804795 96.8312s
1822 0.877833 0.575434 0.00701797 97.6041s
1823 0.877833 0.57887 0.00721442 97.561s
1824 0.877833 0.582181 0.00847345 97.6699s
1825 0.877833 0.577867 0.00929285 97.1033s
1826 0.877833 0.589995 0.00883867 97.6854s
1827 0.877833 0.588675 0.0086125 96.5112s
1828 0.877833 0.572985 0.00853733 96.2717s
1829 0.877833 0.57857 0.00956192 95.8633s
1830 0.877833 0.583429 0.00882586 96.4493s
1831 0.877833 0.580458 0.00870395 96.8743s
1832 0.877833 0.586133 0.00867205 96.7852s
1833 0.877833 0.585509 0.0078493 96.545s
1834 0.877833 0.580088 0.00869693 97.0241s
1835 0.877833 0.598636 0.00853854 95.2355s
1836 0.877833 0.581968 0.00822239 97.3257s
1837 0.877833 0.582231 0.00872378 98.1327s
1838 0.877833 0.569311 0.00929105 97.6023s
1839 0.877833 0.58403 0.00755467 98.4056s
1840 0.877833 0.569172 0.00908472 98.3489s
1841 0.877833 0.577594 0.008323 97.8848s
1842 0.877833 0.576022 0.0088841 98.4608s
1843 0.877833 0.584404 0.00878481 98.3754s
1844 0.877833 0.576174 0.00903431 98.3502s
1845 0.877833 0.569603 0.00839389 98.6184s
1846 0.877833 0.576724 0.00799405 98.3793s
1847 0.877833 0.575769 0.00834445 98.5117s
1848 0.877833 0.574026 0.00835299 98.4781s
1849 0.877833 0.58191 0.00964601 97.9195s
1850 0.877833 0.580439 0.00971758 98.6257s
1851 0.877833 0.574207 0.00839974 96.5425s
1852 0.877833 0.583716 0.00868814 98.1787s
1853 0.877833 0.580253 0.00802494 98.1964s
1854 0.877833 0.582504 0.00833805 97.7198s
1855 0.877833 0.573861 0.00957683 97.683s
1856 0.877833 0.586785 0.0101568 97.3028s
1857 0.877833 0.58181 0.0078039 98.2129s
1858 0.877833 0.585948 0.0103139 97.1828s
1859 0.877833 0.579413 0.00857471 97.9318s
1860 0.877833 0.577708 0.00729825 98.3598s
1861 0.877833 0.587755 0.00793424 97.6388s
1862 0.877833 0.585695 0.0113341 98.0002s
1863 0.877833 0.588871 0.00977523 97.7277s
1864 0.877833 0.584977 0.00893896 98.3256s
1865 0.877833 0.592495 0.00776813 97.779s
1866 0.877833 0.58629 0.00798484 97.3208s
1867 0.877833 0.591419 0.00908216 97.7638s
1868 0.877833 0.577856 0.00766084 97.7269s
1869 0.877833 0.586126 0.00762994 97.1209s
1870 0.877833 0.587352 0.00924318 97.2557s
1871 0.877833 0.581208 0.0087415 98.1424s
1872 0.877833 0.573554 0.0102267 94.8322s
1873 0.877833 0.573953 0.0100697 97.9926s
1874 0.877833 0.572337 0.00918414 97.9211s
1875 0.877833 0.583176 0.00828651 97.1324s
1876 0.877833 0.588378 0.0101032 97.1406s
1877 0.877833 0.573045 0.00974696 96.9811s
1878 0.877833 0.587117 0.00850813 96.7494s
1879 0.877833 0.576429 0.0077514 96.8123s
1880 0.877833 0.576145 0.00836794 97.5173s
1881 0.877833 0.574294 0.00905372 97.929s
1882 0.877833 0.588975 0.0102856 97.7305s
1883 0.877833 0.56079 0.00923326 97.0939s
1884 0.877833 0.565276 0.00796933 97.8044s
1885 0.877833 0.575546 0.0085937 98.1708s
1886 0.877833 0.572986 0.00864102 98.2946s
1887 0.877833 0.583193 0.00794708 98.1073s
1888 0.877833 0.589581 0.00826453 96.8791s
1889 0.877833 0.584332 0.00866311 101.109s
1890 0.877833 0.588572 0.00839346 101.564s
1891 0.877833 0.586987 0.00755416 101.34s
1892 0.877833 0.588787 0.00716515 102.789s
1893 0.877833 0.573546 0.00833242 101.227s
1894 0.877833 0.581584 0.00902208 100.787s
1895 0.877833 0.579324 0.00750559 101.331s
1896 0.878671 0.587353 0.0089485 101.066s
1897 0.878671 0.577255 0.00779791 98.5478s
1898 0.878671 0.590849 0.00815184 102.37s
1899 0.878671 0.586479 0.00786534 100.961s
1900 0.878671 0.584365 0.00922965 101.357s
1901 0.878671 0.591665 0.00816569 101.78s
1902 0.878671 0.580114 0.00843676 100.747s
1903 0.878671 0.588753 0.00727659 100.43s
1904 0.878671 0.588456 0.0080674 100.664s
1905 0.878671 0.598021 0.00759804 100.097s
1906 0.878671 0.58706 0.00914572 100.289s
1907 0.878671 0.575536 0.0090424 100.97s
1908 0.878941 0.577449 0.00952411 97.8775s
1909 0.878941 0.583896 0.00914579 98.3326s
1910 0.878941 0.578477 0.00930828 97.7497s
1911 0.878941 0.590448 0.00819401 97.6829s
1912 0.878941 0.583741 0.00823635 96.8576s
1913 0.878941 0.585771 0.00884671 98.4745s
1914 0.878941 0.575652 0.00832865 97.262s
1915 0.878941 0.580539 0.0102897 97.1564s
1916 0.878941 0.582012 0.00874769 97.6363s
1917 0.878941 0.588528 0.0095204 98.0055s
1918 0.878941 0.585167 0.00803638 98.2726s
1919 0.878941 0.579545 0.00755762 97.6744s
1920 0.878941 0.581613 0.00827714 97.8518s
1921 0.878941 0.573558 0.00806947 98.1613s
1922 0.878941 0.585218 0.00791534 97.8132s
1923 0.878941 0.575091 0.00939017 97.4804s
1924 0.878941 0.588194 0.00929327 97.0966s
1925 0.878941 0.585008 0.0102978 97.594s
1926 0.878941 0.584291 0.00822592 97.7464s
1927 0.878941 0.582733 0.00917748 97.6022s
1928 0.878941 0.587862 0.00850276 97.9491s
1929 0.878941 0.579814 0.0083776 97.6002s
1930 0.878941 0.583762 0.00858269 97.7595s
1931 0.878941 0.563195 0.00962297 95.7353s
1932 0.878941 0.582072 0.0080491 98.2091s
1933 0.878941 0.564414 0.00926609 97.7374s
1934 0.878941 0.582444 0.00785129 97.3268s
1935 0.878941 0.581934 0.00818267 97.514s
1936 0.878941 0.566307 0.00777392 97.5923s
1937 0.878941 0.578602 0.00845959 98.0472s
1938 0.878941 0.584487 0.00895436 94.7809s
1939 0.878941 0.571362 0.00860421 101.162s
1940 0.878941 0.570965 0.00867007 101.241s
1941 0.878941 0.567294 0.00868644 101.383s
1942 0.878941 0.58226 0.00839965 101.523s
1943 0.878941 0.583159 0.00873819 101.205s
1944 0.878941 0.583086 0.008998 101.846s
1945 0.878941 0.569755 0.00875658 100.703s
1946 0.878941 0.588787 0.0103516 101.224s
1947 0.878941 0.570861 0.00984415 101.28s
1948 0.878941 0.561413 0.00887316 101.145s
1949 0.878941 0.571328 0.00881488 101.167s
1950 0.878941 0.573647 0.00972028 101.336s
1951 0.878941 0.569178 0.00932935 101.217s
1952 0.878941 0.565686 0.00887861 101.541s
1953 0.878941 0.576257 0.00876416 100.879s
1954 0.878941 0.571284 0.00847641 101.192s
1955 0.878941 0.576446 0.00812687 100.953s
1956 0.878941 0.570455 0.00864429 101.184s
1957 0.878941 0.57665 0.00965816 100.642s
1958 0.878941 0.581131 0.0103589 100.548s
1959 0.878941 0.59162 0.00849727 100.133s
1960 0.878941 0.582297 0.0089381 99.5199s
1961 0.878941 0.580809 0.010252 95.2616s
1962 0.878941 0.59276 0.00881956 100.817s
1963 0.878941 0.580442 0.00808719 100.144s
1964 0.878941 0.580255 0.0073996 100.53s
1965 0.878941 0.571178 0.00850815 100.168s
1966 0.878941 0.575794 0.00945776 100.566s
1967 0.878941 0.57176 0.00854565 94.6261s
1968 0.878941 0.580248 0.00810413 97.0362s
1969 0.878941 0.573522 0.00830354 96.8978s
1970 0.878941 0.586825 0.00755824 96.5964s
1971 0.878941 0.588071 0.00784301 96.9083s
1972 0.878941 0.567637 0.00877651 98.1828s
1973 0.878941 0.57861 0.00991142 95.2835s
1974 0.878941 0.571843 0.00881351 94.7517s
1975 0.878941 0.569453 0.00979928 100.99s
1976 0.878941 0.578222 0.00844241 101.378s
1977 0.878941 0.583038 0.00926964 101.463s
1978 0.878941 0.581412 0.00744666 101.27s
1979 0.878941 0.576853 0.00860898 101.725s
1980 0.878941 0.575395 0.00816684 101.808s
1981 0.878941 0.570625 0.010279 95.9058s
1982 0.878941 0.573446 0.00819709 98.1973s
1983 0.878941 0.570829 0.0103853 97.9988s
1984 0.878941 0.575743 0.0113861 98.0791s
1985 0.878941 0.58903 0.00868882 98.0264s
1986 0.878941 0.582477 0.0103061 97.3557s
1987 0.878941 0.585944 0.00884351 97.8372s
1988 0.878941 0.580142 0.00831419 97.3856s
1989 0.878941 0.583191 0.00813495 97.9988s
1990 0.878941 0.579586 0.00882488 97.5108s
1991 0.878941 0.567862 0.00975335 97.4461s
1992 0.878941 0.587959 0.00845879 97.3592s
1993 0.878941 0.587542 0.00802383 97.8006s
1994 0.878941 0.574025 0.00870537 97.1461s
1995 0.878941 0.584984 0.0100865 97.2406s
1996 0.878941 0.590525 0.00728166 97.8038s
1997 0.878941 0.569943 0.00878836 96.1733s
1998 0.878941 0.582213 0.00828965 100.076s
1999 0.878941 0.578955 0.00852157 97.7816s
2000 0.878941 0.571347 0.00790407 97.1164s
