98
39
82
16
23
75
15
72
21
44
43
50
49
61
85
92
63
77
10
34
59
16
45
81
18
27
91
21
3
77
92
40
59
15
65
29
66
37
17
39
90
8
22
46
84
23
86
27
50
96
32
88
3
84
53
20
10
51
66
96
47
34
85
64
63
25
48
42
3
83
18
51
2
21
15
17
38
10
61
31
86
24
47
20
9
52
93
43
61
67
22
44
88
40
77
66
28
42
80
68
52
80
44
83
34
87
62
30
78
0
51
31
55
54
58
85
87
80
47
63
38
23
75
36
16
4
66
40
33
81
29
69
39
28
19
1
31
12
88
60
66
47
15
92
64
96
69
12
22
1
19
33
59
36
16
93
7
72
22
5
47
56
62
79
27
80
22
43
61
45
43
65
86
98
83
46
79
40
42
71
31
49
86
54
98
65
27
66
52
35
28
23
7
99
49
77
34
43
68
29
27
30
11
57
94
39
91
74
22
45
4
46
84
49
33
55
31
42
41
70
59
58
75
65
86
34
85
74
71
99
22
8
6
95
43
56
49
18
47
70
63
73
56
16
65
92
4
40
50
99
30
77
57
61
84
32
66
45
51
24
81
87
2
36
58
37
38
71
69
70
17
6
42
81
90
71
92
91
67
59
26
96
95
94
35
77
17
6
39
12
10
88
15
94
45
14
49
56
19
53
65
37
56
29
98
15
24
8
59
25
42
87
78
26
28
69
4
13
1
2
86
11
39
26
27
80
74
29
54
15
72
38
15
6
20
13
53
35
31
79
75
54
76
20
2
38
46
95
67
31
49
71
93
91
96
43
14
72
4
56
16
45
50
44
52
14
9
83
47
81
44
54
82
14
63
95
66
75
83
78
40
45
85
19
27
36
70
89
68
34
86
96
47
75
56
70
33
72
82
24
46
34
38
68
51
28
69
52
16
55
75
44
40
14
63
79
77
13
65
54
13
6
16
29
72
77
74
37
61
55
65
67
70
18
53
64
9
61
33
93
69
64
67
63
7
65
12
58
33
5
9
8
48
28
40
33
64
55
77
3
69
45
71
30
54
37
19
56
74
26
76
62
7
34
75
25
56
30
38
32
45
61
44
28
36
16
25
73
32
35
15
41
36
14
6
17
46
52
76
10
13
82
72
92
7
34
24
48
41
96
90
7
12
77
30
58
14
23
6
84
59
83
28
2
67
78
40
41
98
99
61
68
66
18
19
48
97
64
23
37
27
79
5
25
57
0
19
83
1
73
8.41157
0
6.97636
48.8505
10.9024
21.5094
40.7432
33.6183
14.175
22.2533
40.5261
11.4588
42.6187
10.4026
22.7188
36.37
22.5172
16.1876
27.8536
5.14273
31.9058
9.25186
1.04298
14.7528
0.683162
32.7397
16.021
26.8012
41.2199
39.0076
50
24.1402
7.24954
29.0672
48.4955
23.5775
4.66096
37.8882
8.33016
36.3635
12.1696
12.6208
34.0903
12.5407
8.43803
23.1403
45.4372
26.7957
12.1231
49.7526
23.7603
40.4457
14.4969
10.1535
25.4692
23.6668
21.2799
20.874
24.4856
32.8294
17.0814
44.7486
0.12654
41.672
38.9355
22.7314
17.4187
12.3892
15.1773
0
26.1709
41.477
10.5859
33.7043
18.3632
49.3974
4.91241
7.22618
31.0959
9.01044
29.6898
38.4493
18.05
18.3712
31.3701
21.7213
37.5465
20.7382
12.6763
42.3252
36.2488
20.0025
8.52133
22.1925
5.33775
36.2317
44.4045
25.7095
32.1133
19.7963
31.4798
38.7381
1.95609
20.6798
9.09379
32.9783
18.1153
15.3083
9.07239
33.1565
45.8291
27.4767
37.1813
21.7046
48.4658
13.8236
30.5128
10.5321
0.934904
49.3623
4.30961
49.2773
18.7376
17.1349
1.98982
25.3888
25.4538
6.93522
13.2041
19.9691
9.38007
35.3747
41.5225
41.4279
4.37542
14.0742
26.2276
23.3155
27.1863
29.8223
30.5923
38.1422
12.3927
50
15.4104
13.9952
2.713
9.41421
29.6372
24.3215
3.9947
49.807
21.9745
48.1072
10.1521
10.6203
0.50741
16.1775
47.287
12.1906
42.1617
25.6307
25.5559
44.2851
31.5891
33.5003
24.5045
37.0205
5.77372
36.9688
34.9828
41.8214
46.0073
2.37737
5.22012
4.88647
30.0439
27.3375
39.0061
44.01
19.8722
50
47.8774
24.0226
13.1571
23.0142
9.72465
16.3437
13.8974
42.4928
38.811
10.3034
15.7726
48.7917
16.5682
33.2733
43.6438
13.1295
19.1845
15.2128
20.9012
28.1901
6.94703
17.9043
16.296
0
33.8936
6.34455
13.5865
31.4866
43.0411
15.6912
1.91396
26.6555
25.3975
21.2608
41.8464
17.4556
43.2878
17.0074
7.29163
21.5286
41.5869
43.5188
21.9665
39.0859
15.1937
13.1294
36.892
25.8729
36.0561
44.3869
33.7361
13.7276
36.0902
46.5137
8.72577
33.9921
14.8367
7.94203
14.1859
18.4756
15.1234
32.6127
18.6592
36.4857
44.1314
9.43527
23.4688
7.66922
32.9352
4.26774
47.4837
22.2146
29.7541
35.4001
22.5027
34.2402
8.37977
19.6426
23.4581
36.8386
35.9767
16.6702
33.9336
15.9612
11.0133
37.8475
12.0278
24.884
3.18062
15.0105
32.023
10.1402
6.88672
21.4536
26.2712
22.501
45.3646
8.46102
28.9006
24.9775
37.6714
30.0001
21.7675
20.7687
49.3813
36.1797
14.4546
25.316
16.3737
20.0863
36.5383
22.0541
16.8161
12.8074
50
4.51832
29.3795
29.3654
25.5299
23.3104
8.96159
32.8776
22.9692
46.0129
8.66297
19.3929
27.1531
36.6881
48.011
44.1276
49.9653
29.9773
30.4777
29.0911
44.8135
20.5472
39.6929
23.131
7.22719
44.1781
44.1143
36.5276
39.2299
25.6739
6.47782
37.6245
46.6785
33.7191
0
43.7031
29.9762
7.12601
15.0189
36.6985
10.5189
44.6918
50
20.0697
18.062
40.5662
2.42715
45.3455
11.0748
4.03445
9.70795
44.5643
17.0094
5.13412
19.3598
41.856
36.9955
28.9032
34.8254
46.1154
44.5851
47.8085
23.5607
49.579
43.3561
27.3419
36.4538
10.6087
23.2444
15.7748
18.5294
37.059
24.6645
34.7448
48.6676
48.0651
7.19325
27.2673
31.8116
33.1949
9.64373
13.5753
16.9974
26.5021
0.0761088
46.9008
29.6034
26.9589
41.5826
41.3008
15.2225
9.18022
28.5507
8.20146
0.983797
24.1716
48.5772
8.46108
5.7092
27.5163
23.5166
43.5472
49.9652
18.0057
19.1322
29.5663
1.2484
0.189103
23.6592
50
28.3011
33.0323
7.70738
44.2498
46.3244
50
36.8343
36.8056
14.3291
30.7199
31.63
37.3099
9.54184
23.0169
35.9367
16.2342
43.5175
39.2716
16.2006
32.4604
39.4702
1.95389
2.69489
0.806767
0
13.6964
7.41487
10.9874
40.4441
24.9091
48.6142
3.62374
15.7108
6.25946
0.026149
23.9712
43.7849
45.5519
18.7317
48.5074
14.6466
38.2359
32.3702
5.77413
1.44296e-312
4.03179e-313
1.57028e-312
3.60739e-313
-0.12136
-3.01234
46.9301
130
