62  7
69  77
87  90
90  12
102  23
116  58
119  2
123  14
137  90
154  84
159  7
171  90
178  77
196  12
196  30
199  90
201  23
210  7
211  84
222  58
223  90
224  14
224  28
225  40
225  59
229  78
236  2
236  83
238  6
241  67
244  77
245  90
248  28
251  7
251  40
252  59
253  12
254  84
260  23
261  78
264  2
266  90
270  83
277  28
284  40
285  72
286  90
288  59
292  84
295  7
295  77
296  58
297  14
303  2
305  83
305  90
307  78
308  28
320  12
324  67
328  40
328  90
332  19
332  34
332  60
337  84
340  59
342  83
349  19
349  60
350  11
350  68
352  2
354  28
357  18
358  61
362  66
364  13
369  19
369  60
376  78
381  83
382  51
385  40
394  96
396  19
396  60
406  28
410  45
411  83
413  11
413  68
415  2
420  59
438  19
438  60
446  39
448  20
449  1
449  51
451  83
460  77
460  96
461  39
464  20
465  51
467  1
473  40
479  39
479  78
480  67
484  20
484  96
485  51
485  83
486  77
490  1
495  2
502  28
502  39
509  20
512  96
513  51
519  83
520  19
520  60
521  59
521  77
527  1
534  61
538  39
544  96
549  18
552  51
553  2
553  72
553  89
554  56
556  65
556  67
557  21
558  83
559  20
560  95
561  49
565  89
566  72
567  2
567  56
570  67
571  40
571  73
573  65
575  21
576  82
577  89
579  95
579  96
581  72
582  28
583  56
584  2
589  67
589  89
590  83
594  78
596  65
596  77
598  21
598  95
599  72
602  89
603  13
604  2
604  49
605  56
611  96
614  67
615  89
616  39
619  59
621  72
621  95
623  60
624  1
626  19
626  83
629  89
631  2
633  65
634  31
635  41
635  45
636  21
636  72
636  83
639  55
639  56
639  97
640  66
641  81
643  89
644  96
646  95
647  51
647  83
649  45
651  31
652  28
653  67
657  89
658  12
658  72
658  77
658  90
661  38
661  84
664  2
664  7
665  23
669  58
669  90
669  96
670  95
671  14
671  62
672  12
672  77
673  34
674  7
674  40
674  48
675  20
677  24
678  82
679  96
680  84
681  11
681  30
681  90
682  23
684  4
685  7
685  34
688  68
689  12
689  77
690  13
690  48
690  78
690  96
691  58
692  6
692  14
692  83
693  90
694  82
695  24
698  7
699  34
700  84
701  51
701  96
702  23
706  90
708  48
708  75
709  12
709  77
709  92
710  1
711  82
712  96
713  7
716  34
718  89
719  90
720  39
720  83
720  84
722  24
724  96
728  60
728  95
729  19
729  58
730  97
731  83
731  89
732  30
732  45
732  72
734  82
734  90
736  77
737  55
739  66
740  2
740  31
741  14
742  83
745  89
746  97
748  59
749  45
752  72
752  95
753  98
755  20
757  83
759  89
762  55
763  97
764  37
764  56
767  65
768  31
769  45
772  83
792  97
874  90
875  96
876  83
880  7
880  82
883  84
