31  64
38  17
41  41
43  12
43  23
44  19
44  62
44  68
45  4
45  58
49  14
51  66
56  40
57  32
57  49
58  52
77  15
78  31
82  64
83  16
83  65
92  67
95  53
99  77
103  50
104  55
105  13
106  56
114  25
116  17
116  68
118  12
118  14
120  4
122  64
124  23
125  41
125  62
126  19
128  69
130  58
134  39
135  42
137  30
137  75
138  6
146  26
148  52
152  64
156  17
160  2
163  27
168  19
170  62
171  54
174  68
175  12
177  4
182  29
185  14
185  23
187  64
189  58
191  66
195  41
198  51
206  17
211  62
212  19
222  64
239  75
240  6
240  17
240  58
242  23
245  13
245  40
245  69
245  77
246  67
253  29
255  28
257  17
261  19
261  62
262  15
264  13
264  69
265  77
267  79
268  67
270  40
280  17
282  29
287  13
288  69
291  77
294  42
299  67
304  40
307  17
312  58
316  19
318  62
321  69
322  13
322  15
325  23
329  77
334  28
337  17
339  29
340  39
344  64
346  67
361  64
362  12
362  68
363  4
364  14
366  52
366  75
367  6
368  41
381  12
381  64
381  66
382  68
384  4
385  53
385  62
386  14
386  19
390  52
391  32
395  56
395  66
396  26
396  41
398  23
398  27
400  30
402  49
404  32
406  12
406  68
408  2
409  4
410  56
411  26
412  66
419  27
419  32
422  14
425  52
432  56
433  41
433  49
433  66
434  26
435  30
436  32
445  12
446  64
447  68
459  65
463  4
465  58
470  64
478  17
484  62
485  19
486  13
486  40
487  53
487  69
489  15
490  25
490  77
491  55
494  67
495  49
496  54
499  51
500  29
501  16
503  15
504  31
505  25
507  55
507  58
510  49
510  78
513  13
513  69
514  16
515  40
517  54
519  31
519  76
522  15
524  42
525  25
525  77
525  79
527  16
527  55
528  51
529  49
531  58
534  78
537  31
537  81
541  54
545  16
546  82
549  25
556  55
561  31
565  58
567  19
571  16
572  76
677  31
680  16
685  49
685  58
688  78
689  15
689  19
697  17
697  25
697  64
698  58
700  13
700  69
701  19
701  42
701  55
702  41
702  67
703  40
705  29
705  77
706  64
707  23
708  49
709  15
710  17
710  62
712  31
712  51
712  54
712  58
714  4
714  19
714  32
715  41
716  14
716  28
716  64
716  68
717  12
718  6
718  66
719  16
722  17
722  23
722  56
723  25
723  49
723  52
724  26
724  75
725  40
725  62
726  32
726  65
726  67
727  13
727  27
727  39
727  50
727  58
727  69
728  42
728  64
729  19
729  30
731  23
731  41
731  77
732  14
732  15
732  17
733  53
733  55
733  66
734  29
735  3
735  4
735  65
736  62
736  68
737  56
738  5
738  32
740  12
740  50
740  64
741  40
742  23
742  26
742  49
743  17
744  16
744  73
744  82
744  97
744  99
745  52
746  58
746  67
746  89
746  92
747  8
747  19
747  31
747  39
747  51
748  27
748  28
748  41
748  100
749  62
750  45
750  65
750  66
753  32
753  84
754  23
754  36
755  17
755  50
755  64
756  30
757  25
758  14
759  3
760  40
760  56
760  81
761  13
761  74
762  44
763  15
763  59
763  72
764  2
764  62
764  68
764  94
765  54
766  23
767  58
767  77
768  76
769  17
769  19
769  22
769  49
769  70
769  87
770  7
770  20
770  37
770  65
771  12
771  26
771  32
772  4
772  69
772  75
773  41
774  50
774  64
774  66
776  9
778  11
779  5
780  48
780  62
781  39
782  23
782  52
783  33
786  17
787  40
787  57
788  27
788  78
790  65
793  6
793  29
793  42
793  58
794  3
794  32
796  19
797  56
797  64
800  62
801  49
801  50
801  100
802  99
804  23
805  67
807  66
807  91
809  15
813  17
813  41
818  55
820  88
821  16
826  61
827  65
828  68
830  62
830  64
831  40
833  23
833  32
834  79
839  19
843  46
850  58
851  17
863  24
867  69
869  13
