29  17
29  64
32  19
32  62
34  23
34  58
56  40
56  41
57  32
57  49
69  17
69  64
77  15
77  66
85  16
85  65
87  19
87  62
93  4
93  77
97  6
97  23
97  58
97  75
98  31
98  50
103  13
103  68
106  25
106  56
107  14
107  67
110  39
110  42
127  12
127  69
129  30
129  51
139  17
139  64
147  26
147  55
149  19
149  62
151  29
151  52
172  23
172  58
174  27
174  54
187  17
187  64
203  19
203  62
229  6
229  75
241  17
243  23
243  58
249  13
249  69
249  77
251  64
251  67
252  40
254  19
254  62
257  29
258  17
259  28
269  15
275  79
277  77
284  69
290  64
295  4
296  12
296  41
296  68
297  14
300  42
302  52
305  23
305  53
305  58
308  64
309  19
309  66
310  62
312  4
312  12
312  68
316  2
316  14
317  39
317  41
325  52
326  64
331  4
332  12
332  68
341  14
344  41
347  53
351  17
352  64
352  66
355  6
355  75
358  12
360  68
361  4
364  52
371  14
373  62
377  8
377  19
384  17
386  13
387  64
387  67
390  40
391  69
391  77
392  58
394  23
394  29
400  41
402  13
402  17
404  67
410  15
410  40
411  69
413  28
413  77
422  29
423  13
425  17
429  67
438  69
445  40
445  77
449  79
455  13
456  17
456  19
457  62
465  15
465  49
468  55
469  25
471  54
473  29
474  32
475  51
477  49
478  67
481  15
484  25
484  55
486  69
490  58
494  49
495  40
496  17
496  54
496  77
505  23
506  13
517  64
524  12
524  68
527  4
527  66
529  32
529  56
531  26
533  14
534  27
535  6
535  75
537  30
537  52
538  41
539  62
540  64
541  65
542  32
542  66
543  23
543  56
544  50
546  26
550  3
550  12
550  39
550  68
553  65
555  27
556  16
558  4
558  5
558  30
558  32
559  50
560  66
562  2
562  56
565  14
566  26
567  65
568  23
573  3
577  27
577  50
578  100
579  32
585  65
585  99
589  56
599  26
601  50
602  89
610  5
610  65
622  23
626  3
635  72
639  50
651  62
656  65
707  39
721  32
723  23
723  50
724  66
727  62
732  17
733  56
735  64
735  68
736  12
736  41
737  23
738  26
738  40
739  4
740  52
740  62
742  17
742  19
743  32
743  49
744  66
745  14
745  58
746  30
747  27
747  65
748  15
749  64
749  77
751  25
751  40
752  23
752  53
752  55
753  67
753  69
754  13
754  17
754  19
754  39
754  49
754  58
754  62
755  31
755  41
755  51
756  16
756  28
757  29
758  42
759  32
759  54
760  64
760  68
761  56
762  15
763  4
763  78
764  12
764  58
765  17
765  19
766  40
766  49
766  66
767  25
767  26
767  76
768  16
768  31
768  55
769  23
770  14
770  41
770  62
770  65
772  52
772  64
772  77
774  58
775  30
775  51
776  67
776  69
776  82
777  13
777  19
777  99
778  6
778  15
778  17
778  81
779  53
779  92
780  32
780  42
781  49
781  73
781  89
782  31
782  54
782  84
783  16
783  29
783  75
784  50
785  25
785  40
785  64
787  45
787  58
787  78
788  36
789  41
789  55
790  23
790  62
791  19
793  56
794  22
794  97
795  74
796  4
796  17
796  27
796  49
796  68
796  94
798  16
799  15
799  61
799  66
800  3
800  9
800  64
801  7
801  37
802  58
802  100
803  31
804  11
805  79
806  25
807  19
807  32
807  76
808  33
808  69
808  77
810  23
810  28
810  40
811  12
812  59
812  87
813  5
813  62
813  67
815  41
815  44
815  58
815  64
816  13
816  49
817  17
817  42
818  70
819  14
820  29
820  51
822  16
823  24
823  48
824  39
824  65
825  19
825  31
826  15
827  78
829  55
830  82
832  54
833  52
833  81
836  64
839  58
841  17
848  49
849  19
881  58
